145; 111; 34995
146; 111; 34644
147; 111; 34999
148; 111; 34814
149; 111; 34599
150; 111; 34506
151; 111; 34040
152; 111; 33886
153; 111; 33766
154; 111; 34280
155; 111; 33974
156; 111; 33797
157; 111; 34078
158; 111; 35568
159; 111; 36448
160; 111; 36493
161; 111; 35939
162; 111; 35754
163; 111; 36040
164; 111; 35005
145; 112; 34997
146; 112; 35215
147; 112; 35107
148; 112; 34623
149; 112; 34827
150; 112; 34993
151; 112; 33946
152; 112; 33768
153; 112; 33684
154; 112; 33570
155; 112; 33754
156; 112; 34671
157; 112; 34991
158; 112; 36923
159; 112; 38055
160; 112; 37228
161; 112; 36234
162; 112; 36484
163; 112; 36639
164; 112; 35503
145; 113; 34694
146; 113; 35282
147; 113; 35271
148; 113; 34699
149; 113; 35359
150; 113; 35450
151; 113; 34082
152; 113; 33543
153; 113; 33897
154; 113; 33452
155; 113; 33906
156; 113; 34590
157; 113; 35240
158; 113; 37251
159; 113; 38593
160; 113; 37080
161; 113; 37072
162; 113; 37745
163; 113; 37094
164; 113; 36333
145; 114; 35282
146; 114; 35285
147; 114; 35153
148; 114; 34992
149; 114; 35538
150; 114; 35787
151; 114; 34719
152; 114; 34282
153; 114; 34621
154; 114; 34233
155; 114; 33542
156; 114; 33876
157; 114; 34939
158; 114; 36365
159; 114; 37176
160; 114; 36426
161; 114; 36969
162; 114; 37654
163; 114; 37328
164; 114; 37074
145; 115; 35029
146; 115; 35132
147; 115; 35177
148; 115; 35130
149; 115; 34940
150; 115; 35117
151; 115; 35033
152; 115; 35003
153; 115; 34735
154; 115; 34301
155; 115; 33326
156; 115; 33952
157; 115; 34917
158; 115; 35874
159; 115; 36404
160; 115; 36220
161; 115; 36075
162; 115; 36650
163; 115; 37102
164; 115; 37379
145; 116; 34579
146; 116; 34797
147; 116; 35385
148; 116; 35182
149; 116; 34338
150; 116; 34153
151; 116; 34887
152; 116; 34636
153; 116; 33793
154; 116; 32892
155; 116; 32868
156; 116; 34206
157; 116; 34990
158; 116; 35744
159; 116; 36095
160; 116; 36144
161; 116; 35994
162; 116; 36260
163; 116; 36898
164; 116; 37130
145; 117; 34580
146; 117; 35116
147; 117; 35900
148; 117; 35119
149; 117; 34043
150; 117; 34036
151; 117; 34743
152; 117; 33693
153; 117; 32810
154; 117; 32512
155; 117; 32512
156; 117; 33319
157; 117; 34246
158; 117; 35250
159; 117; 36133
160; 117; 36081
161; 117; 36017
162; 117; 36070
163; 117; 36437
164; 117; 36733
145; 118; 34884
146; 118; 35592
147; 118; 36095
148; 118; 34885
149; 118; 34102
150; 118; 34762
151; 118; 34767
152; 118; 33105
153; 118; 32512
154; 118; 32512
155; 118; 32512
156; 118; 32512
157; 118; 33375
158; 118; 34424
159; 118; 36155
160; 118; 36334
161; 118; 35987
162; 118; 35909
163; 118; 36109
164; 118; 36449
145; 119; 36026
146; 119; 36194
147; 119; 35576
148; 119; 34563
149; 119; 34288
150; 119; 35136
151; 119; 34218
152; 119; 32942
153; 119; 32512
154; 119; 32512
155; 119; 32512
156; 119; 33057
157; 119; 33530
158; 119; 33943
159; 119; 35703
160; 119; 36484
161; 119; 36176
162; 119; 36131
163; 119; 35907
164; 119; 36141
145; 120; 37243
146; 120; 36524
147; 120; 34961
148; 120; 34173
149; 120; 34538
150; 120; 34947
151; 120; 33915
152; 120; 32845
153; 120; 32512
154; 120; 32512
155; 120; 32512
156; 120; 33127
157; 120; 33591
158; 120; 33856
159; 120; 35220
160; 120; 36097
161; 120; 35790
162; 120; 35812
163; 120; 35570
164; 120; 35864
145; 121; 36564
146; 121; 36400
147; 121; 34266
148; 121; 33678
149; 121; 34477
150; 121; 35621
151; 121; 34303
152; 121; 32512
153; 121; 32512
154; 121; 32512
155; 121; 32512
156; 121; 32512
157; 121; 33182
158; 121; 33505
159; 121; 34690
160; 121; 35404
161; 121; 35204
162; 121; 35295
163; 121; 35491
164; 121; 35607
145; 122; 36032
146; 122; 35810
147; 122; 33942
148; 122; 33644
149; 122; 34637
150; 122; 35936
151; 122; 34391
152; 122; 32774
153; 122; 32846
154; 122; 32956
155; 122; 32907
156; 122; 33303
157; 122; 33653
158; 122; 33847
159; 122; 34534
160; 122; 35101
161; 122; 34953
162; 122; 35014
163; 122; 35253
164; 122; 35096
145; 123; 35754
146; 123; 35536
147; 123; 33948
148; 123; 34009
149; 123; 34958
150; 123; 35516
151; 123; 34167
152; 123; 33300
153; 123; 33658
154; 123; 33727
155; 123; 33669
156; 123; 34045
157; 123; 34389
158; 123; 34686
159; 123; 35291
160; 123; 35533
161; 123; 34980
162; 123; 34758
163; 123; 34741
164; 123; 34714
145; 124; 36180
146; 124; 35441
147; 124; 33688
148; 124; 34267
149; 124; 35576
150; 124; 35858
151; 124; 34153
152; 124; 33732
153; 124; 34215
154; 124; 34226
155; 124; 34128
156; 124; 34389
157; 124; 34745
158; 124; 35237
159; 124; 35875
160; 124; 35474
161; 124; 34944
162; 124; 34715
163; 124; 34536
164; 124; 34489
145; 125; 36829
146; 125; 35312
147; 125; 33269
148; 125; 34339
149; 125; 36016
150; 125; 36347
151; 125; 34279
152; 125; 34010
153; 125; 34484
154; 125; 34635
155; 125; 34684
156; 125; 34775
157; 125; 34911
158; 125; 35539
159; 125; 36222
160; 125; 35374
161; 125; 34690
162; 125; 34687
163; 125; 34540
164; 125; 34384
145; 126; 36805
146; 126; 34920
147; 126; 33230
148; 126; 34656
149; 126; 36016
150; 126; 35864
151; 126; 34425
152; 126; 34453
153; 126; 34635
154; 126; 34794
155; 126; 35069
156; 126; 35217
157; 126; 35279
158; 126; 35805
159; 126; 35907
160; 126; 35221
161; 126; 34642
162; 126; 34768
163; 126; 34339
164; 126; 34212
145; 127; 35528
146; 127; 34502
147; 127; 33485
148; 127; 34976
149; 127; 35967
150; 127; 35450
151; 127; 34744
152; 127; 35200
153; 127; 35120
154; 127; 35103
155; 127; 35347
156; 127; 35570
157; 127; 35705
158; 127; 35806
159; 127; 35118
160; 127; 34607
161; 127; 34703
162; 127; 34811
163; 127; 34285
164; 127; 34111
145; 128; 35192
146; 128; 34421
147; 128; 33404
148; 128; 34918
149; 128; 35934
150; 128; 35347
151; 128; 35381
152; 128; 36044
153; 128; 35728
154; 128; 35634
155; 128; 35812
156; 128; 35989
157; 128; 35864
158; 128; 35516
159; 128; 34636
160; 128; 34667
161; 128; 35119
162; 128; 35556
163; 128; 34822
164; 128; 34254
145; 129; 35674
146; 129; 34363
147; 129; 33488
148; 129; 34994
149; 129; 36106
150; 129; 35113
151; 129; 35828
152; 129; 36079
153; 129; 35609
154; 129; 35600
155; 129; 35917
156; 129; 35947
157; 129; 35576
158; 129; 35021
159; 129; 34454
160; 129; 34878
161; 129; 35621
162; 129; 36783
163; 129; 35663
164; 129; 34787
145; 130; 35654
146; 130; 34361
147; 130; 34116
148; 130; 35340
149; 130; 36028
150; 130; 34837
151; 130; 35005
152; 130; 35345
153; 130; 35020
154; 130; 35129
155; 130; 35416
156; 130; 35682
157; 130; 35459
158; 130; 34698
159; 130; 34380
160; 130; 34654
161; 130; 35198
162; 130; 36435
163; 130; 36110
164; 130; 34899
145; 131; 35414
146; 131; 34383
147; 131; 34526
148; 131; 35320
149; 131; 35258
150; 131; 34440
151; 131; 34599
152; 131; 34412
153; 131; 34667
154; 131; 35026
155; 131; 34993
156; 131; 35229
157; 131; 35627
158; 131; 35132
159; 131; 34667
160; 131; 34678
161; 131; 34672
162; 131; 36706
163; 131; 36323
164; 131; 34647
145; 132; 35380
146; 132; 34223
147; 132; 34497
148; 132; 35107
149; 132; 34870
150; 132; 34440
151; 132; 35150
152; 132; 34735
153; 132; 34566
154; 132; 35208
155; 132; 34624
156; 132; 34978
157; 132; 36007
158; 132; 35371
159; 132; 34606
160; 132; 34309
161; 132; 33796
162; 132; 36244
163; 132; 36150
164; 132; 34885
145; 133; 35014
146; 133; 34087
147; 133; 34502
148; 133; 35094
149; 133; 35051
150; 133; 34588
151; 133; 35048
152; 133; 35009
153; 133; 34333
154; 133; 34240
155; 133; 34207
156; 133; 35014
157; 133; 36435
158; 133; 35226
159; 133; 34007
160; 133; 32909
161; 133; 33044
162; 133; 34989
163; 133; 35899
164; 133; 35330
145; 134; 34510
146; 134; 34183
147; 134; 34586
148; 134; 34778
149; 134; 34974
150; 134; 34805
151; 134; 34783
152; 134; 34662
153; 134; 33865
154; 134; 33292
155; 134; 34484
156; 134; 35907
157; 134; 35738
158; 134; 34849
159; 134; 33546
160; 134; 32512
161; 134; 32825
162; 134; 34381
163; 134; 35663
164; 134; 34950
145; 135; 34448
146; 135; 34382
147; 135; 34663
148; 135; 34265
149; 135; 34374
150; 135; 34948
151; 135; 35032
152; 135; 34833
153; 135; 34320
154; 135; 34109
155; 135; 35680
156; 135; 35791
157; 135; 34875
158; 135; 34779
159; 135; 34203
160; 135; 32867
161; 135; 32981
162; 135; 34088
163; 135; 35178
164; 135; 34431
145; 136; 34753
146; 136; 34524
147; 136; 34794
148; 136; 34266
149; 136; 34011
150; 136; 34789
151; 136; 35137
152; 136; 35050
153; 136; 35045
154; 136; 35536
155; 136; 35919
156; 136; 35397
157; 136; 34392
158; 136; 34903
159; 136; 34705
160; 136; 33057
161; 136; 32858
162; 136; 34091
163; 136; 34813
164; 136; 34334
