106; 124; 37666
107; 124; 36754
108; 124; 35810
109; 124; 36376
110; 124; 37066
111; 124; 37615
112; 124; 36706
113; 124; 35181
114; 124; 33798
115; 124; 33655
116; 124; 34029
117; 124; 33377
118; 124; 32512
119; 124; 32512
120; 124; 32512
121; 124; 32512
122; 124; 33260
123; 124; 33688
124; 124; 33606
125; 124; 33516
126; 124; 33531
127; 124; 33885
128; 124; 34421
129; 124; 34891
130; 124; 35067
131; 124; 35046
106; 125; 37450
107; 125; 36703
108; 125; 36717
109; 125; 37426
110; 125; 37908
111; 125; 38123
112; 125; 37458
113; 125; 35761
114; 125; 34201
115; 125; 33855
116; 125; 34192
117; 125; 34425
118; 125; 33828
119; 125; 32512
120; 125; 32512
121; 125; 32512
122; 125; 33504
123; 125; 34279
124; 125; 34165
125; 125; 33998
126; 125; 34023
127; 125; 34460
128; 125; 34890
129; 125; 35194
130; 125; 35804
131; 125; 36502
106; 126; 37714
107; 126; 37032
108; 126; 37582
109; 126; 38252
110; 126; 38614
111; 126; 38376
112; 126; 37437
113; 126; 35213
114; 126; 33910
115; 126; 33806
116; 126; 34099
117; 126; 34690
118; 126; 34966
119; 126; 34000
120; 126; 32820
121; 126; 33201
122; 126; 34061
123; 126; 34563
124; 126; 34748
125; 126; 34643
126; 126; 34472
127; 126; 34933
128; 126; 35499
129; 126; 35934
130; 126; 37245
131; 126; 37696
106; 127; 38108
107; 127; 37530
108; 127; 37891
109; 127; 38216
110; 127; 38430
111; 127; 37874
112; 127; 36290
113; 127; 34250
114; 127; 33461
115; 127; 33524
116; 127; 33750
117; 127; 34349
118; 127; 35051
119; 127; 35275
120; 127; 34890
121; 127; 34849
122; 127; 34927
123; 127; 34591
124; 127; 34992
125; 127; 34875
126; 127; 34726
127; 127; 35561
128; 127; 36171
129; 127; 36623
130; 127; 37482
131; 127; 36779
106; 128; 38018
107; 128; 37494
108; 128; 37673
109; 128; 37458
110; 128; 37082
111; 128; 36526
112; 128; 35066
113; 128; 33825
114; 128; 33430
115; 128; 33483
116; 128; 33538
117; 128; 33822
118; 128; 34415
119; 128; 35252
120; 128; 35869
121; 128; 35751
122; 128; 35060
123; 128; 34537
124; 128; 34810
125; 128; 34741
126; 128; 34851
127; 128; 35834
128; 128; 35806
129; 128; 36290
130; 128; 36430
131; 128; 35854
106; 129; 37630
107; 129; 37344
108; 129; 37745
109; 129; 37543
110; 129; 36720
111; 129; 35483
112; 129; 34397
113; 129; 33730
114; 129; 33440
115; 129; 33524
116; 129; 33627
117; 129; 33670
118; 129; 33802
119; 129; 34247
120; 129; 34896
121; 129; 34782
122; 129; 34610
123; 129; 34310
124; 129; 34494
125; 129; 34812
126; 129; 35198
127; 129; 36126
128; 129; 35875
129; 129; 35949
130; 129; 35892
131; 129; 35200
106; 130; 37702
107; 130; 37806
108; 130; 38048
109; 130; 37554
110; 130; 36613
111; 130; 34704
112; 130; 34002
113; 130; 33624
114; 130; 33271
115; 130; 33314
116; 130; 33511
117; 130; 33637
118; 130; 33805
119; 130; 34126
120; 130; 34135
121; 130; 34082
122; 130; 34484
123; 130; 34010
124; 130; 34191
125; 130; 35125
126; 130; 35819
127; 130; 36359
128; 130; 35739
129; 130; 35482
130; 130; 35010
131; 130; 35180
106; 131; 38024
107; 131; 38213
108; 131; 37630
109; 131; 36443
110; 131; 35112
111; 131; 33593
112; 131; 33602
113; 131; 33585
114; 131; 33221
115; 131; 33165
116; 131; 33278
117; 131; 33402
118; 131; 33730
119; 131; 34403
120; 131; 34846
121; 131; 34342
122; 131; 34362
123; 131; 33749
124; 131; 34076
125; 131; 34906
126; 131; 35651
127; 131; 35332
128; 131; 34763
129; 131; 34643
130; 131; 33923
131; 131; 33428
106; 132; 37859
107; 132; 37581
108; 132; 36630
109; 132; 35019
110; 132; 33403
111; 132; 32840
112; 132; 33266
113; 132; 33448
114; 132; 33189
115; 132; 33080
116; 132; 33170
117; 132; 33234
118; 132; 33505
119; 132; 34065
120; 132; 34150
121; 132; 33357
122; 132; 33685
123; 132; 33598
124; 132; 34226
125; 132; 34426
126; 132; 34325
127; 132; 33411
128; 132; 32512
129; 132; 32512
130; 132; 32512
131; 132; 32512
106; 133; 37249
107; 133; 36900
108; 133; 36067
109; 133; 35110
110; 133; 33424
111; 133; 32512
112; 133; 33041
113; 133; 33318
114; 133; 33180
115; 133; 32977
116; 133; 33096
117; 133; 33194
118; 133; 33354
119; 133; 33614
120; 133; 33158
121; 133; 32512
122; 133; 33375
123; 133; 33711
124; 133; 34373
125; 133; 34158
126; 133; 33072
127; 133; 32512
128; 133; 32512
129; 133; 32512
130; 133; 32512
131; 133; 32512
106; 134; 36392
107; 134; 36384
108; 134; 35874
109; 134; 35643
110; 134; 34040
111; 134; 32512
112; 134; 33056
113; 134; 33419
114; 134; 33391
115; 134; 33211
116; 134; 33156
117; 134; 33095
118; 134; 33105
119; 134; 33256
120; 134; 33007
121; 134; 32994
122; 134; 33626
123; 134; 33950
124; 134; 34240
125; 134; 33692
126; 134; 32512
127; 134; 32512
128; 134; 32512
129; 134; 32512
130; 134; 32512
131; 134; 32512
106; 135; 35802
107; 135; 36230
108; 135; 35867
109; 135; 35344
110; 135; 33883
111; 135; 32929
112; 135; 33143
113; 135; 33462
114; 135; 33502
115; 135; 33499
116; 135; 33473
117; 135; 33210
118; 135; 32512
119; 135; 32512
120; 135; 32813
121; 135; 33102
122; 135; 33771
123; 135; 34083
124; 135; 33803
125; 135; 33010
126; 135; 32512
127; 135; 32512
128; 135; 32512
129; 135; 32512
130; 135; 32512
131; 135; 32512
106; 136; 35761
107; 136; 36492
108; 136; 35748
109; 136; 34898
110; 136; 33879
111; 136; 33138
112; 136; 33213
113; 136; 33348
114; 136; 33361
115; 136; 33477
116; 136; 33613
117; 136; 33405
118; 136; 32512
119; 136; 32512
120; 136; 32512
121; 136; 33231
122; 136; 33760
123; 136; 34176
124; 136; 33665
125; 136; 32974
126; 136; 33418
127; 136; 33359
128; 136; 33526
129; 136; 33820
130; 136; 33991
131; 136; 33850
106; 137; 35484
107; 137; 35934
108; 137; 34878
109; 137; 34147
110; 137; 33782
111; 137; 33503
112; 137; 33636
113; 137; 33555
114; 137; 33277
115; 137; 33229
116; 137; 33361
117; 137; 33207
118; 137; 32512
119; 137; 32512
120; 137; 32512
121; 137; 33088
122; 137; 33724
123; 137; 34481
124; 137; 34080
125; 137; 33631
126; 137; 34477
127; 137; 34218
128; 137; 34082
129; 137; 34061
130; 137; 34385
131; 137; 34849
106; 138; 35010
107; 138; 35039
108; 138; 34159
109; 138; 33575
110; 138; 33592
111; 138; 33800
112; 138; 34061
113; 138; 34010
114; 138; 33566
115; 138; 33275
116; 138; 33235
117; 138; 33125
118; 138; 32826
119; 138; 32512
120; 138; 32512
121; 138; 32938
122; 138; 33563
123; 138; 34456
124; 138; 34463
125; 138; 34080
126; 138; 34131
127; 138; 33777
128; 138; 33715
129; 138; 33641
130; 138; 33841
131; 138; 34098
106; 139; 35017
107; 139; 34992
108; 139; 34335
109; 139; 33576
110; 139; 33630
111; 139; 33823
112; 139; 33938
113; 139; 33986
114; 139; 33697
115; 139; 33448
116; 139; 33364
117; 139; 33286
118; 139; 33223
119; 139; 33266
120; 139; 33378
121; 139; 33295
122; 139; 33254
123; 139; 33780
124; 139; 34505
125; 139; 34561
126; 139; 34039
127; 139; 33803
128; 139; 33946
129; 139; 33881
130; 139; 33860
131; 139; 33910
106; 140; 34612
107; 140; 34886
108; 140; 34221
109; 140; 33368
110; 140; 33672
111; 140; 33928
112; 140; 33889
113; 140; 33729
114; 140; 33469
115; 140; 33390
116; 140; 33423
117; 140; 33398
118; 140; 33421
119; 140; 33491
120; 140; 33472
121; 140; 33269
122; 140; 33092
123; 140; 33346
124; 140; 34421
125; 140; 34919
126; 140; 34326
127; 140; 34071
128; 140; 34210
129; 140; 34254
130; 140; 33870
131; 140; 34049
106; 141; 33857
107; 141; 34218
108; 141; 33570
109; 141; 33014
110; 141; 33689
111; 141; 34254
112; 141; 34175
113; 141; 33766
114; 141; 33398
115; 141; 33400
116; 141; 33496
117; 141; 33496
118; 141; 33580
119; 141; 33636
120; 141; 33501
121; 141; 33136
122; 141; 32993
123; 141; 33183
124; 141; 34397
125; 141; 35046
126; 141; 34465
127; 141; 34114
128; 141; 34324
129; 141; 34427
130; 141; 33785
131; 141; 34050
106; 142; 33619
107; 142; 33943
108; 142; 33492
109; 142; 33213
110; 142; 34056
111; 142; 34663
112; 142; 34293
113; 142; 33663
114; 142; 33269
115; 142; 33305
116; 142; 33471
117; 142; 33601
118; 142; 33828
119; 142; 33919
120; 142; 33642
121; 142; 32831
122; 142; 32512
123; 142; 33008
124; 142; 34351
125; 142; 34997
126; 142; 34548
127; 142; 34302
128; 142; 34730
129; 142; 34642
130; 142; 34273
131; 142; 34429
106; 143; 33673
107; 143; 34022
108; 143; 33873
109; 143; 33640
110; 143; 34449
111; 143; 34923
112; 143; 34238
113; 143; 33503
114; 143; 33109
115; 143; 33096
116; 143; 33332
117; 143; 33699
118; 143; 34175
119; 143; 34326
120; 143; 33805
121; 143; 32512
122; 143; 32512
123; 143; 32853
124; 143; 33923
125; 143; 34885
126; 143; 34844
127; 143; 34808
128; 143; 35103
129; 143; 35038
130; 143; 35256
131; 143; 35575
106; 144; 33743
107; 144; 34114
108; 144; 34129
109; 144; 33516
110; 144; 34155
111; 144; 35126
112; 144; 34712
113; 144; 33840
114; 144; 33494
115; 144; 33460
116; 144; 33692
117; 144; 34248
118; 144; 34748
119; 144; 34706
120; 144; 34109
121; 144; 32512
122; 144; 33213
123; 144; 33563
124; 144; 33873
125; 144; 34927
126; 144; 35181
127; 144; 35282
128; 144; 34684
129; 144; 35450
130; 144; 36189
131; 144; 36781
106; 145; 34054
107; 145; 34403
108; 145; 34331
109; 145; 33705
110; 145; 34545
111; 145; 35737
112; 145; 35720
113; 145; 34974
114; 145; 34491
115; 145; 34376
116; 145; 34660
117; 145; 35306
118; 145; 35446
119; 145; 34888
120; 145; 34464
121; 145; 33916
122; 145; 34640
123; 145; 34775
124; 145; 34434
125; 145; 35106
126; 145; 35183
127; 145; 35078
128; 145; 34770
129; 145; 35242
130; 145; 35998
131; 145; 36662
106; 146; 34233
107; 146; 34648
108; 146; 34922
109; 146; 35175
110; 146; 35998
111; 146; 36541
112; 146; 36321
113; 146; 35632
114; 146; 34835
115; 146; 34682
116; 146; 34967
117; 146; 35414
118; 146; 35559
119; 146; 34914
120; 146; 34699
121; 146; 34642
122; 146; 35165
123; 146; 35235
124; 146; 34835
125; 146; 35304
126; 146; 35257
127; 146; 34890
128; 146; 35052
129; 146; 35183
130; 146; 35480
131; 146; 35973
106; 147; 33709
107; 147; 34385
108; 147; 35331
109; 147; 36315
110; 147; 36856
111; 147; 36746
112; 147; 36337
113; 147; 35356
114; 147; 34621
115; 147; 34510
116; 147; 34726
117; 147; 34962
118; 147; 35052
119; 147; 34847
120; 147; 34792
121; 147; 34474
122; 147; 34418
123; 147; 34448
124; 147; 34686
125; 147; 35410
126; 147; 35611
127; 147; 35386
128; 147; 35322
129; 147; 35672
130; 147; 35648
131; 147; 35592
106; 148; 33148
107; 148; 34132
108; 148; 35195
109; 148; 36350
110; 148; 36706
111; 148; 36518
112; 148; 35438
113; 148; 34401
114; 148; 34289
115; 148; 34558
116; 148; 34802
117; 148; 34698
118; 148; 34526
119; 148; 34843
120; 148; 34876
121; 148; 34130
122; 148; 33758
123; 148; 33318
124; 148; 34242
125; 148; 35155
126; 148; 35576
127; 148; 35635
128; 148; 35187
129; 148; 35709
130; 148; 35824
131; 148; 35405
106; 149; 33077
107; 149; 34156
108; 149; 34723
109; 149; 35659
110; 149; 36626
111; 149; 36301
112; 149; 33553
113; 149; 32880
114; 149; 33554
115; 149; 34329
116; 149; 34738
117; 149; 34414
118; 149; 34222
119; 149; 34824
120; 149; 34998
121; 149; 34275
122; 149; 33773
123; 149; 32913
124; 149; 33962
125; 149; 34747
126; 149; 34933
127; 149; 34580
128; 149; 34484
129; 149; 34921
130; 149; 35306
131; 149; 35338
106; 150; 33236
107; 150; 34224
108; 150; 34239
109; 150; 34626
110; 150; 36087
111; 150; 35375
112; 150; 33209
113; 150; 32512
114; 150; 32820
115; 150; 33134
116; 150; 33809
117; 150; 34154
118; 150; 34286
119; 150; 34575
120; 150; 34732
121; 150; 34550
122; 150; 34093
123; 150; 32890
124; 150; 33907
125; 150; 34725
126; 150; 34570
127; 150; 33711
128; 150; 33769
129; 150; 33807
130; 150; 34283
131; 150; 34974
106; 151; 33366
107; 151; 34120
108; 151; 34134
109; 151; 34030
110; 151; 34753
111; 151; 34277
112; 151; 32875
113; 151; 32512
114; 151; 33371
115; 151; 33025
116; 151; 33064
117; 151; 34268
118; 151; 34659
119; 151; 34265
120; 151; 34147
121; 151; 34557
122; 151; 34420
123; 151; 33263
124; 151; 34081
125; 151; 34971
126; 151; 34474
127; 151; 32970
128; 151; 33295
129; 151; 33153
130; 151; 32889
131; 151; 33712
106; 152; 33266
107; 152; 33831
108; 152; 34261
109; 152; 34217
110; 152; 34074
111; 152; 33809
112; 152; 32940
113; 152; 33634
114; 152; 35112
115; 152; 34270
116; 152; 32988
117; 152; 34547
118; 152; 34893
119; 152; 34269
120; 152; 33939
121; 152; 34448
122; 152; 34400
123; 152; 33732
124; 152; 34399
125; 152; 35060
126; 152; 34124
127; 152; 32512
128; 152; 33157
129; 152; 33382
130; 152; 32512
131; 152; 32512
106; 153; 32998
107; 153; 33428
108; 153; 34317
109; 153; 34301
110; 153; 33940
111; 153; 34330
112; 153; 34306
113; 153; 34539
114; 153; 35491
115; 153; 36400
116; 153; 33701
117; 153; 34840
118; 153; 34643
119; 153; 34236
120; 153; 33995
121; 153; 34100
122; 153; 33750
123; 153; 33873
124; 153; 34629
125; 153; 34958
126; 153; 33975
127; 153; 32859
128; 153; 33414
129; 153; 33761
130; 153; 33601
131; 153; 32512
