88; 132; 33671
89; 132; 32918
90; 132; 33072
91; 132; 32512
92; 132; 32512
93; 132; 33283
94; 132; 33989
95; 132; 32512
96; 132; 33085
97; 132; 33982
98; 132; 32848
99; 132; 32512
100; 132; 34357
101; 132; 35033
102; 132; 35275
103; 132; 34705
104; 132; 34373
105; 132; 34764
106; 132; 35197
107; 132; 35209
108; 132; 34955
109; 132; 35094
110; 132; 35312
111; 132; 35375
112; 132; 34749
113; 132; 35445
114; 132; 35579
115; 132; 34939
116; 132; 34031
88; 133; 33524
89; 133; 32795
90; 133; 34233
91; 133; 33798
92; 133; 32512
93; 133; 33278
94; 133; 34758
95; 133; 32512
96; 133; 34123
97; 133; 34688
98; 133; 34235
99; 133; 33706
100; 133; 34172
101; 133; 34929
102; 133; 35057
103; 133; 34594
104; 133; 34537
105; 133; 34813
106; 133; 35100
107; 133; 34879
108; 133; 34780
109; 133; 35084
110; 133; 35554
111; 133; 35548
112; 133; 35049
113; 133; 35440
114; 133; 35653
115; 133; 35125
116; 133; 34155
88; 134; 33704
89; 134; 33744
90; 134; 35401
91; 134; 34792
92; 134; 33370
93; 134; 33468
94; 134; 33525
95; 134; 32512
96; 134; 34983
97; 134; 34805
98; 134; 34213
99; 134; 33595
100; 134; 33825
101; 134; 34751
102; 134; 34951
103; 134; 34554
104; 134; 34687
105; 134; 34964
106; 134; 35171
107; 134; 35051
108; 134; 34995
109; 134; 35186
110; 134; 35679
111; 134; 35901
112; 134; 35258
113; 134; 34977
114; 134; 35133
115; 134; 34931
116; 134; 34301
88; 135; 34123
89; 135; 34477
90; 135; 35417
91; 135; 34710
92; 135; 34510
93; 135; 34431
94; 135; 33003
95; 135; 32512
96; 135; 34796
97; 135; 34508
98; 135; 33342
99; 135; 32512
100; 135; 33068
101; 135; 34333
102; 135; 34721
103; 135; 34199
104; 135; 34627
105; 135; 35233
106; 135; 35337
107; 135; 35118
108; 135; 34772
109; 135; 35090
110; 135; 35515
111; 135; 35843
112; 135; 35124
113; 135; 34699
114; 135; 34724
115; 135; 34917
116; 135; 34486
88; 136; 34695
89; 136; 34638
90; 136; 34120
91; 136; 33113
92; 136; 34330
93; 136; 35068
94; 136; 34100
95; 136; 33146
96; 136; 34512
97; 136; 34195
98; 136; 33353
99; 136; 33068
100; 136; 32512
101; 136; 33957
102; 136; 34570
103; 136; 34115
104; 136; 34147
105; 136; 35288
106; 136; 35369
107; 136; 34831
108; 136; 35078
109; 136; 35412
110; 136; 35415
111; 136; 35554
112; 136; 35550
113; 136; 35024
114; 136; 34843
115; 136; 34921
116; 136; 34656
88; 137; 35155
89; 137; 34675
90; 137; 33426
91; 137; 32512
92; 137; 33546
93; 137; 35154
94; 137; 34909
95; 137; 33719
96; 137; 34704
97; 137; 34288
98; 137; 34249
99; 137; 33607
100; 137; 32512
101; 137; 33642
102; 137; 34593
103; 137; 34164
104; 137; 33444
105; 137; 34980
106; 137; 35416
107; 137; 34859
108; 137; 35078
109; 137; 35609
110; 137; 35455
111; 137; 35965
112; 137; 35989
113; 137; 35354
114; 137; 35038
115; 137; 35112
116; 137; 34982
88; 138; 34859
89; 138; 33787
90; 138; 33461
91; 138; 32983
92; 138; 33414
93; 138; 34962
94; 138; 34582
95; 138; 33430
96; 138; 34232
97; 138; 34656
98; 138; 34663
99; 138; 34137
100; 138; 33475
101; 138; 34180
102; 138; 34829
103; 138; 34336
104; 138; 33310
105; 138; 34653
106; 138; 35491
107; 138; 35359
108; 138; 35323
109; 138; 35825
110; 138; 35712
111; 138; 35651
112; 138; 35827
113; 138; 35433
114; 138; 35428
115; 138; 35589
116; 138; 35308
88; 139; 34487
89; 139; 32512
90; 139; 34085
91; 139; 34710
92; 139; 34617
93; 139; 35038
94; 139; 34412
95; 139; 33634
96; 139; 32512
97; 139; 34210
98; 139; 34378
99; 139; 34622
100; 139; 34740
101; 139; 35010
102; 139; 34858
103; 139; 34871
104; 139; 34272
105; 139; 34423
106; 139; 35261
107; 139; 35499
108; 139; 35751
109; 139; 36449
110; 139; 36065
111; 139; 35788
112; 139; 35881
113; 139; 35821
114; 139; 35922
115; 139; 35793
116; 139; 35416
88; 140; 34856
89; 140; 33395
90; 140; 34907
91; 140; 35222
92; 140; 34928
93; 140; 34378
94; 140; 34136
95; 140; 33675
96; 140; 34112
97; 140; 34974
98; 140; 34540
99; 140; 34764
100; 140; 35145
101; 140; 35429
102; 140; 34783
103; 140; 35204
104; 140; 35318
105; 140; 34654
106; 140; 35099
107; 140; 35876
108; 140; 36042
109; 140; 36175
110; 140; 36219
111; 140; 35991
112; 140; 35927
113; 140; 36132
114; 140; 36088
115; 140; 35940
116; 140; 35311
88; 141; 35053
89; 141; 34549
90; 141; 34883
91; 141; 34889
92; 141; 34372
93; 141; 32984
94; 141; 33068
95; 141; 33988
96; 141; 34082
97; 141; 35113
98; 141; 35338
99; 141; 35810
100; 141; 36257
101; 141; 35914
102; 141; 34698
103; 141; 35532
104; 141; 36004
105; 141; 34872
106; 141; 35031
107; 141; 35801
108; 141; 35895
109; 141; 35612
110; 141; 35782
111; 141; 35414
112; 141; 35915
113; 141; 36191
114; 141; 36244
115; 141; 36026
116; 141; 35233
88; 142; 34075
89; 142; 33909
90; 142; 34736
91; 142; 34846
92; 142; 34205
93; 142; 32512
94; 142; 32512
95; 142; 33673
96; 142; 32512
97; 142; 33444
98; 142; 35489
99; 142; 37013
100; 142; 37804
101; 142; 35957
102; 142; 34413
103; 142; 35765
104; 142; 36813
105; 142; 34892
106; 142; 34893
107; 142; 35608
108; 142; 35516
109; 142; 35341
110; 142; 35123
111; 142; 35056
112; 142; 35654
113; 142; 36148
114; 142; 35857
115; 142; 35460
116; 142; 35113
88; 143; 33247
89; 143; 33728
90; 143; 35126
91; 143; 35258
92; 143; 34634
93; 143; 33551
94; 143; 32512
95; 143; 32512
96; 143; 32512
97; 143; 32512
98; 143; 33864
99; 143; 35865
100; 143; 36754
101; 143; 35042
102; 143; 34498
103; 143; 36001
104; 143; 37197
105; 143; 35311
106; 143; 34853
107; 143; 35775
108; 143; 35398
109; 143; 34936
110; 143; 34881
111; 143; 35195
112; 143; 35696
113; 143; 35727
114; 143; 35247
115; 143; 35078
116; 143; 35038
88; 144; 32512
89; 144; 34090
90; 144; 35621
91; 144; 35635
92; 144; 35097
93; 144; 34593
94; 144; 34077
95; 144; 33181
96; 144; 32512
97; 144; 32512
98; 144; 32512
99; 144; 34643
100; 144; 35477
101; 144; 33581
102; 144; 34570
103; 144; 36273
104; 144; 36836
105; 144; 34955
106; 144; 34800
107; 144; 35879
108; 144; 35345
109; 144; 34532
110; 144; 34599
111; 144; 35172
112; 144; 35715
113; 144; 35511
114; 144; 35126
115; 144; 35183
116; 144; 35103
88; 145; 32512
89; 145; 33932
90; 145; 35646
91; 145; 35509
92; 145; 35035
93; 145; 34789
94; 145; 35044
95; 145; 34836
96; 145; 32512
97; 145; 32512
98; 145; 32512
99; 145; 34378
100; 145; 35083
101; 145; 32512
102; 145; 34083
103; 145; 36191
104; 145; 36328
105; 145; 34413
106; 145; 34782
107; 145; 35603
108; 145; 35074
109; 145; 34507
110; 145; 34347
111; 145; 35008
112; 145; 35731
113; 145; 35574
114; 145; 35303
115; 145; 35474
116; 145; 35303
88; 146; 32512
89; 146; 32512
90; 146; 34754
91; 146; 35039
92; 146; 34875
93; 146; 34660
94; 146; 35067
95; 146; 35335
96; 146; 33672
97; 146; 32512
98; 146; 33063
99; 146; 34306
100; 146; 34988
101; 146; 32512
102; 146; 33492
103; 146; 35724
104; 146; 35778
105; 146; 34371
106; 146; 34908
107; 146; 35149
108; 146; 34793
109; 146; 34567
110; 146; 34331
111; 146; 35037
112; 146; 35748
113; 146; 35681
114; 146; 35696
115; 146; 35848
116; 146; 35461
88; 147; 32512
89; 147; 32512
90; 147; 32993
91; 147; 34507
92; 147; 35166
93; 147; 35209
94; 147; 35176
95; 147; 35649
96; 147; 34948
97; 147; 33827
98; 147; 33882
99; 147; 34446
100; 147; 35000
101; 147; 33308
102; 147; 33784
103; 147; 35424
104; 147; 35247
105; 147; 34173
106; 147; 34916
107; 147; 35115
108; 147; 34607
109; 147; 34329
110; 147; 34509
111; 147; 35052
112; 147; 35649
113; 147; 35777
114; 147; 35694
115; 147; 35716
116; 147; 35519
88; 148; 32512
89; 148; 32512
90; 148; 32512
91; 148; 34144
92; 148; 35578
93; 148; 36270
94; 148; 36016
95; 148; 36227
96; 148; 35669
97; 148; 34814
98; 148; 34780
99; 148; 35286
100; 148; 35643
101; 148; 33341
102; 148; 33503
103; 148; 35175
104; 148; 34845
105; 148; 33695
106; 148; 34382
107; 148; 34881
108; 148; 34198
109; 148; 33697
110; 148; 34617
111; 148; 35311
112; 148; 35804
113; 148; 35713
114; 148; 35471
115; 148; 35674
116; 148; 35592
88; 149; 34295
89; 149; 34396
90; 149; 33580
91; 149; 33675
92; 149; 34767
93; 149; 35944
94; 149; 36839
95; 149; 36780
96; 149; 35786
97; 149; 35308
98; 149; 35429
99; 149; 35957
100; 149; 36195
101; 149; 32512
102; 149; 32968
103; 149; 34870
104; 149; 34950
105; 149; 33902
106; 149; 34299
107; 149; 34831
108; 149; 33765
109; 149; 33048
110; 149; 34491
111; 149; 35719
112; 149; 35754
113; 149; 35635
114; 149; 35578
115; 149; 35946
116; 149; 35813
88; 150; 35120
89; 150; 35178
90; 150; 34444
91; 150; 33391
92; 150; 32917
93; 150; 33717
94; 150; 35844
95; 150; 37185
96; 150; 35987
97; 150; 35172
98; 150; 34852
99; 150; 35367
100; 150; 35652
101; 150; 33545
102; 150; 33019
103; 150; 34632
104; 150; 35259
105; 150; 34415
106; 150; 34567
107; 150; 34748
108; 150; 33444
109; 150; 32966
110; 150; 34472
111; 150; 35681
112; 150; 35490
113; 150; 35741
114; 150; 35922
115; 150; 36037
116; 150; 35890
88; 151; 34388
89; 151; 34379
90; 151; 34435
91; 151; 34084
92; 151; 32512
93; 151; 32512
94; 151; 34670
95; 151; 37851
96; 151; 36661
97; 151; 35105
98; 151; 33965
99; 151; 33778
100; 151; 34415
101; 151; 33090
102; 151; 32512
103; 151; 34700
104; 151; 35264
105; 151; 34552
106; 151; 34605
107; 151; 34211
108; 151; 33280
109; 151; 33392
110; 151; 34343
111; 151; 35319
112; 151; 35579
113; 151; 35737
114; 151; 35909
115; 151; 35933
116; 151; 36141
88; 152; 33891
89; 152; 33617
90; 152; 34357
91; 152; 35361
92; 152; 34659
93; 152; 32512
94; 152; 34350
95; 152; 38306
96; 152; 37703
97; 152; 35460
98; 152; 33877
99; 152; 33568
100; 152; 35126
101; 152; 34352
102; 152; 34203
103; 152; 35517
104; 152; 35333
105; 152; 34585
106; 152; 34670
107; 152; 33948
108; 152; 32839
109; 152; 33241
110; 152; 34058
111; 152; 35339
112; 152; 35749
113; 152; 35694
114; 152; 35932
115; 152; 36302
116; 152; 36440
88; 153; 33765
89; 153; 33768
90; 153; 34648
91; 153; 36064
92; 153; 36126
93; 153; 32512
94; 153; 33444
95; 153; 37534
96; 153; 38113
97; 153; 36316
98; 153; 34853
99; 153; 35072
100; 153; 36384
101; 153; 35993
102; 153; 35722
103; 153; 35592
104; 153; 34876
105; 153; 34695
106; 153; 35042
107; 153; 34288
108; 153; 32512
109; 153; 33101
110; 153; 34381
111; 153; 35722
112; 153; 35555
113; 153; 35819
114; 153; 36531
115; 153; 37040
116; 153; 36365
88; 154; 33291
89; 154; 34185
90; 154; 34490
91; 154; 34914
92; 154; 35606
93; 154; 33864
94; 154; 32512
95; 154; 35547
96; 154; 37341
97; 154; 37597
98; 154; 36787
99; 154; 36139
100; 154; 36211
101; 154; 36686
102; 154; 36201
103; 154; 35192
104; 154; 34474
105; 154; 34675
106; 154; 35212
107; 154; 34652
108; 154; 32966
109; 154; 33260
110; 154; 34867
111; 154; 35979
112; 154; 35226
113; 154; 35831
114; 154; 36767
115; 154; 36701
116; 154; 35993
88; 155; 32512
89; 155; 33645
90; 155; 32949
91; 155; 32512
92; 155; 34017
93; 155; 37057
94; 155; 32512
95; 155; 32512
96; 155; 36036
97; 155; 38219
98; 155; 38224
99; 155; 37589
100; 155; 36483
101; 155; 36680
102; 155; 36209
103; 155; 35418
104; 155; 35148
105; 155; 34742
106; 155; 34902
107; 155; 34592
108; 155; 33266
109; 155; 33537
110; 155; 35072
111; 155; 35691
112; 155; 35066
113; 155; 35944
114; 155; 36277
115; 155; 36047
116; 155; 35667
88; 156; 32956
89; 156; 32512
90; 156; 32512
91; 156; 32512
92; 156; 33228
93; 156; 35304
94; 156; 34376
95; 156; 33536
96; 156; 34891
97; 156; 36633
98; 156; 38340
99; 156; 39110
100; 156; 36982
101; 156; 36562
102; 156; 36474
103; 156; 36158
104; 156; 35990
105; 156; 35159
106; 156; 34471
107; 156; 34386
108; 156; 33866
109; 156; 34155
110; 156; 35297
111; 156; 35065
112; 156; 34859
113; 156; 35945
114; 156; 36271
115; 156; 35796
116; 156; 35539
88; 157; 34186
89; 157; 33672
90; 157; 33325
91; 157; 33363
92; 157; 33503
93; 157; 34922
94; 157; 35553
95; 157; 35375
96; 157; 34778
97; 157; 35041
98; 157; 37091
99; 157; 38179
100; 157; 36859
101; 157; 36652
102; 157; 37000
103; 157; 36639
104; 157; 36687
105; 157; 36007
106; 157; 34576
107; 157; 34525
108; 157; 34290
109; 157; 34609
110; 157; 35480
111; 157; 34838
112; 157; 35011
113; 157; 35688
114; 157; 36358
115; 157; 36093
116; 157; 35832
88; 158; 35476
89; 158; 35250
90; 158; 35009
91; 158; 34661
92; 158; 34109
93; 158; 34232
94; 158; 35323
95; 158; 35536
96; 158; 34854
97; 158; 34556
98; 158; 35754
99; 158; 36573
100; 158; 36585
101; 158; 36986
102; 158; 37367
103; 158; 36736
104; 158; 36780
105; 158; 36243
106; 158; 34861
107; 158; 34865
108; 158; 34467
109; 158; 34391
110; 158; 35520
111; 158; 35411
112; 158; 35478
113; 158; 35901
114; 158; 36711
115; 158; 36640
116; 158; 36139
88; 159; 35217
89; 159; 35499
90; 159; 35735
91; 159; 35339
92; 159; 34379
93; 159; 33524
94; 159; 33859
95; 159; 34652
96; 159; 34918
97; 159; 34898
98; 159; 34828
99; 159; 35400
100; 159; 36319
101; 159; 36771
102; 159; 37192
103; 159; 36750
104; 159; 36088
105; 159; 35062
106; 159; 34512
107; 159; 35057
108; 159; 34949
109; 159; 34422
110; 159; 35748
111; 159; 36011
112; 159; 35609
113; 159; 36202
114; 159; 37026
115; 159; 36660
116; 159; 36046
88; 160; 34205
89; 160; 34482
90; 160; 35032
91; 160; 35214
92; 160; 34489
93; 160; 33775
94; 160; 33452
95; 160; 33852
96; 160; 34853
97; 160; 35089
98; 160; 34608
99; 160; 34716
100; 160; 36055
101; 160; 36083
102; 160; 36547
103; 160; 36743
104; 160; 36245
105; 160; 34697
106; 160; 34019
107; 160; 34813
108; 160; 35477
109; 160; 35027
110; 160; 36418
111; 160; 36335
112; 160; 35617
113; 160; 36186
114; 160; 36925
115; 160; 36533
116; 160; 35929
88; 161; 33954
89; 161; 34117
90; 161; 34356
91; 161; 34559
92; 161; 34453
93; 161; 34103
94; 161; 33748
95; 161; 33594
96; 161; 34232
97; 161; 34604
98; 161; 34335
99; 161; 34229
100; 161; 35638
101; 161; 35321
102; 161; 35623
103; 161; 36721
104; 161; 37308
105; 161; 35638
106; 161; 34169
107; 161; 34472
108; 161; 35157
109; 161; 35507
110; 161; 36419
111; 161; 36489
112; 161; 36181
113; 161; 36622
114; 161; 37495
115; 161; 37265
116; 161; 36498
88; 162; 34063
89; 162; 34133
90; 162; 34071
91; 162; 34074
92; 162; 34280
93; 162; 34230
94; 162; 33897
95; 162; 33615
96; 162; 33807
97; 162; 34180
98; 162; 33827
99; 162; 32966
100; 162; 34652
101; 162; 34939
102; 162; 35562
103; 162; 37240
104; 162; 37846
105; 162; 36443
106; 162; 34566
107; 162; 34424
108; 162; 34771
109; 162; 35355
110; 162; 35765
111; 162; 35974
112; 162; 36480
113; 162; 37474
114; 162; 38392
115; 162; 38394
116; 162; 37609
88; 163; 34016
89; 163; 33991
90; 163; 33965
91; 163; 33971
92; 163; 34139
93; 163; 34254
94; 163; 34055
95; 163; 33790
96; 163; 33895
97; 163; 34179
98; 163; 33657
99; 163; 33419
100; 163; 35518
101; 163; 36203
102; 163; 37082
103; 163; 38110
104; 163; 37684
105; 163; 36480
106; 163; 34786
107; 163; 34285
108; 163; 34704
109; 163; 35192
110; 163; 35541
111; 163; 35609
112; 163; 36195
113; 163; 37451
114; 163; 38505
115; 163; 38278
116; 163; 37917
88; 164; 33995
89; 164; 33936
90; 164; 33989
91; 164; 34046
92; 164; 34130
93; 164; 34342
94; 164; 34456
95; 164; 34178
96; 164; 34184
97; 164; 34133
98; 164; 33398
99; 164; 34555
100; 164; 36677
101; 164; 37192
102; 164; 37716
103; 164; 38345
104; 164; 37989
105; 164; 37039
106; 164; 35683
107; 164; 34187
108; 164; 34583
109; 164; 34985
110; 164; 35574
111; 164; 35880
112; 164; 36195
113; 164; 37266
114; 164; 38829
115; 164; 38393
116; 164; 38183
