55; 74; 32814
56; 74; 32817
57; 74; 32820
58; 74; 32839
59; 74; 32859
60; 74; 32860
61; 74; 32834
62; 74; 32824
63; 74; 32836
64; 74; 32826
65; 74; 32817
66; 74; 32832
67; 74; 32831
68; 74; 32836
69; 74; 32839
70; 74; 32844
71; 74; 32842
72; 74; 32863
73; 74; 32906
74; 74; 32936
75; 74; 32924
76; 74; 32892
77; 74; 32905
78; 74; 32974
79; 74; 33030
80; 74; 33037
81; 74; 32999
82; 74; 32974
83; 74; 32980
84; 74; 33006
85; 74; 33033
86; 74; 33035
87; 74; 33013
55; 75; 32800
56; 75; 32795
57; 75; 32802
58; 75; 32813
59; 75; 32816
60; 75; 32824
61; 75; 32805
62; 75; 32806
63; 75; 32832
64; 75; 32837
65; 75; 32829
66; 75; 32826
67; 75; 32826
68; 75; 32823
69; 75; 32840
70; 75; 32859
71; 75; 32853
72; 75; 32851
73; 75; 32883
74; 75; 32918
75; 75; 32927
76; 75; 32916
77; 75; 32944
78; 75; 33028
79; 75; 33071
80; 75; 33063
81; 75; 33055
82; 75; 33052
83; 75; 33058
84; 75; 33077
85; 75; 33073
86; 75; 33051
87; 75; 33048
55; 76; 32816
56; 76; 32806
57; 76; 32805
58; 76; 32803
59; 76; 32787
60; 76; 32790
61; 76; 32789
62; 76; 32793
63; 76; 32798
64; 76; 32837
65; 76; 32846
66; 76; 32839
67; 76; 32838
68; 76; 32838
69; 76; 32854
70; 76; 32877
71; 76; 32882
72; 76; 32876
73; 76; 32894
74; 76; 32927
75; 76; 32958
76; 76; 32971
77; 76; 33018
78; 76; 33095
79; 76; 33079
80; 76; 33042
81; 76; 33073
82; 76; 33092
83; 76; 33105
84; 76; 33121
85; 76; 33104
86; 76; 33091
87; 76; 33106
55; 77; 32830
56; 77; 32820
57; 77; 32821
58; 77; 32816
59; 77; 32805
60; 77; 32803
61; 77; 32818
62; 77; 32812
63; 77; 32789
64; 77; 32822
65; 77; 32844
66; 77; 32850
67; 77; 32858
68; 77; 32851
69; 77; 32846
70; 77; 32874
71; 77; 32902
72; 77; 32918
73; 77; 32945
74; 77; 32975
75; 77; 33015
76; 77; 33033
77; 77; 33065
78; 77; 33106
79; 77; 33062
80; 77; 33044
81; 77; 33110
82; 77; 33149
83; 77; 33163
84; 77; 33152
85; 77; 33113
86; 77; 33112
87; 77; 33128
55; 78; 32824
56; 78; 32816
57; 78; 32815
58; 78; 32826
59; 78; 32823
60; 78; 32816
61; 78; 32822
62; 78; 32821
63; 78; 32813
64; 78; 32821
65; 78; 32845
66; 78; 32869
67; 78; 32894
68; 78; 32875
69; 78; 32860
70; 78; 32906
71; 78; 32946
72; 78; 32985
73; 78; 33014
74; 78; 33015
75; 78; 33032
76; 78; 33045
77; 78; 33052
78; 78; 33033
79; 78; 32989
80; 78; 33034
81; 78; 33118
82; 78; 33171
83; 78; 33196
84; 78; 33159
85; 78; 33088
86; 78; 33078
87; 78; 33105
55; 79; 32832
56; 79; 32820
57; 79; 32811
58; 79; 32828
59; 79; 32832
60; 79; 32804
61; 79; 32808
62; 79; 32828
63; 79; 32841
64; 79; 32849
65; 79; 32862
66; 79; 32895
67; 79; 32944
68; 79; 32940
69; 79; 32936
70; 79; 32971
71; 79; 32999
72; 79; 33048
73; 79; 33061
74; 79; 33027
75; 79; 33015
76; 79; 33021
77; 79; 33010
78; 79; 32949
79; 79; 32967
80; 79; 33117
81; 79; 33162
82; 79; 33157
83; 79; 33183
84; 79; 33153
85; 79; 33082
86; 79; 33076
87; 79; 33109
55; 80; 32841
56; 80; 32826
57; 80; 32826
58; 80; 32839
59; 80; 32837
60; 80; 32820
61; 80; 32834
62; 80; 32860
63; 80; 32871
64; 80; 32888
65; 80; 32894
66; 80; 32933
67; 80; 32999
68; 80; 33011
69; 80; 33018
70; 80; 33036
71; 80; 33044
72; 80; 33066
73; 80; 33044
74; 80; 33020
75; 80; 33018
76; 80; 33007
77; 80; 32957
78; 80; 32912
79; 80; 33115
80; 80; 33422
81; 80; 33372
82; 80; 33196
83; 80; 33178
84; 80; 33167
85; 80; 33109
86; 80; 33101
87; 80; 33110
55; 81; 32819
56; 81; 32824
57; 81; 32846
58; 81; 32849
59; 81; 32841
60; 81; 32855
61; 81; 32879
62; 81; 32890
63; 81; 32905
64; 81; 32950
65; 81; 32980
66; 81; 33019
67; 81; 33074
68; 81; 33089
69; 81; 33114
70; 81; 33146
71; 81; 33124
72; 81; 33061
73; 81; 32996
74; 81; 32978
75; 81; 32980
76; 81; 32961
77; 81; 32910
78; 81; 32941
79; 81; 33246
80; 81; 33533
81; 81; 33381
82; 81; 33196
83; 81; 33288
84; 81; 33265
85; 81; 33101
86; 81; 33044
87; 81; 33092
55; 82; 32819
56; 82; 32848
57; 82; 32869
58; 82; 32868
59; 82; 32874
60; 82; 32887
61; 82; 32904
62; 82; 32932
63; 82; 32977
64; 82; 33049
65; 82; 33083
66; 82; 33089
67; 82; 33125
68; 82; 33150
69; 82; 33181
70; 82; 33208
71; 82; 33144
72; 82; 33052
73; 82; 33006
74; 82; 32944
75; 82; 32886
76; 82; 32881
77; 82; 32885
78; 82; 32943
79; 82; 33149
80; 82; 33178
81; 82; 33030
82; 82; 33173
83; 82; 33490
84; 82; 33323
85; 82; 32999
86; 82; 32959
87; 82; 33087
55; 83; 32864
56; 83; 32889
57; 83; 32883
58; 83; 32894
59; 83; 32947
60; 83; 32978
61; 83; 33003
62; 83; 33054
63; 83; 33097
64; 83; 33137
65; 83; 33137
66; 83; 33126
67; 83; 33158
68; 83; 33179
69; 83; 33186
70; 83; 33152
71; 83; 33062
72; 83; 33045
73; 83; 33061
74; 83; 32954
75; 83; 32843
76; 83; 32854
77; 83; 32862
78; 83; 32858
79; 83; 32962
80; 83; 32838
81; 83; 32843
82; 83; 33204
83; 83; 33442
84; 83; 33130
85; 83; 32869
86; 83; 32916
87; 83; 32945
55; 84; 32911
56; 84; 32928
57; 84; 32940
58; 84; 32977
59; 84; 33048
60; 84; 33097
61; 84; 33126
62; 84; 33149
63; 84; 33152
64; 84; 33151
65; 84; 33140
66; 84; 33140
67; 84; 33169
68; 84; 33200
69; 84; 33190
70; 84; 33089
71; 84; 33006
72; 84; 33049
73; 84; 33051
74; 84; 32934
75; 84; 32845
76; 84; 32848
77; 84; 32841
78; 84; 32816
79; 84; 32837
80; 84; 32804
81; 84; 32892
82; 84; 33104
83; 84; 33100
84; 84; 32898
85; 84; 32808
86; 84; 32822
87; 84; 32790
55; 85; 32961
56; 85; 33005
57; 85; 33073
58; 85; 33099
59; 85; 33107
60; 85; 33141
61; 85; 33169
62; 85; 33156
63; 85; 33122
64; 85; 33107
65; 85; 33094
66; 85; 33075
67; 85; 33142
68; 85; 33279
69; 85; 33272
70; 85; 33101
71; 85; 33016
72; 85; 33036
73; 85; 32964
74; 85; 32865
75; 85; 32846
76; 85; 32837
77; 85; 32817
78; 85; 32818
79; 85; 32810
80; 85; 32822
81; 85; 32893
82; 85; 32918
83; 85; 32906
84; 85; 32855
85; 85; 32783
86; 85; 32843
87; 85; 33154
55; 86; 33011
56; 86; 33071
57; 86; 33125
58; 86; 33101
59; 86; 33104
60; 86; 33155
61; 86; 33178
62; 86; 33163
63; 86; 33105
64; 86; 33074
65; 86; 33069
66; 86; 33036
67; 86; 33187
68; 86; 33505
69; 86; 33544
70; 86; 33303
71; 86; 33172
72; 86; 33123
73; 86; 32965
74; 86; 32870
75; 86; 32912
76; 86; 32876
77; 86; 32805
78; 86; 32805
79; 86; 32808
80; 86; 32824
81; 86; 32864
82; 86; 32881
83; 86; 32907
84; 86; 32834
85; 86; 32856
86; 86; 33288
87; 86; 33977
55; 87; 33027
56; 87; 33098
57; 87; 33113
58; 87; 33098
59; 87; 33183
60; 87; 33200
61; 87; 33140
62; 87; 33149
63; 87; 33092
64; 87; 33034
65; 87; 33071
66; 87; 33039
67; 87; 33172
68; 87; 33620
69; 87; 33829
70; 87; 33633
71; 87; 33459
72; 87; 33353
73; 87; 33134
74; 87; 33008
75; 87; 33028
76; 87; 32933
77; 87; 32813
78; 87; 32807
79; 87; 32828
80; 87; 32836
81; 87; 32837
82; 87; 32866
83; 87; 32854
84; 87; 32836
85; 87; 33233
86; 87; 34003
87; 87; 34436
55; 88; 33041
56; 88; 33202
57; 88; 33227
58; 88; 33212
59; 88; 33277
60; 88; 33175
61; 88; 33036
62; 88; 33077
63; 88; 33028
64; 88; 32954
65; 88; 33020
66; 88; 32960
67; 88; 32950
68; 88; 33348
69; 88; 33729
70; 88; 33724
71; 88; 33582
72; 88; 33436
73; 88; 33263
74; 88; 33189
75; 88; 33121
76; 88; 32937
77; 88; 32845
78; 88; 32861
79; 88; 32833
80; 88; 32817
81; 88; 32810
82; 88; 32803
83; 88; 32794
84; 88; 33002
85; 88; 33750
86; 88; 34383
87; 88; 34324
55; 89; 33120
56; 89; 33320
57; 89; 33267
58; 89; 33166
59; 89; 33173
60; 89; 33069
61; 89; 32976
62; 89; 33009
63; 89; 32947
64; 89; 32897
65; 89; 32970
66; 89; 32904
67; 89; 32800
68; 89; 32980
69; 89; 33292
70; 89; 33446
71; 89; 33423
72; 89; 33275
73; 89; 33216
74; 89; 33277
75; 89; 33150
76; 89; 32896
77; 89; 32856
78; 89; 32912
79; 89; 32849
80; 89; 32790
81; 89; 32809
82; 89; 32804
83; 89; 32780
84; 89; 33121
85; 89; 33953
86; 89; 34333
87; 89; 34168
55; 90; 33224
56; 90; 33283
57; 90; 33095
58; 90; 32983
59; 90; 33036
60; 90; 33030
61; 90; 32992
62; 90; 32970
63; 90; 32898
64; 90; 32882
65; 90; 32943
66; 90; 32892
67; 90; 32813
68; 90; 32848
69; 90; 32950
70; 90; 33082
71; 90; 33193
72; 90; 33148
73; 90; 33131
74; 90; 33201
75; 90; 33070
76; 90; 32839
77; 90; 32817
78; 90; 32880
79; 90; 32859
80; 90; 32826
81; 90; 32810
82; 90; 32811
83; 90; 32787
84; 90; 33088
85; 90; 33845
86; 90; 34221
87; 90; 34192
55; 91; 33228
56; 91; 33183
57; 91; 33012
58; 91; 32978
59; 91; 33046
60; 91; 33057
61; 91; 33015
62; 91; 32964
63; 91; 32917
64; 91; 32903
65; 91; 32896
66; 91; 32828
67; 91; 32799
68; 91; 32868
69; 91; 32885
70; 91; 32903
71; 91; 33066
72; 91; 33157
73; 91; 33123
74; 91; 33138
75; 91; 33039
76; 91; 32844
77; 91; 32855
78; 91; 32943
79; 91; 32933
80; 91; 32886
81; 91; 32842
82; 91; 32822
83; 91; 32785
84; 91; 33028
85; 91; 33755
86; 91; 34235
87; 91; 34246
55; 92; 33137
56; 92; 33126
57; 92; 33061
58; 92; 33053
59; 92; 33070
60; 92; 33056
61; 92; 33007
62; 92; 32968
63; 92; 32976
64; 92; 32957
65; 92; 32885
66; 92; 32817
67; 92; 32810
68; 92; 32883
69; 92; 32924
70; 92; 32891
71; 92; 33026
72; 92; 33161
73; 92; 33177
74; 92; 33284
75; 92; 33210
76; 92; 32941
77; 92; 32957
78; 92; 33092
79; 92; 33112
80; 92; 33066
81; 92; 32993
82; 92; 32861
83; 92; 32768
84; 92; 32968
85; 92; 33660
86; 92; 34234
87; 92; 34270
55; 93; 33078
56; 93; 33079
57; 93; 33064
58; 93; 33057
59; 93; 33045
60; 93; 33026
61; 93; 32980
62; 93; 32959
63; 93; 33002
64; 93; 32985
65; 93; 32918
66; 93; 32895
67; 93; 32854
68; 93; 32861
69; 93; 32896
70; 93; 32886
71; 93; 32958
72; 93; 33068
73; 93; 33158
74; 93; 33332
75; 93; 33247
76; 93; 32979
77; 93; 33036
78; 93; 33222
79; 93; 33287
80; 93; 33295
81; 93; 33215
82; 93; 33035
83; 93; 32822
84; 93; 32859
85; 93; 33368
86; 93; 34040
87; 93; 34267
55; 94; 33077
56; 94; 33062
57; 94; 33055
58; 94; 33044
59; 94; 33011
60; 94; 32995
61; 94; 32972
62; 94; 32968
63; 94; 32997
64; 94; 32966
65; 94; 32949
66; 94; 32999
67; 94; 32930
68; 94; 32833
69; 94; 32838
70; 94; 32862
71; 94; 32864
72; 94; 32915
73; 94; 32988
74; 94; 33063
75; 94; 33015
76; 94; 32981
77; 94; 33087
78; 94; 33150
79; 94; 33181
80; 94; 33300
81; 94; 33364
82; 94; 33315
83; 94; 33064
84; 94; 32843
85; 94; 33036
86; 94; 33658
87; 94; 34184
55; 95; 33080
56; 95; 33072
57; 95; 33050
58; 95; 33020
59; 95; 32990
60; 95; 32987
61; 95; 32994
62; 95; 32997
63; 95; 32999
64; 95; 32965
65; 95; 32987
66; 95; 33083
67; 95; 33017
68; 95; 32853
69; 95; 32801
70; 95; 32817
71; 95; 32842
72; 95; 32846
73; 95; 32870
74; 95; 32877
75; 95; 32893
76; 95; 33008
77; 95; 33129
78; 95; 33106
79; 95; 33045
80; 95; 33113
81; 95; 33223
82; 95; 33304
83; 95; 33262
84; 95; 33002
85; 95; 32910
86; 95; 33265
87; 95; 33952
55; 96; 33087
56; 96; 33061
57; 96; 33024
58; 96; 33008
59; 96; 33002
60; 96; 33003
61; 96; 33018
62; 96; 33010
63; 96; 32991
64; 96; 32976
65; 96; 33002
66; 96; 33100
67; 96; 33089
68; 96; 32917
69; 96; 32805
70; 96; 32795
71; 96; 32829
72; 96; 32856
73; 96; 32885
74; 96; 32915
75; 96; 32925
76; 96; 33021
77; 96; 33166
78; 96; 33219
79; 96; 33190
80; 96; 33085
81; 96; 33084
82; 96; 33120
83; 96; 33228
84; 96; 33111
85; 96; 32937
86; 96; 33015
87; 96; 33585
55; 97; 33059
56; 97; 33027
57; 97; 33012
58; 97; 33023
59; 97; 33014
60; 97; 33007
61; 97; 33025
62; 97; 33007
63; 97; 32977
64; 97; 32977
65; 97; 32985
66; 97; 33050
67; 97; 33104
68; 97; 33001
69; 97; 32866
70; 97; 32815
71; 97; 32813
72; 97; 32832
73; 97; 32874
74; 97; 32920
75; 97; 32916
76; 97; 32968
77; 97; 33172
78; 97; 33336
79; 97; 33316
80; 97; 33184
81; 97; 33154
82; 97; 33135
83; 97; 33154
84; 97; 33123
85; 97; 32979
86; 97; 32903
87; 97; 33190
55; 98; 33012
56; 98; 33004
57; 98; 33017
58; 98; 33033
59; 98; 33015
60; 98; 33006
61; 98; 33013
62; 98; 32992
63; 98; 32981
64; 98; 33002
65; 98; 32995
66; 98; 33000
67; 98; 33048
68; 98; 33026
69; 98; 32935
70; 98; 32865
71; 98; 32828
72; 98; 32824
73; 98; 32855
74; 98; 32893
75; 98; 32907
76; 98; 32913
77; 98; 33049
78; 98; 33232
79; 98; 33289
80; 98; 33294
81; 98; 33252
82; 98; 33228
83; 98; 33165
84; 98; 33102
85; 98; 32991
86; 98; 32877
87; 98; 32948
55; 99; 33018
56; 99; 33012
57; 99; 33020
58; 99; 33020
59; 99; 32999
60; 99; 32994
61; 99; 32990
62; 99; 32974
63; 99; 32985
64; 99; 33013
65; 99; 33011
66; 99; 32988
67; 99; 32989
68; 99; 32986
69; 99; 32954
70; 99; 32913
71; 99; 32871
72; 99; 32864
73; 99; 32885
74; 99; 32888
75; 99; 32885
76; 99; 32894
77; 99; 32927
78; 99; 33009
79; 99; 33125
80; 99; 33222
81; 99; 33219
82; 99; 33198
83; 99; 33191
84; 99; 33087
85; 99; 32941
86; 99; 32894
87; 99; 32927
55; 100; 33022
56; 100; 33008
57; 100; 33008
58; 100; 32997
59; 100; 32979
60; 100; 32979
61; 100; 32981
62; 100; 32984
63; 100; 32987
64; 100; 32990
65; 100; 32995
66; 100; 32996
67; 100; 32987
68; 100; 32974
69; 100; 32972
70; 100; 32958
71; 100; 32913
72; 100; 32905
73; 100; 32916
74; 100; 32891
75; 100; 32867
76; 100; 32897
77; 100; 32935
78; 100; 32924
79; 100; 32939
80; 100; 33047
81; 100; 33143
82; 100; 33184
83; 100; 33222
84; 100; 33105
85; 100; 32925
86; 100; 32888
87; 100; 32957
55; 101; 32990
56; 101; 32988
57; 101; 32997
58; 101; 32997
59; 101; 32999
60; 101; 32999
61; 101; 32987
62; 101; 32987
63; 101; 32986
64; 101; 32976
65; 101; 32977
66; 101; 32986
67; 101; 32984
68; 101; 32977
69; 101; 32986
70; 101; 32980
71; 101; 32940
72; 101; 32925
73; 101; 32929
74; 101; 32923
75; 101; 32914
76; 101; 32918
77; 101; 32954
78; 101; 32923
79; 101; 32864
80; 101; 32950
81; 101; 33067
82; 101; 33130
83; 101; 33191
84; 101; 33135
85; 101; 32957
86; 101; 32863
87; 101; 32938
55; 102; 32984
56; 102; 32991
57; 102; 32998
58; 102; 33004
59; 102; 33013
60; 102; 33005
61; 102; 32982
62; 102; 32971
63; 102; 32971
64; 102; 32972
65; 102; 32974
66; 102; 32968
67; 102; 32957
68; 102; 32959
69; 102; 32967
70; 102; 32960
71; 102; 32946
72; 102; 32933
73; 102; 32924
74; 102; 32934
75; 102; 32937
76; 102; 32915
77; 102; 32935
78; 102; 32944
79; 102; 32876
80; 102; 32867
81; 102; 32955
82; 102; 33050
83; 102; 33129
84; 102; 33131
85; 102; 33011
86; 102; 32894
87; 102; 32892
55; 103; 32995
56; 103; 32994
57; 103; 32987
58; 103; 32991
59; 103; 32994
60; 103; 32980
61; 103; 32975
62; 103; 32978
63; 103; 32973
64; 103; 32973
65; 103; 32976
66; 103; 32967
67; 103; 32954
68; 103; 32963
69; 103; 32967
70; 103; 32956
71; 103; 32955
72; 103; 32943
73; 103; 32922
74; 103; 32924
75; 103; 32926
76; 103; 32914
77; 103; 32926
78; 103; 32946
79; 103; 32907
80; 103; 32839
81; 103; 32848
82; 103; 32946
83; 103; 33050
84; 103; 33076
85; 103; 33004
86; 103; 32912
87; 103; 32860
