145; 170; 33516
146; 170; 33602
147; 170; 33770
148; 170; 33723
149; 170; 33389
150; 170; 33107
151; 170; 33099
152; 170; 33573
153; 170; 34133
154; 170; 34302
155; 170; 34291
156; 170; 34228
157; 170; 34157
158; 170; 34121
159; 170; 34159
160; 170; 34267
161; 170; 34396
162; 170; 34489
163; 170; 34499
164; 170; 34412
165; 170; 34244
166; 170; 33978
167; 170; 33660
168; 170; 33472
169; 170; 33493
170; 170; 33562
171; 170; 33497
172; 170; 33312
173; 170; 33148
174; 170; 33089
175; 170; 33084
176; 170; 33102
177; 170; 33165
178; 170; 33256
179; 170; 33316
180; 170; 33280
181; 170; 33150
182; 170; 33046
183; 170; 33019
184; 170; 33143
185; 170; 33294
186; 170; 33373
187; 170; 33399
188; 170; 33444
189; 170; 33458
190; 170; 33424
191; 170; 33395
192; 170; 33390
193; 170; 33392
194; 170; 33377
195; 170; 33364
196; 170; 33384
197; 170; 33468
198; 170; 33586
199; 170; 33651
200; 170; 33616
201; 170; 33548
202; 170; 33542
203; 170; 33607
204; 170; 33657
205; 170; 33605
206; 170; 33469
207; 170; 33346
208; 170; 33306
209; 170; 33319
145; 171; 33377
146; 171; 33685
147; 171; 34092
148; 171; 34266
149; 171; 33897
150; 171; 33286
151; 171; 33202
152; 171; 33558
153; 171; 34078
154; 171; 34284
155; 171; 34299
156; 171; 34215
157; 171; 34122
158; 171; 34090
159; 171; 34115
160; 171; 34190
161; 171; 34303
162; 171; 34380
163; 171; 34345
164; 171; 34225
165; 171; 34073
166; 171; 33852
167; 171; 33581
168; 171; 33438
169; 171; 33510
170; 171; 33568
171; 171; 33409
172; 171; 33155
173; 171; 33032
174; 171; 33079
175; 171; 33166
176; 171; 33193
177; 171; 33178
178; 171; 33174
179; 171; 33218
180; 171; 33254
181; 171; 33210
182; 171; 33182
183; 171; 33196
184; 171; 33296
185; 171; 33399
186; 171; 33444
187; 171; 33466
188; 171; 33466
189; 171; 33434
190; 171; 33381
191; 171; 33350
192; 171; 33322
193; 171; 33289
194; 171; 33301
195; 171; 33352
196; 171; 33410
197; 171; 33493
198; 171; 33572
199; 171; 33578
200; 171; 33513
201; 171; 33452
202; 171; 33468
203; 171; 33533
204; 171; 33567
205; 171; 33511
206; 171; 33403
207; 171; 33337
208; 171; 33374
209; 171; 33449
145; 172; 33058
146; 172; 33228
147; 172; 33788
148; 172; 34172
149; 172; 34108
150; 172; 33912
151; 172; 33721
152; 172; 33757
153; 172; 33930
154; 172; 34060
155; 172; 34198
156; 172; 34245
157; 172; 34191
158; 172; 34120
159; 172; 34071
160; 172; 34085
161; 172; 34198
162; 172; 34296
163; 172; 34209
164; 172; 33986
165; 172; 33803
166; 172; 33644
167; 172; 33482
168; 172; 33402
169; 172; 33445
170; 172; 33444
171; 172; 33283
172; 172; 33103
173; 172; 33060
174; 172; 33156
175; 172; 33240
176; 172; 33250
177; 172; 33211
178; 172; 33174
179; 172; 33197
180; 172; 33244
181; 172; 33259
182; 172; 33288
183; 172; 33310
184; 172; 33345
185; 172; 33365
186; 172; 33347
187; 172; 33347
188; 172; 33331
189; 172; 33306
190; 172; 33307
191; 172; 33331
192; 172; 33313
193; 172; 33277
194; 172; 33324
195; 172; 33413
196; 172; 33465
197; 172; 33485
198; 172; 33480
199; 172; 33464
200; 172; 33467
201; 172; 33482
202; 172; 33490
203; 172; 33475
204; 172; 33443
205; 172; 33419
206; 172; 33420
207; 172; 33440
208; 172; 33470
209; 172; 33485
145; 173; 33041
146; 173; 32860
147; 173; 33075
148; 173; 33582
149; 173; 34004
150; 173; 34195
151; 173; 34380
152; 173; 34279
153; 173; 33880
154; 173; 33741
155; 173; 33923
156; 173; 34181
157; 173; 34259
158; 173; 34182
159; 173; 34072
160; 173; 34051
161; 173; 34180
162; 173; 34298
163; 173; 34175
164; 173; 33864
165; 173; 33636
166; 173; 33531
167; 173; 33445
168; 173; 33381
169; 173; 33346
170; 173; 33287
171; 173; 33194
172; 173; 33148
173; 173; 33177
174; 173; 33227
175; 173; 33213
176; 173; 33189
177; 173; 33205
178; 173; 33234
179; 173; 33223
180; 173; 33193
181; 173; 33196
182; 173; 33238
183; 173; 33263
184; 173; 33257
185; 173; 33241
186; 173; 33231
187; 173; 33239
188; 173; 33225
189; 173; 33233
190; 173; 33300
191; 173; 33376
192; 173; 33372
193; 173; 33354
194; 173; 33428
195; 173; 33521
196; 173; 33523
197; 173; 33451
198; 173; 33408
199; 173; 33455
200; 173; 33563
201; 173; 33627
202; 173; 33565
203; 173; 33420
204; 173; 33329
205; 173; 33367
206; 173; 33464
207; 173; 33524
208; 173; 33501
209; 173; 33417
145; 174; 33126
146; 174; 32959
147; 174; 32917
148; 174; 33117
149; 174; 33504
150; 174; 34021
151; 174; 34447
152; 174; 34472
153; 174; 34175
154; 174; 33624
155; 174; 33663
156; 174; 33996
157; 174; 34215
158; 174; 34219
159; 174; 34133
160; 174; 34112
161; 174; 34209
162; 174; 34265
163; 174; 34109
164; 174; 33806
165; 174; 33592
166; 174; 33517
167; 174; 33454
168; 174; 33386
169; 174; 33292
170; 174; 33204
171; 174; 33179
172; 174; 33237
173; 174; 33295
174; 174; 33264
175; 174; 33155
176; 174; 33119
177; 174; 33207
178; 174; 33290
179; 174; 33245
180; 174; 33134
181; 174; 33119
182; 174; 33190
183; 174; 33209
184; 174; 33170
185; 174; 33178
186; 174; 33241
187; 174; 33295
188; 174; 33288
189; 174; 33286
190; 174; 33348
191; 174; 33406
192; 174; 33377
193; 174; 33363
194; 174; 33449
195; 174; 33547
196; 174; 33531
197; 174; 33444
198; 174; 33442
199; 174; 33557
200; 174; 33693
201; 174; 33708
202; 174; 33539
203; 174; 33298
204; 174; 33205
205; 174; 33294
206; 174; 33392
207; 174; 33415
208; 174; 33382
209; 174; 33332
145; 175; 33168
146; 175; 33154
147; 175; 33166
148; 175; 33169
149; 175; 33127
150; 175; 33341
151; 175; 33911
152; 175; 34369
153; 175; 34323
154; 175; 34010
155; 175; 33739
156; 175; 33909
157; 175; 34106
158; 175; 34177
159; 175; 34183
160; 175; 34204
161; 175; 34225
162; 175; 34145
163; 175; 33945
164; 175; 33721
165; 175; 33589
166; 175; 33519
167; 175; 33433
168; 175; 33381
169; 175; 33290
170; 175; 33192
171; 175; 33194
172; 175; 33272
173; 175; 33316
174; 175; 33269
175; 175; 33173
176; 175; 33168
177; 175; 33253
178; 175; 33297
179; 175; 33222
180; 175; 33099
181; 175; 33096
182; 175; 33187
183; 175; 33195
184; 175; 33151
185; 175; 33199
186; 175; 33313
187; 175; 33406
188; 175; 33412
189; 175; 33381
190; 175; 33404
191; 175; 33403
192; 175; 33325
193; 175; 33315
194; 175; 33400
195; 175; 33493
196; 175; 33500
197; 175; 33466
198; 175; 33510
199; 175; 33624
200; 175; 33699
201; 175; 33616
202; 175; 33378
203; 175; 33146
204; 175; 33105
205; 175; 33198
206; 175; 33240
207; 175; 33206
208; 175; 33213
209; 175; 33303
145; 176; 33189
146; 176; 33259
147; 176; 33327
148; 176; 33315
149; 176; 33146
150; 176; 32930
151; 176; 33153
152; 176; 33815
153; 176; 34247
154; 176; 34242
155; 176; 34200
156; 176; 34052
157; 176; 34069
158; 176; 34068
159; 176; 34134
160; 176; 34236
161; 176; 34237
162; 176; 34051
163; 176; 33801
164; 176; 33646
165; 176; 33593
166; 176; 33523
167; 176; 33402
168; 176; 33352
169; 176; 33285
170; 176; 33193
171; 176; 33173
172; 176; 33212
173; 176; 33237
174; 176; 33246
175; 176; 33257
176; 176; 33292
177; 176; 33312
178; 176; 33256
179; 176; 33144
180; 176; 33059
181; 176; 33083
182; 176; 33157
183; 176; 33163
184; 176; 33137
185; 176; 33183
186; 176; 33281
187; 176; 33372
188; 176; 33397
189; 176; 33393
190; 176; 33429
191; 176; 33422
192; 176; 33353
193; 176; 33351
194; 176; 33405
195; 176; 33460
196; 176; 33468
197; 176; 33456
198; 176; 33495
199; 176; 33560
200; 176; 33565
201; 176; 33453
202; 176; 33251
203; 176; 33096
204; 176; 33098
205; 176; 33170
206; 176; 33167
207; 176; 33096
208; 176; 33125
209; 176; 33300
145; 177; 33122
146; 177; 33160
147; 177; 33198
148; 177; 33227
149; 177; 33189
150; 177; 33022
151; 177; 32956
152; 177; 33168
153; 177; 33651
154; 177; 34128
155; 177; 34331
156; 177; 34294
157; 177; 34142
158; 177; 34007
159; 177; 34037
160; 177; 34194
161; 177; 34244
162; 177; 34041
163; 177; 33758
164; 177; 33615
165; 177; 33595
166; 177; 33553
167; 177; 33449
168; 177; 33361
169; 177; 33278
170; 177; 33202
171; 177; 33154
172; 177; 33138
173; 177; 33142
174; 177; 33212
175; 177; 33315
176; 177; 33371
177; 177; 33331
178; 177; 33204
179; 177; 33090
180; 177; 33057
181; 177; 33085
182; 177; 33118
183; 177; 33104
184; 177; 33087
185; 177; 33123
186; 177; 33182
187; 177; 33242
188; 177; 33286
189; 177; 33353
190; 177; 33458
191; 177; 33507
192; 177; 33489
193; 177; 33475
194; 177; 33475
195; 177; 33463
196; 177; 33426
197; 177; 33405
198; 177; 33423
199; 177; 33459
200; 177; 33469
201; 177; 33417
202; 177; 33301
203; 177; 33189
204; 177; 33190
205; 177; 33257
206; 177; 33242
207; 177; 33141
208; 177; 33120
209; 177; 33246
145; 178; 33110
146; 178; 33038
147; 178; 33038
148; 178; 33091
149; 178; 33177
150; 178; 33203
151; 178; 33099
152; 178; 33027
153; 178; 33033
154; 178; 33427
155; 178; 34016
156; 178; 34298
157; 178; 34213
158; 178; 34082
159; 178; 34047
160; 178; 34167
161; 178; 34229
162; 178; 34047
163; 178; 33755
164; 178; 33581
165; 178; 33552
166; 178; 33557
167; 178; 33518
168; 178; 33426
169; 178; 33326
170; 178; 33269
171; 178; 33220
172; 178; 33158
173; 178; 33127
174; 178; 33206
175; 178; 33323
176; 178; 33353
177; 178; 33279
178; 178; 33179
179; 178; 33128
180; 178; 33130
181; 178; 33144
182; 178; 33113
183; 178; 33054
184; 178; 33056
185; 178; 33132
186; 178; 33181
187; 178; 33196
188; 178; 33248
189; 178; 33360
190; 178; 33494
191; 178; 33568
192; 178; 33583
193; 178; 33565
194; 178; 33517
195; 178; 33439
196; 178; 33373
197; 178; 33370
198; 178; 33411
199; 178; 33466
200; 178; 33521
201; 178; 33528
202; 178; 33453
203; 178; 33325
204; 178; 33278
205; 178; 33333
206; 178; 33350
207; 178; 33277
208; 178; 33197
209; 178; 33186
145; 179; 33134
146; 179; 33072
147; 179; 33030
148; 179; 33031
149; 179; 33144
150; 179; 33302
151; 179; 33302
152; 179; 33116
153; 179; 32959
154; 179; 32991
155; 179; 33414
156; 179; 33948
157; 179; 34190
158; 179; 34165
159; 179; 34168
160; 179; 34232
161; 179; 34240
162; 179; 34048
163; 179; 33751
164; 179; 33532
165; 179; 33460
166; 179; 33472
167; 179; 33487
168; 179; 33435
169; 179; 33371
170; 179; 33368
171; 179; 33351
172; 179; 33256
173; 179; 33193
174; 179; 33247
175; 179; 33320
176; 179; 33295
177; 179; 33228
178; 179; 33221
179; 179; 33247
180; 179; 33247
181; 179; 33208
182; 179; 33123
183; 179; 33058
184; 179; 33096
185; 179; 33212
186; 179; 33281
187; 179; 33278
188; 179; 33310
189; 179; 33382
190; 179; 33444
191; 179; 33492
192; 179; 33539
193; 179; 33545
194; 179; 33473
195; 179; 33362
196; 179; 33324
197; 179; 33386
198; 179; 33481
199; 179; 33554
200; 179; 33603
201; 179; 33598
202; 179; 33505
203; 179; 33357
204; 179; 33260
205; 179; 33279
206; 179; 33335
207; 179; 33347
208; 179; 33291
209; 179; 33183
145; 180; 33108
146; 180; 33136
147; 180; 33130
148; 180; 33090
149; 180; 33087
150; 180; 33185
151; 180; 33273
152; 180; 33216
153; 180; 33092
154; 180; 33053
155; 180; 33129
156; 180; 33419
157; 180; 33845
158; 180; 34099
159; 180; 34209
160; 180; 34329
161; 180; 34324
162; 180; 34100
163; 180; 33787
164; 180; 33538
165; 180; 33405
166; 180; 33359
167; 180; 33365
168; 180; 33347
169; 180; 33356
170; 180; 33427
171; 180; 33434
172; 180; 33316
173; 180; 33241
174; 180; 33299
175; 180; 33343
176; 180; 33294
177; 180; 33270
178; 180; 33330
179; 180; 33370
180; 180; 33313
181; 180; 33216
182; 180; 33140
183; 180; 33119
184; 180; 33183
185; 180; 33283
186; 180; 33344
187; 180; 33352
188; 180; 33349
189; 180; 33329
190; 180; 33303
191; 180; 33344
192; 180; 33444
193; 180; 33494
194; 180; 33425
195; 180; 33308
196; 180; 33306
197; 180; 33417
198; 180; 33541
199; 180; 33598
200; 180; 33590
201; 180; 33527
202; 180; 33403
203; 180; 33265
204; 180; 33193
205; 180; 33208
206; 180; 33278
207; 180; 33336
208; 180; 33312
209; 180; 33162
145; 181; 33078
146; 181; 33134
147; 181; 33143
148; 181; 33104
149; 181; 33065
150; 181; 33084
151; 181; 33133
152; 181; 33150
153; 181; 33182
154; 181; 33182
155; 181; 33131
156; 181; 33097
157; 181; 33318
158; 181; 33668
159; 181; 34014
160; 181; 34295
161; 181; 34329
162; 181; 34179
163; 181; 33861
164; 181; 33630
165; 181; 33482
166; 181; 33362
167; 181; 33288
168; 181; 33258
169; 181; 33318
170; 181; 33421
171; 181; 33411
172; 181; 33291
173; 181; 33243
174; 181; 33327
175; 181; 33382
176; 181; 33356
177; 181; 33380
178; 181; 33446
179; 181; 33424
180; 181; 33295
181; 181; 33188
182; 181; 33178
183; 181; 33209
184; 181; 33236
185; 181; 33251
186; 181; 33260
187; 181; 33276
188; 181; 33269
189; 181; 33215
190; 181; 33182
191; 181; 33259
192; 181; 33404
193; 181; 33481
194; 181; 33418
195; 181; 33306
196; 181; 33311
197; 181; 33423
198; 181; 33535
199; 181; 33564
200; 181; 33508
201; 181; 33422
202; 181; 33318
203; 181; 33224
204; 181; 33206
205; 181; 33248
206; 181; 33308
207; 181; 33340
208; 181; 33267
209; 181; 33072
145; 182; 33070
146; 182; 33070
147; 182; 33067
148; 182; 33067
149; 182; 33106
150; 182; 33126
151; 182; 33079
152; 182; 33049
153; 182; 33127
154; 182; 33195
155; 182; 33140
156; 182; 33068
157; 182; 33112
158; 182; 33237
159; 182; 33491
160; 182; 33955
161; 182; 34243
162; 182; 34152
163; 182; 33887
164; 182; 33716
165; 182; 33638
166; 182; 33505
167; 182; 33332
168; 182; 33244
169; 182; 33293
170; 182; 33374
171; 182; 33339
172; 182; 33242
173; 182; 33237
174; 182; 33335
175; 182; 33403
176; 182; 33413
177; 182; 33458
178; 182; 33479
179; 182; 33392
180; 182; 33274
181; 182; 33242
182; 182; 33292
183; 182; 33313
184; 182; 33229
185; 182; 33111
186; 182; 33059
187; 182; 33104
188; 182; 33150
189; 182; 33149
190; 182; 33168
191; 182; 33272
192; 182; 33394
193; 182; 33432
194; 182; 33387
195; 182; 33334
196; 182; 33351
197; 182; 33422
198; 182; 33490
199; 182; 33482
200; 182; 33424
201; 182; 33394
202; 182; 33383
203; 182; 33350
204; 182; 33321
205; 182; 33353
206; 182; 33401
207; 182; 33375
208; 182; 33210
209; 182; 33011
145; 183; 33095
146; 183; 33034
147; 183; 33006
148; 183; 33060
149; 183; 33175
150; 183; 33219
151; 183; 33130
152; 183; 33032
153; 183; 33050
154; 183; 33103
155; 183; 33081
156; 183; 33055
157; 183; 33093
158; 183; 33147
159; 183; 33142
160; 183; 33407
161; 183; 33904
162; 183; 34010
163; 183; 33854
164; 183; 33722
165; 183; 33704
166; 183; 33621
167; 183; 33418
168; 183; 33282
169; 183; 33278
170; 183; 33312
171; 183; 33296
172; 183; 33247
173; 183; 33258
174; 183; 33340
175; 183; 33400
176; 183; 33429
177; 183; 33451
178; 183; 33426
179; 183; 33349
180; 183; 33322
181; 183; 33370
182; 183; 33428
183; 183; 33402
184; 183; 33234
185; 183; 33017
186; 183; 32938
187; 183; 33022
188; 183; 33108
189; 183; 33165
190; 183; 33245
191; 183; 33336
192; 183; 33353
193; 183; 33324
194; 183; 33339
195; 183; 33393
196; 183; 33431
197; 183; 33446
198; 183; 33453
199; 183; 33404
200; 183; 33359
201; 183; 33406
202; 183; 33497
203; 183; 33499
204; 183; 33420
205; 183; 33410
206; 183; 33446
207; 183; 33390
208; 183; 33199
209; 183; 33043
145; 184; 33127
146; 184; 33077
147; 184; 33029
148; 184; 33075
149; 184; 33175
150; 184; 33215
151; 184; 33155
152; 184; 33082
153; 184; 33077
154; 184; 33089
155; 184; 33057
156; 184; 33062
157; 184; 33158
158; 184; 33202
159; 184; 33124
160; 184; 33103
161; 184; 33493
162; 184; 33841
163; 184; 33840
164; 184; 33718
165; 184; 33661
166; 184; 33617
167; 184; 33483
168; 184; 33346
169; 184; 33270
170; 184; 33255
171; 184; 33285
172; 184; 33308
173; 184; 33321
174; 184; 33342
175; 184; 33374
176; 184; 33406
177; 184; 33409
178; 184; 33376
179; 184; 33346
180; 184; 33367
181; 184; 33429
182; 184; 33470
183; 184; 33412
184; 184; 33242
185; 184; 33036
186; 184; 32997
187; 184; 33068
188; 184; 33117
189; 184; 33192
190; 184; 33302
191; 184; 33362
192; 184; 33308
193; 184; 33260
194; 184; 33334
195; 184; 33451
196; 184; 33498
197; 184; 33491
198; 184; 33472
199; 184; 33403
200; 184; 33334
201; 184; 33371
202; 184; 33478
203; 184; 33482
204; 184; 33399
205; 184; 33397
206; 184; 33438
207; 184; 33376
208; 184; 33224
209; 184; 33129
145; 185; 33116
146; 185; 33091
147; 185; 33069
148; 185; 33077
149; 185; 33110
150; 185; 33125
151; 185; 33100
152; 185; 33101
153; 185; 33157
154; 185; 33188
155; 185; 33139
156; 185; 33094
157; 185; 33189
158; 185; 33303
159; 185; 33229
160; 185; 33144
161; 185; 33241
162; 185; 33699
163; 185; 33869
164; 185; 33822
165; 185; 33685
166; 185; 33592
167; 185; 33530
168; 185; 33449
169; 185; 33307
170; 185; 33233
171; 185; 33266
172; 185; 33335
173; 185; 33342
174; 185; 33304
175; 185; 33319
176; 185; 33374
177; 185; 33396
178; 185; 33378
179; 185; 33361
180; 185; 33359
181; 185; 33379
182; 185; 33384
183; 185; 33339
184; 185; 33253
185; 185; 33156
186; 185; 33153
187; 185; 33161
188; 185; 33131
189; 185; 33165
190; 185; 33247
191; 185; 33321
192; 185; 33315
193; 185; 33302
194; 185; 33381
195; 185; 33479
196; 185; 33503
197; 185; 33509
198; 185; 33539
199; 185; 33501
200; 185; 33387
201; 185; 33335
202; 185; 33363
203; 185; 33358
204; 185; 33346
205; 185; 33410
206; 185; 33465
207; 185; 33379
208; 185; 33237
209; 185; 33194
145; 186; 33103
146; 186; 33073
147; 186; 33064
148; 186; 33058
149; 186; 33058
150; 186; 33057
151; 186; 33040
152; 186; 33067
153; 186; 33156
154; 186; 33241
155; 186; 33216
156; 186; 33125
157; 186; 33155
158; 186; 33313
159; 186; 33367
160; 186; 33237
161; 186; 33148
162; 186; 33349
163; 186; 33837
164; 186; 33971
165; 186; 33878
166; 186; 33688
167; 186; 33621
168; 186; 33583
169; 186; 33374
170; 186; 33216
171; 186; 33218
172; 186; 33294
173; 186; 33289
174; 186; 33229
175; 186; 33267
176; 186; 33369
177; 186; 33419
178; 186; 33404
179; 186; 33373
180; 186; 33326
181; 186; 33282
182; 186; 33252
183; 186; 33256
184; 186; 33277
185; 186; 33274
186; 186; 33284
187; 186; 33248
188; 186; 33146
189; 186; 33093
190; 186; 33136
191; 186; 33259
192; 186; 33364
193; 186; 33430
194; 186; 33491
195; 186; 33504
196; 186; 33463
197; 186; 33481
198; 186; 33581
199; 186; 33601
200; 186; 33498
201; 186; 33393
202; 186; 33318
203; 186; 33303
204; 186; 33376
205; 186; 33489
206; 186; 33523
207; 186; 33402
208; 186; 33253
209; 186; 33218
145; 187; 33113
146; 187; 33103
147; 187; 33102
148; 187; 33095
149; 187; 33113
150; 187; 33118
151; 187; 33065
152; 187; 33030
153; 187; 33074
154; 187; 33178
155; 187; 33210
156; 187; 33130
157; 187; 33091
158; 187; 33224
159; 187; 33387
160; 187; 33314
161; 187; 33099
162; 187; 33065
163; 187; 33598
164; 187; 34090
165; 187; 34096
166; 187; 33881
167; 187; 33770
168; 187; 33721
169; 187; 33508
170; 187; 33254
171; 187; 33194
172; 187; 33238
173; 187; 33218
174; 187; 33174
175; 187; 33250
176; 187; 33388
177; 187; 33452
178; 187; 33436
179; 187; 33389
180; 187; 33314
181; 187; 33234
182; 187; 33195
183; 187; 33223
184; 187; 33268
185; 187; 33285
186; 187; 33301
187; 187; 33292
188; 187; 33202
189; 187; 33088
190; 187; 33086
191; 187; 33220
192; 187; 33403
193; 187; 33538
194; 187; 33577
195; 187; 33526
196; 187; 33447
197; 187; 33432
198; 187; 33492
199; 187; 33521
200; 187; 33479
201; 187; 33408
202; 187; 33316
203; 187; 33311
204; 187; 33418
205; 187; 33525
206; 187; 33518
207; 187; 33412
208; 187; 33328
209; 187; 33303
145; 188; 33097
146; 188; 33131
147; 188; 33143
148; 188; 33138
149; 188; 33174
150; 188; 33199
151; 188; 33137
152; 188; 33044
153; 188; 33012
154; 188; 33077
155; 188; 33139
156; 188; 33111
157; 188; 33035
158; 188; 33080
159; 188; 33260
160; 188; 33307
161; 188; 33108
162; 188; 33003
163; 188; 33289
164; 188; 33929
165; 188; 34088
166; 188; 34012
167; 188; 33912
168; 188; 33836
169; 188; 33640
170; 188; 33327
171; 188; 33249
172; 188; 33227
173; 188; 33185
174; 188; 33168
175; 188; 33265
176; 188; 33389
177; 188; 33442
178; 188; 33438
179; 188; 33416
180; 188; 33365
181; 188; 33296
182; 188; 33264
183; 188; 33268
184; 188; 33265
185; 188; 33253
186; 188; 33278
187; 188; 33331
188; 188; 33316
189; 188; 33217
190; 188; 33166
191; 188; 33248
192; 188; 33410
193; 188; 33545
194; 188; 33583
195; 188; 33534
196; 188; 33456
197; 188; 33370
198; 188; 33284
199; 188; 33237
200; 188; 33241
201; 188; 33249
202; 188; 33240
203; 188; 33299
204; 188; 33410
205; 188; 33478
206; 188; 33452
207; 188; 33419
208; 188; 33436
209; 188; 33431
145; 189; 33067
146; 189; 33127
147; 189; 33139
148; 189; 33121
149; 189; 33131
150; 189; 33137
151; 189; 33115
152; 189; 33080
153; 189; 33038
154; 189; 33042
155; 189; 33090
156; 189; 33106
157; 189; 33031
158; 189; 32977
159; 189; 33088
160; 189; 33242
161; 189; 33214
162; 189; 33096
163; 189; 33184
164; 189; 33598
165; 189; 33971
166; 189; 34030
167; 189; 34038
168; 189; 33942
169; 189; 33737
170; 189; 33489
171; 189; 33357
172; 189; 33279
173; 189; 33198
174; 189; 33188
175; 189; 33266
176; 189; 33342
177; 189; 33376
178; 189; 33402
179; 189; 33444
180; 189; 33460
181; 189; 33429
182; 189; 33391
183; 189; 33353
184; 189; 33308
185; 189; 33288
186; 189; 33319
187; 189; 33385
188; 189; 33409
189; 189; 33346
190; 189; 33276
191; 189; 33300
192; 189; 33403
193; 189; 33494
194; 189; 33505
195; 189; 33456
196; 189; 33390
197; 189; 33281
198; 189; 33112
199; 189; 32997
200; 189; 33014
201; 189; 33067
202; 189; 33147
203; 189; 33270
204; 189; 33397
205; 189; 33453
206; 189; 33436
207; 189; 33448
208; 189; 33488
209; 189; 33460
145; 190; 33046
146; 190; 33110
147; 190; 33110
148; 190; 33066
149; 190; 33041
150; 190; 33039
151; 190; 33078
152; 190; 33117
153; 190; 33099
154; 190; 33070
155; 190; 33092
156; 190; 33121
157; 190; 33056
158; 190; 32948
159; 190; 32972
160; 190; 33139
161; 190; 33271
162; 190; 33274
163; 190; 33259
164; 190; 33344
165; 190; 33659
166; 190; 34053
167; 190; 34149
168; 190; 34064
169; 190; 33848
170; 190; 33605
171; 190; 33482
172; 190; 33371
173; 190; 33271
174; 190; 33244
175; 190; 33260
176; 190; 33295
177; 190; 33331
178; 190; 33381
179; 190; 33463
180; 190; 33531
181; 190; 33531
182; 190; 33468
183; 190; 33396
184; 190; 33361
185; 190; 33371
186; 190; 33401
187; 190; 33439
188; 190; 33445
189; 190; 33373
190; 190; 33285
191; 190; 33291
192; 190; 33381
193; 190; 33431
194; 190; 33364
195; 190; 33257
196; 190; 33213
197; 190; 33186
198; 190; 33100
199; 190; 33005
200; 190; 32991
201; 190; 33022
202; 190; 33132
203; 190; 33275
204; 190; 33417
205; 190; 33500
206; 190; 33510
207; 190; 33487
208; 190; 33435
209; 190; 33355
145; 191; 33060
146; 191; 33103
147; 191; 33099
148; 191; 33066
149; 191; 33028
150; 191; 33034
151; 191; 33096
152; 191; 33146
153; 191; 33118
154; 191; 33063
155; 191; 33092
156; 191; 33146
157; 191; 33105
158; 191; 32993
159; 191; 32948
160; 191; 33026
161; 191; 33188
162; 191; 33275
163; 191; 33258
164; 191; 33246
165; 191; 33540
166; 191; 34050
167; 191; 34268
168; 191; 34232
169; 191; 33996
170; 191; 33700
171; 191; 33565
172; 191; 33479
173; 191; 33409
174; 191; 33353
175; 191; 33316
176; 191; 33336
177; 191; 33380
178; 191; 33418
179; 191; 33451
180; 191; 33496
181; 191; 33516
182; 191; 33466
183; 191; 33401
184; 191; 33397
185; 191; 33433
186; 191; 33465
187; 191; 33487
188; 191; 33458
189; 191; 33351
190; 191; 33245
191; 191; 33256
192; 191; 33347
193; 191; 33366
194; 191; 33233
195; 191; 33076
196; 191; 33087
197; 191; 33200
198; 191; 33257
199; 191; 33193
200; 191; 33112
201; 191; 33092
202; 191; 33164
203; 191; 33289
204; 191; 33420
205; 191; 33516
206; 191; 33540
207; 191; 33463
208; 191; 33326
209; 191; 33239
145; 192; 33075
146; 192; 33095
147; 192; 33085
148; 192; 33073
149; 192; 33073
150; 192; 33100
151; 192; 33128
152; 192; 33122
153; 192; 33068
154; 192; 33047
155; 192; 33103
156; 192; 33141
157; 192; 33121
158; 192; 33076
159; 192; 33021
160; 192; 32995
161; 192; 33078
162; 192; 33167
163; 192; 33183
164; 192; 33195
165; 192; 33504
166; 192; 34042
167; 192; 34385
168; 192; 34368
169; 192; 34239
170; 192; 33863
171; 192; 33657
172; 192; 33583
173; 192; 33543
174; 192; 33481
175; 192; 33445
176; 192; 33480
177; 192; 33528
178; 192; 33511
179; 192; 33443
180; 192; 33413
181; 192; 33435
182; 192; 33443
183; 192; 33427
184; 192; 33429
185; 192; 33444
186; 192; 33466
187; 192; 33489
188; 192; 33458
189; 192; 33339
190; 192; 33231
191; 192; 33252
192; 192; 33322
193; 192; 33300
194; 192; 33176
195; 192; 33088
196; 192; 33159
197; 192; 33318
198; 192; 33408
199; 192; 33347
200; 192; 33248
201; 192; 33205
202; 192; 33227
203; 192; 33282
204; 192; 33340
205; 192; 33392
206; 192; 33401
207; 192; 33319
208; 192; 33214
209; 192; 33193
145; 193; 33073
146; 193; 33088
147; 193; 33066
148; 193; 33050
149; 193; 33078
150; 193; 33115
151; 193; 33106
152; 193; 33046
153; 193; 32993
154; 193; 33021
155; 193; 33089
156; 193; 33102
157; 193; 33087
158; 193; 33101
159; 193; 33100
160; 193; 33065
161; 193; 33074
162; 193; 33106
163; 193; 33107
164; 193; 33139
165; 193; 33487
166; 193; 33957
167; 193; 34273
168; 193; 34379
169; 193; 34343
170; 193; 34151
171; 193; 33788
172; 193; 33684
173; 193; 33637
174; 193; 33590
175; 193; 33564
176; 193; 33608
177; 193; 33661
178; 193; 33624
179; 193; 33514
180; 193; 33436
181; 193; 33430
182; 193; 33456
183; 193; 33459
184; 193; 33438
185; 193; 33413
186; 193; 33427
187; 193; 33457
188; 193; 33434
189; 193; 33340
190; 193; 33273
191; 193; 33298
192; 193; 33311
193; 193; 33258
194; 193; 33213
195; 193; 33245
196; 193; 33342
197; 193; 33431
198; 193; 33417
199; 193; 33303
200; 193; 33219
201; 193; 33205
202; 193; 33220
203; 193; 33216
204; 193; 33200
205; 193; 33202
206; 193; 33196
207; 193; 33156
208; 193; 33131
209; 193; 33165
145; 194; 33055
146; 194; 33089
147; 194; 33074
148; 194; 33030
149; 194; 33030
150; 194; 33064
151; 194; 33070
152; 194; 33024
153; 194; 32995
154; 194; 33010
155; 194; 33064
156; 194; 33074
157; 194; 33053
158; 194; 33089
159; 194; 33122
160; 194; 33116
161; 194; 33129
162; 194; 33107
163; 194; 33046
164; 194; 33080
165; 194; 33492
166; 194; 33825
167; 194; 33955
168; 194; 34130
169; 194; 34331
170; 194; 34357
171; 194; 34094
172; 194; 33756
173; 194; 33675
174; 194; 33635
175; 194; 33612
176; 194; 33620
177; 194; 33648
178; 194; 33653
179; 194; 33622
180; 194; 33578
181; 194; 33547
182; 194; 33521
183; 194; 33475
184; 194; 33415
185; 194; 33383
186; 194; 33407
187; 194; 33428
188; 194; 33397
189; 194; 33339
190; 194; 33338
191; 194; 33367
192; 194; 33315
193; 194; 33242
194; 194; 33258
195; 194; 33355
196; 194; 33439
197; 194; 33424
198; 194; 33309
199; 194; 33170
200; 194; 33123
201; 194; 33134
202; 194; 33132
203; 194; 33114
204; 194; 33106
205; 194; 33116
206; 194; 33110
207; 194; 33110
208; 194; 33126
209; 194; 33160
145; 195; 33060
146; 195; 33095
147; 195; 33080
148; 195; 33007
149; 195; 32989
150; 195; 33043
151; 195; 33087
152; 195; 33066
153; 195; 33036
154; 195; 33029
155; 195; 33053
156; 195; 33043
157; 195; 33048
158; 195; 33104
159; 195; 33108
160; 195; 33097
161; 195; 33133
162; 195; 33088
163; 195; 33011
164; 195; 33090
165; 195; 33584
166; 195; 33696
167; 195; 33503
168; 195; 33610
169; 195; 34175
170; 195; 34497
171; 195; 34365
172; 195; 33865
173; 195; 33681
174; 195; 33643
175; 195; 33624
176; 195; 33563
177; 195; 33526
178; 195; 33561
179; 195; 33631
180; 195; 33669
181; 195; 33656
182; 195; 33608
183; 195; 33519
184; 195; 33426
185; 195; 33404
186; 195; 33433
187; 195; 33427
188; 195; 33375
189; 195; 33340
190; 195; 33374
191; 195; 33394
192; 195; 33314
193; 195; 33224
194; 195; 33239
195; 195; 33324
196; 195; 33356
197; 195; 33286
198; 195; 33177
199; 195; 33093
200; 195; 33086
201; 195; 33099
202; 195; 33085
203; 195; 33092
204; 195; 33130
205; 195; 33163
206; 195; 33166
207; 195; 33195
208; 195; 33228
209; 195; 33233
145; 196; 33112
146; 196; 33104
147; 196; 33068
148; 196; 33025
149; 196; 33018
150; 196; 33077
151; 196; 33147
152; 196; 33139
153; 196; 33071
154; 196; 33043
155; 196; 33051
156; 196; 33053
157; 196; 33081
158; 196; 33122
159; 196; 33094
160; 196; 33050
161; 196; 33082
162; 196; 33070
163; 196; 33020
164; 196; 33123
165; 196; 33648
166; 196; 33696
167; 196; 33274
168; 196; 33208
169; 196; 33812
170; 196; 34455
171; 196; 34449
172; 196; 34006
173; 196; 33656
174; 196; 33652
175; 196; 33635
176; 196; 33541
177; 196; 33446
178; 196; 33449
179; 196; 33519
180; 196; 33583
181; 196; 33634
182; 196; 33673
183; 196; 33641
184; 196; 33537
185; 196; 33468
186; 196; 33454
187; 196; 33427
188; 196; 33371
189; 196; 33343
190; 196; 33368
191; 196; 33361
192; 196; 33279
193; 196; 33202
194; 196; 33212
195; 196; 33260
196; 196; 33252
197; 196; 33178
198; 196; 33115
199; 196; 33103
200; 196; 33120
201; 196; 33121
202; 196; 33129
203; 196; 33174
204; 196; 33219
205; 196; 33236
206; 196; 33242
207; 196; 33280
208; 196; 33306
209; 196; 33302
145; 197; 33146
146; 197; 33107
147; 197; 33055
148; 197; 33055
149; 197; 33081
150; 197; 33112
151; 197; 33139
152; 197; 33122
153; 197; 33056
154; 197; 33028
155; 197; 33047
156; 197; 33092
157; 197; 33123
158; 197; 33119
159; 197; 33079
160; 197; 33022
161; 197; 33045
162; 197; 33094
163; 197; 33070
164; 197; 33114
165; 197; 33570
166; 197; 33618
167; 197; 33213
168; 197; 33134
169; 197; 33452
170; 197; 34123
171; 197; 34329
172; 197; 34129
173; 197; 33801
174; 197; 33695
175; 197; 33646
176; 197; 33564
177; 197; 33467
178; 197; 33421
179; 197; 33415
180; 197; 33429
181; 197; 33524
182; 197; 33704
183; 197; 33805
184; 197; 33713
185; 197; 33544
186; 197; 33443
187; 197; 33399
188; 197; 33352
189; 197; 33329
190; 197; 33332
191; 197; 33303
192; 197; 33238
193; 197; 33204
194; 197; 33219
195; 197; 33249
196; 197; 33255
197; 197; 33212
198; 197; 33157
199; 197; 33146
200; 197; 33146
201; 197; 33150
202; 197; 33190
203; 197; 33244
204; 197; 33267
205; 197; 33256
206; 197; 33251
207; 197; 33277
208; 197; 33281
209; 197; 33272
145; 198; 33131
146; 198; 33094
147; 198; 33056
148; 198; 33091
149; 198; 33127
150; 198; 33094
151; 198; 33051
152; 198; 33043
153; 198; 33042
154; 198; 33041
155; 198; 33059
156; 198; 33099
157; 198; 33120
158; 198; 33094
159; 198; 33050
160; 198; 33026
161; 198; 33077
162; 198; 33135
163; 198; 33124
164; 198; 33154
165; 198; 33362
166; 198; 33463
167; 198; 33270
168; 198; 33155
169; 198; 33213
170; 198; 33573
171; 198; 34013
172; 198; 34108
173; 198; 34025
174; 198; 33838
175; 198; 33681
176; 198; 33570
177; 198; 33502
178; 198; 33485
179; 198; 33458
180; 198; 33403
181; 198; 33453
182; 198; 33680
183; 198; 33883
184; 198; 33834
185; 198; 33611
186; 198; 33430
187; 198; 33351
188; 198; 33304
189; 198; 33286
190; 198; 33289
191; 198; 33271
192; 198; 33234
193; 198; 33221
194; 198; 33230
195; 198; 33255
196; 198; 33297
197; 198; 33301
198; 198; 33244
199; 198; 33179
200; 198; 33135
201; 198; 33138
202; 198; 33184
203; 198; 33224
204; 198; 33224
205; 198; 33211
206; 198; 33235
207; 198; 33266
208; 198; 33230
209; 198; 33198
145; 199; 33080
146; 199; 33066
147; 199; 33082
148; 199; 33149
149; 199; 33147
150; 199; 33056
151; 199; 33007
152; 199; 33034
153; 199; 33065
154; 199; 33058
155; 199; 33057
156; 199; 33080
157; 199; 33083
158; 199; 33049
159; 199; 33020
160; 199; 33055
161; 199; 33133
162; 199; 33179
163; 199; 33172
164; 199; 33178
165; 199; 33236
166; 199; 33284
167; 199; 33251
168; 199; 33155
169; 199; 33099
170; 199; 33157
171; 199; 33491
172; 199; 33962
173; 199; 34076
174; 199; 34017
175; 199; 33791
176; 199; 33580
177; 199; 33475
178; 199; 33514
179; 199; 33561
180; 199; 33505
181; 199; 33474
182; 199; 33629
183; 199; 33840
184; 199; 33853
185; 199; 33662
186; 199; 33446
187; 199; 33319
188; 199; 33264
189; 199; 33245
190; 199; 33246
191; 199; 33251
192; 199; 33251
193; 199; 33240
194; 199; 33221
195; 199; 33228
196; 199; 33279
197; 199; 33318
198; 199; 33280
199; 199; 33196
200; 199; 33138
201; 199; 33136
202; 199; 33156
203; 199; 33158
204; 199; 33142
205; 199; 33155
206; 199; 33228
207; 199; 33288
208; 199; 33243
209; 199; 33203
145; 200; 33044
146; 200; 33034
147; 200; 33095
148; 200; 33174
149; 200; 33131
150; 200; 33018
151; 200; 33007
152; 200; 33101
153; 200; 33134
154; 200; 33073
155; 200; 33034
156; 200; 33055
157; 200; 33056
158; 200; 33024
159; 200; 33021
160; 200; 33082
161; 200; 33163
162; 200; 33214
163; 200; 33234
164; 200; 33241
165; 200; 33216
166; 200; 33198
167; 200; 33229
168; 200; 33202
169; 200; 33104
170; 200; 33060
171; 200; 33097
172; 200; 33521
173; 200; 33958
174; 200; 34070
175; 200; 33956
176; 200; 33682
177; 200; 33474
178; 200; 33498
179; 200; 33585
180; 200; 33596
181; 200; 33572
182; 200; 33645
183; 200; 33781
184; 200; 33808
185; 200; 33671
186; 200; 33475
187; 200; 33334
188; 200; 33275
189; 200; 33262
190; 200; 33241
191; 200; 33227
192; 200; 33251
193; 200; 33261
194; 200; 33228
195; 200; 33205
196; 200; 33227
197; 200; 33249
198; 200; 33209
199; 200; 33158
200; 200; 33171
201; 200; 33221
202; 200; 33234
203; 200; 33175
204; 200; 33115
205; 200; 33136
206; 200; 33226
207; 200; 33303
208; 200; 33292
209; 200; 33281
145; 201; 33046
146; 201; 33019
147; 201; 33086
148; 201; 33162
149; 201; 33095
150; 201; 32986
151; 201; 33004
152; 201; 33115
153; 201; 33141
154; 201; 33063
155; 201; 33022
156; 201; 33049
157; 201; 33071
158; 201; 33041
159; 201; 33033
160; 201; 33093
161; 201; 33176
162; 201; 33235
163; 201; 33268
164; 201; 33283
165; 201; 33242
166; 201; 33210
167; 201; 33240
168; 201; 33240
169; 201; 33184
170; 201; 33128
171; 201; 33066
172; 201; 33134
173; 201; 33481
174; 201; 33891
175; 201; 33988
176; 201; 33907
177; 201; 33724
178; 201; 33590
179; 201; 33596
180; 201; 33682
181; 201; 33721
182; 201; 33747
183; 201; 33755
184; 201; 33716
185; 201; 33601
186; 201; 33453
187; 201; 33340
188; 201; 33302
189; 201; 33299
190; 201; 33245
191; 201; 33186
192; 201; 33202
193; 201; 33237
194; 201; 33238
195; 201; 33225
196; 201; 33218
197; 201; 33178
198; 201; 33109
199; 201; 33131
200; 201; 33250
201; 201; 33342
202; 201; 33335
203; 201; 33245
204; 201; 33153
205; 201; 33151
206; 201; 33234
207; 201; 33309
208; 201; 33311
209; 201; 33302
145; 202; 33062
146; 202; 33032
147; 202; 33079
148; 202; 33128
149; 202; 33060
150; 202; 32976
151; 202; 32978
152; 202; 33037
153; 202; 33051
154; 202; 33020
155; 202; 33019
156; 202; 33057
157; 202; 33092
158; 202; 33085
159; 202; 33076
160; 202; 33103
161; 202; 33172
162; 202; 33238
163; 202; 33255
164; 202; 33241
165; 202; 33226
166; 202; 33240
167; 202; 33244
168; 202; 33206
169; 202; 33184
170; 202; 33183
171; 202; 33127
172; 202; 33086
173; 202; 33129
174; 202; 33376
175; 202; 33774
176; 202; 34044
177; 202; 34163
178; 202; 34064
179; 202; 33883
180; 202; 33819
181; 202; 33903
182; 202; 33861
183; 202; 33725
184; 202; 33577
185; 202; 33459
186; 202; 33362
187; 202; 33300
188; 202; 33300
189; 202; 33298
190; 202; 33217
191; 202; 33145
192; 202; 33153
193; 202; 33183
194; 202; 33212
195; 202; 33243
196; 202; 33247
197; 202; 33181
198; 202; 33115
199; 202; 33182
200; 202; 33329
201; 202; 33391
202; 202; 33325
203; 202; 33235
204; 202; 33193
205; 202; 33202
206; 202; 33246
207; 202; 33276
208; 202; 33259
209; 202; 33228
145; 203; 33042
146; 203; 33037
147; 203; 33059
148; 203; 33064
149; 203; 33026
150; 203; 33001
151; 203; 33007
152; 203; 33026
153; 203; 33015
154; 203; 32997
155; 203; 33015
156; 203; 33043
157; 203; 33072
158; 203; 33093
159; 203; 33098
160; 203; 33118
161; 203; 33170
162; 203; 33213
163; 203; 33211
164; 203; 33188
165; 203; 33201
166; 203; 33245
167; 203; 33215
168; 203; 33123
169; 203; 33110
170; 203; 33178
171; 203; 33204
172; 203; 33121
173; 203; 33065
174; 203; 33043
175; 203; 33262
176; 203; 33804
177; 203; 34267
178; 203; 34361
179; 203; 34203
180; 203; 34064
181; 203; 34013
182; 203; 33898
183; 203; 33666
184; 203; 33439
185; 203; 33301
186; 203; 33236
187; 203; 33222
188; 203; 33245
189; 203; 33248
190; 203; 33188
191; 203; 33140
192; 203; 33138
193; 203; 33130
194; 203; 33146
195; 203; 33209
196; 203; 33258
197; 203; 33226
198; 203; 33188
199; 203; 33257
200; 203; 33359
201; 203; 33346
202; 203; 33236
203; 203; 33186
204; 203; 33217
205; 203; 33247
206; 203; 33261
207; 203; 33254
208; 203; 33211
209; 203; 33154
145; 204; 33035
146; 204; 33033
147; 204; 33028
148; 204; 33006
149; 204; 33010
150; 204; 33070
151; 204; 33132
152; 204; 33143
153; 204; 33095
154; 204; 33042
155; 204; 33027
156; 204; 33021
157; 204; 33036
158; 204; 33071
159; 204; 33095
160; 204; 33130
161; 204; 33158
162; 204; 33161
163; 204; 33157
164; 204; 33158
165; 204; 33193
166; 204; 33235
167; 204; 33189
168; 204; 33088
169; 204; 33068
170; 204; 33107
171; 204; 33148
172; 204; 33143
173; 204; 33104
174; 204; 33049
175; 204; 33050
176; 204; 33305
177; 204; 33941
178; 204; 34305
179; 204; 34249
180; 204; 34098
181; 204; 33989
182; 204; 33847
183; 204; 33607
184; 204; 33367
185; 204; 33207
186; 204; 33140
187; 204; 33141
188; 204; 33163
189; 204; 33174
190; 204; 33157
191; 204; 33134
192; 204; 33118
193; 204; 33101
194; 204; 33118
195; 204; 33184
196; 204; 33253
197; 204; 33254
198; 204; 33238
199; 204; 33280
200; 204; 33319
201; 204; 33268
202; 204; 33183
203; 204; 33185
204; 204; 33226
205; 204; 33215
206; 204; 33202
207; 204; 33212
208; 204; 33212
209; 204; 33181
145; 205; 33044
146; 205; 33026
147; 205; 33007
148; 205; 32998
149; 205; 33041
150; 205; 33147
151; 205; 33237
152; 205; 33240
153; 205; 33178
154; 205; 33126
155; 205; 33109
156; 205; 33099
157; 205; 33063
158; 205; 33039
159; 205; 33064
160; 205; 33120
161; 205; 33142
162; 205; 33125
163; 205; 33117
164; 205; 33127
165; 205; 33166
166; 205; 33204
167; 205; 33181
168; 205; 33129
169; 205; 33101
170; 205; 33066
171; 205; 33025
172; 205; 33062
173; 205; 33150
174; 205; 33135
175; 205; 33052
176; 205; 33037
177; 205; 33377
178; 205; 33883
179; 205; 34034
180; 205; 33946
181; 205; 33810
182; 205; 33727
183; 205; 33571
184; 205; 33360
185; 205; 33184
186; 205; 33089
187; 205; 33077
188; 205; 33087
189; 205; 33094
190; 205; 33108
191; 205; 33114
192; 205; 33106
193; 205; 33118
194; 205; 33166
195; 205; 33221
196; 205; 33258
197; 205; 33262
198; 205; 33257
199; 205; 33263
200; 205; 33255
201; 205; 33222
202; 205; 33205
203; 205; 33229
204; 205; 33210
205; 205; 33116
206; 205; 33070
207; 205; 33113
208; 205; 33211
209; 205; 33265
145; 206; 33031
146; 206; 33009
147; 206; 33008
148; 206; 33047
149; 206; 33129
150; 206; 33211
151; 206; 33216
152; 206; 33157
153; 206; 33126
154; 206; 33155
155; 206; 33251
156; 206; 33332
157; 206; 33243
158; 206; 33054
159; 206; 32996
160; 206; 33067
161; 206; 33128
162; 206; 33129
163; 206; 33103
164; 206; 33097
165; 206; 33125
166; 206; 33146
167; 206; 33144
168; 206; 33166
169; 206; 33189
170; 206; 33127
171; 206; 33010
172; 206; 32996
173; 206; 33133
174; 206; 33218
175; 206; 33123
176; 206; 33031
177; 206; 33072
178; 206; 33440
179; 206; 33747
180; 206; 33712
181; 206; 33626
182; 206; 33591
183; 206; 33515
184; 206; 33346
185; 206; 33166
186; 206; 33062
187; 206; 33033
188; 206; 33021
189; 206; 33019
190; 206; 33032
191; 206; 33057
192; 206; 33070
193; 206; 33135
194; 206; 33237
195; 206; 33268
196; 206; 33249
197; 206; 33256
198; 206; 33285
199; 206; 33288
200; 206; 33259
201; 206; 33237
202; 206; 33245
203; 206; 33236
204; 206; 33156
205; 206; 33037
206; 206; 32989
207; 206; 33059
208; 206; 33189
209; 206; 33282
145; 207; 33025
146; 207; 33020
147; 207; 33042
148; 207; 33151
149; 207; 33294
150; 207; 33332
151; 207; 33178
152; 207; 32999
153; 207; 33020
154; 207; 33108
155; 207; 33295
156; 207; 33501
157; 207; 33448
158; 207; 33145
159; 207; 32954
160; 207; 32977
161; 207; 33085
162; 207; 33146
163; 207; 33125
164; 207; 33094
165; 207; 33102
166; 207; 33100
167; 207; 33095
168; 207; 33149
169; 207; 33214
170; 207; 33189
171; 207; 33077
172; 207; 33022
173; 207; 33095
174; 207; 33186
175; 207; 33165
176; 207; 33063
177; 207; 33028
178; 207; 33216
179; 207; 33652
180; 207; 33748
181; 207; 33646
182; 207; 33520
183; 207; 33441
184; 207; 33305
185; 207; 33134
186; 207; 33040
187; 207; 33008
188; 207; 32975
189; 207; 32962
190; 207; 32953
191; 207; 32982
192; 207; 33009
193; 207; 33107
194; 207; 33229
195; 207; 33239
196; 207; 33213
197; 207; 33261
198; 207; 33365
199; 207; 33381
200; 207; 33320
201; 207; 33267
202; 207; 33244
203; 207; 33185
204; 207; 33102
205; 207; 33059
206; 207; 33067
207; 207; 33110
208; 207; 33155
209; 207; 33197
145; 208; 32998
146; 208; 33009
147; 208; 33064
148; 208; 33198
149; 208; 33384
150; 208; 33433
151; 208; 33223
152; 208; 33010
153; 208; 33006
154; 208; 33051
155; 208; 33191
156; 208; 33459
157; 208; 33568
158; 208; 33350
159; 208; 33054
160; 208; 32948
161; 208; 33040
162; 208; 33143
163; 208; 33156
164; 208; 33133
165; 208; 33129
166; 208; 33117
167; 208; 33086
168; 208; 33099
169; 208; 33140
170; 208; 33154
171; 208; 33115
172; 208; 33072
173; 208; 33078
174; 208; 33119
175; 208; 33144
176; 208; 33090
177; 208; 33027
178; 208; 33124
179; 208; 33666
180; 208; 33951
181; 208; 33914
182; 208; 33544
183; 208; 33347
184; 208; 33249
185; 208; 33107
186; 208; 33022
187; 208; 32992
188; 208; 32956
189; 208; 32919
190; 208; 32891
191; 208; 32937
192; 208; 32976
193; 208; 33032
194; 208; 33115
195; 208; 33138
196; 208; 33175
197; 208; 33296
198; 208; 33492
199; 208; 33505
200; 208; 33362
201; 208; 33264
202; 208; 33227
203; 208; 33170
204; 208; 33123
205; 208; 33145
206; 208; 33200
207; 208; 33206
208; 208; 33152
209; 208; 33101
145; 209; 33006
146; 209; 32978
147; 209; 33014
148; 209; 33115
149; 209; 33306
150; 209; 33421
151; 209; 33257
152; 209; 33054
153; 209; 33004
154; 209; 33044
155; 209; 33121
156; 209; 33348
157; 209; 33669
158; 209; 33713
159; 209; 33442
160; 209; 33164
161; 209; 33058
162; 209; 33082
163; 209; 33100
164; 209; 33097
165; 209; 33107
166; 209; 33121
167; 209; 33095
168; 209; 33063
169; 209; 33064
170; 209; 33079
171; 209; 33089
172; 209; 33090
173; 209; 33080
174; 209; 33096
175; 209; 33137
176; 209; 33109
177; 209; 33014
178; 209; 33039
179; 209; 33542
180; 209; 34056
181; 209; 34041
182; 209; 33700
183; 209; 33311
184; 209; 33180
185; 209; 33076
186; 209; 33010
187; 209; 32978
188; 209; 32945
189; 209; 32902
190; 209; 32899
191; 209; 32947
192; 209; 32979
193; 209; 32982
194; 209; 33017
195; 209; 33070
196; 209; 33149
197; 209; 33423
198; 209; 33624
199; 209; 33600
200; 209; 33323
201; 209; 33231
202; 209; 33235
203; 209; 33245
204; 209; 33213
205; 209; 33192
206; 209; 33205
207; 209; 33187
208; 209; 33116
209; 209; 33040
145; 210; 33032
146; 210; 32994
147; 210; 32967
148; 210; 32991
149; 210; 33145
150; 210; 33314
151; 210; 33237
152; 210; 33073
153; 210; 33008
154; 210; 33048
155; 210; 33126
156; 210; 33296
157; 210; 33777
158; 210; 34093
159; 210; 33919
160; 210; 33519
161; 210; 33229
162; 210; 33092
163; 210; 33013
164; 210; 32977
165; 210; 32982
166; 210; 33026
167; 210; 33056
168; 210; 33051
169; 210; 33037
170; 210; 33036
171; 210; 33038
172; 210; 33055
173; 210; 33078
174; 210; 33105
175; 210; 33150
176; 210; 33145
177; 210; 33010
178; 210; 32999
179; 210; 33261
180; 210; 33825
181; 210; 33984
182; 210; 33704
183; 210; 33277
184; 210; 33132
185; 210; 33055
186; 210; 33020
187; 210; 33005
188; 210; 32968
189; 210; 32914
190; 210; 32927
191; 210; 32978
192; 210; 32983
193; 210; 32971
194; 210; 32994
195; 210; 33062
196; 210; 33179
197; 210; 33461
198; 210; 33710
199; 210; 33707
200; 210; 33395
201; 210; 33217
202; 210; 33252
203; 210; 33324
204; 210; 33301
205; 210; 33203
206; 210; 33123
207; 210; 33085
208; 210; 33045
209; 210; 33007
145; 211; 33014
146; 211; 32998
147; 211; 32977
148; 211; 32963
149; 211; 33065
150; 211; 33215
151; 211; 33198
152; 211; 33076
153; 211; 33008
154; 211; 33039
155; 211; 33068
156; 211; 33234
157; 211; 33761
158; 211; 34155
159; 211; 34090
160; 211; 33773
161; 211; 33493
162; 211; 33305
163; 211; 33136
164; 211; 32991
165; 211; 32940
166; 211; 32943
167; 211; 32988
168; 211; 33025
169; 211; 33037
170; 211; 33036
171; 211; 33011
172; 211; 33020
173; 211; 33075
174; 211; 33092
175; 211; 33116
176; 211; 33157
177; 211; 33068
178; 211; 32993
179; 211; 33071
180; 211; 33465
181; 211; 33736
182; 211; 33615
183; 211; 33263
184; 211; 33122
185; 211; 33080
186; 211; 33070
187; 211; 33048
188; 211; 33012
189; 211; 32957
190; 211; 32952
191; 211; 32995
192; 211; 32975
193; 211; 32963
194; 211; 33012
195; 211; 33082
196; 211; 33138
197; 211; 33369
198; 211; 33755
199; 211; 33842
200; 211; 33624
201; 211; 33276
202; 211; 33263
203; 211; 33323
204; 211; 33330
205; 211; 33242
206; 211; 33143
207; 211; 33083
208; 211; 33035
209; 211; 33008
145; 212; 32978
146; 212; 32963
147; 212; 32992
148; 212; 33022
149; 212; 33097
150; 212; 33194
151; 212; 33195
152; 212; 33085
153; 212; 32985
154; 212; 33006
155; 212; 33018
156; 212; 33194
157; 212; 33543
158; 212; 33756
159; 212; 33778
160; 212; 33745
161; 212; 33715
162; 212; 33653
163; 212; 33524
164; 212; 33347
165; 212; 33186
166; 212; 33068
167; 212; 33015
168; 212; 33016
169; 212; 33022
170; 212; 33020
171; 212; 33003
172; 212; 33017
173; 212; 33067
174; 212; 33067
175; 212; 33060
176; 212; 33114
177; 212; 33115
178; 212; 33040
179; 212; 33054
180; 212; 33257
181; 212; 33554
182; 212; 33549
183; 212; 33286
184; 212; 33131
185; 212; 33122
186; 212; 33128
187; 212; 33082
188; 212; 33041
189; 212; 32975
190; 212; 32962
191; 212; 32991
192; 212; 32964
193; 212; 32958
194; 212; 33026
195; 212; 33094
196; 212; 33123
197; 212; 33237
198; 212; 33710
199; 212; 33969
200; 212; 33898
201; 212; 33465
202; 212; 33277
203; 212; 33266
204; 212; 33304
205; 212; 33310
206; 212; 33289
207; 212; 33240
208; 212; 33165
209; 212; 33106
145; 213; 32961
146; 213; 32929
147; 213; 32978
148; 213; 33068
149; 213; 33126
150; 213; 33176
151; 213; 33210
152; 213; 33156
153; 213; 33010
154; 213; 33004
155; 213; 33045
156; 213; 33161
157; 213; 33231
158; 213; 33205
159; 213; 33273
160; 213; 33482
161; 213; 33684
162; 213; 33806
163; 213; 33860
164; 213; 33806
165; 213; 33629
166; 213; 33403
167; 213; 33209
168; 213; 33082
169; 213; 33011
170; 213; 32980
171; 213; 32991
172; 213; 33028
173; 213; 33071
174; 213; 33076
175; 213; 33064
176; 213; 33088
177; 213; 33110
178; 213; 33067
179; 213; 33059
180; 213; 33236
181; 213; 33606
182; 213; 33618
183; 213; 33361
184; 213; 33140
185; 213; 33127
186; 213; 33155
187; 213; 33097
188; 213; 33020
189; 213; 32957
190; 213; 32972
191; 213; 32980
192; 213; 32950
193; 213; 32945
194; 213; 33006
195; 213; 33083
196; 213; 33116
197; 213; 33196
198; 213; 33665
199; 213; 34062
200; 213; 34063
201; 213; 33702
202; 213; 33302
203; 213; 33227
204; 213; 33250
205; 213; 33326
206; 213; 33394
207; 213; 33399
208; 213; 33329
209; 213; 33241
145; 214; 33011
146; 214; 32962
147; 214; 32968
148; 214; 33050
149; 214; 33106
150; 214; 33144
151; 214; 33224
152; 214; 33249
153; 214; 33088
154; 214; 33014
155; 214; 33051
156; 214; 33108
157; 214; 33029
158; 214; 32961
159; 214; 33035
160; 214; 33216
161; 214; 33359
162; 214; 33514
163; 214; 33740
164; 214; 33893
165; 214; 33843
166; 214; 33649
167; 214; 33406
168; 214; 33175
169; 214; 33024
170; 214; 32975
171; 214; 32979
172; 214; 33013
173; 214; 33068
174; 214; 33118
175; 214; 33134
176; 214; 33126
177; 214; 33106
178; 214; 33068
179; 214; 33074
180; 214; 33249
181; 214; 33653
182; 214; 33708
183; 214; 33446
184; 214; 33089
185; 214; 33071
186; 214; 33108
187; 214; 33064
188; 214; 32980
189; 214; 32959
190; 214; 32970
191; 214; 32949
192; 214; 32936
193; 214; 32943
194; 214; 32977
195; 214; 33046
196; 214; 33116
197; 214; 33225
198; 214; 33645
199; 214; 34008
200; 214; 34027
201; 214; 33819
202; 214; 33434
203; 214; 33242
204; 214; 33200
205; 214; 33260
206; 214; 33360
207; 214; 33424
208; 214; 33411
209; 214; 33346
145; 215; 33078
146; 215; 33022
147; 215; 32962
148; 215; 32990
149; 215; 33046
150; 215; 33111
151; 215; 33231
152; 215; 33301
153; 215; 33140
154; 215; 32978
155; 215; 32995
156; 215; 33065
157; 215; 33023
158; 215; 33030
159; 215; 33198
160; 215; 33200
161; 215; 33047
162; 215; 33122
163; 215; 33341
164; 215; 33589
165; 215; 33667
166; 215; 33578
167; 215; 33395
168; 215; 33185
169; 215; 33051
170; 215; 33029
171; 215; 33017
172; 215; 33001
173; 215; 33051
174; 215; 33140
175; 215; 33184
176; 215; 33159
177; 215; 33123
178; 215; 33095
179; 215; 33099
180; 215; 33234
181; 215; 33644
182; 215; 33731
183; 215; 33541
184; 215; 33104
185; 215; 33014
186; 215; 33029
187; 215; 33032
188; 215; 32960
189; 215; 32936
190; 215; 32934
191; 215; 32921
192; 215; 32932
193; 215; 32942
194; 215; 32957
195; 215; 32998
196; 215; 33080
197; 215; 33245
198; 215; 33619
199; 215; 33872
200; 215; 33891
201; 215; 33808
202; 215; 33599
203; 215; 33300
204; 215; 33192
205; 215; 33197
206; 215; 33277
207; 215; 33387
208; 215; 33446
209; 215; 33452
145; 216; 33061
146; 216; 33033
147; 216; 32969
148; 216; 32956
149; 216; 32978
150; 216; 33040
151; 216; 33198
152; 216; 33323
153; 216; 33215
154; 216; 33011
155; 216; 32985
156; 216; 33067
157; 216; 33116
158; 216; 33265
159; 216; 33474
160; 216; 33340
161; 216; 32988
162; 216; 33011
163; 216; 33132
164; 216; 33315
165; 216; 33387
166; 216; 33352
167; 216; 33239
168; 216; 33099
169; 216; 33029
170; 216; 33059
171; 216; 33060
172; 216; 33010
173; 216; 33029
174; 216; 33103
175; 216; 33150
176; 216; 33134
177; 216; 33126
178; 216; 33143
179; 216; 33158
180; 216; 33217
181; 216; 33589
182; 216; 33751
183; 216; 33658
184; 216; 33204
185; 216; 33037
186; 216; 33020
187; 216; 33038
188; 216; 32975
189; 216; 32927
190; 216; 32912
191; 216; 32905
192; 216; 32947
193; 216; 32994
194; 216; 33000
195; 216; 32999
196; 216; 33060
197; 216; 33247
198; 216; 33581
199; 216; 33694
200; 216; 33694
201; 216; 33659
202; 216; 33630
203; 216; 33520
204; 216; 33239
205; 216; 33186
206; 216; 33229
207; 216; 33353
208; 216; 33525
209; 216; 33620
145; 217; 32997
146; 217; 32998
147; 217; 32982
148; 217; 32958
149; 217; 32944
150; 217; 32977
151; 217; 33138
152; 217; 33317
153; 217; 33320
154; 217; 33199
155; 217; 33143
156; 217; 33165
157; 217; 33225
158; 217; 33407
159; 217; 33576
160; 217; 33404
161; 217; 33068
162; 217; 33023
163; 217; 33196
164; 217; 33280
165; 217; 33255
166; 217; 33244
167; 217; 33175
168; 217; 33050
169; 217; 32989
170; 217; 33018
171; 217; 33032
172; 217; 33008
173; 217; 32994
174; 217; 33021
175; 217; 33066
176; 217; 33080
177; 217; 33117
178; 217; 33184
179; 217; 33197
180; 217; 33213
181; 217; 33423
182; 217; 33735
183; 217; 33759
184; 217; 33418
185; 217; 33104
186; 217; 33069
187; 217; 33034
188; 217; 32958
189; 217; 32912
190; 217; 32903
191; 217; 32919
192; 217; 32979
193; 217; 33062
194; 217; 33095
195; 217; 33066
196; 217; 33083
197; 217; 33295
198; 217; 33602
199; 217; 33609
200; 217; 33520
201; 217; 33504
202; 217; 33612
203; 217; 33637
204; 217; 33426
205; 217; 33199
206; 217; 33189
207; 217; 33353
208; 217; 33679
209; 217; 33839
145; 218; 32960
146; 218; 32986
147; 218; 33003
148; 218; 32977
149; 218; 32949
150; 218; 32967
151; 218; 33081
152; 218; 33232
153; 218; 33298
154; 218; 33301
155; 218; 33328
156; 218; 33316
157; 218; 33269
158; 218; 33337
159; 218; 33427
160; 218; 33306
161; 218; 33145
162; 218; 33233
163; 218; 33400
164; 218; 33333
165; 218; 33197
166; 218; 33236
167; 218; 33270
168; 218; 33167
169; 218; 33025
170; 218; 32974
171; 218; 32980
172; 218; 32989
173; 218; 32981
174; 218; 33000
175; 218; 33035
176; 218; 33056
177; 218; 33113
178; 218; 33184
179; 218; 33173
180; 218; 33128
181; 218; 33252
182; 218; 33657
183; 218; 33703
184; 218; 33539
185; 218; 33210
186; 218; 33115
187; 218; 33025
188; 218; 32930
189; 218; 32909
190; 218; 32936
191; 218; 32965
192; 218; 33005
193; 218; 33085
194; 218; 33147
195; 218; 33142
196; 218; 33165
197; 218; 33410
198; 218; 33636
199; 218; 33593
200; 218; 33384
201; 218; 33323
202; 218; 33558
203; 218; 33700
204; 218; 33623
205; 218; 33246
206; 218; 33180
207; 218; 33311
208; 218; 33734
209; 218; 33983
145; 219; 32954
146; 219; 32987
147; 219; 33002
148; 219; 32993
149; 219; 32982
150; 219; 33001
151; 219; 33049
152; 219; 33089
153; 219; 33113
154; 219; 33190
155; 219; 33321
156; 219; 33330
157; 219; 33207
158; 219; 33158
159; 219; 33191
160; 219; 33147
161; 219; 33116
162; 219; 33258
163; 219; 33391
164; 219; 33247
165; 219; 33066
166; 219; 33164
167; 219; 33343
168; 219; 33344
169; 219; 33161
170; 219; 33007
171; 219; 32967
172; 219; 32997
173; 219; 33025
174; 219; 33041
175; 219; 33055
176; 219; 33058
177; 219; 33088
178; 219; 33129
179; 219; 33092
180; 219; 33035
181; 219; 33123
182; 219; 33525
183; 219; 33630
184; 219; 33543
185; 219; 33259
186; 219; 33152
187; 219; 33048
188; 219; 32952
189; 219; 32932
190; 219; 32995
191; 219; 33031
192; 219; 33040
193; 219; 33072
194; 219; 33112
195; 219; 33145
196; 219; 33189
197; 219; 33512
198; 219; 33666
199; 219; 33562
200; 219; 33273
201; 219; 33164
202; 219; 33391
203; 219; 33779
204; 219; 33775
205; 219; 33427
206; 219; 33201
207; 219; 33247
208; 219; 33666
209; 219; 34003
145; 220; 33012
146; 220; 33010
147; 220; 33017
148; 220; 33022
149; 220; 33027
150; 220; 33053
151; 220; 33059
152; 220; 33008
153; 220; 32948
154; 220; 33005
155; 220; 33151
156; 220; 33197
157; 220; 33095
158; 220; 33019
159; 220; 33050
160; 220; 33056
161; 220; 33046
162; 220; 33137
163; 220; 33228
164; 220; 33111
165; 220; 32958
166; 220; 33017
167; 220; 33239
168; 220; 33379
169; 220; 33264
170; 220; 33064
171; 220; 32978
172; 220; 33009
173; 220; 33057
174; 220; 33066
175; 220; 33058
176; 220; 33035
177; 220; 33034
178; 220; 33067
179; 220; 33046
180; 220; 33001
181; 220; 33052
182; 220; 33425
183; 220; 33555
184; 220; 33485
185; 220; 33289
186; 220; 33202
187; 220; 33115
188; 220; 33025
189; 220; 32985
190; 220; 33049
191; 220; 33092
192; 220; 33088
193; 220; 33082
194; 220; 33090
195; 220; 33113
196; 220; 33176
197; 220; 33523
198; 220; 33667
199; 220; 33543
200; 220; 33225
201; 220; 33088
202; 220; 33311
203; 220; 33773
204; 220; 33858
205; 220; 33637
206; 220; 33247
207; 220; 33200
208; 220; 33540
209; 220; 33943
145; 221; 33089
146; 221; 33057
147; 221; 33040
148; 221; 33032
149; 221; 33033
150; 221; 33069
151; 221; 33079
152; 221; 33021
153; 221; 32937
154; 221; 32917
155; 221; 32994
156; 221; 33061
157; 221; 33025
158; 221; 32984
159; 221; 33022
160; 221; 33042
161; 221; 33004
162; 221; 33022
163; 221; 33104
164; 221; 33093
165; 221; 32960
166; 221; 32919
167; 221; 33028
168; 221; 33233
169; 221; 33242
170; 221; 33096
171; 221; 33023
172; 221; 33027
173; 221; 33065
174; 221; 33067
175; 221; 33033
176; 221; 32990
177; 221; 32972
178; 221; 33019
179; 221; 33041
180; 221; 33003
181; 221; 33005
182; 221; 33332
183; 221; 33554
184; 221; 33542
185; 221; 33383
186; 221; 33263
187; 221; 33181
188; 221; 33095
189; 221; 33035
190; 221; 33059
191; 221; 33102
192; 221; 33122
193; 221; 33122
194; 221; 33122
195; 221; 33107
196; 221; 33141
197; 221; 33487
198; 221; 33641
199; 221; 33536
200; 221; 33251
201; 221; 33150
202; 221; 33318
203; 221; 33765
204; 221; 33850
205; 221; 33700
206; 221; 33267
207; 221; 33203
208; 221; 33464
209; 221; 33904
145; 222; 33104
146; 222; 33085
147; 222; 33034
148; 222; 33005
149; 222; 33008
150; 222; 33042
151; 222; 33060
152; 222; 33028
153; 222; 32961
154; 222; 32916
155; 222; 32961
156; 222; 33024
157; 222; 33020
158; 222; 32998
159; 222; 33019
160; 222; 33043
161; 222; 33005
162; 222; 32983
163; 222; 33072
164; 222; 33160
165; 222; 33078
166; 222; 32959
167; 222; 32905
168; 222; 33046
169; 222; 33152
170; 222; 33102
171; 222; 33065
172; 222; 33075
173; 222; 33104
174; 222; 33091
175; 222; 33027
176; 222; 32958
177; 222; 32938
178; 222; 33001
179; 222; 33054
180; 222; 33025
181; 222; 33022
182; 222; 33265
183; 222; 33622
184; 222; 33657
185; 222; 33508
186; 222; 33298
187; 222; 33189
188; 222; 33097
189; 222; 33034
190; 222; 33023
191; 222; 33066
192; 222; 33125
193; 222; 33152
194; 222; 33145
195; 222; 33112
196; 222; 33129
197; 222; 33443
198; 222; 33595
199; 222; 33518
200; 222; 33277
201; 222; 33211
202; 222; 33413
203; 222; 33763
204; 222; 33796
205; 222; 33577
206; 222; 33234
207; 222; 33214
208; 222; 33472
209; 222; 33918
145; 223; 33076
146; 223; 33087
147; 223; 33017
148; 223; 32967
149; 223; 32983
150; 223; 33019
151; 223; 33019
152; 223; 32984
153; 223; 32958
154; 223; 32966
155; 223; 33023
156; 223; 33066
157; 223; 33062
158; 223; 33025
159; 223; 33004
160; 223; 33021
161; 223; 33005
162; 223; 32990
163; 223; 33067
164; 223; 33194
165; 223; 33191
166; 223; 33045
167; 223; 32919
168; 223; 32950
169; 223; 33067
170; 223; 33097
171; 223; 33101
172; 223; 33121
173; 223; 33130
174; 223; 33103
175; 223; 33043
176; 223; 32972
177; 223; 32953
178; 223; 33015
179; 223; 33062
180; 223; 33016
181; 223; 32994
182; 223; 33193
183; 223; 33623
184; 223; 33705
185; 223; 33633
186; 223; 33340
187; 223; 33166
188; 223; 33064
189; 223; 33020
190; 223; 33015
191; 223; 33050
192; 223; 33102
193; 223; 33125
194; 223; 33113
195; 223; 33099
196; 223; 33154
197; 223; 33378
198; 223; 33515
199; 223; 33438
200; 223; 33265
201; 223; 33241
202; 223; 33533
203; 223; 33744
204; 223; 33732
205; 223; 33553
206; 223; 33323
207; 223; 33309
208; 223; 33540
209; 223; 33921
145; 224; 33080
146; 224; 33081
147; 224; 33020
148; 224; 32969
149; 224; 32978
150; 224; 33012
151; 224; 33006
152; 224; 32961
153; 224; 32947
154; 224; 32989
155; 224; 33060
156; 224; 33077
157; 224; 33073
158; 224; 33047
159; 224; 33017
160; 224; 33015
161; 224; 32994
162; 224; 32984
163; 224; 33012
164; 224; 33111
165; 224; 33165
166; 224; 33062
167; 224; 32936
168; 224; 32927
169; 224; 33016
170; 224; 33083
171; 224; 33107
172; 224; 33118
173; 224; 33097
174; 224; 33059
175; 224; 33041
176; 224; 33025
177; 224; 33023
178; 224; 33052
179; 224; 33064
180; 224; 33004
181; 224; 32979
182; 224; 33122
183; 224; 33533
184; 224; 33680
185; 224; 33634
186; 224; 33358
187; 224; 33137
188; 224; 33066
189; 224; 33030
190; 224; 33040
191; 224; 33059
192; 224; 33065
193; 224; 33062
194; 224; 33054
195; 224; 33064
196; 224; 33114
197; 224; 33246
198; 224; 33355
199; 224; 33296
200; 224; 33208
201; 224; 33262
202; 224; 33615
203; 224; 33772
204; 224; 33763
205; 224; 33741
206; 224; 33627
207; 224; 33542
208; 224; 33636
209; 224; 33840
145; 225; 33046
146; 225; 33054
147; 225; 33032
148; 225; 33009
149; 225; 32992
150; 225; 32998
151; 225; 33004
152; 225; 32966
153; 225; 32940
154; 225; 32983
155; 225; 33063
156; 225; 33054
157; 225; 33030
158; 225; 33031
159; 225; 33042
160; 225; 33045
161; 225; 33009
162; 225; 32980
163; 225; 32964
164; 225; 33010
165; 225; 33079
166; 225; 33044
167; 225; 32964
168; 225; 32937
169; 225; 33014
170; 225; 33074
171; 225; 33086
172; 225; 33079
173; 225; 33042
174; 225; 33018
175; 225; 33031
176; 225; 33050
177; 225; 33063
178; 225; 33070
179; 225; 33067
180; 225; 33006
181; 225; 32968
182; 225; 33023
183; 225; 33348
184; 225; 33549
185; 225; 33533
186; 225; 33339
187; 225; 33151
188; 225; 33064
189; 225; 33050
190; 225; 33064
191; 225; 33063
192; 225; 33036
193; 225; 33019
194; 225; 33021
195; 225; 33038
196; 225; 33079
197; 225; 33148
198; 225; 33198
199; 225; 33173
200; 225; 33152
201; 225; 33259
202; 225; 33621
203; 225; 33761
204; 225; 33806
205; 225; 33892
206; 225; 33958
207; 225; 33789
208; 225; 33677
209; 225; 33744
145; 226; 33000
146; 226; 33000
147; 226; 33017
148; 226; 33030
149; 226; 33010
150; 226; 32991
151; 226; 33005
152; 226; 32992
153; 226; 32971
154; 226; 32991
155; 226; 33053
156; 226; 33033
157; 226; 32969
158; 226; 32989
159; 226; 33051
160; 226; 33072
161; 226; 33036
162; 226; 32984
163; 226; 32952
164; 226; 32982
165; 226; 33039
166; 226; 33028
167; 226; 32972
168; 226; 32954
169; 226; 33023
170; 226; 33068
171; 226; 33071
172; 226; 33043
173; 226; 33007
174; 226; 33010
175; 226; 33029
176; 226; 33049
177; 226; 33066
178; 226; 33067
179; 226; 33066
180; 226; 33020
181; 226; 32952
182; 226; 32973
183; 226; 33163
184; 226; 33427
185; 226; 33459
186; 226; 33281
187; 226; 33108
188; 226; 33041
189; 226; 33033
190; 226; 33027
191; 226; 33024
192; 226; 33017
193; 226; 33019
194; 226; 33019
195; 226; 33023
196; 226; 33038
197; 226; 33066
198; 226; 33105
199; 226; 33115
200; 226; 33123
201; 226; 33232
202; 226; 33524
203; 226; 33688
204; 226; 33760
205; 226; 33904
206; 226; 33960
207; 226; 33848
208; 226; 33685
209; 226; 33708
145; 227; 33085
146; 227; 32990
147; 227; 33008
148; 227; 33051
149; 227; 33024
150; 227; 32994
151; 227; 33014
152; 227; 33032
153; 227; 33027
154; 227; 33020
155; 227; 33040
156; 227; 33019
157; 227; 32942
158; 227; 32963
159; 227; 33034
160; 227; 33056
161; 227; 33031
162; 227; 32971
163; 227; 32956
164; 227; 33000
165; 227; 33031
166; 227; 33005
167; 227; 32960
168; 227; 32953
169; 227; 33014
170; 227; 33071
171; 227; 33090
172; 227; 33057
173; 227; 33016
174; 227; 33027
175; 227; 33049
176; 227; 33065
177; 227; 33076
178; 227; 33051
179; 227; 33045
180; 227; 33027
181; 227; 32958
182; 227; 32938
183; 227; 33056
184; 227; 33381
185; 227; 33387
186; 227; 33192
187; 227; 33042
188; 227; 33004
189; 227; 32995
190; 227; 32964
191; 227; 32966
192; 227; 32995
193; 227; 33024
194; 227; 33021
195; 227; 32997
196; 227; 32975
197; 227; 32985
198; 227; 33042
199; 227; 33087
200; 227; 33111
201; 227; 33188
202; 227; 33324
203; 227; 33494
204; 227; 33675
205; 227; 33811
206; 227; 33863
207; 227; 33793
208; 227; 33707
209; 227; 33737
