99; 141; 33917
100; 141; 34534
101; 141; 34120
102; 141; 34098
103; 141; 34340
104; 141; 34891
105; 141; 35436
106; 141; 34706
107; 141; 33717
108; 141; 35670
109; 141; 37436
110; 141; 36574
111; 141; 35353
112; 141; 35255
113; 141; 35282
114; 141; 34740
115; 141; 34235
116; 141; 34558
117; 141; 34870
118; 141; 34402
119; 141; 32512
120; 141; 32512
121; 141; 33413
99; 142; 34173
100; 142; 34566
101; 142; 34788
102; 142; 33400
103; 142; 33459
104; 142; 34588
105; 142; 35165
106; 142; 34647
107; 142; 34196
108; 142; 35515
109; 142; 36445
110; 142; 35584
111; 142; 34771
112; 142; 34374
113; 142; 34401
114; 142; 34752
115; 142; 34963
116; 142; 35398
117; 142; 35649
118; 142; 35741
119; 142; 35479
120; 142; 33716
121; 142; 32512
99; 143; 34346
100; 143; 34554
101; 143; 34051
102; 143; 32512
103; 143; 33909
104; 143; 35045
105; 143; 35361
106; 143; 35125
107; 143; 35071
108; 143; 35547
109; 143; 34814
110; 143; 34233
111; 143; 33962
112; 143; 33287
113; 143; 33460
114; 143; 34138
115; 143; 34815
116; 143; 35495
117; 143; 35650
118; 143; 35643
119; 143; 35853
120; 143; 35311
121; 143; 33677
99; 144; 34421
100; 144; 34738
101; 144; 32512
102; 144; 32512
103; 144; 34590
104; 144; 35167
105; 144; 35458
106; 144; 35445
107; 144; 35268
108; 144; 34946
109; 144; 33209
110; 144; 34051
111; 144; 33936
112; 144; 33449
113; 144; 33655
114; 144; 33875
115; 144; 34467
116; 144; 35282
117; 144; 35512
118; 144; 35376
119; 144; 35526
120; 144; 35496
121; 144; 34720
99; 145; 34384
100; 145; 34928
101; 145; 32512
102; 145; 32512
103; 145; 34047
104; 145; 34374
105; 145; 34586
106; 145; 34510
107; 145; 34242
108; 145; 33762
109; 145; 32935
110; 145; 33707
111; 145; 33916
112; 145; 34309
113; 145; 34646
114; 145; 34613
115; 145; 34600
116; 145; 34920
117; 145; 35197
118; 145; 35182
119; 145; 35150
120; 145; 35210
121; 145; 35140
99; 146; 34347
100; 146; 34696
101; 146; 33748
102; 146; 32512
103; 146; 33377
104; 146; 33802
105; 146; 33937
106; 146; 33828
107; 146; 33487
108; 146; 32512
109; 146; 32512
110; 146; 32921
111; 146; 34210
112; 146; 35004
113; 146; 35226
114; 146; 35284
115; 146; 35053
116; 146; 34678
117; 146; 34890
118; 146; 35231
119; 146; 35151
120; 146; 35126
121; 146; 35224
99; 147; 34406
100; 147; 34087
101; 147; 33240
102; 147; 32512
103; 147; 33420
104; 147; 34054
105; 147; 34116
106; 147; 33929
107; 147; 33219
108; 147; 32512
109; 147; 32512
110; 147; 32512
111; 147; 34795
112; 147; 35299
113; 147; 35309
114; 147; 35380
115; 147; 35204
116; 147; 34789
117; 147; 35048
118; 147; 35437
119; 147; 35292
120; 147; 35192
121; 147; 35249
99; 148; 34271
100; 148; 33501
101; 148; 32512
102; 148; 32512
103; 148; 35221
104; 148; 35946
105; 148; 35797
106; 148; 35561
107; 148; 35072
108; 148; 34189
109; 148; 33835
110; 148; 33557
111; 148; 34866
112; 148; 35178
113; 148; 35263
114; 148; 35395
115; 148; 35229
116; 148; 34989
117; 148; 35333
118; 148; 35543
119; 148; 35339
120; 148; 35292
121; 148; 35401
99; 149; 34215
100; 149; 33923
101; 149; 32512
102; 149; 32512
103; 149; 37265
104; 149; 38634
105; 149; 37887
106; 149; 37722
107; 149; 38247
108; 149; 36374
109; 149; 35764
110; 149; 34658
111; 149; 34160
112; 149; 34784
113; 149; 35229
114; 149; 35563
115; 149; 35476
116; 149; 35261
117; 149; 35421
118; 149; 35465
119; 149; 35410
120; 149; 35617
121; 149; 35842
99; 150; 34541
100; 150; 34651
101; 150; 32512
102; 150; 32512
103; 150; 36731
104; 150; 37564
105; 150; 37311
106; 150; 37258
107; 150; 38263
108; 150; 36418
109; 150; 35786
110; 150; 34566
111; 150; 33259
112; 150; 34328
113; 150; 34981
114; 150; 35456
115; 150; 35721
116; 150; 35731
117; 150; 35661
118; 150; 35631
119; 150; 35824
120; 150; 36259
121; 150; 36296
99; 151; 34689
100; 151; 34219
101; 151; 32512
102; 151; 32512
103; 151; 35384
104; 151; 35711
105; 151; 35842
106; 151; 36485
107; 151; 35921
108; 151; 34646
109; 151; 34601
110; 151; 33873
111; 151; 33375
112; 151; 34512
113; 151; 34636
114; 151; 34994
115; 151; 35468
116; 151; 35763
117; 151; 35886
118; 151; 36122
119; 151; 36469
120; 151; 36523
121; 151; 36121
99; 152; 34967
100; 152; 34153
101; 152; 32512
102; 152; 32512
103; 152; 35876
104; 152; 35801
105; 152; 35750
106; 152; 36164
107; 152; 34566
108; 152; 33239
109; 152; 33606
110; 152; 33588
111; 152; 35694
112; 152; 36377
113; 152; 35328
114; 152; 34826
115; 152; 34575
116; 152; 34842
117; 152; 35414
118; 152; 35962
119; 152; 36187
120; 152; 35894
121; 152; 35265
99; 153; 35521
100; 153; 34491
101; 153; 32512
102; 153; 34484
103; 153; 36505
104; 153; 37204
105; 153; 36781
106; 153; 36039
107; 153; 35103
108; 153; 34543
109; 153; 34323
110; 153; 34241
111; 153; 35671
112; 153; 37502
113; 153; 36978
114; 153; 35694
115; 153; 33983
116; 153; 33143
117; 153; 34152
118; 153; 34887
119; 153; 35045
120; 153; 34559
121; 153; 33429
99; 154; 35302
100; 154; 34458
101; 154; 32512
102; 154; 33429
103; 154; 35450
104; 154; 36837
105; 154; 36219
106; 154; 35454
107; 154; 34707
108; 154; 35450
109; 154; 35340
110; 154; 34899
111; 154; 35047
112; 154; 37077
113; 154; 37426
114; 154; 36202
115; 154; 34430
116; 154; 32903
117; 154; 32512
118; 154; 32969
119; 154; 32908
120; 154; 32512
121; 154; 32512
99; 155; 34437
100; 155; 34132
101; 155; 33155
102; 155; 32512
103; 155; 33780
104; 155; 34845
105; 155; 34888
106; 155; 34655
107; 155; 33476
108; 155; 36227
109; 155; 36533
110; 155; 36093
111; 155; 35815
112; 155; 37373
113; 155; 37609
114; 155; 35748
115; 155; 34338
116; 155; 33344
117; 155; 33078
118; 155; 32871
119; 155; 32512
120; 155; 32856
121; 155; 32914
99; 156; 33482
100; 156; 34109
101; 156; 33776
102; 156; 32816
103; 156; 33528
104; 156; 34010
105; 156; 34460
106; 156; 34456
107; 156; 32512
108; 156; 36387
109; 156; 36718
110; 156; 36678
111; 156; 36487
112; 156; 36666
113; 156; 36770
114; 156; 34991
115; 156; 33595
116; 156; 32844
117; 156; 33376
118; 156; 33486
119; 156; 32952
120; 156; 33031
121; 156; 32512
99; 157; 33938
100; 157; 34231
101; 157; 34205
102; 157; 33172
103; 157; 33735
104; 157; 34409
105; 157; 34605
106; 157; 34352
107; 157; 32512
108; 157; 35066
109; 157; 35419
110; 157; 35534
111; 157; 35397
112; 157; 34977
113; 157; 34808
114; 157; 33783
115; 157; 33826
116; 157; 32512
117; 157; 33102
118; 157; 32960
119; 157; 32512
120; 157; 32512
121; 157; 32512
99; 158; 36209
100; 158; 34928
101; 158; 34230
102; 158; 33397
103; 158; 33072
104; 158; 34146
105; 158; 34272
106; 158; 34411
107; 158; 32885
108; 158; 33576
109; 158; 34135
110; 158; 34076
111; 158; 33301
112; 158; 33480
113; 158; 34036
114; 158; 33062
115; 158; 33312
116; 158; 33567
117; 158; 33296
118; 158; 32964
119; 158; 32512
120; 158; 32512
121; 158; 34133
99; 159; 37193
100; 159; 35471
101; 159; 34454
102; 159; 33796
103; 159; 33587
104; 159; 34645
105; 159; 34186
106; 159; 34469
107; 159; 34302
108; 159; 33243
109; 159; 33330
110; 159; 33005
111; 159; 32512
112; 159; 33685
113; 159; 34050
114; 159; 32512
115; 159; 32512
116; 159; 32982
117; 159; 32512
118; 159; 32512
119; 159; 33018
120; 159; 32512
121; 159; 35422
99; 160; 36844
100; 160; 35628
101; 160; 35590
102; 160; 34732
103; 160; 34295
104; 160; 35028
105; 160; 33901
106; 160; 33701
107; 160; 34504
108; 160; 33450
109; 160; 33291
110; 160; 33004
111; 160; 32963
112; 160; 33862
113; 160; 33688
114; 160; 32512
115; 160; 32512
116; 160; 32849
117; 160; 32784
118; 160; 32968
119; 160; 33411
120; 160; 32512
121; 160; 34045
99; 161; 35124
100; 161; 35751
101; 161; 36349
102; 161; 34925
103; 161; 32874
104; 161; 33108
105; 161; 32512
106; 161; 32935
107; 161; 34064
108; 161; 33232
109; 161; 33020
110; 161; 32853
111; 161; 32995
112; 161; 33305
113; 161; 33282
114; 161; 33113
115; 161; 32972
116; 161; 33627
117; 161; 33216
118; 161; 32871
119; 161; 33464
120; 161; 33394
121; 161; 34013
99; 162; 34756
100; 162; 36198
101; 162; 36445
102; 162; 34403
103; 162; 32512
104; 162; 32512
105; 162; 32512
106; 162; 33029
107; 162; 33744
108; 162; 33100
109; 162; 32839
110; 162; 32512
111; 162; 33152
112; 162; 33063
113; 162; 33222
114; 162; 33517
115; 162; 33276
116; 162; 33740
117; 162; 33244
118; 162; 32512
119; 162; 33173
120; 162; 33153
121; 162; 34107
