284; 231; 34036
285; 231; 33962
286; 231; 33771
287; 231; 33560
288; 231; 33422
289; 231; 33369
290; 231; 33336
291; 231; 33262
292; 231; 33202
293; 231; 33177
294; 231; 33135
295; 231; 33071
296; 231; 33042
297; 231; 33090
298; 231; 33124
299; 231; 33109
300; 231; 33060
301; 231; 33008
302; 231; 32973
303; 231; 32945
304; 231; 32912
305; 231; 32893
306; 231; 32910
307; 231; 32943
308; 231; 32922
309; 231; 32877
310; 231; 32894
311; 231; 32930
312; 231; 33028
313; 231; 32950
314; 231; 32878
315; 231; 32984
316; 231; 33131
317; 231; 33542
318; 231; 33650
319; 231; 33542
320; 231; 33412
321; 231; 33350
322; 231; 33379
323; 231; 33425
324; 231; 33458
325; 231; 33466
326; 231; 33450
327; 231; 33436
328; 231; 33464
329; 231; 33558
330; 231; 33701
331; 231; 33864
332; 231; 33991
333; 231; 34034
334; 231; 34012
335; 231; 33993
336; 231; 34048
284; 232; 34065
285; 232; 34095
286; 232; 33961
287; 232; 33743
288; 232; 33577
289; 232; 33497
290; 232; 33475
291; 232; 33507
292; 232; 33545
293; 232; 33473
294; 232; 33275
295; 232; 33099
296; 232; 33015
297; 232; 33032
298; 232; 33046
299; 232; 33038
300; 232; 33041
301; 232; 32994
302; 232; 32936
303; 232; 32933
304; 232; 32942
305; 232; 32946
306; 232; 32964
307; 232; 33024
308; 232; 33033
309; 232; 32954
310; 232; 32917
311; 232; 33020
312; 232; 33141
313; 232; 33067
314; 232; 32910
315; 232; 32927
316; 232; 33121
317; 232; 33407
318; 232; 33493
319; 232; 33463
320; 232; 33415
321; 232; 33364
322; 232; 33348
323; 232; 33406
324; 232; 33515
325; 232; 33533
326; 232; 33478
327; 232; 33400
328; 232; 33355
329; 232; 33451
330; 232; 33715
331; 232; 34005
332; 232; 34167
333; 232; 34193
334; 232; 34125
335; 232; 34007
336; 232; 33938
284; 233; 34055
285; 233; 34188
286; 233; 34125
287; 233; 33889
288; 233; 33639
289; 233; 33487
290; 233; 33469
291; 233; 33598
292; 233; 33715
293; 233; 33650
294; 233; 33447
295; 233; 33233
296; 233; 33097
297; 233; 33053
298; 233; 32999
299; 233; 32973
300; 233; 33025
301; 233; 32991
302; 233; 32936
303; 233; 32958
304; 233; 33015
305; 233; 33040
306; 233; 33043
307; 233; 33084
308; 233; 33117
309; 233; 33084
310; 233; 33040
311; 233; 33094
312; 233; 33174
313; 233; 33120
314; 233; 32996
315; 233; 32981
316; 233; 33130
317; 233; 33323
318; 233; 33396
319; 233; 33418
320; 233; 33421
321; 233; 33363
322; 233; 33272
323; 233; 33250
324; 233; 33329
325; 233; 33409
326; 233; 33484
327; 233; 33491
328; 233; 33438
329; 233; 33474
330; 233; 33733
331; 233; 34036
332; 233; 34210
333; 233; 34326
334; 233; 34358
335; 233; 34212
336; 233; 33968
284; 234; 34048
285; 234; 34197
286; 234; 34150
287; 234; 33914
288; 234; 33623
289; 234; 33401
290; 234; 33303
291; 234; 33347
292; 234; 33458
293; 234; 33516
294; 234; 33506
295; 234; 33415
296; 234; 33261
297; 234; 33125
298; 234; 33014
299; 234; 32929
300; 234; 32912
301; 234; 32929
302; 234; 32966
303; 234; 33029
304; 234; 33098
305; 234; 33125
306; 234; 33093
307; 234; 33073
308; 234; 33080
309; 234; 33079
310; 234; 33055
311; 234; 33067
312; 234; 33081
313; 234; 33030
314; 234; 32974
315; 234; 32997
316; 234; 33106
317; 234; 33216
318; 234; 33228
319; 234; 33270
320; 234; 33405
321; 234; 33431
322; 234; 33317
323; 234; 33208
324; 234; 33144
325; 234; 33151
326; 234; 33328
327; 234; 33469
328; 234; 33481
329; 234; 33481
330; 234; 33616
331; 234; 33807
332; 234; 33999
333; 234; 34237
334; 234; 34394
335; 234; 34282
336; 234; 33976
284; 235; 34072
285; 235; 34181
286; 235; 34104
287; 235; 33896
288; 235; 33667
289; 235; 33444
290; 235; 33235
291; 235; 33100
292; 235; 33122
293; 235; 33329
294; 235; 33544
295; 235; 33537
296; 235; 33324
297; 235; 33107
298; 235; 33010
299; 235; 32987
300; 235; 32972
301; 235; 32974
302; 235; 32998
303; 235; 33050
304; 235; 33114
305; 235; 33138
306; 235; 33088
307; 235; 33013
308; 235; 32981
309; 235; 32972
310; 235; 32963
311; 235; 32984
312; 235; 33005
313; 235; 32966
314; 235; 32944
315; 235; 33014
316; 235; 33134
317; 235; 33168
318; 235; 33105
319; 235; 33124
320; 235; 33313
321; 235; 33442
322; 235; 33412
323; 235; 33321
324; 235; 33183
325; 235; 33068
326; 235; 33186
327; 235; 33381
328; 235; 33439
329; 235; 33433
330; 235; 33473
331; 235; 33548
332; 235; 33678
333; 235; 33876
334; 235; 34016
335; 235; 33965
336; 235; 33785
284; 236; 34062
285; 236; 34141
286; 236; 34087
287; 236; 33963
288; 236; 33867
289; 236; 33693
290; 236; 33394
291; 236; 33126
292; 236; 33063
293; 236; 33307
294; 236; 33599
295; 236; 33542
296; 236; 33225
297; 236; 32999
298; 236; 32969
299; 236; 32977
300; 236; 32991
301; 236; 32995
302; 236; 32969
303; 236; 33001
304; 236; 33045
305; 236; 33061
306; 236; 33047
307; 236; 32997
308; 236; 32976
309; 236; 32975
310; 236; 32961
311; 236; 32961
312; 236; 33029
313; 236; 33024
314; 236; 32990
315; 236; 33085
316; 236; 33232
317; 236; 33255
318; 236; 33174
319; 236; 33137
320; 236; 33241
321; 236; 33356
322; 236; 33364
323; 236; 33348
324; 236; 33280
325; 236; 33201
326; 236; 33257
327; 236; 33382
328; 236; 33453
329; 236; 33497
330; 236; 33543
331; 236; 33543
332; 236; 33511
333; 236; 33513
334; 236; 33558
335; 236; 33582
336; 236; 33559
284; 237; 34035
285; 237; 34067
286; 237; 34078
287; 237; 34111
288; 237; 34185
289; 237; 34085
290; 237; 33730
291; 237; 33331
292; 237; 33175
293; 237; 33360
294; 237; 33539
295; 237; 33399
296; 237; 33110
297; 237; 32997
298; 237; 33018
299; 237; 33000
300; 237; 32969
301; 237; 32971
302; 237; 32934
303; 237; 32940
304; 237; 32958
305; 237; 32979
306; 237; 33005
307; 237; 33013
308; 237; 33046
309; 237; 33065
310; 237; 33024
311; 237; 33023
312; 237; 33119
313; 237; 33132
314; 237; 33088
315; 237; 33131
316; 237; 33219
317; 237; 33253
318; 237; 33261
319; 237; 33280
320; 237; 33314
321; 237; 33317
322; 237; 33275
323; 237; 33256
324; 237; 33256
325; 237; 33308
326; 237; 33416
327; 237; 33525
328; 237; 33622
329; 237; 33734
330; 237; 33815
331; 237; 33767
332; 237; 33596
333; 237; 33443
334; 237; 33459
335; 237; 33600
336; 237; 33675
284; 238; 34176
285; 238; 33990
286; 238; 34005
287; 238; 34174
288; 238; 34411
289; 238; 34424
290; 238; 34085
291; 238; 33626
292; 238; 33367
293; 238; 33387
294; 238; 33412
295; 238; 33277
296; 238; 33134
297; 238; 33113
298; 238; 33112
299; 238; 33045
300; 238; 32999
301; 238; 33031
302; 238; 33006
303; 238; 32932
304; 238; 32915
305; 238; 32948
306; 238; 32984
307; 238; 33005
308; 238; 33070
309; 238; 33134
310; 238; 33095
311; 238; 33088
312; 238; 33169
313; 238; 33176
314; 238; 33093
315; 238; 33037
316; 238; 33037
317; 238; 33076
318; 238; 33175
319; 238; 33272
320; 238; 33319
321; 238; 33305
322; 238; 33246
323; 238; 33171
324; 238; 33190
325; 238; 33355
326; 238; 33556
327; 238; 33690
328; 238; 33799
329; 238; 33935
330; 238; 34036
331; 238; 33989
332; 238; 33803
333; 238; 33668
334; 238; 33748
335; 238; 33937
336; 238; 33960
284; 239; 34447
285; 239; 34026
286; 239; 33925
287; 239; 34102
288; 239; 34437
289; 239; 34568
290; 239; 34320
291; 239; 33895
292; 239; 33591
293; 239; 33485
294; 239; 33432
295; 239; 33342
296; 239; 33302
297; 239; 33331
298; 239; 33304
299; 239; 33197
300; 239; 33140
301; 239; 33189
302; 239; 33168
303; 239; 33053
304; 239; 32982
305; 239; 32989
306; 239; 33008
307; 239; 33020
308; 239; 33066
309; 239; 33115
310; 239; 33114
311; 239; 33130
312; 239; 33207
313; 239; 33214
314; 239; 33068
315; 239; 32910
316; 239; 32886
317; 239; 32963
318; 239; 33054
319; 239; 33103
320; 239; 33151
321; 239; 33208
322; 239; 33206
323; 239; 33145
324; 239; 33215
325; 239; 33436
326; 239; 33654
327; 239; 33771
328; 239; 33862
329; 239; 33961
330; 239; 34022
331; 239; 34008
332; 239; 33911
333; 239; 33845
334; 239; 33965
335; 239; 34157
336; 239; 34112
284; 240; 34605
285; 240; 34208
286; 240; 34003
287; 240; 34085
288; 240; 34410
289; 240; 34611
290; 240; 34479
291; 240; 34134
292; 240; 33843
293; 240; 33700
294; 240; 33620
295; 240; 33541
296; 240; 33505
297; 240; 33522
298; 240; 33507
299; 240; 33428
300; 240; 33358
301; 240; 33351
302; 240; 33283
303; 240; 33147
304; 240; 33081
305; 240; 33108
306; 240; 33124
307; 240; 33098
308; 240; 33075
309; 240; 33102
310; 240; 33167
311; 240; 33248
312; 240; 33340
313; 240; 33307
314; 240; 33078
315; 240; 32857
316; 240; 32871
317; 240; 32993
318; 240; 33094
319; 240; 33075
320; 240; 33046
321; 240; 33062
322; 240; 33091
323; 240; 33085
324; 240; 33240
325; 240; 33520
326; 240; 33706
327; 240; 33762
328; 240; 33818
329; 240; 33877
330; 240; 33908
331; 240; 33939
332; 240; 33919
333; 240; 33838
334; 240; 33849
335; 240; 34003
336; 240; 34035
284; 241; 34823
285; 241; 34501
286; 241; 34325
287; 241; 34308
288; 241; 34512
289; 241; 34675
290; 241; 34628
291; 241; 34359
292; 241; 34065
293; 241; 33881
294; 241; 33772
295; 241; 33667
296; 241; 33599
297; 241; 33617
298; 241; 33655
299; 241; 33607
300; 241; 33502
301; 241; 33422
302; 241; 33346
303; 241; 33247
304; 241; 33185
305; 241; 33199
306; 241; 33192
307; 241; 33135
308; 241; 33084
309; 241; 33144
310; 241; 33305
311; 241; 33482
312; 241; 33541
313; 241; 33373
314; 241; 33065
315; 241; 32927
316; 241; 32956
317; 241; 32950
318; 241; 33103
319; 241; 33147
320; 241; 33118
321; 241; 33079
322; 241; 33050
323; 241; 33030
324; 241; 33207
325; 241; 33558
326; 241; 33733
327; 241; 33711
328; 241; 33707
329; 241; 33747
330; 241; 33805
331; 241; 33895
332; 241; 33895
333; 241; 33730
334; 241; 33604
335; 241; 33717
336; 241; 33879
284; 242; 35321
285; 242; 34921
286; 242; 34719
287; 242; 34611
288; 242; 34584
289; 242; 34661
290; 242; 34663
291; 242; 34476
292; 242; 34183
293; 242; 33944
294; 242; 33792
295; 242; 33671
296; 242; 33616
297; 242; 33676
298; 242; 33763
299; 242; 33706
300; 242; 33522
301; 242; 33399
302; 242; 33410
303; 242; 33412
304; 242; 33321
305; 242; 33228
306; 242; 33164
307; 242; 33098
308; 242; 33071
309; 242; 33181
310; 242; 33429
311; 242; 33638
312; 242; 33585
313; 242; 33297
314; 242; 33016
315; 242; 32990
316; 242; 33051
317; 242; 32965
318; 242; 32971
319; 242; 33169
320; 242; 33283
321; 242; 33259
322; 242; 33159
323; 242; 33077
324; 242; 33220
325; 242; 33555
326; 242; 33677
327; 242; 33586
328; 242; 33553
329; 242; 33592
330; 242; 33669
331; 242; 33799
332; 242; 33807
333; 242; 33586
334; 242; 33426
335; 242; 33592
336; 242; 33862
284; 243; 35858
285; 243; 35288
286; 243; 35020
287; 243; 34692
288; 243; 34497
289; 243; 34483
290; 243; 34518
291; 243; 34412
292; 243; 34186
293; 243; 33970
294; 243; 33808
295; 243; 33694
296; 243; 33662
297; 243; 33729
298; 243; 33794
299; 243; 33696
300; 243; 33474
301; 243; 33365
302; 243; 33454
303; 243; 33532
304; 243; 33427
305; 243; 33257
306; 243; 33166
307; 243; 33108
308; 243; 33081
309; 243; 33187
310; 243; 33429
311; 243; 33600
312; 243; 33471
313; 243; 33173
314; 243; 32993
315; 243; 32955
316; 243; 32985
317; 243; 32971
318; 243; 32949
319; 243; 33151
320; 243; 33406
321; 243; 33448
322; 243; 33311
323; 243; 33194
324; 243; 33306
325; 243; 33532
326; 243; 33563
327; 243; 33449
328; 243; 33408
329; 243; 33427
330; 243; 33478
331; 243; 33570
332; 243; 33582
333; 243; 33453
334; 243; 33407
335; 243; 33618
336; 243; 33887
284; 244; 36153
285; 244; 35537
286; 244; 35220
287; 244; 34787
288; 244; 34408
289; 244; 34347
290; 244; 34394
291; 244; 34355
292; 244; 34206
293; 244; 34043
294; 244; 33888
295; 244; 33765
296; 244; 33701
297; 244; 33714
298; 244; 33744
299; 244; 33673
300; 244; 33515
301; 244; 33429
302; 244; 33486
303; 244; 33526
304; 244; 33430
305; 244; 33327
306; 244; 33314
307; 244; 33277
308; 244; 33189
309; 244; 33242
310; 244; 33466
311; 244; 33614
312; 244; 33466
313; 244; 33180
314; 244; 33039
315; 244; 32983
316; 244; 32957
317; 244; 32943
318; 244; 32985
319; 244; 33169
320; 244; 33436
321; 244; 33487
322; 244; 33332
323; 244; 33260
324; 244; 33407
325; 244; 33545
326; 244; 33519
327; 244; 33416
328; 244; 33380
329; 244; 33401
330; 244; 33410
331; 244; 33371
332; 244; 33305
333; 244; 33283
334; 244; 33377
335; 244; 33586
336; 244; 33790
284; 245; 36447
285; 245; 35789
286; 245; 35303
287; 245; 34825
288; 245; 34421
289; 245; 34357
290; 245; 34436
291; 245; 34423
292; 245; 34259
293; 245; 34062
294; 245; 33884
295; 245; 33744
296; 245; 33637
297; 245; 33596
298; 245; 33638
299; 245; 33679
300; 245; 33652
301; 245; 33598
302; 245; 33566
303; 245; 33508
304; 245; 33423
305; 245; 33431
306; 245; 33518
307; 245; 33512
308; 245; 33428
309; 245; 33463
310; 245; 33754
311; 245; 33866
312; 245; 33676
313; 245; 33332
314; 245; 33176
315; 245; 33149
316; 245; 33153
317; 245; 33111
318; 245; 33084
319; 245; 33183
320; 245; 33329
321; 245; 33274
322; 245; 33124
323; 245; 33244
324; 245; 33489
325; 245; 33627
326; 245; 33605
327; 245; 33529
328; 245; 33519
329; 245; 33573
330; 245; 33576
331; 245; 33435
332; 245; 33256
333; 245; 33235
334; 245; 33368
335; 245; 33512
336; 245; 33634
284; 246; 37037
285; 246; 36066
286; 246; 35221
287; 246; 34630
288; 246; 34368
289; 246; 34376
290; 246; 34478
291; 246; 34472
292; 246; 34271
293; 246; 33990
294; 246; 33776
295; 246; 33660
296; 246; 33566
297; 246; 33510
298; 246; 33569
299; 246; 33686
300; 246; 33750
301; 246; 33737
302; 246; 33676
303; 246; 33573
304; 246; 33478
305; 246; 33493
306; 246; 33581
307; 246; 33601
308; 246; 33618
309; 246; 33802
310; 246; 34093
311; 246; 34116
312; 246; 33927
313; 246; 33586
314; 246; 33351
315; 246; 33226
316; 246; 33200
317; 246; 33216
318; 246; 33207
319; 246; 33211
320; 246; 33189
321; 246; 33075
322; 246; 33009
323; 246; 33193
324; 246; 33542
325; 246; 33719
326; 246; 33728
327; 246; 33682
328; 246; 33666
329; 246; 33716
330; 246; 33774
331; 246; 33672
332; 246; 33447
333; 246; 33350
334; 246; 33439
335; 246; 33528
336; 246; 33597
284; 247; 37782
285; 247; 36402
286; 247; 35172
287; 247; 34456
288; 247; 34325
289; 247; 34367
290; 247; 34394
291; 247; 34368
292; 247; 34214
293; 247; 33966
294; 247; 33795
295; 247; 33739
296; 247; 33674
297; 247; 33603
298; 247; 33604
299; 247; 33658
300; 247; 33696
301; 247; 33703
302; 247; 33689
303; 247; 33623
304; 247; 33526
305; 247; 33477
306; 247; 33499
307; 247; 33555
308; 247; 33710
309; 247; 34049
310; 247; 34223
311; 247; 34211
312; 247; 34054
313; 247; 33907
314; 247; 33606
315; 247; 33271
316; 247; 33133
317; 247; 33165
318; 247; 33258
319; 247; 33251
320; 247; 33122
321; 247; 33009
322; 247; 33009
323; 247; 33162
324; 247; 33488
325; 247; 33661
326; 247; 33744
327; 247; 33750
328; 247; 33676
329; 247; 33636
330; 247; 33699
331; 247; 33712
332; 247; 33630
333; 247; 33605
334; 247; 33647
335; 247; 33661
336; 247; 33682
284; 248; 38281
285; 248; 36897
286; 248; 35535
287; 248; 34776
288; 248; 34586
289; 248; 34484
290; 248; 34360
291; 248; 34291
292; 248; 34219
293; 248; 34069
294; 248; 33944
295; 248; 33888
296; 248; 33816
297; 248; 33721
298; 248; 33639
299; 248; 33577
300; 248; 33549
301; 248; 33558
302; 248; 33589
303; 248; 33588
304; 248; 33537
305; 248; 33469
306; 248; 33452
307; 248; 33539
308; 248; 33772
309; 248; 34124
310; 248; 34258
311; 248; 34220
312; 248; 34175
313; 248; 34228
314; 248; 34114
315; 248; 33604
316; 248; 33108
317; 248; 33053
318; 248; 33181
319; 248; 33267
320; 248; 33198
321; 248; 33082
322; 248; 33039
323; 248; 33146
324; 248; 33338
325; 248; 33473
326; 248; 33679
327; 248; 33791
328; 248; 33663
329; 248; 33455
330; 248; 33388
331; 248; 33457
332; 248; 33597
333; 248; 33756
334; 248; 33830
335; 248; 33789
336; 248; 33725
284; 249; 38341
285; 249; 37285
286; 249; 36101
287; 249; 35376
288; 249; 35085
289; 249; 34846
290; 249; 34557
291; 249; 34425
292; 249; 34383
293; 249; 34275
294; 249; 34043
295; 249; 33824
296; 249; 33734
297; 249; 33676
298; 249; 33589
299; 249; 33513
300; 249; 33511
301; 249; 33531
302; 249; 33534
303; 249; 33553
304; 249; 33570
305; 249; 33542
306; 249; 33510
307; 249; 33618
308; 249; 33912
309; 249; 34190
310; 249; 34277
311; 249; 34267
312; 249; 34332
313; 249; 34525
314; 249; 34586
315; 249; 34176
316; 249; 33418
317; 249; 33047
318; 249; 33104
319; 249; 33269
320; 249; 33353
321; 249; 33329
322; 249; 33181
323; 249; 33044
324; 249; 33207
325; 249; 33382
326; 249; 33694
327; 249; 33900
328; 249; 33761
329; 249; 33407
330; 249; 33180
331; 249; 33227
332; 249; 33507
333; 249; 33819
334; 249; 33923
335; 249; 33825
336; 249; 33677
284; 250; 38216
285; 250; 37529
286; 250; 36491
287; 250; 35726
288; 250; 35338
289; 250; 35125
290; 250; 34861
291; 250; 34652
292; 250; 34530
293; 250; 34302
294; 250; 33866
295; 250; 33481
296; 250; 33426
297; 250; 33537
298; 250; 33549
299; 250; 33539
300; 250; 33627
301; 250; 33698
302; 250; 33635
303; 250; 33587
304; 250; 33599
305; 250; 33564
306; 250; 33533
307; 250; 33671
308; 250; 34063
309; 250; 34270
310; 250; 34278
311; 250; 34248
312; 250; 34344
313; 250; 34631
314; 250; 34849
315; 250; 34645
316; 250; 33942
317; 250; 33289
318; 250; 33162
319; 250; 33273
320; 250; 33422
321; 250; 33503
322; 250; 33421
323; 250; 33098
324; 250; 33058
325; 250; 33375
326; 250; 33754
327; 250; 33975
328; 250; 33846
329; 250; 33509
330; 250; 33262
331; 250; 33279
332; 250; 33543
333; 250; 33838
334; 250; 33928
335; 250; 33837
336; 250; 33710
284; 251; 38197
285; 251; 37719
286; 251; 36757
287; 251; 35966
288; 251; 35530
289; 251; 35297
290; 251; 34999
291; 251; 34708
292; 251; 34443
293; 251; 34063
294; 251; 33541
295; 251; 33247
296; 251; 33250
297; 251; 33426
298; 251; 33517
299; 251; 33542
300; 251; 33658
301; 251; 33761
302; 251; 33672
303; 251; 33550
304; 251; 33505
305; 251; 33447
306; 251; 33449
307; 251; 33690
308; 251; 34159
309; 251; 34340
310; 251; 34252
311; 251; 34114
312; 251; 34158
313; 251; 34484
314; 251; 34781
315; 251; 34773
316; 251; 34221
317; 251; 33480
318; 251; 33165
319; 251; 33194
320; 251; 33372
321; 251; 33517
322; 251; 33487
323; 251; 33185
324; 251; 33019
325; 251; 33327
326; 251; 33729
327; 251; 33890
328; 251; 33787
329; 251; 33623
330; 251; 33533
331; 251; 33518
332; 251; 33587
333; 251; 33696
334; 251; 33785
335; 251; 33862
336; 251; 33910
284; 252; 38177
285; 252; 38004
286; 252; 37295
287; 252; 36512
288; 252; 35868
289; 252; 35371
290; 252; 34948
291; 252; 34508
292; 252; 34071
293; 252; 33662
294; 252; 33355
295; 252; 33186
296; 252; 33165
297; 252; 33259
298; 252; 33359
299; 252; 33402
300; 252; 33466
301; 252; 33501
302; 252; 33397
303; 252; 33282
304; 252; 33231
305; 252; 33202
306; 252; 33276
307; 252; 33583
308; 252; 34135
309; 252; 34365
310; 252; 34209
311; 252; 33965
312; 252; 33944
313; 252; 34117
314; 252; 34406
315; 252; 34466
316; 252; 34050
317; 252; 33334
318; 252; 32972
319; 252; 32990
320; 252; 33256
321; 252; 33467
322; 252; 33428
323; 252; 33187
324; 252; 32984
325; 252; 33171
326; 252; 33563
327; 252; 33711
328; 252; 33681
329; 252; 33640
330; 252; 33675
331; 252; 33676
332; 252; 33547
333; 252; 33413
334; 252; 33510
335; 252; 33817
336; 252; 34053
284; 253; 38262
285; 253; 38313
286; 253; 37676
287; 253; 36670
288; 253; 35677
289; 253; 35022
290; 253; 34674
291; 253; 34309
292; 253; 33783
293; 253; 33420
294; 253; 33266
295; 253; 33155
296; 253; 33054
297; 253; 33010
298; 253; 33113
299; 253; 33243
300; 253; 33284
301; 253; 33213
302; 253; 33065
303; 253; 32960
304; 253; 32968
305; 253; 32986
306; 253; 33072
307; 253; 33408
308; 253; 33983
309; 253; 34270
310; 253; 34113
311; 253; 33910
312; 253; 33885
313; 253; 33876
314; 253; 33902
315; 253; 34009
316; 253; 33855
317; 253; 33264
318; 253; 32868
319; 253; 32917
320; 253; 33148
321; 253; 33427
322; 253; 33386
323; 253; 33136
324; 253; 32972
325; 253; 33060
326; 253; 33306
327; 253; 33552
328; 253; 33675
329; 253; 33710
330; 253; 33728
331; 253; 33690
332; 253; 33499
333; 253; 33244
334; 253; 33262
335; 253; 33615
336; 253; 33886
284; 254; 38347
285; 254; 37898
286; 254; 36904
287; 254; 35642
288; 254; 34555
289; 254; 34171
290; 254; 34269
291; 254; 34257
292; 254; 33771
293; 254; 33279
294; 254; 33095
295; 254; 33044
296; 254; 32979
297; 254; 32891
298; 254; 32956
299; 254; 33225
300; 254; 33310
301; 254; 33167
302; 254; 32961
303; 254; 32875
304; 254; 32919
305; 254; 32921
306; 254; 32992
307; 254; 33297
308; 254; 33792
309; 254; 34063
310; 254; 34050
311; 254; 33976
312; 254; 33910
313; 254; 33773
314; 254; 33751
315; 254; 33915
316; 254; 34030
317; 254; 33685
318; 254; 33095
319; 254; 32948
320; 254; 33096
321; 254; 33346
322; 254; 33378
323; 254; 33202
324; 254; 33047
325; 254; 33057
326; 254; 33170
327; 254; 33433
328; 254; 33726
329; 254; 33816
330; 254; 33733
331; 254; 33628
332; 254; 33488
333; 254; 33258
334; 254; 33168
335; 254; 33336
336; 254; 33448
284; 255; 37144
285; 255; 36057
286; 255; 34892
287; 255; 33912
288; 255; 33351
289; 255; 33671
290; 255; 34164
291; 255; 34341
292; 255; 33934
293; 255; 33192
294; 255; 32869
295; 255; 32873
296; 255; 32894
297; 255; 32889
298; 255; 33006
299; 255; 33282
300; 255; 33379
301; 255; 33261
302; 255; 33059
303; 255; 32942
304; 255; 32949
305; 255; 33016
306; 255; 33106
307; 255; 33271
308; 255; 33623
309; 255; 34000
310; 255; 34143
311; 255; 34162
312; 255; 34084
313; 255; 33966
314; 255; 33977
315; 255; 34176
316; 255; 34309
317; 255; 33940
318; 255; 33336
319; 255; 32995
320; 255; 33038
321; 255; 33236
322; 255; 33381
323; 255; 33424
324; 255; 33347
325; 255; 33207
326; 255; 33212
327; 255; 33384
328; 255; 33740
329; 255; 33868
330; 255; 33704
331; 255; 33528
332; 255; 33447
333; 255; 33323
334; 255; 33174
335; 255; 33110
336; 255; 33042
284; 256; 34645
285; 256; 33516
286; 256; 33254
287; 256; 33007
288; 256; 33459
289; 256; 33915
290; 256; 34423
291; 256; 34585
292; 256; 34205
293; 256; 33394
294; 256; 32877
295; 256; 32859
296; 256; 32889
297; 256; 32973
298; 256; 33107
299; 256; 33232
300; 256; 33284
301; 256; 33236
302; 256; 33148
303; 256; 33136
304; 256; 33215
305; 256; 33232
306; 256; 33182
307; 256; 33206
308; 256; 33442
309; 256; 33950
310; 256; 34340
311; 256; 34399
312; 256; 34379
313; 256; 34321
314; 256; 34375
315; 256; 34373
316; 256; 34208
317; 256; 33599
318; 256; 33033
319; 256; 32926
320; 256; 32998
321; 256; 33179
322; 256; 33374
323; 256; 33590
324; 256; 33696
325; 256; 33450
326; 256; 33182
327; 256; 33286
328; 256; 33699
329; 256; 33867
330; 256; 33671
331; 256; 33422
332; 256; 33346
333; 256; 33318
334; 256; 33192
335; 256; 33038
336; 256; 32937
284; 257; 33609
285; 257; 33586
286; 257; 33033
287; 257; 33088
288; 257; 33910
289; 257; 34222
290; 257; 34636
291; 257; 34702
292; 257; 34272
293; 257; 33501
294; 257; 33007
295; 257; 32938
296; 257; 32998
297; 257; 33057
298; 257; 33080
299; 257; 33117
300; 257; 33149
301; 257; 33137
302; 257; 33110
303; 257; 33145
304; 257; 33229
305; 257; 33192
306; 257; 33048
307; 257; 32942
308; 257; 33102
309; 257; 33611
310; 257; 34157
311; 257; 34398
312; 257; 34405
313; 257; 34433
314; 257; 34512
315; 257; 34335
316; 257; 33724
317; 257; 33001
318; 257; 32820
319; 257; 32902
320; 257; 32954
321; 257; 33100
322; 257; 33254
323; 257; 33471
324; 257; 33679
325; 257; 33483
326; 257; 33038
327; 257; 33080
328; 257; 33512
329; 257; 33736
330; 257; 33611
331; 257; 33400
332; 257; 33316
333; 257; 33320
334; 257; 33287
335; 257; 33191
336; 257; 33090
284; 258; 33865
285; 258; 33741
286; 258; 33076
287; 258; 33293
288; 258; 33758
289; 258; 34303
290; 258; 34619
291; 258; 34548
292; 258; 33999
293; 258; 33388
294; 258; 33023
295; 258; 32946
296; 258; 32989
297; 258; 33036
298; 258; 33038
299; 258; 33066
300; 258; 33121
301; 258; 33126
302; 258; 33072
303; 258; 33025
304; 258; 33044
305; 258; 33011
306; 258; 32895
307; 258; 32969
308; 258; 32957
309; 258; 33025
310; 258; 33490
311; 258; 33867
312; 258; 34031
313; 258; 34169
314; 258; 34225
315; 258; 33952
316; 258; 33265
317; 258; 32856
318; 258; 32936
319; 258; 32905
320; 258; 32869
321; 258; 32865
322; 258; 32857
323; 258; 32983
324; 258; 33362
325; 258; 33364
326; 258; 32963
327; 258; 32962
328; 258; 33193
329; 258; 33469
330; 258; 33503
331; 258; 33470
332; 258; 33450
333; 258; 33420
334; 258; 33381
335; 258; 33348
336; 258; 33306
284; 259; 34584
285; 259; 33871
286; 259; 33130
287; 259; 33449
288; 259; 33922
289; 259; 34494
290; 259; 34676
291; 259; 34404
292; 259; 33847
293; 259; 33343
294; 259; 33026
295; 259; 32947
296; 259; 33003
297; 259; 33049
298; 259; 33059
299; 259; 33128
300; 259; 33244
301; 259; 33262
302; 259; 33185
303; 259; 33126
304; 259; 33116
305; 259; 33078
306; 259; 32945
307; 259; 32997
308; 259; 33071
309; 259; 32958
310; 259; 32931
311; 259; 33307
312; 259; 33522
313; 259; 33678
314; 259; 33745
315; 259; 33472
316; 259; 33057
317; 259; 32879
318; 259; 32901
319; 259; 32943
320; 259; 32923
321; 259; 32892
322; 259; 32955
323; 259; 32966
324; 259; 33429
325; 259; 33921
326; 259; 33693
327; 259; 33501
328; 259; 33388
329; 259; 33356
330; 259; 33393
331; 259; 33496
332; 259; 33517
333; 259; 33436
334; 259; 33339
335; 259; 33272
336; 259; 33251
284; 260; 34669
285; 260; 33724
286; 260; 33396
287; 260; 33749
288; 260; 34362
289; 260; 34898
290; 260; 34890
291; 260; 34413
292; 260; 33864
293; 260; 33409
294; 260; 33160
295; 260; 33017
296; 260; 33037
297; 260; 33091
298; 260; 33076
299; 260; 33138
300; 260; 33306
301; 260; 33356
302; 260; 33261
303; 260; 33222
304; 260; 33271
305; 260; 33265
306; 260; 33131
307; 260; 33011
308; 260; 32974
309; 260; 32945
310; 260; 32971
311; 260; 33132
312; 260; 33332
313; 260; 33450
314; 260; 33429
315; 260; 33225
316; 260; 32986
317; 260; 32925
318; 260; 32952
319; 260; 33050
320; 260; 33135
321; 260; 33138
322; 260; 33087
323; 260; 33200
324; 260; 33775
325; 260; 34357
326; 260; 34301
327; 260; 34052
328; 260; 33750
329; 260; 33519
330; 260; 33414
331; 260; 33411
332; 260; 33316
333; 260; 33182
334; 260; 33128
335; 260; 33102
336; 260; 33112
284; 261; 33499
285; 261; 33176
286; 261; 33301
287; 261; 33829
288; 261; 34589
289; 261; 34921
290; 261; 34634
291; 261; 34089
292; 261; 33687
293; 261; 33457
294; 261; 33244
295; 261; 33107
296; 261; 33096
297; 261; 33112
298; 261; 33047
299; 261; 33045
300; 261; 33198
301; 261; 33299
302; 261; 33248
303; 261; 33216
304; 261; 33278
305; 261; 33284
306; 261; 33212
307; 261; 33215
308; 261; 33256
309; 261; 33200
310; 261; 33114
311; 261; 33151
312; 261; 33278
313; 261; 33355
314; 261; 33299
315; 261; 33125
316; 261; 33036
317; 261; 33143
318; 261; 33365
319; 261; 33431
320; 261; 33453
321; 261; 33484
322; 261; 33475
323; 261; 33422
324; 261; 33746
325; 261; 34382
326; 261; 34427
327; 261; 34175
328; 261; 33765
329; 261; 33545
330; 261; 33408
331; 261; 33228
332; 261; 32995
333; 261; 32879
334; 261; 32938
335; 261; 33013
336; 261; 33079
284; 262; 33225
285; 262; 33210
286; 262; 33389
287; 262; 33998
288; 262; 34336
289; 262; 34263
290; 262; 33783
291; 262; 33384
292; 262; 33251
293; 262; 33204
294; 262; 33117
295; 262; 33032
296; 262; 33061
297; 262; 33120
298; 262; 33079
299; 262; 33009
300; 262; 33041
301; 262; 33132
302; 262; 33143
303; 262; 33102
304; 262; 33094
305; 262; 33094
306; 262; 33108
307; 262; 33194
308; 262; 33322
309; 262; 33343
310; 262; 33258
311; 262; 33223
312; 262; 33290
313; 262; 33360
314; 262; 33284
315; 262; 33094
316; 262; 33110
317; 262; 33603
318; 262; 34086
319; 262; 34026
320; 262; 33591
321; 262; 33467
322; 262; 33493
323; 262; 33507
324; 262; 33622
325; 262; 34065
326; 262; 34279
327; 262; 34070
328; 262; 33581
329; 262; 33365
330; 262; 33220
331; 262; 32995
332; 262; 32867
333; 262; 32881
334; 262; 32933
335; 262; 32999
336; 262; 33023
284; 263; 33040
285; 263; 33237
286; 263; 33680
287; 263; 33749
288; 263; 33817
289; 263; 33709
290; 263; 33388
291; 263; 33086
292; 263; 32994
293; 263; 33040
294; 263; 33047
295; 263; 33015
296; 263; 33056
297; 263; 33177
298; 263; 33212
299; 263; 33110
300; 263; 33025
301; 263; 33067
302; 263; 33093
303; 263; 33012
304; 263; 32939
305; 263; 32959
306; 263; 33021
307; 263; 33088
308; 263; 33200
309; 263; 33284
310; 263; 33268
311; 263; 33217
312; 263; 33253
313; 263; 33354
314; 263; 33327
315; 263; 33142
316; 263; 33143
317; 263; 33847
318; 263; 34462
319; 263; 34317
320; 263; 33582
321; 263; 33297
322; 263; 33378
323; 263; 33524
324; 263; 33619
325; 263; 33832
326; 263; 34022
327; 263; 33985
328; 263; 33552
329; 263; 33121
330; 263; 32956
331; 263; 32902
332; 263; 32872
333; 263; 32912
334; 263; 32974
335; 263; 32991
336; 263; 32955
284; 264; 33276
285; 264; 33519
286; 264; 33666
287; 264; 33733
288; 264; 33793
289; 264; 33746
290; 264; 33508
291; 264; 33183
292; 264; 33014
293; 264; 33022
294; 264; 33080
295; 264; 33079
296; 264; 33123
297; 264; 33265
298; 264; 33340
299; 264; 33223
300; 264; 33084
301; 264; 33099
302; 264; 33135
303; 264; 33068
304; 264; 33022
305; 264; 33061
306; 264; 33083
307; 264; 33082
308; 264; 33146
309; 264; 33274
310; 264; 33327
311; 264; 33246
312; 264; 33183
313; 264; 33269
314; 264; 33361
315; 264; 33295
316; 264; 33324
317; 264; 33828
318; 264; 34310
319; 264; 34179
320; 264; 33484
321; 264; 33249
322; 264; 33452
323; 264; 33702
324; 264; 33747
325; 264; 33821
326; 264; 33983
327; 264; 34010
328; 264; 33631
329; 264; 33013
330; 264; 32875
331; 264; 32997
332; 264; 33095
333; 264; 33077
334; 264; 33003
335; 264; 32950
336; 264; 32942
284; 265; 33500
285; 265; 33682
286; 265; 33841
287; 265; 33869
288; 265; 33784
289; 265; 33662
290; 265; 33439
291; 265; 33193
292; 265; 33055
293; 265; 33102
294; 265; 33183
295; 265; 33178
296; 265; 33192
297; 265; 33309
298; 265; 33384
299; 265; 33281
300; 265; 33148
301; 265; 33154
302; 265; 33199
303; 265; 33199
304; 265; 33193
305; 265; 33194
306; 265; 33137
307; 265; 33097
308; 265; 33197
309; 265; 33394
310; 265; 33487
311; 265; 33363
312; 265; 33180
313; 265; 33184
314; 265; 33349
315; 265; 33461
316; 265; 33510
317; 265; 33665
318; 265; 33905
319; 265; 33836
320; 265; 33436
321; 265; 33367
322; 265; 33628
323; 265; 33846
324; 265; 33819
325; 265; 33826
326; 265; 33990
327; 265; 34026
328; 265; 33645
329; 265; 33026
330; 265; 32918
331; 265; 33096
332; 265; 33221
333; 265; 33107
334; 265; 32972
335; 265; 32967
336; 265; 33001
284; 266; 33375
285; 266; 33582
286; 266; 33768
287; 266; 33763
288; 266; 33656
289; 266; 33490
290; 266; 33229
291; 266; 33055
292; 266; 33002
293; 266; 33075
294; 266; 33174
295; 266; 33183
296; 266; 33181
297; 266; 33268
298; 266; 33351
299; 266; 33308
300; 266; 33217
301; 266; 33229
302; 266; 33307
303; 266; 33367
304; 266; 33340
305; 266; 33210
306; 266; 33060
307; 266; 33060
308; 266; 33249
309; 266; 33450
310; 266; 33495
311; 266; 33397
312; 266; 33278
313; 266; 33224
314; 266; 33342
315; 266; 33430
316; 266; 33451
317; 266; 33458
318; 266; 33494
319; 266; 33492
320; 266; 33397
321; 266; 33410
322; 266; 33641
323; 266; 33803
324; 266; 33733
325; 266; 33709
326; 266; 33889
327; 266; 33953
328; 266; 33623
329; 266; 33092
330; 266; 32971
331; 266; 33043
332; 266; 33075
333; 266; 32971
334; 266; 32955
335; 266; 33056
336; 266; 33027
284; 267; 33133
285; 267; 33310
286; 267; 33436
287; 267; 33487
288; 267; 33574
289; 267; 33524
290; 267; 33296
291; 267; 33106
292; 267; 33033
293; 267; 33060
294; 267; 33153
295; 267; 33169
296; 267; 33121
297; 267; 33142
298; 267; 33236
299; 267; 33276
300; 267; 33240
301; 267; 33253
302; 267; 33353
303; 267; 33450
304; 267; 33416
305; 267; 33224
306; 267; 33065
307; 267; 33128
308; 267; 33395
309; 267; 33494
310; 267; 33360
311; 267; 33334
312; 267; 33652
313; 267; 33803
314; 267; 33569
315; 267; 33296
316; 267; 33255
317; 267; 33323
318; 267; 33411
319; 267; 33413
320; 267; 33329
321; 267; 33353
322; 267; 33567
323; 267; 33768
324; 267; 33742
325; 267; 33669
326; 267; 33819
327; 267; 33962
328; 267; 33787
329; 267; 33259
330; 267; 32993
331; 267; 32921
332; 267; 32886
333; 267; 32850
334; 267; 32955
335; 267; 33084
336; 267; 32967
284; 268; 33211
285; 268; 33045
286; 268; 33133
287; 268; 33208
288; 268; 33439
289; 268; 33538
290; 268; 33462
291; 268; 33312
292; 268; 33180
293; 268; 33164
294; 268; 33252
295; 268; 33267
296; 268; 33154
297; 268; 33063
298; 268; 33134
299; 268; 33221
300; 268; 33220
301; 268; 33193
302; 268; 33248
303; 268; 33357
304; 268; 33391
305; 268; 33292
306; 268; 33212
307; 268; 33402
308; 268; 33793
309; 268; 33682
310; 268; 33326
311; 268; 33354
312; 268; 34123
313; 268; 34615
314; 268; 34259
315; 268; 33500
316; 268; 33294
317; 268; 33582
318; 268; 33773
319; 268; 33640
320; 268; 33402
321; 268; 33374
322; 268; 33518
323; 268; 33777
324; 268; 33876
325; 268; 33801
326; 268; 33841
327; 268; 33991
328; 268; 33972
329; 268; 33578
330; 268; 33119
331; 268; 32926
332; 268; 32910
333; 268; 32897
334; 268; 32919
335; 268; 32958
336; 268; 32905
284; 269; 32984
285; 269; 33275
286; 269; 33281
287; 269; 33143
288; 269; 33052
289; 269; 33382
290; 269; 33446
291; 269; 33368
292; 269; 33272
293; 269; 33254
294; 269; 33336
295; 269; 33379
296; 269; 33296
297; 269; 33182
298; 269; 33206
299; 269; 33275
300; 269; 33269
301; 269; 33192
302; 269; 33143
303; 269; 33199
304; 269; 33285
305; 269; 33322
306; 269; 33386
307; 269; 33754
308; 269; 34212
309; 269; 34196
310; 269; 33629
311; 269; 33514
312; 269; 34344
313; 269; 35074
314; 269; 34884
315; 269; 34237
316; 269; 34030
317; 269; 34426
318; 269; 34610
319; 269; 34340
320; 269; 33811
321; 269; 33427
322; 269; 33400
323; 269; 33583
324; 269; 33784
325; 269; 33830
326; 269; 33848
327; 269; 33947
328; 269; 33968
329; 269; 33763
330; 269; 33390
331; 269; 33074
332; 269; 32896
333; 269; 32865
334; 269; 32875
335; 269; 32875
336; 269; 32874
284; 270; 33264
285; 270; 33197
286; 270; 33288
287; 270; 33140
288; 270; 32924
289; 270; 33040
290; 270; 33249
291; 270; 33328
292; 270; 33280
293; 270; 33255
294; 270; 33312
295; 270; 33392
296; 270; 33417
297; 270; 33395
298; 270; 33401
299; 270; 33428
300; 270; 33443
301; 270; 33407
302; 270; 33291
303; 270; 33199
304; 270; 33218
305; 270; 33291
306; 270; 33390
307; 270; 33743
308; 270; 34364
309; 270; 34570
310; 270; 34189
311; 270; 33787
312; 270; 34068
313; 270; 34784
314; 270; 34956
315; 270; 34827
316; 270; 34895
317; 270; 35175
318; 270; 35226
319; 270; 34960
320; 270; 34424
321; 270; 33600
322; 270; 33183
323; 270; 33178
324; 270; 33435
325; 270; 33690
326; 270; 33850
327; 270; 33953
328; 270; 33949
329; 270; 33824
330; 270; 33534
331; 270; 33197
332; 270; 33019
333; 270; 32928
334; 270; 32902
335; 270; 32898
336; 270; 32842
284; 271; 33511
285; 271; 33226
286; 271; 33187
287; 271; 33191
288; 271; 33025
289; 271; 32993
290; 271; 33171
291; 271; 33340
292; 271; 33308
293; 271; 33258
294; 271; 33283
295; 271; 33337
296; 271; 33395
297; 271; 33447
298; 271; 33457
299; 271; 33459
300; 271; 33571
301; 271; 33700
302; 271; 33624
303; 271; 33393
304; 271; 33274
305; 271; 33282
306; 271; 33292
307; 271; 33507
308; 271; 34203
309; 271; 34656
310; 271; 34565
311; 271; 34051
312; 271; 33789
313; 271; 33996
314; 271; 34506
315; 271; 34902
316; 271; 35230
317; 271; 35402
318; 271; 35381
319; 271; 35282
320; 271; 34783
321; 271; 33785
322; 271; 33071
323; 271; 32981
324; 271; 33186
325; 271; 33580
326; 271; 33909
327; 271; 34065
328; 271; 34024
329; 271; 33847
330; 271; 33608
331; 271; 33238
332; 271; 33004
333; 271; 32930
334; 271; 32930
335; 271; 32898
336; 271; 32878
284; 272; 33653
285; 272; 33469
286; 272; 33195
287; 272; 33092
288; 272; 33301
289; 272; 33412
290; 272; 33244
291; 272; 33317
292; 272; 33261
293; 272; 33225
294; 272; 33280
295; 272; 33287
296; 272; 33282
297; 272; 33313
298; 272; 33308
299; 272; 33294
300; 272; 33485
301; 272; 33768
302; 272; 33800
303; 272; 33573
304; 272; 33394
305; 272; 33337
306; 272; 33266
307; 272; 33311
308; 272; 33867
309; 272; 34560
310; 272; 34633
311; 272; 34386
312; 272; 33824
313; 272; 33568
314; 272; 33794
315; 272; 34452
316; 272; 35049
317; 272; 35317
318; 272; 35350
319; 272; 35279
320; 272; 34739
321; 272; 33752
322; 272; 33148
323; 272; 33066
324; 272; 33242
325; 272; 33561
326; 272; 33873
327; 272; 34052
328; 272; 34040
329; 272; 33890
330; 272; 33674
331; 272; 33268
332; 272; 32976
333; 272; 32913
334; 272; 32960
335; 272; 32908
336; 272; 32870
284; 273; 33773
285; 273; 33637
286; 273; 33455
287; 273; 33363
288; 273; 33472
289; 273; 33476
290; 273; 33185
291; 273; 33136
292; 273; 33177
293; 273; 33208
294; 273; 33241
295; 273; 33225
296; 273; 33202
297; 273; 33204
298; 273; 33178
299; 273; 33140
300; 273; 33289
301; 273; 33590
302; 273; 33716
303; 273; 33611
304; 273; 33488
305; 273; 33422
306; 273; 33332
307; 273; 33302
308; 273; 33603
309; 273; 34276
310; 273; 34613
311; 273; 34539
312; 273; 34199
313; 273; 33575
314; 273; 33359
315; 273; 33725
316; 273; 34476
317; 273; 34959
318; 273; 35126
319; 273; 34979
320; 273; 34320
321; 273; 33416
322; 273; 33158
323; 273; 33282
324; 273; 33401
325; 273; 33523
326; 273; 33689
327; 273; 33858
328; 273; 33920
329; 273; 33864
330; 273; 33733
331; 273; 33328
332; 273; 33004
333; 273; 32947
334; 273; 32969
335; 273; 32874
336; 273; 32939
284; 274; 33745
285; 274; 33784
286; 274; 33637
287; 274; 33454
288; 274; 33485
289; 274; 33557
290; 274; 33362
291; 274; 33173
292; 274; 33275
293; 274; 33278
294; 274; 33131
295; 274; 33061
296; 274; 33135
297; 274; 33208
298; 274; 33188
299; 274; 33123
300; 274; 33176
301; 274; 33391
302; 274; 33573
303; 274; 33622
304; 274; 33590
305; 274; 33499
306; 274; 33386
307; 274; 33344
308; 274; 33438
309; 274; 33858
310; 274; 34408
311; 274; 34542
312; 274; 34430
313; 274; 33750
314; 274; 33175
315; 274; 33219
316; 274; 33730
317; 274; 34292
318; 274; 34512
319; 274; 34365
320; 274; 33733
321; 274; 33067
322; 274; 32988
323; 274; 33226
324; 274; 33376
325; 274; 33441
326; 274; 33559
327; 274; 33719
328; 274; 33808
329; 274; 33812
330; 274; 33739
331; 274; 33403
332; 274; 32983
333; 274; 32930
334; 274; 32936
335; 274; 32877
336; 274; 32866
