159; 230; 32997
160; 230; 33004
161; 230; 33079
162; 230; 33079
163; 230; 33005
164; 230; 32995
165; 230; 33033
166; 230; 33040
167; 230; 33015
168; 230; 33000
169; 230; 33004
170; 230; 33001
171; 230; 32998
172; 230; 33034
173; 230; 33144
174; 230; 33212
175; 230; 33092
176; 230; 32928
177; 230; 32935
178; 230; 33085
179; 230; 33119
180; 230; 33044
181; 230; 33036
182; 230; 33011
183; 230; 32937
184; 230; 32938
185; 230; 33055
186; 230; 33245
187; 230; 33517
188; 230; 33845
189; 230; 33984
190; 230; 33749
191; 230; 33299
192; 230; 33004
193; 230; 32967
194; 230; 32946
195; 230; 32907
196; 230; 32931
197; 230; 32954
198; 230; 32979
199; 230; 33094
200; 230; 33423
201; 230; 33731
202; 230; 33686
203; 230; 33553
204; 230; 33660
205; 230; 33818
206; 230; 33759
207; 230; 33630
208; 230; 33615
209; 230; 33577
210; 230; 33427
211; 230; 33332
212; 230; 33387
213; 230; 33496
214; 230; 33601
215; 230; 33719
216; 230; 33772
159; 231; 33004
160; 231; 33006
161; 231; 33065
162; 231; 33059
163; 231; 33005
164; 231; 33003
165; 231; 33031
166; 231; 33028
167; 231; 33017
168; 231; 33032
169; 231; 32998
170; 231; 32999
171; 231; 33032
172; 231; 33042
173; 231; 33120
174; 231; 33229
175; 231; 33171
176; 231; 32976
177; 231; 32990
178; 231; 33144
179; 231; 33128
180; 231; 33055
181; 231; 33132
182; 231; 33163
183; 231; 33040
184; 231; 33068
185; 231; 33328
186; 231; 33574
187; 231; 33766
188; 231; 33925
189; 231; 33832
190; 231; 33440
191; 231; 33071
192; 231; 32964
193; 231; 33005
194; 231; 32973
195; 231; 32912
196; 231; 32933
197; 231; 32975
198; 231; 32988
199; 231; 33060
200; 231; 33326
201; 231; 33589
202; 231; 33519
203; 231; 33370
204; 231; 33515
205; 231; 33767
206; 231; 33766
207; 231; 33633
208; 231; 33590
209; 231; 33504
210; 231; 33298
211; 231; 33206
212; 231; 33308
213; 231; 33432
214; 231; 33527
215; 231; 33666
216; 231; 33767
159; 232; 32963
160; 232; 32987
161; 232; 33048
162; 232; 33007
163; 232; 32958
164; 232; 32983
165; 232; 32998
166; 232; 32986
167; 232; 32997
168; 232; 33014
169; 232; 32985
170; 232; 33014
171; 232; 33065
172; 232; 33036
173; 232; 33039
174; 232; 33180
175; 232; 33286
176; 232; 33214
177; 232; 33245
178; 232; 33357
179; 232; 33266
180; 232; 33173
181; 232; 33346
182; 232; 33467
183; 232; 33363
184; 232; 33399
185; 232; 33679
186; 232; 33865
187; 232; 33888
188; 232; 33830
189; 232; 33564
190; 232; 33165
191; 232; 32969
192; 232; 33000
193; 232; 33010
194; 232; 32953
195; 232; 32918
196; 232; 32920
197; 232; 32964
198; 232; 32968
199; 232; 32993
200; 232; 33173
201; 232; 33412
202; 232; 33421
203; 232; 33325
204; 232; 33444
205; 232; 33695
206; 232; 33776
207; 232; 33701
208; 232; 33613
209; 232; 33425
210; 232; 33162
211; 232; 33086
212; 232; 33234
213; 232; 33394
214; 232; 33511
215; 232; 33673
216; 232; 33812
159; 233; 32934
160; 233; 32963
161; 233; 33034
162; 233; 33004
163; 233; 32936
164; 233; 32939
165; 233; 32966
166; 233; 32981
167; 233; 32998
168; 233; 33005
169; 233; 32985
170; 233; 33018
171; 233; 33101
172; 233; 33081
173; 233; 33012
174; 233; 33098
175; 233; 33282
176; 233; 33327
177; 233; 33399
178; 233; 33529
179; 233; 33449
180; 233; 33310
181; 233; 33457
182; 233; 33648
183; 233; 33639
184; 233; 33706
185; 233; 33945
186; 233; 34027
187; 233; 33885
188; 233; 33686
189; 233; 33425
190; 233; 33150
191; 233; 33039
192; 233; 33023
193; 233; 32948
194; 233; 32917
195; 233; 32916
196; 233; 32907
197; 233; 32931
198; 233; 32928
199; 233; 32928
200; 233; 33042
201; 233; 33354
202; 233; 33630
203; 233; 33679
204; 233; 33664
205; 233; 33740
206; 233; 33806
207; 233; 33757
208; 233; 33591
209; 233; 33314
210; 233; 33065
211; 233; 33032
212; 233; 33177
213; 233; 33339
214; 233; 33486
215; 233; 33661
216; 233; 33812
159; 234; 32979
160; 234; 32984
161; 234; 33015
162; 234; 32992
163; 234; 32940
164; 234; 32938
165; 234; 32975
166; 234; 33005
167; 234; 33023
168; 234; 33025
169; 234; 33002
170; 234; 33013
171; 234; 33086
172; 234; 33076
173; 234; 33016
174; 234; 33051
175; 234; 33121
176; 234; 33127
177; 234; 33209
178; 234; 33403
179; 234; 33458
180; 234; 33347
181; 234; 33380
182; 234; 33562
183; 234; 33686
184; 234; 33847
185; 234; 34072
186; 234; 34069
187; 234; 33792
188; 234; 33540
189; 234; 33437
190; 234; 33346
191; 234; 33180
192; 234; 33003
193; 234; 32931
194; 234; 32950
195; 234; 32896
196; 234; 32900
197; 234; 32920
198; 234; 32912
199; 234; 32909
200; 234; 33025
201; 234; 33476
202; 234; 34031
203; 234; 34203
204; 234; 34021
205; 234; 33851
206; 234; 33825
207; 234; 33765
208; 234; 33530
209; 234; 33218
210; 234; 33044
211; 234; 33060
212; 234; 33162
213; 234; 33286
214; 234; 33445
215; 234; 33614
216; 234; 33739
159; 235; 32976
160; 235; 32968
161; 235; 32972
162; 235; 32965
163; 235; 32974
164; 235; 32972
165; 235; 32981
166; 235; 33010
167; 235; 33047
168; 235; 33056
169; 235; 33032
170; 235; 32994
171; 235; 32996
172; 235; 32994
173; 235; 32979
174; 235; 33004
175; 235; 33007
176; 235; 32945
177; 235; 32990
178; 235; 33162
179; 235; 33304
180; 235; 33275
181; 235; 33240
182; 235; 33383
183; 235; 33632
184; 235; 33912
185; 235; 34130
186; 235; 34032
187; 235; 33643
188; 235; 33401
189; 235; 33495
190; 235; 33553
191; 235; 33287
192; 235; 33004
193; 235; 32958
194; 235; 32947
195; 235; 32914
196; 235; 32935
197; 235; 32930
198; 235; 32916
199; 235; 32937
200; 235; 33136
201; 235; 33665
202; 235; 34241
203; 235; 34425
204; 235; 34183
205; 235; 33894
206; 235; 33820
207; 235; 33798
208; 235; 33578
209; 235; 33270
210; 235; 33118
211; 235; 33126
212; 235; 33180
213; 235; 33273
214; 235; 33437
215; 235; 33592
216; 235; 33676
159; 236; 32964
160; 236; 32980
161; 236; 32984
162; 236; 32990
163; 236; 33015
164; 236; 32999
165; 236; 32981
166; 236; 32983
167; 236; 33013
168; 236; 33029
169; 236; 33010
170; 236; 32980
171; 236; 32941
172; 236; 32932
173; 236; 32942
174; 236; 32982
175; 236; 33014
176; 236; 32957
177; 236; 32940
178; 236; 33065
179; 236; 33181
180; 236; 33187
181; 236; 33148
182; 236; 33312
183; 236; 33660
184; 236; 33980
185; 236; 34105
186; 236; 33911
187; 236; 33525
188; 236; 33392
189; 236; 33638
190; 236; 33737
191; 236; 33379
192; 236; 33028
193; 236; 32957
194; 236; 32907
195; 236; 32918
196; 236; 32920
197; 236; 32903
198; 236; 32913
199; 236; 33020
200; 236; 33340
201; 236; 33769
202; 236; 34113
203; 236; 34182
204; 236; 33973
205; 236; 33753
206; 236; 33762
207; 236; 33862
208; 236; 33754
209; 236; 33482
210; 236; 33284
211; 236; 33209
212; 236; 33206
213; 236; 33300
214; 236; 33484
215; 236; 33631
216; 236; 33682
159; 237; 32935
160; 237; 32962
161; 237; 33012
162; 237; 33057
163; 237; 33056
164; 237; 33006
165; 237; 32992
166; 237; 33020
167; 237; 33006
168; 237; 33031
169; 237; 33007
170; 237; 32947
171; 237; 32929
172; 237; 32934
173; 237; 32955
174; 237; 32992
175; 237; 33037
176; 237; 33048
177; 237; 33009
178; 237; 33017
179; 237; 33083
180; 237; 33092
181; 237; 33091
182; 237; 33322
183; 237; 33743
184; 237; 33998
185; 237; 33936
186; 237; 33722
187; 237; 33561
188; 237; 33635
189; 237; 33899
190; 237; 33936
191; 237; 33503
192; 237; 33061
193; 237; 32944
194; 237; 32890
195; 237; 32885
196; 237; 32892
197; 237; 32905
198; 237; 32994
199; 237; 33254
200; 237; 33550
201; 237; 33736
202; 237; 33784
203; 237; 33714
204; 237; 33554
205; 237; 33438
206; 237; 33531
207; 237; 33732
208; 237; 33784
209; 237; 33650
210; 237; 33476
211; 237; 33330
212; 237; 33260
213; 237; 33352
214; 237; 33559
215; 237; 33710
216; 237; 33737
159; 238; 32957
160; 238; 32960
161; 238; 33014
162; 238; 33097
163; 238; 33095
164; 238; 33017
165; 238; 32990
166; 238; 33073
167; 238; 33100
168; 238; 33105
169; 238; 33051
170; 238; 32939
171; 238; 32921
172; 238; 32961
173; 238; 33012
174; 238; 33006
175; 238; 33005
176; 238; 33042
177; 238; 33028
178; 238; 32975
179; 238; 32981
180; 238; 32991
181; 238; 33017
182; 238; 33298
183; 238; 33756
184; 238; 33906
185; 238; 33702
186; 238; 33604
187; 238; 33765
188; 238; 33956
189; 238; 34071
190; 238; 34031
191; 238; 33659
192; 238; 33156
193; 238; 32936
194; 238; 32900
195; 238; 32873
196; 238; 32919
197; 238; 33026
198; 238; 33275
199; 238; 33536
200; 238; 33624
201; 238; 33548
202; 238; 33414
203; 238; 33265
204; 238; 33112
205; 238; 33054
206; 238; 33161
207; 238; 33336
208; 238; 33490
209; 238; 33567
210; 238; 33583
211; 238; 33499
212; 238; 33376
213; 238; 33414
214; 238; 33614
215; 238; 33769
216; 238; 33781
159; 239; 33000
160; 239; 32973
161; 239; 32978
162; 239; 33084
163; 239; 33095
164; 239; 33019
165; 239; 32968
166; 239; 33054
167; 239; 33131
168; 239; 33137
169; 239; 33081
170; 239; 32964
171; 239; 32904
172; 239; 32937
173; 239; 32986
174; 239; 32991
175; 239; 32987
176; 239; 33001
177; 239; 32992
178; 239; 32956
179; 239; 32963
180; 239; 32967
181; 239; 33001
182; 239; 33288
183; 239; 33705
184; 239; 33784
185; 239; 33595
186; 239; 33680
187; 239; 33994
188; 239; 34044
189; 239; 33863
190; 239; 33814
191; 239; 33744
192; 239; 33385
193; 239; 33010
194; 239; 32887
195; 239; 32959
196; 239; 33168
197; 239; 33379
198; 239; 33567
199; 239; 33602
200; 239; 33448
201; 239; 33242
202; 239; 33112
203; 239; 33018
204; 239; 32930
205; 239; 32963
206; 239; 33032
207; 239; 33059
208; 239; 33163
209; 239; 33360
210; 239; 33591
211; 239; 33661
212; 239; 33546
213; 239; 33513
214; 239; 33660
215; 239; 33793
216; 239; 33797
159; 240; 33022
160; 240; 32957
161; 240; 32951
162; 240; 33034
163; 240; 33049
164; 240; 33008
165; 240; 32985
166; 240; 33002
167; 240; 33047
168; 240; 33069
169; 240; 33063
170; 240; 33009
171; 240; 32937
172; 240; 32908
173; 240; 32925
174; 240; 32991
175; 240; 33037
176; 240; 33042
177; 240; 32983
178; 240; 32946
179; 240; 32990
180; 240; 33020
181; 240; 33055
182; 240; 33303
183; 240; 33644
184; 240; 33715
185; 240; 33651
186; 240; 33865
187; 240; 34106
188; 240; 33829
189; 240; 33327
190; 240; 33326
191; 240; 33683
192; 240; 33665
193; 240; 33284
194; 240; 33057
195; 240; 33219
196; 240; 33515
197; 240; 33647
198; 240; 33571
199; 240; 33367
200; 240; 33139
201; 240; 32997
202; 240; 32999
203; 240; 33024
204; 240; 32957
205; 240; 32908
206; 240; 32948
207; 240; 32996
208; 240; 33081
209; 240; 33252
210; 240; 33522
211; 240; 33693
212; 240; 33668
213; 240; 33653
214; 240; 33752
215; 240; 33827
216; 240; 33809
159; 241; 33047
160; 241; 32997
161; 241; 32942
162; 241; 32945
163; 241; 32996
164; 241; 33008
165; 241; 33004
166; 241; 32970
167; 241; 32969
168; 241; 32985
169; 241; 33023
170; 241; 33057
171; 241; 32988
172; 241; 32916
173; 241; 32940
174; 241; 33017
175; 241; 33062
176; 241; 33047
177; 241; 32975
178; 241; 32941
179; 241; 32987
180; 241; 33053
181; 241; 33120
182; 241; 33346
183; 241; 33635
184; 241; 33726
185; 241; 33767
186; 241; 34008
187; 241; 34070
188; 241; 33528
189; 241; 32971
190; 241; 33083
191; 241; 33549
192; 241; 33869
193; 241; 33676
194; 241; 33464
195; 241; 33562
196; 241; 33727
197; 241; 33632
198; 241; 33332
199; 241; 33093
200; 241; 32994
201; 241; 32971
202; 241; 33020
203; 241; 33076
204; 241; 33055
205; 241; 33008
206; 241; 33010
207; 241; 33046
208; 241; 33102
209; 241; 33196
210; 241; 33365
211; 241; 33532
212; 241; 33639
213; 241; 33746
214; 241; 33861
215; 241; 33885
216; 241; 33812
159; 242; 33098
160; 242; 33064
161; 242; 32946
162; 242; 32934
163; 242; 32950
164; 242; 32998
165; 242; 33013
166; 242; 32995
167; 242; 32949
168; 242; 32926
169; 242; 32999
170; 242; 33051
171; 242; 33020
172; 242; 32969
173; 242; 32970
174; 242; 33009
175; 242; 33014
176; 242; 32981
177; 242; 32953
178; 242; 32955
179; 242; 32998
180; 242; 33058
181; 242; 33168
182; 242; 33432
183; 242; 33709
184; 242; 33800
185; 242; 33869
186; 242; 34060
187; 242; 33990
188; 242; 33402
189; 242; 32894
190; 242; 33014
191; 242; 33508
192; 242; 33959
193; 242; 33944
194; 242; 33792
195; 242; 33777
196; 242; 33750
197; 242; 33507
198; 242; 33179
199; 242; 33040
200; 242; 33070
201; 242; 33059
202; 242; 32987
203; 242; 32958
204; 242; 32980
205; 242; 32974
206; 242; 32970
207; 242; 33020
208; 242; 33069
209; 242; 33096
210; 242; 33162
211; 242; 33287
212; 242; 33452
213; 242; 33712
214; 242; 33884
215; 242; 33900
216; 242; 33794
159; 243; 33126
160; 243; 33113
161; 243; 32990
162; 243; 32951
163; 243; 32973
164; 243; 32999
165; 243; 32981
166; 243; 32972
167; 243; 32957
168; 243; 32945
169; 243; 32971
170; 243; 32983
171; 243; 32987
172; 243; 32981
173; 243; 32990
174; 243; 33003
175; 243; 32979
176; 243; 32962
177; 243; 32987
178; 243; 33006
179; 243; 33029
180; 243; 33107
181; 243; 33287
182; 243; 33560
183; 243; 33790
184; 243; 33864
185; 243; 33924
186; 243; 34041
187; 243; 33945
188; 243; 33497
189; 243; 33083
190; 243; 33135
191; 243; 33570
192; 243; 33949
193; 243; 33965
194; 243; 33805
195; 243; 33717
196; 243; 33643
197; 243; 33448
198; 243; 33217
199; 243; 33122
200; 243; 33110
201; 243; 33024
202; 243; 32928
203; 243; 32936
204; 243; 32946
205; 243; 32936
206; 243; 32936
207; 243; 32948
208; 243; 32958
209; 243; 32990
210; 243; 33066
211; 243; 33162
212; 243; 33271
213; 243; 33429
214; 243; 33747
215; 243; 33831
216; 243; 33775
159; 244; 33077
160; 244; 33067
161; 244; 33039
162; 244; 33040
163; 244; 33066
164; 244; 33033
165; 244; 32950
166; 244; 32921
167; 244; 32956
168; 244; 32985
169; 244; 32981
170; 244; 32956
171; 244; 32948
172; 244; 32948
173; 244; 32997
174; 244; 33013
175; 244; 32960
176; 244; 32929
177; 244; 32975
178; 244; 33010
179; 244; 33055
180; 244; 33232
181; 244; 33506
182; 244; 33716
183; 244; 33810
184; 244; 33848
185; 244; 33897
186; 244; 33952
187; 244; 33911
188; 244; 33687
189; 244; 33423
190; 244; 33408
191; 244; 33677
192; 244; 33943
193; 244; 33859
194; 244; 33600
195; 244; 33501
196; 244; 33515
197; 244; 33422
198; 244; 33223
199; 244; 33069
200; 244; 32991
201; 244; 32940
202; 244; 32931
203; 244; 32944
204; 244; 32934
205; 244; 32924
206; 244; 32923
207; 244; 32905
208; 244; 32903
209; 244; 32951
210; 244; 33066
211; 244; 33153
212; 244; 33175
213; 244; 33218
214; 244; 33446
215; 244; 33767
216; 244; 33810
159; 245; 33118
160; 245; 33037
161; 245; 33032
162; 245; 33075
163; 245; 33121
164; 245; 33101
165; 245; 33013
166; 245; 32964
167; 245; 32971
168; 245; 32980
169; 245; 33013
170; 245; 32996
171; 245; 32956
172; 245; 32940
173; 245; 33012
174; 245; 33028
175; 245; 32976
176; 245; 32936
177; 245; 32945
178; 245; 32984
179; 245; 33089
180; 245; 33385
181; 245; 33727
182; 245; 33828
183; 245; 33758
184; 245; 33738
185; 245; 33772
186; 245; 33802
187; 245; 33846
188; 245; 33822
189; 245; 33658
190; 245; 33569
191; 245; 33751
192; 245; 33932
193; 245; 33812
194; 245; 33393
195; 245; 33337
196; 245; 33407
197; 245; 33318
198; 245; 33104
199; 245; 32977
200; 245; 32949
201; 245; 32928
202; 245; 32912
203; 245; 32906
204; 245; 32907
205; 245; 32888
206; 245; 32901
207; 245; 32931
208; 245; 32941
209; 245; 32959
210; 245; 33030
211; 245; 33104
212; 245; 33105
213; 245; 33081
214; 245; 33318
215; 245; 33799
216; 245; 33875
159; 246; 33374
160; 246; 33235
161; 246; 33143
162; 246; 33063
163; 246; 33052
164; 246; 33092
165; 246; 33092
166; 246; 33015
167; 246; 32975
168; 246; 32983
169; 246; 33022
170; 246; 33024
171; 246; 32984
172; 246; 32962
173; 246; 33014
174; 246; 33038
175; 246; 33012
176; 246; 32973
177; 246; 32957
178; 246; 32978
179; 246; 33141
180; 246; 33504
181; 246; 33845
182; 246; 33887
183; 246; 33733
184; 246; 33653
185; 246; 33670
186; 246; 33706
187; 246; 33790
188; 246; 33820
189; 246; 33653
190; 246; 33516
191; 246; 33702
192; 246; 33908
193; 246; 33764
194; 246; 33316
195; 246; 33278
196; 246; 33314
197; 246; 33206
198; 246; 33012
199; 246; 32907
200; 246; 32904
201; 246; 32893
202; 246; 32892
203; 246; 32912
204; 246; 32897
205; 246; 32887
206; 246; 32910
207; 246; 32923
208; 246; 32941
209; 246; 32959
210; 246; 32978
211; 246; 33005
212; 246; 33033
213; 246; 33036
214; 246; 33293
215; 246; 33838
216; 246; 33907
159; 247; 33646
160; 247; 33577
161; 247; 33420
162; 247; 33201
163; 247; 33060
164; 247; 33048
165; 247; 33077
166; 247; 33051
167; 247; 32998
168; 247; 33005
169; 247; 33003
170; 247; 32987
171; 247; 32996
172; 247; 33001
173; 247; 33034
174; 247; 33034
175; 247; 33028
176; 247; 32991
177; 247; 32959
178; 247; 32997
179; 247; 33193
180; 247; 33555
181; 247; 33874
182; 247; 33953
183; 247; 33839
184; 247; 33737
185; 247; 33731
186; 247; 33758
187; 247; 33783
188; 247; 33712
189; 247; 33485
190; 247; 33359
191; 247; 33581
192; 247; 33829
193; 247; 33719
194; 247; 33289
195; 247; 33242
196; 247; 33262
197; 247; 33175
198; 247; 33022
199; 247; 32927
200; 247; 32908
201; 247; 32887
202; 247; 32880
203; 247; 32894
204; 247; 32887
205; 247; 32896
206; 247; 32919
207; 247; 32912
208; 247; 32924
209; 247; 32916
210; 247; 32918
211; 247; 32946
212; 247; 32949
213; 247; 32970
214; 247; 33313
215; 247; 33864
216; 247; 33894
159; 248; 33550
160; 248; 33619
161; 248; 33573
162; 248; 33469
163; 248; 33332
164; 248; 33187
165; 248; 33101
166; 248; 33058
167; 248; 33018
168; 248; 33021
169; 248; 33023
170; 248; 32991
171; 248; 33023
172; 248; 33044
173; 248; 33053
174; 248; 33028
175; 248; 33008
176; 248; 32983
177; 248; 32960
178; 248; 33052
179; 248; 33276
180; 248; 33608
181; 248; 33904
182; 248; 34055
183; 248; 34035
184; 248; 33959
185; 248; 33942
186; 248; 33911
187; 248; 33778
188; 248; 33568
189; 248; 33361
190; 248; 33326
191; 248; 33564
192; 248; 33806
193; 248; 33756
194; 248; 33358
195; 248; 33226
196; 248; 33196
197; 248; 33120
198; 248; 33015
199; 248; 32952
200; 248; 32915
201; 248; 32893
202; 248; 32902
203; 248; 32900
204; 248; 32892
205; 248; 32907
206; 248; 32919
207; 248; 32928
208; 248; 32939
209; 248; 32939
210; 248; 32931
211; 248; 32948
212; 248; 32931
213; 248; 32988
214; 248; 33408
215; 248; 33865
216; 248; 33863
159; 249; 33181
160; 249; 33267
161; 249; 33379
162; 249; 33564
163; 249; 33655
164; 249; 33502
165; 249; 33248
166; 249; 33069
167; 249; 33002
168; 249; 33014
169; 249; 33029
170; 249; 33032
171; 249; 33055
172; 249; 33052
173; 249; 33010
174; 249; 32998
175; 249; 33002
176; 249; 32975
177; 249; 32981
178; 249; 33144
179; 249; 33436
180; 249; 33716
181; 249; 33942
182; 249; 34112
183; 249; 34163
184; 249; 34143
185; 249; 34137
186; 249; 34017
187; 249; 33718
188; 249; 33444
189; 249; 33372
190; 249; 33476
191; 249; 33690
192; 249; 33891
193; 249; 33847
194; 249; 33545
195; 249; 33254
196; 249; 33100
197; 249; 32986
198; 249; 32932
199; 249; 32911
200; 249; 32907
201; 249; 32902
202; 249; 32921
203; 249; 32937
204; 249; 32905
205; 249; 32904
206; 249; 32902
207; 249; 32910
208; 249; 32930
209; 249; 32942
210; 249; 32940
211; 249; 32960
212; 249; 32966
213; 249; 33117
214; 249; 33552
215; 249; 33812
216; 249; 33828
159; 250; 33004
160; 250; 33028
161; 250; 33130
162; 250; 33396
163; 250; 33685
164; 250; 33713
165; 250; 33447
166; 250; 33139
167; 250; 33010
168; 250; 33014
169; 250; 33012
170; 250; 33029
171; 250; 33040
172; 250; 33015
173; 250; 32973
174; 250; 32988
175; 250; 33018
176; 250; 32980
177; 250; 33028
178; 250; 33274
179; 250; 33588
180; 250; 33783
181; 250; 33928
182; 250; 34072
183; 250; 34136
184; 250; 34164
185; 250; 34189
186; 250; 34025
187; 250; 33653
188; 250; 33399
189; 250; 33456
190; 250; 33667
191; 250; 33844
192; 250; 33953
193; 250; 33945
194; 250; 33795
195; 250; 33501
196; 250; 33164
197; 250; 32982
198; 250; 32929
199; 250; 32923
200; 250; 32932
201; 250; 32913
202; 250; 32904
203; 250; 32927
204; 250; 32903
205; 250; 32892
206; 250; 32919
207; 250; 32952
208; 250; 32946
209; 250; 32922
210; 250; 32973
211; 250; 33006
212; 250; 33038
213; 250; 33317
214; 250; 33705
215; 250; 33819
216; 250; 33825
159; 251; 32963
160; 251; 32948
161; 251; 33032
162; 251; 33229
163; 251; 33488
164; 251; 33683
165; 251; 33615
166; 251; 33328
167; 251; 33114
168; 251; 33070
169; 251; 33059
170; 251; 33031
171; 251; 33017
172; 251; 32993
173; 251; 32975
174; 251; 33026
175; 251; 33082
176; 251; 33043
177; 251; 33111
178; 251; 33367
179; 251; 33621
180; 251; 33748
181; 251; 33907
182; 251; 34040
183; 251; 34045
184; 251; 34055
185; 251; 34112
186; 251; 33985
187; 251; 33668
188; 251; 33496
189; 251; 33624
190; 251; 33841
191; 251; 33950
192; 251; 33961
193; 251; 33946
194; 251; 33958
195; 251; 33934
196; 251; 33676
197; 251; 33269
198; 251; 33006
199; 251; 32934
200; 251; 32934
201; 251; 32942
202; 251; 32924
203; 251; 32908
204; 251; 32883
205; 251; 32923
206; 251; 33030
207; 251; 33043
208; 251; 32946
209; 251; 32915
210; 251; 33018
211; 251; 33006
212; 251; 33138
213; 251; 33613
214; 251; 33894
215; 251; 33899
216; 251; 33836
159; 252; 32995
160; 252; 32986
161; 252; 33016
162; 252; 33117
163; 252; 33319
164; 252; 33536
165; 252; 33688
166; 252; 33542
167; 252; 33287
168; 252; 33187
169; 252; 33169
170; 252; 33110
171; 252; 33075
172; 252; 33056
173; 252; 33053
174; 252; 33140
175; 252; 33222
176; 252; 33206
177; 252; 33266
178; 252; 33437
179; 252; 33556
180; 252; 33683
181; 252; 33998
182; 252; 34117
183; 252; 34021
184; 252; 33953
185; 252; 34019
186; 252; 33968
187; 252; 33794
188; 252; 33758
189; 252; 33896
190; 252; 34009
191; 252; 33994
192; 252; 33890
193; 252; 33835
194; 252; 33975
195; 252; 34205
196; 252; 34208
197; 252; 33827
198; 252; 33274
199; 252; 32918
200; 252; 32882
201; 252; 32982
202; 252; 32928
203; 252; 32880
204; 252; 32919
205; 252; 32986
206; 252; 33030
207; 252; 32986
208; 252; 32948
209; 252; 32918
210; 252; 32907
211; 252; 33064
212; 252; 33508
213; 252; 33918
214; 252; 34065
215; 252; 33995
216; 252; 33812
159; 253; 33022
160; 253; 32971
161; 253; 32986
162; 253; 32997
163; 253; 33100
164; 253; 33265
165; 253; 33536
166; 253; 33549
167; 253; 33354
168; 253; 33256
169; 253; 33244
170; 253; 33182
171; 253; 33105
172; 253; 33133
173; 253; 33205
174; 253; 33307
175; 253; 33365
176; 253; 33370
177; 253; 33447
178; 253; 33515
179; 253; 33507
180; 253; 33630
181; 253; 34097
182; 253; 34197
183; 253; 34049
184; 253; 33957
185; 253; 34018
186; 253; 34007
187; 253; 33955
188; 253; 34016
189; 253; 34115
190; 253; 34101
191; 253; 33968
192; 253; 33797
193; 253; 33717
194; 253; 33861
195; 253; 34161
196; 253; 34260
197; 253; 34089
198; 253; 33674
199; 253; 33305
200; 253; 33123
201; 253; 32984
202; 253; 32874
203; 253; 32869
204; 253; 32935
205; 253; 32985
206; 253; 32933
207; 253; 32902
208; 253; 32924
209; 253; 32890
210; 253; 33155
211; 253; 33566
212; 253; 33889
213; 253; 34092
214; 253; 34117
215; 253; 33955
216; 253; 33754
159; 254; 33139
160; 254; 33002
161; 254; 32970
162; 254; 32947
163; 254; 32955
164; 254; 33030
165; 254; 33231
166; 254; 33310
167; 254; 33245
168; 254; 33221
169; 254; 33273
170; 254; 33226
171; 254; 33056
172; 254; 33097
173; 254; 33249
174; 254; 33410
175; 254; 33452
176; 254; 33459
177; 254; 33538
178; 254; 33528
179; 254; 33478
180; 254; 33636
181; 254; 34098
182; 254; 34156
183; 254; 34055
184; 254; 34045
185; 254; 34100
186; 254; 34064
187; 254; 34031
188; 254; 34093
189; 254; 34138
190; 254; 34069
191; 254; 33932
192; 254; 33807
193; 254; 33759
194; 254; 33837
195; 254; 34004
196; 254; 34112
197; 254; 34038
198; 254; 33868
199; 254; 33811
200; 254; 33741
201; 254; 33453
202; 254; 33094
203; 254; 32968
204; 254; 33044
205; 254; 33055
206; 254; 32929
207; 254; 32856
208; 254; 32949
209; 254; 33273
210; 254; 33755
211; 254; 33982
212; 254; 34014
213; 254; 34059
214; 254; 33995
215; 254; 33819
216; 254; 33727
159; 255; 33290
160; 255; 33162
161; 255; 33017
162; 255; 32940
163; 255; 32972
164; 255; 32999
165; 255; 33051
166; 255; 33087
167; 255; 33117
168; 255; 33142
169; 255; 33265
170; 255; 33294
171; 255; 33117
172; 255; 33057
173; 255; 33207
174; 255; 33382
175; 255; 33442
176; 255; 33497
177; 255; 33551
178; 255; 33470
179; 255; 33452
180; 255; 33736
181; 255; 34091
182; 255; 34095
183; 255; 34055
184; 255; 34149
185; 255; 34188
186; 255; 34091
187; 255; 34038
188; 255; 34067
189; 255; 34065
190; 255; 34014
191; 255; 33975
192; 255; 33961
193; 255; 33964
194; 255; 33977
195; 255; 34003
196; 255; 34027
197; 255; 33986
198; 255; 33908
199; 255; 33917
200; 255; 34025
201; 255; 33974
202; 255; 33684
203; 255; 33465
204; 255; 33432
205; 255; 33416
206; 255; 33308
207; 255; 33217
208; 255; 33380
209; 255; 33747
210; 255; 34042
211; 255; 34052
212; 255; 34002
213; 255; 33943
214; 255; 33840
215; 255; 33722
216; 255; 33757
159; 256; 33301
160; 256; 33295
161; 256; 33216
162; 256; 33094
163; 256; 33076
164; 256; 33074
165; 256; 33045
166; 256; 33008
167; 256; 33025
168; 256; 33107
169; 256; 33267
170; 256; 33422
171; 256; 33371
172; 256; 33252
173; 256; 33260
174; 256; 33315
175; 256; 33366
176; 256; 33519
177; 256; 33611
178; 256; 33486
179; 256; 33498
180; 256; 33903
181; 256; 34213
182; 256; 34144
183; 256; 34104
184; 256; 34213
185; 256; 34214
186; 256; 34090
187; 256; 34070
188; 256; 34108
189; 256; 34030
190; 256; 33911
191; 256; 33933
192; 256; 34057
193; 256; 34106
194; 256; 34028
195; 256; 33977
196; 256; 34028
197; 256; 34009
198; 256; 33867
199; 256; 33820
200; 256; 33980
201; 256; 34072
202; 256; 33944
203; 256; 33678
204; 256; 33578
205; 256; 33632
206; 256; 33665
207; 256; 33685
208; 256; 33682
209; 256; 33879
210; 256; 33996
211; 256; 34020
212; 256; 33988
213; 256; 33936
214; 256; 33837
215; 256; 33745
216; 256; 33793
159; 257; 33191
160; 257; 33252
161; 257; 33308
162; 257; 33253
163; 257; 33172
164; 257; 33146
165; 257; 33153
166; 257; 33130
167; 257; 33047
168; 257; 33043
169; 257; 33185
170; 257; 33416
171; 257; 33530
172; 257; 33511
173; 257; 33452
174; 257; 33316
175; 257; 33256
176; 257; 33442
177; 257; 33661
178; 257; 33600
179; 257; 33577
180; 257; 33957
181; 257; 34293
182; 257; 34252
183; 257; 34181
184; 257; 34210
185; 257; 34163
186; 257; 34073
187; 257; 34134
188; 257; 34210
189; 257; 34036
190; 257; 33745
191; 257; 33742
192; 257; 34019
193; 257; 34111
194; 257; 33885
195; 257; 33735
196; 257; 33886
197; 257; 33997
198; 257; 33840
199; 257; 33652
200; 257; 33634
201; 257; 33676
202; 257; 33581
203; 257; 33500
204; 257; 33511
205; 257; 33588
206; 257; 33672
207; 257; 33668
208; 257; 33680
209; 257; 33769
210; 257; 33914
211; 257; 34018
212; 257; 34052
213; 257; 34019
214; 257; 33908
215; 257; 33803
216; 257; 33813
159; 258; 33182
160; 258; 33203
161; 258; 33306
162; 258; 33323
163; 258; 33258
164; 258; 33204
165; 258; 33212
166; 258; 33225
167; 258; 33159
168; 258; 33020
169; 258; 33005
170; 258; 33169
171; 258; 33346
172; 258; 33484
173; 258; 33550
174; 258; 33377
175; 258; 33152
176; 258; 33264
177; 258; 33584
178; 258; 33695
179; 258; 33669
180; 258; 33910
181; 258; 34257
182; 258; 34297
183; 258; 34205
184; 258; 34146
185; 258; 34084
186; 258; 34062
187; 258; 34182
188; 258; 34284
189; 258; 34098
190; 258; 33743
191; 258; 33695
192; 258; 34005
193; 258; 34115
194; 258; 33828
195; 258; 33567
196; 258; 33687
197; 258; 33904
198; 258; 33853
199; 258; 33600
200; 258; 33438
201; 258; 33369
202; 258; 33377
203; 258; 33421
204; 258; 33440
205; 258; 33414
206; 258; 33442
207; 258; 33503
208; 258; 33585
209; 258; 33708
210; 258; 33880
211; 258; 34005
212; 258; 34057
213; 258; 34028
214; 258; 33917
215; 258; 33826
216; 258; 33847
159; 259; 33355
160; 259; 33212
161; 259; 33231
162; 259; 33303
163; 259; 33330
164; 259; 33279
165; 259; 33215
166; 259; 33203
167; 259; 33208
168; 259; 33110
169; 259; 32969
170; 259; 32984
171; 259; 33094
172; 259; 33222
173; 259; 33392
174; 259; 33394
175; 259; 33190
176; 259; 33161
177; 259; 33410
178; 259; 33670
179; 259; 33760
180; 259; 33966
181; 259; 34225
182; 259; 34253
183; 259; 34138
184; 259; 34063
185; 259; 34061
186; 259; 34099
187; 259; 34187
188; 259; 34272
189; 259; 34256
190; 259; 34059
191; 259; 33923
192; 259; 33965
193; 259; 34050
194; 259; 33979
195; 259; 33803
196; 259; 33763
197; 259; 33883
198; 259; 33917
199; 259; 33739
200; 259; 33485
201; 259; 33478
202; 259; 33646
203; 259; 33715
204; 259; 33553
205; 259; 33343
206; 259; 33311
207; 259; 33466
208; 259; 33654
209; 259; 33764
210; 259; 33836
211; 259; 33900
212; 259; 33972
213; 259; 33980
214; 259; 33903
215; 259; 33855
216; 259; 33911
159; 260; 33538
160; 260; 33307
161; 260; 33173
162; 260; 33206
163; 260; 33305
164; 260; 33311
165; 260; 33212
166; 260; 33144
167; 260; 33186
168; 260; 33204
169; 260; 33070
170; 260; 32945
171; 260; 32963
172; 260; 33033
173; 260; 33140
174; 260; 33363
175; 260; 33407
176; 260; 33277
177; 260; 33257
178; 260; 33372
179; 260; 33666
180; 260; 34093
181; 260; 34271
182; 260; 34202
183; 260; 34059
184; 260; 34025
185; 260; 34082
186; 260; 34126
187; 260; 34128
188; 260; 34136
189; 260; 34264
190; 260; 34376
191; 260; 34226
192; 260; 33850
193; 260; 33822
194; 260; 34084
195; 260; 34218
196; 260; 34058
197; 260; 33940
198; 260; 33976
199; 260; 33970
200; 260; 33952
201; 260; 34066
202; 260; 34188
203; 260; 34104
204; 260; 33747
205; 260; 33369
206; 260; 33319
207; 260; 33593
208; 260; 33813
209; 260; 33842
210; 260; 33779
211; 260; 33800
212; 260; 33929
213; 260; 33990
214; 260; 33928
215; 260; 33889
216; 260; 33945
159; 261; 33546
160; 261; 33385
161; 261; 33214
162; 261; 33147
163; 261; 33204
164; 261; 33259
165; 261; 33220
166; 261; 33152
167; 261; 33173
168; 261; 33243
169; 261; 33220
170; 261; 33115
171; 261; 33013
172; 261; 32961
173; 261; 33012
174; 261; 33273
175; 261; 33576
176; 261; 33542
177; 261; 33242
178; 261; 33095
179; 261; 33415
180; 261; 34055
181; 261; 34344
182; 261; 34256
183; 261; 34045
184; 261; 33977
185; 261; 33997
186; 261; 33919
187; 261; 33777
188; 261; 33715
189; 261; 33908
190; 261; 34366
191; 261; 34447
192; 261; 34020
193; 261; 33702
194; 261; 33934
195; 261; 34180
196; 261; 34012
197; 261; 33800
198; 261; 33857
199; 261; 33998
200; 261; 34097
201; 261; 34161
202; 261; 34088
203; 261; 33837
204; 261; 33553
205; 261; 33320
206; 261; 33276
207; 261; 33498
208; 261; 33791
209; 261; 33849
210; 261; 33784
211; 261; 33796
212; 261; 33940
213; 261; 34009
214; 261; 33937
215; 261; 33884
216; 261; 33916
159; 262; 33485
160; 262; 33434
161; 262; 33301
162; 262; 33165
163; 262; 33138
164; 262; 33235
165; 262; 33299
166; 262; 33233
167; 262; 33168
168; 262; 33200
169; 262; 33260
170; 262; 33248
171; 262; 33153
172; 262; 33017
173; 262; 32941
174; 262; 32991
175; 262; 33448
176; 262; 33610
177; 262; 33460
178; 262; 33094
179; 262; 33127
180; 262; 33883
181; 262; 34447
182; 262; 34440
183; 262; 34068
184; 262; 33671
185; 262; 33438
186; 262; 33320
187; 262; 33319
188; 262; 33303
189; 262; 33397
190; 262; 33950
191; 262; 34617
192; 262; 34786
193; 262; 34262
194; 262; 33796
195; 262; 33540
196; 262; 33348
197; 262; 33224
198; 262; 33364
199; 262; 33705
200; 262; 34002
201; 262; 33959
202; 262; 33518
203; 262; 33111
204; 262; 33132
205; 262; 33258
206; 262; 33144
207; 262; 33135
208; 262; 33552
209; 262; 33836
210; 262; 33860
211; 262; 33846
212; 262; 33923
213; 262; 33965
214; 262; 33918
215; 262; 33883
216; 262; 33883
159; 263; 33490
160; 263; 33504
161; 263; 33422
162; 263; 33229
163; 263; 33148
164; 263; 33272
165; 263; 33388
166; 263; 33297
167; 263; 33141
168; 263; 33128
169; 263; 33257
170; 263; 33335
171; 263; 33252
172; 263; 33102
173; 263; 32960
174; 263; 32895
175; 263; 33045
176; 263; 33580
177; 263; 33789
178; 263; 33391
179; 263; 33042
180; 263; 33618
181; 263; 34477
182; 263; 34501
183; 263; 33861
184; 263; 33249
185; 263; 32958
186; 263; 32992
187; 263; 33165
188; 263; 33207
189; 263; 33096
190; 263; 33430
191; 263; 34416
192; 263; 35190
193; 263; 34933
194; 263; 33947
195; 263; 33242
196; 263; 33105
197; 263; 33114
198; 263; 33227
199; 263; 33503
200; 263; 33869
201; 263; 33895
202; 263; 33325
203; 263; 32924
204; 263; 33073
205; 263; 33132
206; 263; 32973
207; 263; 32902
208; 263; 33347
209; 263; 33869
210; 263; 33929
211; 263; 33885
212; 263; 33902
213; 263; 33945
214; 263; 33946
215; 263; 33921
216; 263; 33871
159; 264; 33590
160; 264; 33621
161; 264; 33572
162; 264; 33350
163; 264; 33221
164; 264; 33307
165; 264; 33390
166; 264; 33290
167; 264; 33122
168; 264; 33103
169; 264; 33275
170; 264; 33405
171; 264; 33330
172; 264; 33158
173; 264; 32991
174; 264; 32935
175; 264; 33071
176; 264; 33372
177; 264; 33950
178; 264; 33673
179; 264; 33155
180; 264; 33542
181; 264; 34401
182; 264; 34276
183; 264; 33413
184; 264; 32952
185; 264; 32963
186; 264; 32999
187; 264; 33119
188; 264; 33186
189; 264; 33079
190; 264; 33082
191; 264; 33655
192; 264; 34497
193; 264; 34627
194; 264; 34075
195; 264; 33526
196; 264; 33443
197; 264; 33447
198; 264; 33419
199; 264; 33468
200; 264; 33898
201; 264; 34138
202; 264; 33835
203; 264; 33263
204; 264; 33106
205; 264; 33071
206; 264; 32930
207; 264; 32888
208; 264; 33451
209; 264; 33916
210; 264; 33935
211; 264; 33889
212; 264; 33927
213; 264; 33997
214; 264; 34001
215; 264; 33941
216; 264; 33842
159; 265; 33705
160; 265; 33729
161; 265; 33719
162; 265; 33524
163; 265; 33344
164; 265; 33316
165; 265; 33310
166; 265; 33252
167; 265; 33177
168; 265; 33148
169; 265; 33263
170; 265; 33384
171; 265; 33340
172; 265; 33172
173; 265; 33006
174; 265; 32930
175; 265; 33061
176; 265; 33188
177; 265; 33833
178; 265; 33749
179; 265; 33425
180; 265; 33720
181; 265; 34153
182; 265; 33793
183; 265; 33034
184; 265; 32997
185; 265; 33213
186; 265; 33246
187; 265; 33131
188; 265; 33127
189; 265; 33196
190; 265; 33170
191; 265; 33182
192; 265; 33347
193; 265; 33611
194; 265; 33737
195; 265; 33781
196; 265; 33850
197; 265; 33844
198; 265; 33586
199; 265; 33465
200; 265; 33876
201; 265; 34295
202; 265; 34243
203; 265; 33584
204; 265; 33094
205; 265; 32965
206; 265; 33004
207; 265; 33309
208; 265; 33754
209; 265; 33915
210; 265; 33891
211; 265; 33879
212; 265; 33971
213; 265; 34032
214; 265; 33982
215; 265; 33888
216; 265; 33804
159; 266; 33778
160; 266; 33762
161; 266; 33757
162; 266; 33610
163; 266; 33427
164; 266; 33294
165; 266; 33196
166; 266; 33209
167; 266; 33252
168; 266; 33226
169; 266; 33214
170; 266; 33271
171; 266; 33295
172; 266; 33190
173; 266; 33026
174; 266; 32903
175; 266; 32942
176; 266; 33016
177; 266; 33558
178; 266; 33836
179; 266; 33977
180; 266; 34026
181; 266; 33904
182; 266; 33272
183; 266; 32916
184; 266; 33115
185; 266; 33348
186; 266; 33275
187; 266; 33041
188; 266; 33079
189; 266; 33388
190; 266; 33571
191; 266; 33387
192; 266; 33143
193; 266; 33103
194; 266; 33328
195; 266; 33581
196; 266; 33647
197; 266; 33583
198; 266; 33306
199; 266; 33268
200; 266; 33784
201; 266; 34271
202; 266; 34249
203; 266; 33621
204; 266; 33187
205; 266; 33223
206; 266; 33626
207; 266; 33875
208; 266; 33893
209; 266; 33876
210; 266; 33859
211; 266; 33907
212; 266; 34000
213; 266; 33996
214; 266; 33894
215; 266; 33839
216; 266; 33846
159; 267; 33807
160; 267; 33727
161; 267; 33689
162; 267; 33571
163; 267; 33414
164; 267; 33249
165; 267; 33108
166; 267; 33162
167; 267; 33272
168; 267; 33270
169; 267; 33188
170; 267; 33207
171; 267; 33313
172; 267; 33289
173; 267; 33117
174; 267; 32961
175; 267; 32944
176; 267; 32929
177; 267; 33321
178; 267; 33949
179; 267; 34190
180; 267; 34132
181; 267; 33587
182; 267; 33131
183; 267; 32985
184; 267; 33038
185; 267; 33098
186; 267; 33092
187; 267; 33026
188; 267; 33080
189; 267; 33444
190; 267; 33761
191; 267; 33722
192; 267; 33444
193; 267; 33205
194; 267; 33117
195; 267; 33037
196; 267; 33013
197; 267; 33013
198; 267; 32973
199; 267; 33125
200; 267; 33601
201; 267; 34097
202; 267; 34093
203; 267; 33653
204; 267; 33400
205; 267; 33714
206; 267; 34111
207; 267; 34086
208; 267; 33920
209; 267; 33849
210; 267; 33889
211; 267; 33968
212; 267; 34013
213; 267; 33947
214; 267; 33846
215; 267; 33879
216; 267; 33979
159; 268; 33821
160; 268; 33720
161; 268; 33653
162; 268; 33531
163; 268; 33382
164; 268; 33241
165; 268; 33141
166; 268; 33156
167; 268; 33241
168; 268; 33259
169; 268; 33206
170; 268; 33229
171; 268; 33398
172; 268; 33448
173; 268; 33234
174; 268; 32994
175; 268; 32962
176; 268; 33021
177; 268; 33234
178; 268; 33843
179; 268; 34113
180; 268; 33927
181; 268; 33628
182; 268; 33495
183; 268; 33277
184; 268; 33092
185; 268; 33024
186; 268; 33093
187; 268; 33092
188; 268; 33115
189; 268; 33348
190; 268; 33486
191; 268; 33536
192; 268; 33477
193; 268; 33278
194; 268; 33006
195; 268; 32883
196; 268; 32918
197; 268; 32985
198; 268; 32993
199; 268; 33022
200; 268; 33329
201; 268; 33909
202; 268; 34080
203; 268; 33955
204; 268; 33738
205; 268; 33960
206; 268; 34124
207; 268; 34083
208; 268; 33965
209; 268; 33934
210; 268; 33966
211; 268; 33994
212; 268; 33996
213; 268; 33940
214; 268; 33895
215; 268; 33962
216; 268; 34045
159; 269; 33860
160; 269; 33784
161; 269; 33701
162; 269; 33561
163; 269; 33418
164; 269; 33339
165; 269; 33296
166; 269; 33249
167; 269; 33236
168; 269; 33234
169; 269; 33195
170; 269; 33231
171; 269; 33453
172; 269; 33544
173; 269; 33298
174; 269; 32996
175; 269; 32954
176; 269; 33074
177; 269; 33178
178; 269; 33532
179; 269; 33818
180; 269; 33842
181; 269; 33977
182; 269; 34209
183; 269; 33768
184; 269; 33246
185; 269; 33085
186; 269; 33047
187; 269; 33164
188; 269; 33302
189; 269; 33271
190; 269; 33069
191; 269; 33037
192; 269; 33170
193; 269; 33183
194; 269; 33007
195; 269; 32889
196; 269; 32965
197; 269; 33114
198; 269; 33092
199; 269; 32965
200; 269; 33055
201; 269; 33688
202; 269; 34161
203; 269; 34127
204; 269; 34024
205; 269; 34019
206; 269; 34047
207; 269; 34052
208; 269; 34083
209; 269; 34087
210; 269; 34014
211; 269; 33951
212; 269; 33960
213; 269; 33981
214; 269; 33989
215; 269; 33995
216; 269; 33956
159; 270; 33935
160; 270; 33873
161; 270; 33767
162; 270; 33623
163; 270; 33514
164; 270; 33493
165; 270; 33473
166; 270; 33385
167; 270; 33292
168; 270; 33236
169; 270; 33150
170; 270; 33182
171; 270; 33406
172; 270; 33521
173; 270; 33304
174; 270; 33008
175; 270; 32926
176; 270; 33048
177; 270; 33116
178; 270; 33334
179; 270; 33658
180; 270; 33947
181; 270; 34404
182; 270; 34636
183; 270; 34207
184; 270; 33410
185; 270; 32990
186; 270; 33260
187; 270; 33632
188; 270; 33618
189; 270; 33338
190; 270; 32962
191; 270; 32967
192; 270; 33085
193; 270; 33154
194; 270; 33053
195; 270; 32904
196; 270; 32931
197; 270; 33101
198; 270; 33138
199; 270; 32996
200; 270; 33051
201; 270; 33537
202; 270; 34018
203; 270; 34084
204; 270; 34066
205; 270; 34040
206; 270; 33985
207; 270; 34000
208; 270; 34113
209; 270; 34128
210; 270; 33998
211; 270; 33922
212; 270; 33976
213; 270; 34031
214; 270; 34021
215; 270; 33958
216; 270; 33850
159; 271; 34002
160; 271; 33943
161; 271; 33829
162; 271; 33723
163; 271; 33665
164; 271; 33636
165; 271; 33572
166; 271; 33451
167; 271; 33344
168; 271; 33268
169; 271; 33158
170; 271; 33145
171; 271; 33315
172; 271; 33437
173; 271; 33273
174; 271; 33002
175; 271; 32919
176; 271; 32994
177; 271; 33019
178; 271; 33293
179; 271; 33761
180; 271; 34183
181; 271; 34527
182; 271; 34617
183; 271; 34369
184; 271; 33719
185; 271; 33561
186; 271; 33966
187; 271; 34095
188; 271; 33815
189; 271; 33369
190; 271; 32979
191; 271; 32973
192; 271; 33065
193; 271; 33125
194; 271; 33063
195; 271; 32904
196; 271; 32902
197; 271; 32997
198; 271; 33149
199; 271; 33200
200; 271; 33367
201; 271; 33762
202; 271; 33891
203; 271; 33921
204; 271; 33987
205; 271; 34014
206; 271; 33924
207; 271; 33891
208; 271; 33997
209; 271; 34045
210; 271; 33987
211; 271; 33992
212; 271; 34059
213; 271; 34043
214; 271; 33959
215; 271; 33904
216; 271; 33881
159; 272; 34030
160; 272; 33985
161; 272; 33900
162; 272; 33844
163; 272; 33805
164; 272; 33716
165; 272; 33571
166; 272; 33437
167; 272; 33365
168; 272; 33315
169; 272; 33224
170; 272; 33190
171; 272; 33324
172; 272; 33422
173; 272; 33256
174; 272; 32963
175; 272; 32928
176; 272; 32982
177; 272; 33011
178; 272; 33446
179; 272; 33961
180; 272; 34281
181; 272; 34463
182; 272; 34534
183; 272; 34310
184; 272; 33935
185; 272; 34021
186; 272; 34342
187; 272; 34272
188; 272; 33732
189; 272; 33171
190; 272; 32945
191; 272; 33012
192; 272; 33098
193; 272; 33108
194; 272; 33059
195; 272; 32936
196; 272; 32902
197; 272; 32943
198; 272; 33088
199; 272; 33331
200; 272; 33798
201; 272; 34093
202; 272; 34023
203; 272; 33937
204; 272; 33992
205; 272; 34024
206; 272; 33916
207; 272; 33841
208; 272; 33906
209; 272; 33983
210; 272; 34027
211; 272; 34098
212; 272; 34134
213; 272; 34035
214; 272; 33905
215; 272; 33905
216; 272; 34001
159; 273; 34001
160; 273; 33995
161; 273; 33948
162; 273; 33901
163; 273; 33843
164; 273; 33709
165; 273; 33527
166; 273; 33413
167; 273; 33383
168; 273; 33355
169; 273; 33282
170; 273; 33280
171; 273; 33425
172; 273; 33497
173; 273; 33290
174; 273; 32957
175; 273; 32958
176; 273; 33012
177; 273; 33161
178; 273; 33615
179; 273; 33976
180; 273; 34170
181; 273; 34346
182; 273; 34323
183; 273; 34036
184; 273; 33895
185; 273; 34087
186; 273; 34305
187; 273; 34042
188; 273; 33368
189; 273; 32971
190; 273; 32906
191; 273; 33092
192; 273; 33163
193; 273; 33149
194; 273; 33104
195; 273; 32979
196; 273; 32918
197; 273; 32966
198; 273; 33093
199; 273; 33466
200; 273; 34072
201; 273; 34289
202; 273; 34134
203; 273; 34009
204; 273; 34088
205; 273; 34128
206; 273; 34007
207; 273; 33888
208; 273; 33896
209; 273; 33978
210; 273; 34067
211; 273; 34136
212; 273; 34138
213; 273; 34046
214; 273; 33949
215; 273; 33953
216; 273; 34020
159; 274; 33936
160; 274; 33997
161; 274; 33967
162; 274; 33896
163; 274; 33837
164; 274; 33725
165; 274; 33544
166; 274; 33432
167; 274; 33416
168; 274; 33383
169; 274; 33304
170; 274; 33317
171; 274; 33476
172; 274; 33539
173; 274; 33322
174; 274; 32985
175; 274; 32930
176; 274; 33022
177; 274; 33194
178; 274; 33528
179; 274; 33753
180; 274; 33898
181; 274; 33964
182; 274; 33898
183; 274; 33890
184; 274; 33936
185; 274; 34104
186; 274; 34094
187; 274; 33608
188; 274; 33119
189; 274; 32940
190; 274; 32899
191; 274; 33034
192; 274; 33122
193; 274; 33143
194; 274; 33118
195; 274; 32989
196; 274; 32944
197; 274; 33033
198; 274; 33248
199; 274; 33763
200; 274; 34317
201; 274; 34348
202; 274; 33999
203; 274; 33847
204; 274; 34071
205; 274; 34197
206; 274; 34064
207; 274; 33891
208; 274; 33876
209; 274; 33990
210; 274; 34094
211; 274; 34120
212; 274; 34104
213; 274; 34088
214; 274; 34043
215; 274; 33943
216; 274; 33835
159; 275; 33907
160; 275; 34030
161; 275; 34007
162; 275; 33913
163; 275; 33887
164; 275; 33839
165; 275; 33662
166; 275; 33497
167; 275; 33468
168; 275; 33447
169; 275; 33350
170; 275; 33318
171; 275; 33441
172; 275; 33495
173; 275; 33301
174; 275; 33011
175; 275; 32928
176; 275; 33019
177; 275; 33161
178; 275; 33276
179; 275; 33355
180; 275; 33427
181; 275; 33469
182; 275; 33620
183; 275; 34006
184; 275; 34251
185; 275; 34231
186; 275; 33874
187; 275; 33331
188; 275; 33072
189; 275; 33011
190; 275; 32911
191; 275; 32928
192; 275; 33015
193; 275; 33066
194; 275; 33054
195; 275; 32985
196; 275; 32979
197; 275; 33183
198; 275; 33543
199; 275; 34071
200; 275; 34494
201; 275; 34408
202; 275; 33835
203; 275; 33692
204; 275; 33936
205; 275; 34110
206; 275; 33971
207; 275; 33808
208; 275; 33854
209; 275; 34044
210; 275; 34131
211; 275; 34107
212; 275; 34088
213; 275; 34133
214; 275; 34088
215; 275; 33847
216; 275; 33594
159; 276; 33905
160; 276; 34041
161; 276; 34066
162; 276; 33978
163; 276; 33957
164; 276; 33941
165; 276; 33776
166; 276; 33572
167; 276; 33534
168; 276; 33565
169; 276; 33478
170; 276; 33372
171; 276; 33427
172; 276; 33482
173; 276; 33288
174; 276; 32995
175; 276; 32934
176; 276; 33075
177; 276; 33189
178; 276; 33199
179; 276; 33202
180; 276; 33212
181; 276; 33253
182; 276; 33511
183; 276; 34095
184; 276; 34338
185; 276; 34135
186; 276; 33607
187; 276; 33277
188; 276; 33175
189; 276; 33052
190; 276; 32911
191; 276; 32915
192; 276; 32984
193; 276; 33014
194; 276; 33007
195; 276; 33032
196; 276; 33285
197; 276; 33669
198; 276; 33900
199; 276; 34122
200; 276; 34370
201; 276; 34392
202; 276; 34049
203; 276; 33771
204; 276; 33895
205; 276; 33938
206; 276; 33790
207; 276; 33756
208; 276; 33923
209; 276; 34135
210; 276; 34146
211; 276; 34081
212; 276; 34080
213; 276; 34141
214; 276; 34071
215; 276; 33789
216; 276; 33551
159; 277; 33826
160; 277; 33921
161; 277; 34063
162; 277; 34040
163; 277; 33970
164; 277; 33916
165; 277; 33791
166; 277; 33660
167; 277; 33665
168; 277; 33713
169; 277; 33612
170; 277; 33460
171; 277; 33488
172; 277; 33575
173; 277; 33378
174; 277; 32988
175; 277; 32972
176; 277; 33154
177; 277; 33321
178; 277; 33256
179; 277; 33153
180; 277; 33142
181; 277; 33206
182; 277; 33441
183; 277; 33866
184; 277; 33966
185; 277; 33682
186; 277; 33419
187; 277; 33353
188; 277; 33226
189; 277; 33038
190; 277; 32970
191; 277; 33004
192; 277; 32999
193; 277; 32979
194; 277; 33007
195; 277; 33315
196; 277; 33862
197; 277; 34198
198; 277; 34127
199; 277; 33997
200; 277; 34091
201; 277; 34300
202; 277; 34290
203; 277; 34114
204; 277; 33942
205; 277; 33760
206; 277; 33651
207; 277; 33744
208; 277; 34058
209; 277; 34142
210; 277; 34096
211; 277; 34029
212; 277; 34058
213; 277; 34109
214; 277; 34047
215; 277; 33866
216; 277; 33760
159; 278; 33708
160; 278; 33731
161; 278; 33973
162; 278; 34040
163; 278; 33933
164; 278; 33824
165; 278; 33757
166; 278; 33752
167; 278; 33807
168; 278; 33798
169; 278; 33625
170; 278; 33474
171; 278; 33548
172; 278; 33688
173; 278; 33529
174; 278; 33072
175; 278; 32999
176; 278; 33167
177; 278; 33402
178; 278; 33298
179; 278; 33109
180; 278; 33117
181; 278; 33227
182; 278; 33360
183; 278; 33409
184; 278; 33425
185; 278; 33382
186; 278; 33379
187; 278; 33356
188; 278; 33180
189; 278; 33009
190; 278; 33034
191; 278; 33063
192; 278; 33004
193; 278; 32990
194; 278; 33057
195; 278; 33557
196; 278; 34168
197; 278; 34342
198; 278; 34216
199; 278; 33986
200; 278; 33955
201; 278; 34100
202; 278; 34135
203; 278; 34009
204; 278; 33739
205; 278; 33501
206; 278; 33531
207; 278; 33775
208; 278; 33984
209; 278; 34049
210; 278; 34013
211; 278; 34004
212; 278; 34042
213; 278; 34061
214; 278; 34033
215; 278; 34001
216; 278; 34022
159; 279; 33707
160; 279; 33680
161; 279; 33900
162; 279; 33998
163; 279; 33902
164; 279; 33771
165; 279; 33719
166; 279; 33763
167; 279; 33806
168; 279; 33725
169; 279; 33530
170; 279; 33454
171; 279; 33603
172; 279; 33749
173; 279; 33610
174; 279; 33179
175; 279; 32981
176; 279; 33104
177; 279; 33376
178; 279; 33270
179; 279; 33065
180; 279; 33117
181; 279; 33237
182; 279; 33244
183; 279; 33212
184; 279; 33257
185; 279; 33307
186; 279; 33315
187; 279; 33245
188; 279; 33089
189; 279; 33007
190; 279; 33062
191; 279; 33089
192; 279; 33031
193; 279; 33016
194; 279; 33176
195; 279; 33702
196; 279; 34180
197; 279; 34241
198; 279; 34104
199; 279; 34026
200; 279; 34020
201; 279; 33900
202; 279; 33550
203; 279; 33361
204; 279; 33267
205; 279; 33238
206; 279; 33353
207; 279; 33602
208; 279; 33770
209; 279; 33847
210; 279; 33917
211; 279; 34029
212; 279; 34067
213; 279; 34032
214; 279; 34019
215; 279; 34081
216; 279; 34151
159; 280; 33825
160; 280; 33818
161; 280; 33950
162; 280; 34011
163; 280; 33926
164; 280; 33784
165; 280; 33690
166; 280; 33682
167; 280; 33668
168; 280; 33570
169; 280; 33461
170; 280; 33502
171; 280; 33674
172; 280; 33769
173; 280; 33599
174; 280; 33197
175; 280; 32969
176; 280; 33051
177; 280; 33311
178; 280; 33239
179; 280; 33061
180; 280; 33104
181; 280; 33190
182; 280; 33151
183; 280; 33154
184; 280; 33230
185; 280; 33247
186; 280; 33191
187; 280; 33127
188; 280; 33065
189; 280; 33071
190; 280; 33129
191; 280; 33143
192; 280; 33082
193; 280; 33108
194; 280; 33357
195; 280; 33879
196; 280; 34273
197; 280; 34211
198; 280; 33997
199; 280; 34027
200; 280; 34150
201; 280; 33862
202; 280; 33233
203; 280; 32952
204; 280; 32998
205; 280; 33122
206; 280; 33204
207; 280; 33295
208; 280; 33390
209; 280; 33530
210; 280; 33822
211; 280; 34039
212; 280; 34107
213; 280; 34059
214; 280; 34052
215; 280; 34125
216; 280; 34168
159; 281; 33893
160; 281; 33962
161; 281; 34070
162; 281; 34102
163; 281; 34000
164; 281; 33841
165; 281; 33706
166; 281; 33634
167; 281; 33579
168; 281; 33514
169; 281; 33504
170; 281; 33611
171; 281; 33760
172; 281; 33794
173; 281; 33576
174; 281; 33154
175; 281; 32933
176; 281; 33019
177; 281; 33238
178; 281; 33209
179; 281; 33068
180; 281; 33057
181; 281; 33085
182; 281; 33076
183; 281; 33126
184; 281; 33221
185; 281; 33202
186; 281; 33107
187; 281; 33107
188; 281; 33134
189; 281; 33156
190; 281; 33188
191; 281; 33168
192; 281; 33104
193; 281; 33182
194; 281; 33545
195; 281; 34075
196; 281; 34436
197; 281; 34358
198; 281; 34028
199; 281; 34022
200; 281; 34144
201; 281; 33836
202; 281; 33163
203; 281; 32940
204; 281; 32979
205; 281; 33073
206; 281; 33078
207; 281; 33118
208; 281; 33209
209; 281; 33337
210; 281; 33669
211; 281; 34011
212; 281; 34097
213; 281; 34102
214; 281; 34125
215; 281; 34166
216; 281; 34158
159; 282; 33870
160; 282; 33981
161; 282; 34104
162; 282; 34145
163; 282; 34045
164; 282; 33878
165; 282; 33742
166; 282; 33672
167; 282; 33626
168; 282; 33602
169; 282; 33614
170; 282; 33695
171; 282; 33806
172; 282; 33815
173; 282; 33572
174; 282; 33128
175; 282; 32910
176; 282; 32990
177; 282; 33181
178; 282; 33183
179; 282; 33030
180; 282; 32970
181; 282; 32998
182; 282; 33061
183; 282; 33138
184; 282; 33206
185; 282; 33162
186; 282; 33099
187; 282; 33135
188; 282; 33181
189; 282; 33180
190; 282; 33171
191; 282; 33140
192; 282; 33112
193; 282; 33255
194; 282; 33677
195; 282; 34065
196; 282; 34326
197; 282; 34278
198; 282; 34059
199; 282; 33993
200; 282; 34032
201; 282; 33704
202; 282; 33083
203; 282; 32944
204; 282; 33017
205; 282; 33069
206; 282; 33023
207; 282; 33046
208; 282; 33121
209; 282; 33236
210; 282; 33518
211; 282; 33890
212; 282; 34032
213; 282; 34092
214; 282; 34155
215; 282; 34177
216; 282; 34142
159; 283; 33877
160; 283; 33934
161; 283; 34022
162; 283; 34077
163; 283; 34003
164; 283; 33848
165; 283; 33740
166; 283; 33716
167; 283; 33708
168; 283; 33692
169; 283; 33670
170; 283; 33710
171; 283; 33794
172; 283; 33774
173; 283; 33518
174; 283; 33099
175; 283; 32937
176; 283; 32987
177; 283; 33209
178; 283; 33239
179; 283; 33027
180; 283; 32916
181; 283; 32952
182; 283; 33073
183; 283; 33167
184; 283; 33188
185; 283; 33122
186; 283; 33113
187; 283; 33187
188; 283; 33202
189; 283; 33143
190; 283; 33099
191; 283; 33086
192; 283; 33124
193; 283; 33341
194; 283; 33677
195; 283; 33810
196; 283; 33755
197; 283; 33611
198; 283; 33643
199; 283; 33887
200; 283; 33919
201; 283; 33587
202; 283; 33003
203; 283; 32899
204; 283; 32974
205; 283; 33010
206; 283; 32973
207; 283; 33004
208; 283; 33044
209; 283; 33122
210; 283; 33339
211; 283; 33749
212; 283; 33980
213; 283; 34058
214; 283; 34130
215; 283; 34149
216; 283; 34117
