174; 270; 33354
175; 270; 33222
176; 270; 33120
177; 270; 33322
178; 270; 33857
179; 270; 33942
180; 270; 33762
181; 270; 33663
182; 270; 33765
183; 270; 33815
184; 270; 33706
185; 270; 33626
186; 270; 33688
187; 270; 33735
188; 270; 33566
189; 270; 33214
190; 270; 32894
191; 270; 32824
192; 270; 32983
193; 270; 33123
194; 270; 33025
195; 270; 32914
196; 270; 32990
197; 270; 33200
198; 270; 33292
199; 270; 33324
200; 270; 33417
201; 270; 33657
202; 270; 33767
203; 270; 33712
204; 270; 33774
205; 270; 34128
206; 270; 34549
207; 270; 34715
208; 270; 34649
209; 270; 34323
210; 270; 34063
211; 270; 33846
212; 270; 33728
213; 270; 33668
214; 270; 33619
215; 270; 33635
216; 270; 33770
217; 270; 34071
218; 270; 34096
219; 270; 33652
220; 270; 33208
221; 270; 33139
222; 270; 33236
223; 270; 33289
174; 271; 33347
175; 271; 33209
176; 271; 33135
177; 271; 33305
178; 271; 33792
179; 271; 33926
180; 271; 33801
181; 271; 33706
182; 271; 33788
183; 271; 33848
184; 271; 33780
185; 271; 33734
186; 271; 33766
187; 271; 33732
188; 271; 33520
189; 271; 33205
190; 271; 32970
191; 271; 32904
192; 271; 33056
193; 271; 33181
194; 271; 33126
195; 271; 33091
196; 271; 33260
197; 271; 33400
198; 271; 33366
199; 271; 33374
200; 271; 33538
201; 271; 33886
202; 271; 34054
203; 271; 34093
204; 271; 34190
205; 271; 34428
206; 271; 34642
207; 271; 34671
208; 271; 34364
209; 271; 33974
210; 271; 33753
211; 271; 33607
212; 271; 33460
213; 271; 33400
214; 271; 33465
215; 271; 33617
216; 271; 33956
217; 271; 34367
218; 271; 34415
219; 271; 33948
220; 271; 33366
221; 271; 33172
222; 271; 33267
223; 271; 33394
174; 272; 33409
175; 272; 33260
176; 272; 33153
177; 272; 33275
178; 272; 33692
179; 272; 33853
180; 272; 33805
181; 272; 33738
182; 272; 33798
183; 272; 33863
184; 272; 33839
185; 272; 33820
186; 272; 33853
187; 272; 33770
188; 272; 33522
189; 272; 33276
190; 272; 33142
191; 272; 33122
192; 272; 33176
193; 272; 33217
194; 272; 33222
195; 272; 33288
196; 272; 33421
197; 272; 33422
198; 272; 33328
199; 272; 33337
200; 272; 33538
201; 272; 33975
202; 272; 34193
203; 272; 34223
204; 272; 34234
205; 272; 34345
206; 272; 34412
207; 272; 34280
208; 272; 33851
209; 272; 33504
210; 272; 33376
211; 272; 33306
212; 272; 33193
213; 272; 33167
214; 272; 33296
215; 272; 33742
216; 272; 34290
217; 272; 34630
218; 272; 34592
219; 272; 34169
220; 272; 33675
221; 272; 33506
222; 272; 33615
223; 272; 33761
174; 273; 33415
175; 273; 33285
176; 273; 33179
177; 273; 33245
178; 273; 33604
179; 273; 33801
180; 273; 33780
181; 273; 33687
182; 273; 33723
183; 273; 33830
184; 273; 33848
185; 273; 33828
186; 273; 33848
187; 273; 33733
188; 273; 33458
189; 273; 33228
190; 273; 33147
191; 273; 33165
192; 273; 33175
193; 273; 33166
194; 273; 33191
195; 273; 33285
196; 273; 33380
197; 273; 33364
198; 273; 33336
199; 273; 33354
200; 273; 33511
201; 273; 33967
202; 273; 34215
203; 273; 34212
204; 273; 34080
205; 273; 33959
206; 273; 33901
207; 273; 33689
208; 273; 33385
209; 273; 33207
210; 273; 33287
211; 273; 33290
212; 273; 33182
213; 273; 33207
214; 273; 33568
215; 273; 34169
216; 273; 34623
217; 273; 34688
218; 273; 34500
219; 273; 34083
220; 273; 33912
221; 273; 33893
222; 273; 33944
223; 273; 33974
174; 274; 33315
175; 274; 33233
176; 274; 33200
177; 274; 33292
178; 274; 33610
179; 274; 33806
180; 274; 33782
181; 274; 33662
182; 274; 33672
183; 274; 33760
184; 274; 33729
185; 274; 33662
186; 274; 33688
187; 274; 33620
188; 274; 33339
189; 274; 33055
190; 274; 32962
191; 274; 32997
192; 274; 33023
193; 274; 33034
194; 274; 33118
195; 274; 33255
196; 274; 33378
197; 274; 33467
198; 274; 33444
199; 274; 33358
200; 274; 33402
201; 274; 33792
202; 274; 34069
203; 274; 34014
204; 274; 33726
205; 274; 33500
206; 274; 33381
207; 274; 33245
208; 274; 33155
209; 274; 33214
210; 274; 33413
211; 274; 33615
212; 274; 33668
213; 274; 33797
214; 274; 34103
215; 274; 34510
216; 274; 34694
217; 274; 34589
218; 274; 34144
219; 274; 33814
220; 274; 33781
221; 274; 33857
222; 274; 33914
223; 274; 33926
174; 275; 33230
175; 275; 33191
176; 275; 33237
177; 275; 33388
178; 275; 33640
179; 275; 33839
180; 275; 33864
181; 275; 33797
182; 275; 33756
183; 275; 33718
184; 275; 33578
185; 275; 33469
186; 275; 33527
187; 275; 33547
188; 275; 33286
189; 275; 32933
190; 275; 32843
191; 275; 32856
192; 275; 32872
193; 275; 32891
194; 275; 33005
195; 275; 33225
196; 275; 33438
197; 275; 33553
198; 275; 33481
199; 275; 33236
200; 275; 33170
201; 275; 33419
202; 275; 33663
203; 275; 33619
204; 275; 33379
205; 275; 33198
206; 275; 33151
207; 275; 33152
208; 275; 33207
209; 275; 33417
210; 275; 33711
211; 275; 33882
212; 275; 33987
213; 275; 34096
214; 275; 34307
215; 275; 34542
216; 275; 34572
217; 275; 34264
218; 275; 33839
219; 275; 33645
220; 275; 33675
221; 275; 33765
222; 275; 33855
223; 275; 33884
174; 276; 33230
175; 276; 33194
176; 276; 33267
177; 276; 33400
178; 276; 33622
179; 276; 33828
180; 276; 33912
181; 276; 33897
182; 276; 33848
183; 276; 33771
184; 276; 33615
185; 276; 33497
186; 276; 33538
187; 276; 33547
188; 276; 33285
189; 276; 32938
190; 276; 32850
191; 276; 32841
192; 276; 32823
193; 276; 32826
194; 276; 32872
195; 276; 32970
196; 276; 33299
197; 276; 33518
198; 276; 33440
199; 276; 33109
200; 276; 33061
201; 276; 33286
202; 276; 33534
203; 276; 33491
204; 276; 33270
205; 276; 33186
206; 276; 33179
207; 276; 33260
208; 276; 33382
209; 276; 33538
210; 276; 33676
211; 276; 33799
212; 276; 33858
213; 276; 33907
214; 276; 34035
215; 276; 34233
216; 276; 34259
217; 276; 34006
218; 276; 33761
219; 276; 33683
220; 276; 33796
221; 276; 33958
222; 276; 34027
223; 276; 34033
174; 277; 33267
175; 277; 33208
176; 277; 33246
177; 277; 33367
178; 277; 33605
179; 277; 33828
180; 277; 33935
181; 277; 33935
182; 277; 33924
183; 277; 33914
184; 277; 33824
185; 277; 33723
186; 277; 33701
187; 277; 33601
188; 277; 33280
189; 277; 33006
190; 277; 32902
191; 277; 32905
192; 277; 32873
193; 277; 32885
194; 277; 32918
195; 277; 32819
196; 277; 33017
197; 277; 33416
198; 277; 33455
199; 277; 33232
200; 277; 33228
201; 277; 33484
202; 277; 33704
203; 277; 33628
204; 277; 33400
205; 277; 33292
206; 277; 33270
207; 277; 33356
208; 277; 33424
209; 277; 33440
210; 277; 33397
211; 277; 33417
212; 277; 33481
213; 277; 33578
214; 277; 33705
215; 277; 33950
216; 277; 34095
217; 277; 34027
218; 277; 33940
219; 277; 34018
220; 277; 34205
221; 277; 34349
222; 277; 34320
223; 277; 34258
174; 278; 33321
175; 278; 33235
176; 278; 33199
177; 278; 33277
178; 278; 33599
179; 278; 33859
180; 278; 33935
181; 278; 33908
182; 278; 33936
183; 278; 33988
184; 278; 33962
185; 278; 33911
186; 278; 33864
187; 278; 33659
188; 278; 33245
189; 278; 33007
190; 278; 33042
191; 278; 33139
192; 278; 33090
193; 278; 32876
194; 278; 32899
195; 278; 32863
196; 278; 33033
197; 278; 33423
198; 278; 33733
199; 278; 33792
200; 278; 33803
201; 278; 33895
202; 278; 33956
203; 278; 33860
204; 278; 33606
205; 278; 33331
206; 278; 33232
207; 278; 33273
208; 278; 33332
209; 278; 33306
210; 278; 33272
211; 278; 33306
212; 278; 33455
213; 278; 33641
214; 278; 33827
215; 278; 34061
216; 278; 34139
217; 278; 34099
218; 278; 34015
219; 278; 34066
220; 278; 34237
221; 278; 34344
222; 278; 34264
223; 278; 34191
174; 279; 33398
175; 279; 33304
176; 279; 33189
177; 279; 33220
178; 279; 33623
179; 279; 33896
180; 279; 33878
181; 279; 33790
182; 279; 33834
183; 279; 33910
184; 279; 33915
185; 279; 33925
186; 279; 33923
187; 279; 33708
188; 279; 33230
189; 279; 32958
190; 279; 33040
191; 279; 33213
192; 279; 33187
193; 279; 32975
194; 279; 32800
195; 279; 32942
196; 279; 33371
197; 279; 33802
198; 279; 34090
199; 279; 34286
200; 279; 34329
201; 279; 34266
202; 279; 34172
203; 279; 34027
204; 279; 33773
205; 279; 33378
206; 279; 33164
207; 279; 33191
208; 279; 33291
209; 279; 33341
210; 279; 33331
211; 279; 33439
212; 279; 33724
213; 279; 34030
214; 279; 34227
215; 279; 34232
216; 279; 34144
217; 279; 33981
218; 279; 33852
219; 279; 33835
220; 279; 33950
221; 279; 33995
222; 279; 33909
223; 279; 33885
174; 280; 33454
175; 280; 33373
176; 280; 33215
177; 280; 33218
178; 280; 33665
179; 280; 33947
180; 280; 33851
181; 280; 33696
182; 280; 33725
183; 280; 33818
184; 280; 33820
185; 280; 33819
186; 280; 33850
187; 280; 33701
188; 280; 33273
189; 280; 33006
190; 280; 33050
191; 280; 33147
192; 280; 33038
193; 280; 32901
194; 280; 32969
195; 280; 33482
196; 280; 33960
197; 280; 34189
198; 280; 34387
199; 280; 34575
200; 280; 34565
201; 280; 34396
202; 280; 34225
203; 280; 34104
204; 280; 33893
205; 280; 33543
206; 280; 33291
207; 280; 33269
208; 280; 33435
209; 280; 33627
210; 280; 33675
211; 280; 33705
212; 280; 33882
213; 280; 34158
214; 280; 34290
215; 280; 34195
216; 280; 33925
217; 280; 33657
218; 280; 33560
219; 280; 33583
220; 280; 33659
221; 280; 33731
222; 280; 33728
223; 280; 33712
174; 281; 33471
175; 281; 33414
176; 281; 33188
177; 281; 33175
178; 281; 33650
179; 281; 33988
180; 281; 33892
181; 281; 33684
182; 281; 33720
183; 281; 33847
184; 281; 33819
185; 281; 33704
186; 281; 33698
187; 281; 33636
188; 281; 33354
189; 281; 33176
190; 281; 33169
191; 281; 33110
192; 281; 32948
193; 281; 32908
194; 281; 33399
195; 281; 34018
196; 281; 34336
197; 281; 34405
198; 281; 34484
199; 281; 34551
200; 281; 34527
201; 281; 34336
202; 281; 34185
203; 281; 34089
204; 281; 34002
205; 281; 33775
206; 281; 33406
207; 281; 33335
208; 281; 33519
209; 281; 33810
210; 281; 33894
211; 281; 33802
212; 281; 33804
213; 281; 33975
214; 281; 34045
215; 281; 33802
216; 281; 33528
217; 281; 33479
218; 281; 33533
219; 281; 33568
220; 281; 33627
221; 281; 33723
222; 281; 33725
223; 281; 33623
174; 282; 33482
175; 282; 33440
176; 282; 33067
177; 282; 32987
178; 282; 33448
179; 282; 33932
180; 282; 33899
181; 282; 33739
182; 282; 33791
183; 282; 33934
184; 282; 33874
185; 282; 33647
186; 282; 33570
187; 282; 33557
188; 282; 33388
189; 282; 33274
190; 282; 33237
191; 282; 33122
192; 282; 33010
193; 282; 33341
194; 282; 33927
195; 282; 34291
196; 282; 34401
197; 282; 34411
198; 282; 34426
199; 282; 34397
200; 282; 34288
201; 282; 34165
202; 282; 34101
203; 282; 34074
204; 282; 34034
205; 282; 33824
206; 282; 33338
207; 282; 33126
208; 282; 33256
209; 282; 33670
210; 282; 33911
211; 282; 33873
212; 282; 33831
213; 282; 33859
214; 282; 33729
215; 282; 33463
216; 282; 33367
217; 282; 33494
218; 282; 33647
219; 282; 33698
220; 282; 33766
221; 282; 33879
222; 282; 33809
223; 282; 33567
174; 283; 33475
175; 283; 33410
176; 283; 32953
177; 283; 32799
178; 283; 33187
179; 283; 33776
180; 283; 33875
181; 283; 33783
182; 283; 33819
183; 283; 33932
184; 283; 33892
185; 283; 33702
186; 283; 33591
187; 283; 33514
188; 283; 33305
189; 283; 33158
190; 283; 33134
191; 283; 33105
192; 283; 33171
193; 283; 33763
194; 283; 34256
195; 283; 34332
196; 283; 34288
197; 283; 34242
198; 283; 34285
199; 283; 34220
200; 283; 34075
201; 283; 34021
202; 283; 34075
203; 283; 34111
204; 283; 34083
205; 283; 33801
206; 283; 33255
207; 283; 32961
208; 283; 32984
209; 283; 33390
210; 283; 33817
211; 283; 33926
212; 283; 33960
213; 283; 33938
214; 283; 33694
215; 283; 33353
216; 283; 33348
217; 283; 33569
218; 283; 33709
219; 283; 33750
220; 283; 33868
221; 283; 34036
222; 283; 33974
223; 283; 33640
174; 284; 33406
175; 284; 33368
176; 284; 32979
177; 284; 32798
178; 284; 33125
179; 284; 33727
180; 284; 33880
181; 284; 33796
182; 284; 33756
183; 284; 33804
184; 284; 33834
185; 284; 33817
186; 284; 33743
187; 284; 33530
188; 284; 33181
189; 284; 32973
190; 284; 32966
191; 284; 32987
192; 284; 33165
193; 284; 33873
194; 284; 34338
195; 284; 34273
196; 284; 34074
197; 284; 34058
198; 284; 34159
199; 284; 34113
200; 284; 33971
201; 284; 33975
202; 284; 34130
203; 284; 34218
204; 284; 34184
205; 284; 33893
206; 284; 33372
207; 284; 33032
208; 284; 33041
209; 284; 33402
210; 284; 33794
211; 284; 33924
212; 284; 33994
213; 284; 33933
214; 284; 33645
215; 284; 33371
216; 284; 33400
217; 284; 33549
218; 284; 33572
219; 284; 33572
220; 284; 33782
221; 284; 34098
222; 284; 34141
223; 284; 33902
174; 285; 33347
175; 285; 33349
176; 285; 33055
177; 285; 32926
178; 285; 33214
179; 285; 33791
180; 285; 33897
181; 285; 33762
182; 285; 33655
183; 285; 33656
184; 285; 33714
185; 285; 33806
186; 285; 33810
187; 285; 33558
188; 285; 33152
189; 285; 32943
190; 285; 32931
191; 285; 32921
192; 285; 33102
193; 285; 33803
194; 285; 34263
195; 285; 34176
196; 285; 33987
197; 285; 33998
198; 285; 34092
199; 285; 34026
200; 285; 33872
201; 285; 33896
202; 285; 34105
203; 285; 34254
204; 285; 34254
205; 285; 33962
206; 285; 33509
207; 285; 33279
208; 285; 33394
209; 285; 33750
210; 285; 33884
211; 285; 33811
212; 285; 33740
213; 285; 33644
214; 285; 33396
215; 285; 33343
216; 285; 33412
217; 285; 33478
218; 285; 33393
219; 285; 33350
220; 285; 33613
221; 285; 34041
222; 285; 34236
223; 285; 34110
174; 286; 33343
175; 286; 33367
176; 286; 33067
177; 286; 32966
178; 286; 33244
179; 286; 33734
180; 286; 33811
181; 286; 33665
182; 286; 33600
183; 286; 33594
184; 286; 33582
185; 286; 33628
186; 286; 33692
187; 286; 33553
188; 286; 33235
189; 286; 33024
190; 286; 32970
191; 286; 32968
192; 286; 33143
193; 286; 33739
194; 286; 34173
195; 286; 34154
196; 286; 34060
197; 286; 34073
198; 286; 34076
199; 286; 33923
200; 286; 33752
201; 286; 33799
202; 286; 34005
203; 286; 34169
204; 286; 34121
205; 286; 33798
206; 286; 33428
207; 286; 33372
208; 286; 33619
209; 286; 33963
210; 286; 33945
211; 286; 33657
212; 286; 33377
213; 286; 33300
214; 286; 33276
215; 286; 33322
216; 286; 33405
217; 286; 33446
218; 286; 33363
219; 286; 33320
220; 286; 33541
221; 286; 33963
222; 286; 34228
223; 286; 34065
174; 287; 33283
175; 287; 33254
176; 287; 32949
177; 287; 32841
178; 287; 33072
179; 287; 33485
180; 287; 33617
181; 287; 33602
182; 287; 33625
183; 287; 33610
184; 287; 33511
185; 287; 33459
186; 287; 33530
187; 287; 33519
188; 287; 33332
189; 287; 33123
190; 287; 33021
191; 287; 33039
192; 287; 33178
193; 287; 33556
194; 287; 33983
195; 287; 34115
196; 287; 34131
197; 287; 34132
198; 287; 34040
199; 287; 33840
200; 287; 33723
201; 287; 33813
202; 287; 33988
203; 287; 34050
204; 287; 33859
205; 287; 33477
206; 287; 33276
207; 287; 33283
208; 287; 33570
209; 287; 33894
210; 287; 33869
211; 287; 33530
212; 287; 33316
213; 287; 33322
214; 287; 33407
215; 287; 33416
216; 287; 33413
217; 287; 33435
218; 287; 33426
219; 287; 33427
220; 287; 33594
221; 287; 33913
222; 287; 34059
223; 287; 33841
174; 288; 33139
175; 288; 33021
176; 288; 32822
177; 288; 32774
178; 288; 32974
179; 288; 33382
180; 288; 33598
181; 288; 33678
182; 288; 33693
183; 288; 33623
184; 288; 33506
185; 288; 33448
186; 288; 33483
187; 288; 33467
188; 288; 33346
189; 288; 33198
190; 288; 33090
191; 288; 33060
192; 288; 33112
193; 288; 33268
194; 288; 33603
195; 288; 33924
196; 288; 34034
197; 288; 34051
198; 288; 33967
199; 288; 33811
200; 288; 33778
201; 288; 33921
202; 288; 34043
203; 288; 33891
204; 288; 33468
205; 288; 33217
206; 288; 33195
207; 288; 33245
208; 288; 33395
209; 288; 33684
210; 288; 33745
211; 288; 33590
212; 288; 33471
213; 288; 33538
214; 288; 33557
215; 288; 33480
216; 288; 33440
217; 288; 33479
218; 288; 33519
219; 288; 33566
220; 288; 33737
221; 288; 33957
222; 288; 33944
223; 288; 33568
174; 289; 33070
175; 289; 32913
176; 289; 32839
177; 289; 32894
178; 289; 33106
179; 289; 33474
180; 289; 33738
181; 289; 33776
182; 289; 33703
183; 289; 33600
184; 289; 33568
185; 289; 33596
186; 289; 33568
187; 289; 33409
188; 289; 33217
189; 289; 33173
190; 289; 33145
191; 289; 33076
192; 289; 33013
193; 289; 33027
194; 289; 33320
195; 289; 33681
196; 289; 33863
197; 289; 33930
198; 289; 33926
199; 289; 33839
200; 289; 33808
201; 289; 33898
202; 289; 33861
203; 289; 33434
204; 289; 33072
205; 289; 33013
206; 289; 33154
207; 289; 33201
208; 289; 33267
209; 289; 33517
210; 289; 33645
211; 289; 33651
212; 289; 33621
213; 289; 33593
214; 289; 33499
215; 289; 33465
216; 289; 33595
217; 289; 33744
218; 289; 33755
219; 289; 33770
220; 289; 33955
221; 289; 34105
222; 289; 33901
223; 289; 33428
174; 290; 33121
175; 290; 32963
176; 290; 32951
177; 290; 33035
178; 290; 33194
179; 290; 33440
180; 290; 33703
181; 290; 33746
182; 290; 33665
183; 290; 33619
184; 290; 33706
185; 290; 33789
186; 290; 33673
187; 290; 33307
188; 290; 33059
189; 290; 33067
190; 290; 33147
191; 290; 33109
192; 290; 32998
193; 290; 32997
194; 290; 33366
195; 290; 33780
196; 290; 33888
197; 290; 33974
198; 290; 34006
199; 290; 33907
200; 290; 33790
201; 290; 33730
202; 290; 33453
203; 290; 33025
204; 290; 32847
205; 290; 32958
206; 290; 33107
207; 290; 33108
208; 290; 33135
209; 290; 33409
210; 290; 33635
211; 290; 33708
212; 290; 33726
213; 290; 33600
214; 290; 33415
215; 290; 33493
216; 290; 33863
217; 290; 34110
218; 290; 34033
219; 290; 33955
220; 290; 34099
221; 290; 34173
222; 290; 33939
223; 290; 33479
174; 291; 33143
175; 291; 33059
176; 291; 33015
177; 291; 32975
178; 291; 32956
179; 291; 33148
180; 291; 33485
181; 291; 33654
182; 291; 33659
183; 291; 33686
184; 291; 33805
185; 291; 33843
186; 291; 33693
187; 291; 33290
188; 291; 33021
189; 291; 33018
190; 291; 33132
191; 291; 33135
192; 291; 33045
193; 291; 33138
194; 291; 33668
195; 291; 34011
196; 291; 34132
197; 291; 34230
198; 291; 34234
199; 291; 34064
200; 291; 33866
201; 291; 33663
202; 291; 33256
203; 291; 32923
204; 291; 32910
205; 291; 33102
206; 291; 33143
207; 291; 33045
208; 291; 33064
209; 291; 33336
210; 291; 33622
211; 291; 33773
212; 291; 33866
213; 291; 33721
214; 291; 33495
215; 291; 33573
216; 291; 33970
217; 291; 34205
218; 291; 34086
219; 291; 33941
220; 291; 33981
221; 291; 34053
222; 291; 33932
223; 291; 33691
174; 292; 33066
175; 292; 33102
176; 292; 33039
177; 292; 32906
178; 292; 32842
179; 292; 32914
180; 292; 33291
181; 292; 33579
182; 292; 33634
183; 292; 33647
184; 292; 33708
185; 292; 33739
186; 292; 33629
187; 292; 33361
188; 292; 33100
189; 292; 33057
190; 292; 33126
191; 292; 33121
192; 292; 33059
193; 292; 33293
194; 292; 33859
195; 292; 34152
196; 292; 34295
197; 292; 34387
198; 292; 34355
199; 292; 34213
200; 292; 34064
201; 292; 33782
202; 292; 33284
203; 292; 33003
204; 292; 33115
205; 292; 33351
206; 292; 33252
207; 292; 33055
208; 292; 33056
209; 292; 33255
210; 292; 33488
211; 292; 33717
212; 292; 33888
213; 292; 33840
214; 292; 33621
215; 292; 33610
216; 292; 33848
217; 292; 34011
218; 292; 33936
219; 292; 33776
220; 292; 33682
221; 292; 33716
222; 292; 33865
223; 292; 34033
174; 293; 32965
175; 293; 33091
176; 293; 33125
177; 293; 33038
178; 293; 32899
179; 293; 32947
180; 293; 33213
181; 293; 33498
182; 293; 33533
183; 293; 33499
184; 293; 33516
185; 293; 33530
186; 293; 33446
187; 293; 33252
188; 293; 33137
189; 293; 33105
190; 293; 33129
191; 293; 33076
192; 293; 33031
193; 293; 33340
194; 293; 33894
195; 293; 34169
196; 293; 34313
197; 293; 34356
198; 293; 34329
199; 293; 34272
200; 293; 34208
201; 293; 33874
202; 293; 33277
203; 293; 33044
204; 293; 33226
205; 293; 33412
206; 293; 33294
207; 293; 33087
208; 293; 33100
209; 293; 33187
210; 293; 33282
211; 293; 33450
212; 293; 33701
213; 293; 33742
214; 293; 33633
215; 293; 33640
216; 293; 33770
217; 293; 33896
218; 293; 33888
219; 293; 33734
220; 293; 33561
221; 293; 33540
222; 293; 33857
223; 293; 34218
174; 294; 32933
175; 294; 33070
176; 294; 33223
177; 294; 33212
178; 294; 33082
179; 294; 33054
180; 294; 33158
181; 294; 33374
182; 294; 33452
183; 294; 33470
184; 294; 33511
185; 294; 33484
186; 294; 33270
187; 294; 33095
188; 294; 33051
189; 294; 33123
190; 294; 33148
191; 294; 33009
192; 294; 32935
193; 294; 33339
194; 294; 33956
195; 294; 34238
196; 294; 34290
197; 294; 34286
198; 294; 34309
199; 294; 34371
200; 294; 34323
201; 294; 33858
202; 294; 33164
203; 294; 32932
204; 294; 33153
205; 294; 33307
206; 294; 33214
207; 294; 33127
208; 294; 33162
209; 294; 33203
210; 294; 33216
211; 294; 33340
212; 294; 33473
213; 294; 33459
214; 294; 33514
215; 294; 33665
216; 294; 33854
217; 294; 33978
218; 294; 33972
219; 294; 33827
220; 294; 33668
221; 294; 33622
222; 294; 33852
223; 294; 34013
174; 295; 32971
175; 295; 33080
176; 295; 33238
177; 295; 33210
178; 295; 33072
179; 295; 33017
180; 295; 33072
181; 295; 33344
182; 295; 33509
183; 295; 33671
184; 295; 33767
185; 295; 33687
186; 295; 33338
187; 295; 33033
188; 295; 33018
189; 295; 33183
190; 295; 33212
191; 295; 33007
192; 295; 32902
193; 295; 33355
194; 295; 34071
195; 295; 34418
196; 295; 34403
197; 295; 34319
198; 295; 34373
199; 295; 34496
200; 295; 34434
201; 295; 33801
202; 295; 33054
203; 295; 32919
204; 295; 33103
205; 295; 33251
206; 295; 33257
207; 295; 33320
208; 295; 33418
209; 295; 33414
210; 295; 33399
211; 295; 33472
212; 295; 33461
213; 295; 33372
214; 295; 33399
215; 295; 33639
216; 295; 33870
217; 295; 33975
218; 295; 33943
219; 295; 33784
220; 295; 33672
221; 295; 33647
222; 295; 33718
223; 295; 33543
174; 296; 33054
175; 296; 33147
176; 296; 33209
177; 296; 33119
178; 296; 32994
179; 296; 32948
180; 296; 33034
181; 296; 33344
182; 296; 33609
183; 296; 33807
184; 296; 33891
185; 296; 33850
186; 296; 33628
187; 296; 33315
188; 296; 33210
189; 296; 33306
190; 296; 33273
191; 296; 33048
192; 296; 32943
193; 296; 33382
194; 296; 34111
195; 296; 34508
196; 296; 34475
197; 296; 34351
198; 296; 34408
199; 296; 34550
200; 296; 34305
201; 296; 33473
202; 296; 32888
203; 296; 32957
204; 296; 33411
205; 296; 33605
206; 296; 33688
207; 296; 33803
208; 296; 33834
209; 296; 33761
210; 296; 33660
211; 296; 33603
212; 296; 33516
213; 296; 33387
214; 296; 33392
215; 296; 33566
216; 296; 33744
217; 296; 33825
218; 296; 33755
219; 296; 33549
220; 296; 33489
221; 296; 33520
222; 296; 33445
223; 296; 33189
174; 297; 33102
175; 297; 33208
176; 297; 33261
177; 297; 33188
178; 297; 33083
179; 297; 33009
180; 297; 33072
181; 297; 33241
182; 297; 33497
183; 297; 33718
184; 297; 33853
185; 297; 33827
186; 297; 33696
187; 297; 33572
188; 297; 33446
189; 297; 33351
190; 297; 33252
191; 297; 33121
192; 297; 33183
193; 297; 33621
194; 297; 34095
195; 297; 34316
196; 297; 34231
197; 297; 34139
198; 297; 34234
199; 297; 34263
200; 297; 33768
201; 297; 33024
202; 297; 32776
203; 297; 33277
204; 297; 33888
205; 297; 34083
206; 297; 34174
207; 297; 34214
208; 297; 34132
209; 297; 33879
210; 297; 33631
211; 297; 33551
212; 297; 33536
213; 297; 33479
214; 297; 33472
215; 297; 33559
216; 297; 33673
217; 297; 33767
218; 297; 33673
219; 297; 33457
220; 297; 33404
221; 297; 33441
222; 297; 33368
223; 297; 33200
174; 298; 33059
175; 298; 33206
176; 298; 33377
177; 298; 33373
178; 298; 33255
179; 298; 33158
180; 298; 33102
181; 298; 33103
182; 298; 33242
183; 298; 33548
184; 298; 33707
185; 298; 33680
186; 298; 33596
187; 298; 33577
188; 298; 33518
189; 298; 33321
190; 298; 33190
191; 298; 33236
192; 298; 33633
193; 298; 34096
194; 298; 34241
195; 298; 34043
196; 298; 33725
197; 298; 33660
198; 298; 33806
199; 298; 33720
200; 298; 33093
201; 298; 32825
202; 298; 32887
203; 298; 33777
204; 298; 34295
205; 298; 34328
206; 298; 34372
207; 298; 34429
208; 298; 34268
209; 298; 33780
210; 298; 33414
211; 298; 33446
212; 298; 33718
213; 298; 33801
214; 298; 33721
215; 298; 33692
216; 298; 33823
217; 298; 33910
218; 298; 33822
219; 298; 33559
220; 298; 33481
221; 298; 33542
222; 298; 33473
223; 298; 33339
174; 299; 33003
175; 299; 33179
176; 299; 33429
177; 299; 33461
178; 299; 33317
179; 299; 33220
180; 299; 33146
181; 299; 33091
182; 299; 33215
183; 299; 33491
184; 299; 33627
185; 299; 33553
186; 299; 33512
187; 299; 33596
188; 299; 33621
189; 299; 33373
190; 299; 33158
191; 299; 33289
192; 299; 33961
193; 299; 34529
194; 299; 34506
195; 299; 33934
196; 299; 33333
197; 299; 33178
198; 299; 33304
199; 299; 33174
200; 299; 32835
201; 299; 32773
202; 299; 33145
203; 299; 34035
204; 299; 34392
205; 299; 34297
206; 299; 34343
207; 299; 34417
208; 299; 34251
209; 299; 33617
210; 299; 33341
211; 299; 33505
212; 299; 33963
213; 299; 34126
214; 299; 34028
215; 299; 33942
216; 299; 33966
217; 299; 33980
218; 299; 33879
219; 299; 33633
220; 299; 33593
221; 299; 33648
222; 299; 33568
223; 299; 33423
174; 300; 32971
175; 300; 33176
176; 300; 33411
177; 300; 33411
178; 300; 33270
179; 300; 33242
180; 300; 33291
181; 300; 33351
182; 300; 33472
183; 300; 33608
184; 300; 33615
185; 300; 33529
186; 300; 33539
187; 300; 33751
188; 300; 33853
189; 300; 33602
190; 300; 33165
191; 300; 33139
192; 300; 33779
193; 300; 34467
194; 300; 34494
195; 300; 33835
196; 300; 33124
197; 300; 32880
198; 300; 32916
199; 300; 32915
200; 300; 32848
201; 300; 32820
202; 300; 33230
203; 300; 33832
204; 300; 34040
205; 300; 34018
206; 300; 34179
207; 300; 34360
208; 300; 34238
209; 300; 33608
210; 300; 33345
211; 300; 33542
212; 300; 34034
213; 300; 34203
214; 300; 34157
215; 300; 34079
216; 300; 34002
217; 300; 33863
218; 300; 33593
219; 300; 33473
220; 300; 33553
221; 300; 33628
222; 300; 33634
223; 300; 33579
174; 301; 33012
175; 301; 33202
176; 301; 33358
177; 301; 33302
178; 301; 33198
179; 301; 33249
180; 301; 33406
181; 301; 33507
182; 301; 33574
183; 301; 33618
184; 301; 33620
185; 301; 33617
186; 301; 33716
187; 301; 33904
188; 301; 33953
189; 301; 33669
190; 301; 33122
191; 301; 32922
192; 301; 33291
193; 301; 33911
194; 301; 34035
195; 301; 33530
196; 301; 32967
197; 301; 32807
198; 301; 32816
199; 301; 32886
200; 301; 32968
201; 301; 33042
202; 301; 33142
203; 301; 33328
204; 301; 33524
205; 301; 33847
206; 301; 34250
207; 301; 34471
208; 301; 34331
209; 301; 33654
210; 301; 33366
211; 301; 33562
212; 301; 34056
213; 301; 34245
214; 301; 34266
215; 301; 34218
216; 301; 33982
217; 301; 33528
218; 301; 33233
219; 301; 33262
220; 301; 33433
221; 301; 33560
222; 301; 33672
223; 301; 33713
174; 302; 33084
175; 302; 33206
176; 302; 33293
177; 302; 33229
178; 302; 33151
179; 302; 33188
180; 302; 33286
181; 302; 33368
182; 302; 33455
183; 302; 33553
184; 302; 33631
185; 302; 33713
186; 302; 33812
187; 302; 33888
188; 302; 33818
189; 302; 33493
190; 302; 32993
191; 302; 32809
192; 302; 32965
193; 302; 33321
194; 302; 33461
195; 302; 33138
196; 302; 32898
197; 302; 32852
198; 302; 32920
199; 302; 33059
200; 302; 33191
201; 302; 33203
202; 302; 33098
203; 302; 33055
204; 302; 33269
205; 302; 33850
206; 302; 34359
207; 302; 34558
208; 302; 34326
209; 302; 33559
210; 302; 33332
211; 302; 33738
212; 302; 34267
213; 302; 34433
214; 302; 34406
215; 302; 34316
216; 302; 33950
217; 302; 33341
218; 302; 33136
219; 302; 33216
220; 302; 33427
221; 302; 33541
222; 302; 33678
223; 302; 33784
174; 303; 33064
175; 303; 33132
176; 303; 33251
177; 303; 33279
178; 303; 33204
179; 303; 33127
180; 303; 33123
181; 303; 33199
182; 303; 33350
183; 303; 33528
184; 303; 33668
185; 303; 33737
186; 303; 33755
187; 303; 33647
188; 303; 33514
189; 303; 33295
190; 303; 32934
191; 303; 32820
192; 303; 32868
193; 303; 33055
194; 303; 33132
195; 303; 32976
196; 303; 32946
197; 303; 33028
198; 303; 33130
199; 303; 33227
200; 303; 33285
201; 303; 33215
202; 303; 33067
203; 303; 33013
204; 303; 33211
205; 303; 33731
206; 303; 34270
207; 303; 34485
208; 303; 34020
209; 303; 33323
210; 303; 33345
211; 303; 34013
212; 303; 34481
213; 303; 34479
214; 303; 34392
215; 303; 34258
216; 303; 33878
217; 303; 33345
218; 303; 33232
219; 303; 33416
220; 303; 33569
221; 303; 33601
222; 303; 33675
223; 303; 33796
174; 304; 32976
175; 304; 33006
176; 304; 33192
177; 304; 33366
178; 304; 33324
179; 304; 33167
180; 304; 33125
181; 304; 33236
182; 304; 33411
183; 304; 33592
184; 304; 33702
185; 304; 33670
186; 304; 33424
187; 304; 33235
188; 304; 33285
189; 304; 33249
190; 304; 33016
191; 304; 32849
192; 304; 32860
193; 304; 32962
194; 304; 32977
195; 304; 32910
196; 304; 32955
197; 304; 33111
198; 304; 33214
199; 304; 33236
200; 304; 33180
201; 304; 33068
202; 304; 32985
203; 304; 32986
204; 304; 33124
205; 304; 33462
206; 304; 33932
207; 304; 34051
208; 304; 33564
209; 304; 33177
210; 304; 33374
211; 304; 33990
212; 304; 34308
213; 304; 34262
214; 304; 34140
215; 304; 34039
216; 304; 33755
217; 304; 33382
218; 304; 33373
219; 304; 33575
220; 304; 33658
221; 304; 33624
222; 304; 33604
223; 304; 33715
174; 305; 32927
175; 305; 32898
176; 305; 33089
177; 305; 33340
178; 305; 33345
179; 305; 33203
180; 305; 33212
181; 305; 33378
182; 305; 33532
183; 305; 33633
184; 305; 33660
185; 305; 33439
186; 305; 33019
187; 305; 32909
188; 305; 33136
189; 305; 33275
190; 305; 33098
191; 305; 32863
192; 305; 32825
193; 305; 32870
194; 305; 32886
195; 305; 32858
196; 305; 32884
197; 305; 33023
198; 305; 33155
199; 305; 33169
200; 305; 33069
201; 305; 32955
202; 305; 32891
203; 305; 32877
204; 305; 32942
205; 305; 33199
206; 305; 33598
207; 305; 33721
208; 305; 33411
209; 305; 33266
210; 305; 33393
211; 305; 33700
212; 305; 33809
213; 305; 33827
214; 305; 33917
215; 305; 33932
216; 305; 33710
217; 305; 33327
218; 305; 33222
219; 305; 33394
220; 305; 33559
221; 305; 33486
222; 305; 33377
223; 305; 33426
174; 306; 32934
175; 306; 32866
176; 306; 33026
177; 306; 33240
178; 306; 33246
179; 306; 33144
180; 306; 33197
181; 306; 33391
182; 306; 33529
183; 306; 33567
184; 306; 33495
185; 306; 33178
186; 306; 32910
187; 306; 32880
188; 306; 33129
189; 306; 33259
190; 306; 33056
191; 306; 32863
192; 306; 32851
193; 306; 32843
194; 306; 32854
195; 306; 32845
196; 306; 32852
197; 306; 32987
198; 306; 33160
199; 306; 33207
200; 306; 33118
201; 306; 33000
202; 306; 32888
203; 306; 32810
204; 306; 32813
205; 306; 33035
206; 306; 33434
207; 306; 33579
208; 306; 33465
209; 306; 33385
210; 306; 33452
211; 306; 33509
212; 306; 33551
213; 306; 33700
214; 306; 33982
215; 306; 34065
216; 306; 33749
217; 306; 33258
218; 306; 33051
219; 306; 33096
220; 306; 33218
221; 306; 33205
222; 306; 33187
223; 306; 33280
174; 307; 32961
175; 307; 32922
176; 307; 33032
177; 307; 33174
178; 307; 33182
179; 307; 33113
180; 307; 33141
181; 307; 33284
182; 307; 33429
183; 307; 33445
184; 307; 33292
185; 307; 33143
186; 307; 33153
187; 307; 33329
188; 307; 33377
189; 307; 33229
190; 307; 32925
191; 307; 32864
192; 307; 32860
193; 307; 32839
194; 307; 32901
195; 307; 32944
196; 307; 32986
197; 307; 33138
198; 307; 33318
199; 307; 33358
200; 307; 33258
201; 307; 33126
202; 307; 32982
203; 307; 32867
204; 307; 32841
205; 307; 33024
206; 307; 33351
207; 307; 33449
208; 307; 33439
209; 307; 33493
210; 307; 33541
211; 307; 33535
212; 307; 33570
213; 307; 33806
214; 307; 34027
215; 307; 34013
216; 307; 33662
217; 307; 33237
218; 307; 33079
219; 307; 33072
220; 307; 33103
221; 307; 33093
222; 307; 33127
223; 307; 33311
174; 308; 32964
175; 308; 32936
176; 308; 32995
177; 308; 33111
178; 308; 33181
179; 308; 33184
180; 308; 33165
181; 308; 33201
182; 308; 33356
183; 308; 33420
184; 308; 33251
185; 308; 33241
186; 308; 33629
187; 308; 33983
188; 308; 33802
189; 308; 33259
190; 308; 32872
191; 308; 32826
192; 308; 32839
193; 308; 32893
194; 308; 32988
195; 308; 33052
196; 308; 33112
197; 308; 33256
198; 308; 33446
199; 308; 33508
200; 308; 33390
201; 308; 33221
202; 308; 33078
203; 308; 33000
204; 308; 33020
205; 308; 33121
206; 308; 33201
207; 308; 33227
208; 308; 33413
209; 308; 33696
210; 308; 33785
211; 308; 33704
212; 308; 33644
213; 308; 33710
214; 308; 33749
215; 308; 33579
216; 308; 33288
217; 308; 33179
218; 308; 33205
219; 308; 33250
220; 308; 33215
221; 308; 33129
222; 308; 33138
223; 308; 33308
174; 309; 32893
175; 309; 32840
176; 309; 32895
177; 309; 33006
178; 309; 33103
179; 309; 33184
180; 309; 33146
181; 309; 33119
182; 309; 33302
183; 309; 33458
184; 309; 33318
185; 309; 33303
186; 309; 33847
187; 309; 34235
188; 309; 34043
189; 309; 33346
190; 309; 32896
191; 309; 32867
192; 309; 32987
193; 309; 33079
194; 309; 33091
195; 309; 33059
196; 309; 33057
197; 309; 33165
198; 309; 33384
199; 309; 33557
200; 309; 33502
201; 309; 33291
202; 309; 33141
203; 309; 33155
204; 309; 33230
205; 309; 33180
206; 309; 33071
207; 309; 33143
208; 309; 33629
209; 309; 34129
210; 309; 34191
211; 309; 33934
212; 309; 33647
213; 309; 33506
214; 309; 33359
215; 309; 33119
216; 309; 32940
217; 309; 33023
218; 309; 33257
219; 309; 33421
220; 309; 33389
221; 309; 33224
222; 309; 33115
223; 309; 33152
