288; 193; 33670
289; 193; 33659
290; 193; 33668
291; 193; 33547
292; 193; 33292
293; 193; 33207
294; 193; 33445
295; 193; 33773
296; 193; 33902
297; 193; 33862
298; 193; 33867
299; 193; 33959
300; 193; 34015
301; 193; 34000
302; 193; 33992
303; 193; 34009
304; 193; 33998
305; 193; 33972
306; 193; 33986
307; 193; 34038
308; 193; 34071
309; 193; 34062
310; 193; 34040
311; 193; 34030
312; 193; 34034
313; 193; 34053
314; 193; 34093
315; 193; 34131
316; 193; 34075
317; 193; 33889
318; 193; 33725
319; 193; 33764
320; 193; 33929
321; 193; 33970
322; 193; 33875
323; 193; 33903
324; 193; 34086
325; 193; 34129
326; 193; 33828
327; 193; 33303
328; 193; 32986
329; 193; 32893
330; 193; 32895
331; 193; 32892
332; 193; 32900
333; 193; 32902
334; 193; 32927
335; 193; 33016
336; 193; 33090
337; 193; 33173
338; 193; 33222
339; 193; 33244
340; 193; 33369
341; 193; 33587
342; 193; 33727
343; 193; 33722
288; 194; 33567
289; 194; 33524
290; 194; 33603
291; 194; 33607
292; 194; 33391
293; 194; 33178
294; 194; 33298
295; 194; 33654
296; 194; 33881
297; 194; 33854
298; 194; 33797
299; 194; 33873
300; 194; 33967
301; 194; 33960
302; 194; 33937
303; 194; 33985
304; 194; 34032
305; 194; 34020
306; 194; 34004
307; 194; 34028
308; 194; 34064
309; 194; 34081
310; 194; 34084
311; 194; 34057
312; 194; 33986
313; 194; 33955
314; 194; 34093
315; 194; 34392
316; 194; 34647
317; 194; 34627
318; 194; 34363
319; 194; 34094
320; 194; 33940
321; 194; 33842
322; 194; 33831
323; 194; 33999
324; 194; 34168
325; 194; 34068
326; 194; 33542
327; 194; 33095
328; 194; 32955
329; 194; 32875
330; 194; 32865
331; 194; 32884
332; 194; 32920
333; 194; 32909
334; 194; 32885
335; 194; 32965
336; 194; 33026
337; 194; 33109
338; 194; 33220
339; 194; 33356
340; 194; 33609
341; 194; 33903
342; 194; 33985
343; 194; 33813
288; 195; 33546
289; 195; 33459
290; 195; 33529
291; 195; 33592
292; 195; 33454
293; 195; 33214
294; 195; 33234
295; 195; 33574
296; 195; 33873
297; 195; 33846
298; 195; 33692
299; 195; 33740
300; 195; 33942
301; 195; 34030
302; 195; 33987
303; 195; 33990
304; 195; 34042
305; 195; 34041
306; 195; 34005
307; 195; 34011
308; 195; 34053
309; 195; 34091
310; 195; 34105
311; 195; 34062
312; 195; 33961
313; 195; 33937
314; 195; 34133
315; 195; 34512
316; 195; 34837
317; 195; 34846
318; 195; 34523
319; 195; 34119
320; 195; 33856
321; 195; 33794
322; 195; 33923
323; 195; 34165
324; 195; 34212
325; 195; 33858
326; 195; 33228
327; 195; 32984
328; 195; 32904
329; 195; 32867
330; 195; 32868
331; 195; 32895
332; 195; 32914
333; 195; 32896
334; 195; 32873
335; 195; 32915
336; 195; 33007
337; 195; 33118
338; 195; 33255
339; 195; 33483
340; 195; 33814
341; 195; 34033
342; 195; 33918
343; 195; 33593
288; 196; 33594
289; 196; 33487
290; 196; 33491
291; 196; 33518
292; 196; 33430
293; 196; 33234
294; 196; 33210
295; 196; 33530
296; 196; 33910
297; 196; 33935
298; 196; 33687
299; 196; 33626
300; 196; 33873
301; 196; 34065
302; 196; 34026
303; 196; 33972
304; 196; 34014
305; 196; 34036
306; 196; 33997
307; 196; 33982
308; 196; 34015
309; 196; 34063
310; 196; 34095
311; 196; 34073
312; 196; 34001
313; 196; 33985
314; 196; 34116
315; 196; 34358
316; 196; 34557
317; 196; 34532
318; 196; 34241
319; 196; 33863
320; 196; 33665
321; 196; 33748
322; 196; 34012
323; 196; 34220
324; 196; 34151
325; 196; 33597
326; 196; 33067
327; 196; 32918
328; 196; 32890
329; 196; 32886
330; 196; 32873
331; 196; 32880
332; 196; 32882
333; 196; 32898
334; 196; 32908
335; 196; 32904
336; 196; 33037
337; 196; 33189
338; 196; 33316
339; 196; 33569
340; 196; 33822
341; 196; 33790
342; 196; 33492
343; 196; 33353
288; 197; 33592
289; 197; 33512
290; 197; 33472
291; 197; 33441
292; 197; 33386
293; 197; 33251
294; 197; 33184
295; 197; 33460
296; 197; 33949
297; 197; 34129
298; 197; 33858
299; 197; 33622
300; 197; 33768
301; 197; 33983
302; 197; 33968
303; 197; 33907
304; 197; 33982
305; 197; 34059
306; 197; 34027
307; 197; 33970
308; 197; 33963
309; 197; 34003
310; 197; 34065
311; 197; 34091
312; 197; 34057
313; 197; 34026
314; 197; 34059
315; 197; 34145
316; 197; 34232
317; 197; 34221
318; 197; 34008
319; 197; 33673
320; 197; 33522
321; 197; 33712
322; 197; 34058
323; 197; 34215
324; 197; 34024
325; 197; 33406
326; 197; 33005
327; 197; 32905
328; 197; 32903
329; 197; 32933
330; 197; 32909
331; 197; 32870
332; 197; 32893
333; 197; 32948
334; 197; 32943
335; 197; 32946
336; 197; 33083
337; 197; 33220
338; 197; 33369
339; 197; 33626
340; 197; 33695
341; 197; 33408
342; 197; 33236
343; 197; 33460
288; 198; 33479
289; 198; 33451
290; 198; 33426
291; 198; 33393
292; 198; 33375
293; 198; 33287
294; 198; 33170
295; 198; 33369
296; 198; 33926
297; 198; 34274
298; 198; 34043
299; 198; 33667
300; 198; 33670
301; 198; 33859
302; 198; 33873
303; 198; 33840
304; 198; 33960
305; 198; 34094
306; 198; 34082
307; 198; 33996
308; 198; 33943
309; 198; 33954
310; 198; 34021
311; 198; 34078
312; 198; 34069
313; 198; 34042
314; 198; 34055
315; 198; 34111
316; 198; 34183
317; 198; 34183
318; 198; 33976
319; 198; 33630
320; 198; 33489
321; 198; 33737
322; 198; 34117
323; 198; 34206
324; 198; 33919
325; 198; 33328
326; 198; 32964
327; 198; 32897
328; 198; 32914
329; 198; 32964
330; 198; 32966
331; 198; 32916
332; 198; 32908
333; 198; 32952
334; 198; 32951
335; 198; 32983
336; 198; 33112
337; 198; 33215
338; 198; 33433
339; 198; 33671
340; 198; 33603
341; 198; 33294
342; 198; 33424
343; 198; 34143
288; 199; 33346
289; 199; 33375
290; 199; 33388
291; 199; 33373
292; 199; 33370
293; 199; 33308
294; 199; 33192
295; 199; 33335
296; 199; 33854
297; 199; 34221
298; 199; 33997
299; 199; 33590
300; 199; 33577
301; 199; 33801
302; 199; 33861
303; 199; 33837
304; 199; 33942
305; 199; 34079
306; 199; 34096
307; 199; 34026
308; 199; 33953
309; 199; 33930
310; 199; 33984
311; 199; 34047
312; 199; 34044
313; 199; 34033
314; 199; 34105
315; 199; 34227
316; 199; 34293
317; 199; 34200
318; 199; 33896
319; 199; 33551
320; 199; 33521
321; 199; 33856
322; 199; 34198
323; 199; 34184
324; 199; 33764
325; 199; 33226
326; 199; 32967
327; 199; 32899
328; 199; 32914
329; 199; 32951
330; 199; 32969
331; 199; 32943
332; 199; 32905
333; 199; 32918
334; 199; 32930
335; 199; 33012
336; 199; 33128
337; 199; 33233
338; 199; 33510
339; 199; 33679
340; 199; 33598
341; 199; 33551
342; 199; 34087
343; 199; 34657
288; 200; 33308
289; 200; 33395
290; 200; 33416
291; 200; 33373
292; 200; 33338
293; 200; 33290
294; 200; 33248
295; 200; 33406
296; 200; 33798
297; 200; 34003
298; 200; 33739
299; 200; 33433
300; 200; 33544
301; 200; 33845
302; 200; 33950
303; 200; 33913
304; 200; 33945
305; 200; 34026
306; 200; 34056
307; 200; 34025
308; 200; 33957
309; 200; 33919
310; 200; 33975
311; 200; 34043
312; 200; 34021
313; 200; 33998
314; 200; 34116
315; 200; 34293
316; 200; 34315
317; 200; 34081
318; 200; 33677
319; 200; 33411
320; 200; 33578
321; 200; 34016
322; 200; 34267
323; 200; 34123
324; 200; 33554
325; 200; 33068
326; 200; 32936
327; 200; 32918
328; 200; 32927
329; 200; 32933
330; 200; 32931
331; 200; 32910
332; 200; 32890
333; 200; 32902
334; 200; 32922
335; 200; 33039
336; 200; 33129
337; 200; 33292
338; 200; 33571
339; 200; 33635
340; 200; 33613
341; 200; 33972
342; 200; 34631
343; 200; 34686
288; 201; 33356
289; 201; 33479
290; 201; 33478
291; 201; 33374
292; 201; 33280
293; 201; 33265
294; 201; 33354
295; 201; 33556
296; 201; 33770
297; 201; 33773
298; 201; 33565
299; 201; 33487
300; 201; 33697
301; 201; 33952
302; 201; 34034
303; 201; 34005
304; 201; 33994
305; 201; 34017
306; 201; 34039
307; 201; 34019
308; 201; 33945
309; 201; 33909
310; 201; 33984
311; 201; 34058
312; 201; 34009
313; 201; 33960
314; 201; 34079
315; 201; 34246
316; 201; 34206
317; 201; 33908
318; 201; 33528
319; 201; 33399
320; 201; 33666
321; 201; 34107
322; 201; 34307
323; 201; 34079
324; 201; 33406
325; 201; 32945
326; 201; 32931
327; 201; 32978
328; 201; 32975
329; 201; 32951
330; 201; 32927
331; 201; 32909
332; 201; 32903
333; 201; 32909
334; 201; 32929
335; 201; 33047
336; 201; 33131
337; 201; 33345
338; 201; 33570
339; 201; 33574
340; 201; 33640
341; 201; 34327
342; 201; 34708
343; 201; 34443
288; 202; 33421
289; 202; 33521
290; 202; 33465
291; 202; 33321
292; 202; 33225
293; 202; 33278
294; 202; 33483
295; 202; 33687
296; 202; 33713
297; 202; 33616
298; 202; 33644
299; 202; 33857
300; 202; 34037
301; 202; 34051
302; 202; 34011
303; 202; 34020
304; 202; 34048
305; 202; 34068
306; 202; 34082
307; 202; 34039
308; 202; 33934
309; 202; 33893
310; 202; 33977
311; 202; 34049
312; 202; 34018
313; 202; 34014
314; 202; 34128
315; 202; 34185
316; 202; 34024
317; 202; 33757
318; 202; 33581
319; 202; 33597
320; 202; 33788
321; 202; 34083
322; 202; 34231
323; 202; 34020
324; 202; 33343
325; 202; 32946
326; 202; 32956
327; 202; 33040
328; 202; 33026
329; 202; 32992
330; 202; 32973
331; 202; 32961
332; 202; 32944
333; 202; 32925
334; 202; 32944
335; 202; 33048
336; 202; 33145
337; 202; 33335
338; 202; 33515
339; 202; 33553
340; 202; 33812
341; 202; 34533
342; 202; 34710
343; 202; 34121
288; 203; 33457
289; 203; 33477
290; 203; 33345
291; 203; 33209
292; 203; 33187
293; 203; 33317
294; 203; 33570
295; 203; 33728
296; 203; 33621
297; 203; 33533
298; 203; 33814
299; 203; 34233
300; 203; 34306
301; 203; 34059
302; 203; 33897
303; 203; 33954
304; 203; 34049
305; 203; 34100
306; 203; 34119
307; 203; 34055
308; 203; 33928
309; 203; 33877
310; 203; 33941
311; 203; 34012
312; 203; 34066
313; 203; 34175
314; 203; 34261
315; 203; 34100
316; 203; 33745
317; 203; 33573
318; 203; 33716
319; 203; 33894
320; 203; 33947
321; 203; 34017
322; 203; 34092
323; 203; 33898
324; 203; 33275
325; 203; 32936
326; 203; 32979
327; 203; 33075
328; 203; 33064
329; 203; 33034
330; 203; 33008
331; 203; 32976
332; 203; 32972
333; 203; 32970
334; 203; 32987
335; 203; 33062
336; 203; 33146
337; 203; 33285
338; 203; 33484
339; 203; 33660
340; 203; 34116
341; 203; 34627
342; 203; 34576
343; 203; 33817
288; 204; 33455
289; 204; 33405
290; 204; 33244
291; 204; 33152
292; 204; 33177
293; 204; 33315
294; 204; 33552
295; 204; 33687
296; 204; 33582
297; 204; 33544
298; 204; 33885
299; 204; 34285
300; 204; 34262
301; 204; 33950
302; 204; 33806
303; 204; 33905
304; 204; 34017
305; 204; 34072
306; 204; 34094
307; 204; 34028
308; 204; 33908
309; 204; 33864
310; 204; 33914
311; 204; 33999
312; 204; 34129
313; 204; 34281
314; 204; 34246
315; 204; 33846
316; 204; 33355
317; 204; 33316
318; 204; 33717
319; 204; 34054
320; 204; 34080
321; 204; 34005
322; 204; 33953
323; 204; 33747
324; 204; 33173
325; 204; 32947
326; 204; 32994
327; 204; 33103
328; 204; 33105
329; 204; 33060
330; 204; 33007
331; 204; 32962
332; 204; 32985
333; 204; 33010
334; 204; 33023
335; 204; 33070
336; 204; 33131
337; 204; 33230
338; 204; 33552
339; 204; 34004
340; 204; 34463
341; 204; 34627
342; 204; 34372
343; 204; 33595
288; 205; 33430
289; 205; 33386
290; 205; 33279
291; 205; 33219
292; 205; 33212
293; 205; 33277
294; 205; 33448
295; 205; 33608
296; 205; 33630
297; 205; 33665
298; 205; 33886
299; 205; 34085
300; 205; 34009
301; 205; 33824
302; 205; 33811
303; 205; 33925
304; 205; 33998
305; 205; 34028
306; 205; 34037
307; 205; 33972
308; 205; 33877
309; 205; 33865
310; 205; 33931
311; 205; 34020
312; 205; 34119
313; 205; 34143
314; 205; 33922
315; 205; 33432
316; 205; 33034
317; 205; 33106
318; 205; 33529
319; 205; 33922
320; 205; 34068
321; 205; 34044
322; 205; 33934
323; 205; 33668
324; 205; 33132
325; 205; 32994
326; 205; 33058
327; 205; 33145
328; 205; 33116
329; 205; 33035
330; 205; 32982
331; 205; 32962
332; 205; 32976
333; 205; 32988
334; 205; 33017
335; 205; 33069
336; 205; 33093
337; 205; 33271
338; 205; 33768
339; 205; 34308
340; 205; 34614
341; 205; 34639
342; 205; 34224
343; 205; 33495
288; 206; 33445
289; 206; 33459
290; 206; 33425
291; 206; 33341
292; 206; 33250
293; 206; 33236
294; 206; 33354
295; 206; 33538
296; 206; 33683
297; 206; 33791
298; 206; 33894
299; 206; 33919
300; 206; 33848
301; 206; 33811
302; 206; 33875
303; 206; 33947
304; 206; 33976
305; 206; 34000
306; 206; 33998
307; 206; 33930
308; 206; 33875
309; 206; 33920
310; 206; 34006
311; 206; 34032
312; 206; 33963
313; 206; 33763
314; 206; 33440
315; 206; 33118
316; 206; 33005
317; 206; 33079
318; 206; 33264
319; 206; 33545
320; 206; 33846
321; 206; 34034
322; 206; 33995
323; 206; 33699
324; 206; 33192
325; 206; 33080
326; 206; 33134
327; 206; 33170
328; 206; 33075
329; 206; 32974
330; 206; 32937
331; 206; 32926
332; 206; 32920
333; 206; 32933
334; 206; 33007
335; 206; 33088
336; 206; 33096
337; 206; 33332
338; 206; 33970
339; 206; 34463
340; 206; 34654
341; 206; 34641
342; 206; 34162
343; 206; 33468
288; 207; 33541
289; 207; 33600
290; 207; 33583
291; 207; 33425
292; 207; 33267
293; 207; 33241
294; 207; 33346
295; 207; 33503
296; 207; 33653
297; 207; 33782
298; 207; 33870
299; 207; 33894
300; 207; 33890
301; 207; 33905
302; 207; 33915
303; 207; 33899
304; 207; 33907
305; 207; 33954
306; 207; 33960
307; 207; 33910
308; 207; 33923
309; 207; 34042
310; 207; 34113
311; 207; 33982
312; 207; 33679
313; 207; 33334
314; 207; 33105
315; 207; 33111
316; 207; 33215
317; 207; 33175
318; 207; 33051
319; 207; 33138
320; 207; 33517
321; 207; 33927
322; 207; 34019
323; 207; 33791
324; 207; 33304
325; 207; 33159
326; 207; 33162
327; 207; 33156
328; 207; 33043
329; 207; 32948
330; 207; 32920
331; 207; 32908
332; 207; 32879
333; 207; 32898
334; 207; 33033
335; 207; 33151
336; 207; 33162
337; 207; 33410
338; 207; 34027
339; 207; 34465
340; 207; 34621
341; 207; 34582
342; 207; 34084
343; 207; 33433
288; 208; 33679
289; 208; 33763
290; 208; 33721
291; 208; 33467
292; 208; 33278
293; 208; 33280
294; 208; 33398
295; 208; 33504
296; 208; 33582
297; 208; 33670
298; 208; 33788
299; 208; 33914
300; 208; 34001
301; 208; 33999
302; 208; 33901
303; 208; 33800
304; 208; 33803
305; 208; 33877
306; 208; 33902
307; 208; 33898
308; 208; 33992
309; 208; 34156
310; 208; 34157
311; 208; 33840
312; 208; 33368
313; 208; 33065
314; 208; 33071
315; 208; 33291
316; 208; 33461
317; 208; 33326
318; 208; 33004
319; 208; 32940
320; 208; 33286
321; 208; 33782
322; 208; 34007
323; 208; 33886
324; 208; 33458
325; 208; 33203
326; 208; 33136
327; 208; 33125
328; 208; 33062
329; 208; 32975
330; 208; 32940
331; 208; 32933
332; 208; 32884
333; 208; 32905
334; 208; 33087
335; 208; 33221
336; 208; 33265
337; 208; 33514
338; 208; 34028
339; 208; 34384
340; 208; 34529
341; 208; 34462
342; 208; 33901
343; 208; 33327
288; 209; 33820
289; 209; 33951
290; 209; 33869
291; 209; 33495
292; 209; 33268
293; 209; 33261
294; 209; 33394
295; 209; 33515
296; 209; 33572
297; 209; 33606
298; 209; 33699
299; 209; 33873
300; 209; 34020
301; 209; 34009
302; 209; 33857
303; 209; 33729
304; 209; 33748
305; 209; 33838
306; 209; 33871
307; 209; 33891
308; 209; 34012
309; 209; 34147
310; 209; 34036
311; 209; 33606
312; 209; 33144
313; 209; 33033
314; 209; 33203
315; 209; 33421
316; 209; 33521
317; 209; 33391
318; 209; 33104
319; 209; 32966
320; 209; 33196
321; 209; 33633
322; 209; 33949
323; 209; 33907
324; 209; 33638
325; 209; 33242
326; 209; 33131
327; 209; 33122
328; 209; 33118
329; 209; 33029
330; 209; 32946
331; 209; 32931
332; 209; 32909
333; 209; 32926
334; 209; 33087
335; 209; 33214
336; 209; 33330
337; 209; 33582
338; 209; 33964
339; 209; 34307
340; 209; 34463
341; 209; 34327
342; 209; 33643
343; 209; 33157
288; 210; 33970
289; 210; 34142
290; 210; 34086
291; 210; 33584
292; 210; 33232
293; 210; 33156
294; 210; 33302
295; 210; 33503
296; 210; 33619
297; 210; 33631
298; 210; 33653
299; 210; 33787
300; 210; 33945
301; 210; 33962
302; 210; 33855
303; 210; 33782
304; 210; 33832
305; 210; 33914
306; 210; 33917
307; 210; 33896
308; 210; 33955
309; 210; 33988
310; 210; 33779
311; 210; 33355
312; 210; 33075
313; 210; 33154
314; 210; 33358
315; 210; 33457
316; 210; 33436
317; 210; 33352
318; 210; 33232
319; 210; 33134
320; 210; 33202
321; 210; 33478
322; 210; 33798
323; 210; 33922
324; 210; 33801
325; 210; 33375
326; 210; 33208
327; 210; 33180
328; 210; 33181
329; 210; 33075
330; 210; 32953
331; 210; 32928
332; 210; 32932
333; 210; 32933
334; 210; 33035
335; 210; 33166
336; 210; 33340
337; 210; 33538
338; 210; 33821
339; 210; 34298
340; 210; 34505
341; 210; 34279
342; 210; 33475
343; 210; 33022
288; 211; 34121
289; 211; 34272
290; 211; 34206
291; 211; 33635
292; 211; 33146
293; 211; 33076
294; 211; 33226
295; 211; 33471
296; 211; 33633
297; 211; 33659
298; 211; 33652
299; 211; 33739
300; 211; 33876
301; 211; 33944
302; 211; 33946
303; 211; 33962
304; 211; 34016
305; 211; 34040
306; 211; 33984
307; 211; 33912
308; 211; 33889
309; 211; 33809
310; 211; 33544
311; 211; 33215
312; 211; 33134
313; 211; 33301
314; 211; 33440
315; 211; 33424
316; 211; 33333
317; 211; 33290
318; 211; 33295
319; 211; 33259
320; 211; 33221
321; 211; 33369
322; 211; 33710
323; 211; 33963
324; 211; 33902
325; 211; 33569
326; 211; 33344
327; 211; 33285
328; 211; 33225
329; 211; 33095
330; 211; 32977
331; 211; 32936
332; 211; 32940
333; 211; 32953
334; 211; 33043
335; 211; 33204
336; 211; 33352
337; 211; 33457
338; 211; 33683
339; 211; 34331
340; 211; 34621
341; 211; 34318
342; 211; 33404
343; 211; 33031
288; 212; 34228
289; 212; 34334
290; 212; 34232
291; 212; 33653
292; 212; 33190
293; 212; 33141
294; 212; 33260
295; 212; 33426
296; 212; 33545
297; 212; 33610
298; 212; 33660
299; 212; 33746
300; 212; 33853
301; 212; 33963
302; 212; 34074
303; 212; 34146
304; 212; 34138
305; 212; 34062
306; 212; 33973
307; 212; 33929
308; 212; 33901
309; 212; 33761
310; 212; 33468
311; 212; 33208
312; 212; 33201
313; 212; 33347
314; 212; 33414
315; 212; 33370
316; 212; 33304
317; 212; 33285
318; 212; 33297
319; 212; 33254
320; 212; 33205
321; 212; 33359
322; 212; 33743
323; 212; 34050
324; 212; 34018
325; 212; 33720
326; 212; 33504
327; 212; 33408
328; 212; 33283
329; 212; 33129
330; 212; 33067
331; 212; 33093
332; 212; 33079
333; 212; 33060
334; 212; 33166
335; 212; 33368
336; 212; 33453
337; 212; 33425
338; 212; 33577
339; 212; 34344
340; 212; 34688
341; 212; 34317
342; 212; 33345
343; 212; 33005
288; 213; 34279
289; 213; 34326
290; 213; 34207
291; 213; 33683
292; 213; 33359
293; 213; 33297
294; 213; 33343
295; 213; 33354
296; 213; 33375
297; 213; 33494
298; 213; 33657
299; 213; 33764
300; 213; 33828
301; 213; 33949
302; 213; 34128
303; 213; 34212
304; 213; 34120
305; 213; 33964
306; 213; 33898
307; 213; 33954
308; 213; 33989
309; 213; 33829
310; 213; 33511
311; 213; 33260
312; 213; 33228
313; 213; 33313
314; 213; 33354
315; 213; 33361
316; 213; 33362
317; 213; 33341
318; 213; 33294
319; 213; 33218
320; 213; 33207
321; 213; 33433
322; 213; 33865
323; 213; 34171
324; 213; 34124
325; 213; 33821
326; 213; 33631
327; 213; 33548
328; 213; 33415
329; 213; 33263
330; 213; 33239
331; 213; 33290
332; 213; 33245
333; 213; 33181
334; 213; 33316
335; 213; 33603
336; 213; 33676
337; 213; 33502
338; 213; 33578
339; 213; 34338
340; 213; 34649
341; 213; 34195
342; 213; 33224
343; 213; 32983
288; 214; 34311
289; 214; 34301
290; 214; 34147
291; 214; 33656
292; 214; 33428
293; 214; 33387
294; 214; 33364
295; 214; 33264
296; 214; 33226
297; 214; 33382
298; 214; 33622
299; 214; 33749
300; 214; 33784
301; 214; 33899
302; 214; 34087
303; 214; 34152
304; 214; 34028
305; 214; 33875
306; 214; 33865
307; 214; 33991
308; 214; 34052
309; 214; 33860
310; 214; 33516
311; 214; 33285
312; 214; 33260
313; 214; 33315
314; 214; 33346
315; 214; 33391
316; 214; 33432
317; 214; 33394
318; 214; 33306
319; 214; 33234
320; 214; 33271
321; 214; 33538
322; 214; 33972
323; 214; 34261
324; 214; 34215
325; 214; 33918
326; 214; 33725
327; 214; 33677
328; 214; 33609
329; 214; 33488
330; 214; 33430
331; 214; 33438
332; 214; 33386
333; 214; 33336
334; 214; 33515
335; 214; 33843
336; 214; 33904
337; 214; 33670
338; 214; 33644
339; 214; 34329
340; 214; 34569
341; 214; 34076
342; 214; 33176
343; 214; 32971
288; 215; 34339
289; 215; 34296
290; 215; 34044
291; 215; 33519
292; 215; 33326
293; 215; 33316
294; 215; 33293
295; 215; 33198
296; 215; 33176
297; 215; 33330
298; 215; 33552
299; 215; 33685
300; 215; 33750
301; 215; 33870
302; 215; 34015
303; 215; 34053
304; 215; 33968
305; 215; 33882
306; 215; 33908
307; 215; 34022
308; 215; 34037
309; 215; 33799
310; 215; 33453
311; 215; 33287
312; 215; 33325
313; 215; 33375
314; 215; 33377
315; 215; 33412
316; 215; 33446
317; 215; 33401
318; 215; 33338
319; 215; 33328
320; 215; 33394
321; 215; 33620
322; 215; 33991
323; 215; 34265
324; 215; 34255
325; 215; 33979
326; 215; 33743
327; 215; 33726
328; 215; 33737
329; 215; 33643
330; 215; 33529
331; 215; 33509
332; 215; 33537
333; 215; 33580
334; 215; 33749
335; 215; 33995
336; 215; 33998
337; 215; 33715
338; 215; 33640
339; 215; 34249
340; 215; 34508
341; 215; 34153
342; 215; 33402
343; 215; 33208
288; 216; 34351
289; 216; 34287
290; 216; 33944
291; 216; 33359
292; 216; 33189
293; 216; 33198
294; 216; 33225
295; 216; 33188
296; 216; 33202
297; 216; 33324
298; 216; 33468
299; 216; 33583
300; 216; 33706
301; 216; 33848
302; 216; 33944
303; 216; 33968
304; 216; 33954
305; 216; 33937
306; 216; 33954
307; 216; 34021
308; 216; 34000
309; 216; 33753
310; 216; 33433
311; 216; 33314
312; 216; 33379
313; 216; 33414
314; 216; 33390
315; 216; 33407
316; 216; 33429
317; 216; 33407
318; 216; 33408
319; 216; 33457
320; 216; 33507
321; 216; 33630
322; 216; 33903
323; 216; 34165
324; 216; 34183
325; 216; 33923
326; 216; 33650
327; 216; 33640
328; 216; 33699
329; 216; 33617
330; 216; 33463
331; 216; 33453
332; 216; 33605
333; 216; 33768
334; 216; 33906
335; 216; 34028
336; 216; 33956
337; 216; 33638
338; 216; 33516
339; 216; 33989
340; 216; 34463
341; 216; 34378
342; 216; 33919
343; 216; 33699
288; 217; 34353
289; 217; 34305
290; 217; 33932
291; 217; 33333
292; 217; 33160
293; 217; 33175
294; 217; 33212
295; 217; 33190
296; 217; 33225
297; 217; 33334
298; 217; 33410
299; 217; 33470
300; 217; 33605
301; 217; 33772
302; 217; 33869
303; 217; 33917
304; 217; 33961
305; 217; 33963
306; 217; 33944
307; 217; 33989
308; 217; 34001
309; 217; 33804
310; 217; 33500
311; 217; 33361
312; 217; 33392
313; 217; 33404
314; 217; 33381
315; 217; 33411
316; 217; 33450
317; 217; 33451
318; 217; 33470
319; 217; 33509
320; 217; 33496
321; 217; 33514
322; 217; 33709
323; 217; 33959
324; 217; 33990
325; 217; 33705
326; 217; 33462
327; 217; 33473
328; 217; 33533
329; 217; 33443
330; 217; 33283
331; 217; 33291
332; 217; 33507
333; 217; 33741
334; 217; 33888
335; 217; 33974
336; 217; 33879
337; 217; 33544
338; 217; 33301
339; 217; 33600
340; 217; 34278
341; 217; 34357
342; 217; 34163
343; 217; 33891
288; 218; 34374
289; 218; 34356
290; 218; 34047
291; 218; 33466
292; 218; 33251
293; 218; 33250
294; 218; 33253
295; 218; 33204
296; 218; 33240
297; 218; 33354
298; 218; 33396
299; 218; 33386
300; 218; 33476
301; 218; 33664
302; 218; 33819
303; 218; 33917
304; 218; 33978
305; 218; 33958
306; 218; 33909
307; 218; 33956
308; 218; 34024
309; 218; 33887
310; 218; 33580
311; 218; 33384
312; 218; 33379
313; 218; 33399
314; 218; 33394
315; 218; 33436
316; 218; 33479
317; 218; 33453
318; 218; 33425
319; 218; 33413
320; 218; 33345
321; 218; 33307
322; 218; 33448
323; 218; 33672
324; 218; 33702
325; 218; 33461
326; 218; 33282
327; 218; 33320
328; 218; 33358
329; 218; 33252
330; 218; 33108
331; 218; 33115
332; 218; 33289
333; 218; 33496
334; 218; 33676
335; 218; 33827
336; 218; 33801
337; 218; 33497
338; 218; 33243
339; 218; 33354
340; 218; 33962
341; 218; 34164
342; 218; 34013
343; 218; 33820
288; 219; 34419
289; 219; 34412
290; 219; 34190
291; 219; 33657
292; 219; 33366
293; 219; 33299
294; 219; 33295
295; 219; 33252
296; 219; 33269
297; 219; 33366
298; 219; 33393
299; 219; 33335
300; 219; 33379
301; 219; 33595
302; 219; 33825
303; 219; 33955
304; 219; 33989
305; 219; 33946
306; 219; 33896
307; 219; 33948
308; 219; 34032
309; 219; 33929
310; 219; 33627
311; 219; 33383
312; 219; 33350
313; 219; 33395
314; 219; 33409
315; 219; 33429
316; 219; 33430
317; 219; 33359
318; 219; 33284
319; 219; 33256
320; 219; 33204
321; 219; 33161
322; 219; 33238
323; 219; 33393
324; 219; 33415
325; 219; 33263
326; 219; 33159
327; 219; 33196
328; 219; 33222
329; 219; 33135
330; 219; 33026
331; 219; 33007
332; 219; 33083
333; 219; 33204
334; 219; 33369
335; 219; 33573
336; 219; 33651
337; 219; 33471
338; 219; 33264
339; 219; 33308
340; 219; 33778
341; 219; 33941
342; 219; 33891
343; 219; 33815
288; 220; 34449
289; 220; 34429
290; 220; 34321
291; 220; 33879
292; 220; 33400
293; 220; 33303
294; 220; 33321
295; 220; 33316
296; 220; 33300
297; 220; 33348
298; 220; 33366
299; 220; 33294
300; 220; 33316
301; 220; 33561
302; 220; 33854
303; 220; 33994
304; 220; 33989
305; 220; 33937
306; 220; 33908
307; 220; 33949
308; 220; 34018
309; 220; 33957
310; 220; 33710
311; 220; 33446
312; 220; 33345
313; 220; 33359
314; 220; 33369
315; 220; 33361
316; 220; 33327
317; 220; 33236
318; 220; 33159
319; 220; 33174
320; 220; 33201
321; 220; 33175
322; 220; 33167
323; 220; 33217
324; 220; 33221
325; 220; 33135
326; 220; 33072
327; 220; 33094
328; 220; 33124
329; 220; 33090
330; 220; 33026
331; 220; 32987
332; 220; 32987
333; 220; 33023
334; 220; 33114
335; 220; 33283
336; 220; 33417
337; 220; 33386
338; 220; 33324
339; 220; 33457
340; 220; 33813
341; 220; 33999
342; 220; 34043
343; 220; 34053
288; 221; 34437
289; 221; 34438
290; 221; 34395
291; 221; 34109
292; 221; 33551
293; 221; 33371
294; 221; 33400
295; 221; 33393
296; 221; 33306
297; 221; 33300
298; 221; 33332
299; 221; 33266
300; 221; 33257
301; 221; 33501
302; 221; 33841
303; 221; 34008
304; 221; 33992
305; 221; 33941
306; 221; 33923
307; 221; 33940
308; 221; 33999
309; 221; 34015
310; 221; 33869
311; 221; 33613
312; 221; 33418
313; 221; 33349
314; 221; 33335
315; 221; 33324
316; 221; 33289
317; 221; 33201
318; 221; 33115
319; 221; 33145
320; 221; 33246
321; 221; 33276
322; 221; 33221
323; 221; 33166
324; 221; 33134
325; 221; 33092
326; 221; 33046
327; 221; 33033
328; 221; 33052
329; 221; 33059
330; 221; 33026
331; 221; 32996
332; 221; 32990
333; 221; 32982
334; 221; 33002
335; 221; 33107
336; 221; 33225
337; 221; 33266
338; 221; 33324
339; 221; 33578
340; 221; 33942
341; 221; 34130
342; 221; 34218
343; 221; 34210
288; 222; 34405
289; 222; 34437
290; 222; 34470
291; 222; 34319
292; 222; 33880
293; 222; 33609
294; 222; 33586
295; 222; 33506
296; 222; 33297
297; 222; 33272
298; 222; 33346
299; 222; 33293
300; 222; 33222
301; 222; 33398
302; 222; 33743
303; 222; 33969
304; 222; 33996
305; 222; 33961
306; 222; 33940
307; 222; 33937
308; 222; 33992
309; 222; 34070
310; 222; 34025
311; 222; 33813
312; 222; 33579
313; 222; 33451
314; 222; 33410
315; 222; 33401
316; 222; 33373
317; 222; 33268
318; 222; 33114
319; 222; 33064
320; 222; 33163
321; 222; 33283
322; 222; 33289
323; 222; 33202
324; 222; 33137
325; 222; 33117
326; 222; 33080
327; 222; 33031
328; 222; 33009
329; 222; 33015
330; 222; 33008
331; 222; 32997
332; 222; 33017
333; 222; 33037
334; 222; 33046
335; 222; 33090
336; 222; 33152
337; 222; 33192
338; 222; 33284
339; 222; 33518
340; 222; 33773
341; 222; 33959
342; 222; 34021
343; 222; 33951
288; 223; 34392
289; 223; 34441
290; 223; 34512
291; 223; 34423
292; 223; 34181
293; 223; 34088
294; 223; 33970
295; 223; 33642
296; 223; 33354
297; 223; 33307
298; 223; 33407
299; 223; 33378
300; 223; 33249
301; 223; 33302
302; 223; 33585
303; 223; 33861
304; 223; 33974
305; 223; 33978
306; 223; 33962
307; 223; 33959
308; 223; 34002
309; 223; 34074
310; 223; 34069
311; 223; 33935
312; 223; 33770
313; 223; 33659
314; 223; 33589
315; 223; 33550
316; 223; 33531
317; 223; 33426
318; 223; 33171
319; 223; 32973
320; 223; 32989
321; 223; 33156
322; 223; 33280
323; 223; 33249
324; 223; 33182
325; 223; 33168
326; 223; 33139
327; 223; 33067
328; 223; 33012
329; 223; 33011
330; 223; 33029
331; 223; 33039
332; 223; 33071
333; 223; 33117
334; 223; 33156
335; 223; 33187
336; 223; 33195
337; 223; 33202
338; 223; 33260
339; 223; 33351
340; 223; 33431
341; 223; 33500
342; 223; 33524
343; 223; 33456
288; 224; 34402
289; 224; 34445
290; 224; 34503
291; 224; 34468
292; 224; 34381
293; 224; 34341
294; 224; 34257
295; 224; 33958
296; 224; 33511
297; 224; 33396
298; 224; 33433
299; 224; 33419
300; 224; 33313
301; 224; 33274
302; 224; 33441
303; 224; 33718
304; 224; 33914
305; 224; 33966
306; 224; 33956
307; 224; 33975
308; 224; 34027
309; 224; 34058
310; 224; 34026
311; 224; 33956
312; 224; 33906
313; 224; 33864
314; 224; 33780
315; 224; 33698
316; 224; 33684
317; 224; 33626
318; 224; 33348
319; 224; 33008
320; 224; 32891
321; 224; 33000
322; 224; 33190
323; 224; 33264
324; 224; 33218
325; 224; 33192
326; 224; 33178
327; 224; 33130
328; 224; 33074
329; 224; 33070
330; 224; 33116
331; 224; 33156
332; 224; 33182
333; 224; 33211
334; 224; 33238
335; 224; 33257
336; 224; 33255
337; 224; 33250
338; 224; 33259
339; 224; 33229
340; 224; 33170
341; 224; 33156
342; 224; 33168
343; 224; 33184
288; 225; 34421
289; 225; 34446
290; 225; 34481
291; 225; 34485
292; 225; 34462
293; 225; 34450
294; 225; 34428
295; 225; 34291
296; 225; 33866
297; 225; 33506
298; 225; 33374
299; 225; 33340
300; 225; 33354
301; 225; 33327
302; 225; 33377
303; 225; 33598
304; 225; 33842
305; 225; 33926
306; 225; 33905
307; 225; 33945
308; 225; 34042
309; 225; 34068
310; 225; 33999
311; 225; 33933
312; 225; 33940
313; 225; 33961
314; 225; 33911
315; 225; 33829
316; 225; 33821
317; 225; 33822
318; 225; 33611
319; 225; 33193
320; 225; 32951
321; 225; 32913
322; 225; 33030
323; 225; 33180
324; 225; 33191
325; 225; 33163
326; 225; 33170
327; 225; 33174
328; 225; 33145
329; 225; 33138
330; 225; 33183
331; 225; 33231
332; 225; 33253
333; 225; 33259
334; 225; 33256
335; 225; 33239
336; 225; 33225
337; 225; 33239
338; 225; 33256
339; 225; 33212
340; 225; 33150
341; 225; 33145
342; 225; 33181
343; 225; 33245
288; 226; 34446
289; 226; 34446
290; 226; 34475
291; 226; 34510
292; 226; 34501
293; 226; 34468
294; 226; 34477
295; 226; 34490
296; 226; 34302
297; 226; 33711
298; 226; 33270
299; 226; 33249
300; 226; 33369
301; 226; 33412
302; 226; 33385
303; 226; 33519
304; 226; 33773
305; 226; 33888
306; 226; 33853
307; 226; 33880
308; 226; 34017
309; 226; 34096
310; 226; 34031
311; 226; 33929
312; 226; 33908
313; 226; 33955
314; 226; 33978
315; 226; 33942
316; 226; 33930
317; 226; 33947
318; 226; 33811
319; 226; 33426
320; 226; 33091
321; 226; 32963
322; 226; 32930
323; 226; 33019
324; 226; 33106
325; 226; 33116
326; 226; 33137
327; 226; 33171
328; 226; 33157
329; 226; 33124
330; 226; 33140
331; 226; 33182
332; 226; 33216
333; 226; 33245
334; 226; 33253
335; 226; 33221
336; 226; 33184
337; 226; 33200
338; 226; 33252
339; 226; 33286
340; 226; 33309
341; 226; 33344
342; 226; 33390
343; 226; 33440
288; 227; 34471
289; 227; 34447
290; 227; 34476
291; 227; 34533
292; 227; 34524
293; 227; 34463
294; 227; 34483
295; 227; 34577
296; 227; 34550
297; 227; 34050
298; 227; 33452
299; 227; 33329
300; 227; 33440
301; 227; 33454
302; 227; 33364
303; 227; 33423
304; 227; 33678
305; 227; 33863
306; 227; 33854
307; 227; 33838
308; 227; 33958
309; 227; 34090
310; 227; 34075
311; 227; 33952
312; 227; 33867
313; 227; 33903
314; 227; 33989
315; 227; 34006
316; 227; 33979
317; 227; 33969
318; 227; 33874
319; 227; 33562
320; 227; 33177
321; 227; 32999
322; 227; 32932
323; 227; 32941
324; 227; 33036
325; 227; 33090
326; 227; 33117
327; 227; 33153
328; 227; 33135
329; 227; 33067
330; 227; 33051
331; 227; 33087
332; 227; 33147
333; 227; 33237
334; 227; 33300
335; 227; 33285
336; 227; 33236
337; 227; 33237
338; 227; 33291
339; 227; 33360
340; 227; 33433
341; 227; 33510
342; 227; 33571
343; 227; 33602
288; 228; 34485
289; 228; 34455
290; 228; 34478
291; 228; 34529
292; 228; 34527
293; 228; 34480
294; 228; 34500
295; 228; 34593
296; 228; 34588
297; 228; 34350
298; 228; 33879
299; 228; 33713
300; 228; 33613
301; 228; 33426
302; 228; 33248
303; 228; 33275
304; 228; 33544
305; 228; 33825
306; 228; 33904
307; 228; 33866
308; 228; 33906
309; 228; 34034
310; 228; 34083
311; 228; 33987
312; 228; 33867
313; 228; 33866
314; 228; 33958
315; 228; 34007
316; 228; 33990
317; 228; 33965
318; 228; 33885
319; 228; 33635
320; 228; 33258
321; 228; 32989
322; 228; 32912
323; 228; 32951
324; 228; 33032
325; 228; 33087
326; 228; 33123
327; 228; 33157
328; 228; 33130
329; 228; 33060
330; 228; 33052
331; 228; 33104
332; 228; 33183
333; 228; 33300
334; 228; 33400
335; 228; 33421
336; 228; 33388
337; 228; 33371
338; 228; 33380
339; 228; 33401
340; 228; 33455
341; 228; 33544
342; 228; 33631
343; 228; 33690
288; 229; 34492
289; 229; 34485
290; 229; 34495
291; 229; 34512
292; 229; 34516
293; 229; 34523
294; 229; 34563
295; 229; 34596
296; 229; 34555
297; 229; 34460
298; 229; 34417
299; 229; 34235
300; 229; 33861
301; 229; 33312
302; 229; 33126
303; 229; 33171
304; 229; 33429
305; 229; 33747
306; 229; 33938
307; 229; 33936
308; 229; 33892
309; 229; 33960
310; 229; 34056
311; 229; 34033
312; 229; 33930
313; 229; 33889
314; 229; 33933
315; 229; 33981
316; 229; 34000
317; 229; 34006
318; 229; 33948
319; 229; 33737
320; 229; 33384
321; 229; 33050
322; 229; 32930
323; 229; 32980
324; 229; 33046
325; 229; 33096
326; 229; 33148
327; 229; 33191
328; 229; 33184
329; 229; 33150
330; 229; 33177
331; 229; 33262
332; 229; 33349
333; 229; 33444
334; 229; 33531
335; 229; 33562
336; 229; 33542
337; 229; 33505
338; 229; 33473
339; 229; 33456
340; 229; 33480
341; 229; 33537
342; 229; 33608
343; 229; 33686
288; 230; 34498
289; 230; 34525
290; 230; 34528
291; 230; 34509
292; 230; 34508
293; 230; 34566
294; 230; 34641
295; 230; 34622
296; 230; 34512
297; 230; 34490
298; 230; 34575
299; 230; 34534
300; 230; 33991
301; 230; 33286
302; 230; 33132
303; 230; 33233
304; 230; 33413
305; 230; 33629
306; 230; 33870
307; 230; 33966
308; 230; 33908
309; 230; 33908
310; 230; 34014
311; 230; 34066
312; 230; 34008
313; 230; 33946
314; 230; 33945
315; 230; 33979
316; 230; 34024
317; 230; 34066
318; 230; 34037
319; 230; 33859
320; 230; 33509
321; 230; 33094
322; 230; 32898
323; 230; 32946
324; 230; 33040
325; 230; 33115
326; 230; 33178
327; 230; 33233
328; 230; 33268
329; 230; 33290
330; 230; 33353
331; 230; 33457
332; 230; 33536
333; 230; 33590
334; 230; 33638
335; 230; 33651
336; 230; 33617
337; 230; 33555
338; 230; 33518
339; 230; 33531
340; 230; 33566
341; 230; 33573
342; 230; 33568
343; 230; 33599
288; 231; 34500
289; 231; 34544
290; 231; 34552
291; 231; 34519
292; 231; 34507
293; 231; 34571
294; 231; 34664
295; 231; 34641
296; 231; 34492
297; 231; 34461
298; 231; 34608
299; 231; 34612
300; 231; 34009
301; 231; 33332
302; 231; 33272
303; 231; 33435
304; 231; 33491
305; 231; 33494
306; 231; 33688
307; 231; 33901
308; 231; 33915
309; 231; 33888
310; 231; 33982
311; 231; 34067
312; 231; 34036
313; 231; 33980
314; 231; 33981
315; 231; 34012
316; 231; 34051
317; 231; 34092
318; 231; 34078
319; 231; 33926
320; 231; 33580
321; 231; 33128
322; 231; 32878
323; 231; 32896
324; 231; 33020
325; 231; 33127
326; 231; 33190
327; 231; 33267
328; 231; 33355
329; 231; 33427
330; 231; 33495
331; 231; 33568
332; 231; 33617
333; 231; 33637
334; 231; 33661
335; 231; 33675
336; 231; 33638
337; 231; 33558
338; 231; 33527
339; 231; 33591
340; 231; 33652
341; 231; 33618
342; 231; 33547
343; 231; 33538
288; 232; 34494
289; 232; 34529
290; 232; 34551
291; 232; 34537
292; 232; 34519
293; 232; 34550
294; 232; 34629
295; 232; 34636
296; 232; 34519
297; 232; 34478
298; 232; 34619
299; 232; 34651
300; 232; 34083
301; 232; 33415
302; 232; 33374
303; 232; 33545
304; 232; 33534
305; 232; 33381
306; 232; 33485
307; 232; 33769
308; 232; 33889
309; 232; 33894
310; 232; 33975
311; 232; 34050
312; 232; 34018
313; 232; 33980
314; 232; 34013
315; 232; 34050
316; 232; 34056
317; 232; 34070
318; 232; 34072
319; 232; 33951
320; 232; 33616
321; 232; 33167
322; 232; 32906
323; 232; 32903
324; 232; 33030
325; 232; 33143
326; 232; 33194
327; 232; 33284
328; 232; 33427
329; 232; 33542
330; 232; 33590
331; 232; 33602
332; 232; 33602
333; 232; 33593
334; 232; 33604
335; 232; 33643
336; 232; 33649
337; 232; 33594
338; 232; 33567
339; 232; 33626
340; 232; 33671
341; 232; 33616
342; 232; 33551
343; 232; 33573
288; 233; 34496
289; 233; 34509
290; 233; 34541
291; 233; 34561
292; 233; 34551
293; 233; 34547
294; 233; 34593
295; 233; 34628
296; 233; 34567
297; 233; 34528
298; 233; 34645
299; 233; 34692
300; 233; 34277
301; 233; 33541
302; 233; 33360
303; 233; 33425
304; 233; 33422
305; 233; 33302
306; 233; 33377
307; 233; 33666
308; 233; 33857
309; 233; 33902
310; 233; 33965
311; 233; 34016
312; 233; 33992
313; 233; 33990
314; 233; 34053
315; 233; 34064
316; 233; 33993
317; 233; 33967
318; 233; 34021
319; 233; 33983
320; 233; 33687
321; 233; 33236
322; 233; 32939
323; 233; 32926
324; 233; 33053
325; 233; 33151
326; 233; 33201
327; 233; 33293
328; 233; 33453
329; 233; 33588
330; 233; 33629
331; 233; 33613
332; 233; 33592
333; 233; 33567
334; 233; 33557
335; 233; 33601
336; 233; 33655
337; 233; 33652
338; 233; 33633
339; 233; 33646
340; 233; 33637
341; 233; 33583
342; 233; 33567
343; 233; 33639
288; 234; 34527
289; 234; 34522
290; 234; 34545
291; 234; 34577
292; 234; 34584
293; 234; 34573
294; 234; 34594
295; 234; 34626
296; 234; 34592
297; 234; 34540
298; 234; 34616
299; 234; 34713
300; 234; 34537
301; 234; 33810
302; 234; 33310
303; 234; 33238
304; 234; 33233
305; 234; 33246
306; 234; 33377
307; 234; 33647
308; 234; 33845
309; 234; 33896
310; 234; 33921
311; 234; 33952
312; 234; 33977
313; 234; 34044
314; 234; 34112
315; 234; 34028
316; 234; 33808
317; 234; 33705
318; 234; 33835
319; 234; 33957
320; 234; 33775
321; 234; 33331
322; 234; 32968
323; 234; 32921
324; 234; 33060
325; 234; 33173
326; 234; 33235
327; 234; 33314
328; 234; 33445
329; 234; 33570
330; 234; 33620
331; 234; 33620
332; 234; 33620
333; 234; 33614
334; 234; 33597
335; 234; 33614
336; 234; 33662
337; 234; 33681
338; 234; 33664
339; 234; 33639
340; 234; 33604
341; 234; 33579
342; 234; 33606
343; 234; 33666
288; 235; 34585
289; 235; 34575
290; 235; 34563
291; 235; 34567
292; 235; 34577
293; 235; 34585
294; 235; 34604
295; 235; 34622
296; 235; 34591
297; 235; 34520
298; 235; 34532
299; 235; 34675
300; 235; 34714
301; 235; 34312
302; 235; 33538
303; 235; 33175
304; 235; 33130
305; 235; 33215
306; 235; 33400
307; 235; 33657
308; 235; 33853
309; 235; 33894
310; 235; 33865
311; 235; 33881
312; 235; 33978
313; 235; 34103
314; 235; 34122
315; 235; 33900
316; 235; 33527
317; 235; 33328
318; 235; 33482
319; 235; 33756
320; 235; 33764
321; 235; 33405
322; 235; 32998
323; 235; 32903
324; 235; 33053
325; 235; 33210
326; 235; 33299
327; 235; 33363
328; 235; 33461
329; 235; 33561
330; 235; 33603
331; 235; 33601
332; 235; 33610
333; 235; 33642
334; 235; 33666
335; 235; 33676
336; 235; 33682
337; 235; 33670
338; 235; 33639
339; 235; 33608
340; 235; 33603
341; 235; 33630
342; 235; 33659
343; 235; 33639
288; 236; 34637
289; 236; 34626
290; 236; 34585
291; 236; 34551
292; 236; 34541
293; 236; 34559
294; 236; 34584
295; 236; 34604
296; 236; 34598
297; 236; 34530
298; 236; 34471
299; 236; 34591
300; 236; 34770
301; 236; 34664
302; 236; 33947
303; 236; 33271
304; 236; 33145
305; 236; 33206
306; 236; 33365
307; 236; 33603
308; 236; 33837
309; 236; 33908
310; 236; 33850
311; 236; 33866
312; 236; 34012
313; 236; 34115
314; 236; 33996
315; 236; 33662
316; 236; 33284
317; 236; 33070
318; 236; 33152
319; 236; 33431
320; 236; 33617
321; 236; 33458
322; 236; 33064
323; 236; 32932
324; 236; 33071
325; 236; 33227
326; 236; 33342
327; 236; 33418
328; 236; 33517
329; 236; 33608
330; 236; 33614
331; 236; 33549
332; 236; 33514
333; 236; 33566
334; 236; 33654
335; 236; 33703
336; 236; 33693
337; 236; 33650
338; 236; 33609
339; 236; 33593
340; 236; 33630
341; 236; 33695
342; 236; 33701
343; 236; 33607
288; 237; 34643
289; 237; 34630
290; 237; 34598
291; 237; 34564
292; 237; 34532
293; 237; 34527
294; 237; 34546
295; 237; 34576
296; 237; 34608
297; 237; 34573
298; 237; 34479
299; 237; 34535
300; 237; 34746
301; 237; 34770
302; 237; 34154
303; 237; 33431
304; 237; 33256
305; 237; 33257
306; 237; 33303
307; 237; 33471
308; 237; 33761
309; 237; 33924
310; 237; 33896
311; 237; 33925
312; 237; 34075
313; 237; 34069
314; 237; 33759
315; 237; 33384
316; 237; 33190
317; 237; 33102
318; 237; 33062
319; 237; 33178
320; 237; 33427
321; 237; 33499
322; 237; 33189
323; 237; 32973
324; 237; 33050
325; 237; 33193
326; 237; 33329
327; 237; 33439
328; 237; 33557
329; 237; 33647
330; 237; 33629
331; 237; 33518
332; 237; 33439
333; 237; 33476
334; 237; 33586
335; 237; 33665
336; 237; 33676
337; 237; 33646
338; 237; 33614
339; 237; 33608
340; 237; 33655
341; 237; 33722
342; 237; 33719
343; 237; 33633
288; 238; 34603
289; 238; 34587
290; 238; 34596
291; 238; 34604
292; 238; 34574
293; 238; 34539
294; 238; 34532
295; 238; 34555
296; 238; 34602
297; 238; 34599
298; 238; 34515
299; 238; 34530
300; 238; 34691
301; 238; 34689
302; 238; 34084
303; 238; 33468
304; 238; 33383
305; 238; 33395
306; 238; 33329
307; 238; 33364
308; 238; 33661
309; 238; 33930
310; 238; 33963
311; 238; 33990
312; 238; 34106
313; 238; 34006
314; 238; 33578
315; 238; 33218
316; 238; 33223
317; 238; 33296
318; 238; 33155
319; 238; 33077
320; 238; 33312
321; 238; 33535
322; 238; 33309
323; 238; 33007
324; 238; 33013
325; 238; 33139
326; 238; 33275
327; 238; 33411
328; 238; 33536
329; 238; 33616
330; 238; 33608
331; 238; 33546
332; 238; 33511
333; 238; 33543
334; 238; 33604
335; 238; 33637
336; 238; 33641
337; 238; 33637
338; 238; 33627
339; 238; 33627
340; 238; 33659
341; 238; 33694
342; 238; 33701
343; 238; 33708
288; 239; 34572
289; 239; 34558
290; 239; 34596
291; 239; 34646
292; 239; 34639
293; 239; 34594
294; 239; 34557
295; 239; 34554
296; 239; 34591
297; 239; 34607
298; 239; 34553
299; 239; 34564
300; 239; 34682
301; 239; 34632
302; 239; 33998
303; 239; 33450
304; 239; 33436
305; 239; 33506
306; 239; 33410
307; 239; 33332
308; 239; 33588
309; 239; 33923
310; 239; 34009
311; 239; 34000
312; 239; 34060
313; 239; 33970
314; 239; 33604
315; 239; 33292
316; 239; 33286
317; 239; 33317
318; 239; 33155
319; 239; 33084
320; 239; 33365
321; 239; 33633
322; 239; 33387
323; 239; 33027
324; 239; 33013
325; 239; 33116
326; 239; 33226
327; 239; 33373
328; 239; 33513
329; 239; 33590
330; 239; 33592
331; 239; 33604
332; 239; 33676
333; 239; 33747
334; 239; 33736
335; 239; 33659
336; 239; 33609
337; 239; 33610
338; 239; 33621
339; 239; 33631
340; 239; 33642
341; 239; 33639
342; 239; 33670
343; 239; 33791
288; 240; 34588
289; 240; 34584
290; 240; 34624
291; 240; 34678
292; 240; 34685
293; 240; 34642
294; 240; 34589
295; 240; 34566
296; 240; 34600
297; 240; 34638
298; 240; 34612
299; 240; 34613
300; 240; 34708
301; 240; 34697
302; 240; 34153
303; 240; 33517
304; 240; 33415
305; 240; 33473
306; 240; 33407
307; 240; 33309
308; 240; 33513
309; 240; 33860
310; 240; 33993
311; 240; 33954
312; 240; 33957
313; 240; 33964
314; 240; 33834
315; 240; 33601
316; 240; 33360
317; 240; 33141
318; 240; 33034
319; 240; 33201
320; 240; 33624
321; 240; 33845
322; 240; 33485
323; 240; 33026
324; 240; 32990
325; 240; 33111
326; 240; 33204
327; 240; 33356
328; 240; 33539
329; 240; 33634
330; 240; 33611
331; 240; 33620
332; 240; 33751
333; 240; 33874
334; 240; 33832
335; 240; 33681
336; 240; 33581
337; 240; 33568
338; 240; 33588
339; 240; 33611
340; 240; 33615
341; 240; 33603
342; 240; 33662
343; 240; 33826
288; 241; 34626
289; 241; 34642
290; 241; 34674
291; 241; 34708
292; 241; 34705
293; 241; 34658
294; 241; 34598
295; 241; 34572
296; 241; 34614
297; 241; 34679
298; 241; 34681
299; 241; 34655
300; 241; 34717
301; 241; 34755
302; 241; 34470
303; 241; 33780
304; 241; 33418
305; 241; 33348
306; 241; 33296
307; 241; 33248
308; 241; 33401
309; 241; 33709
310; 241; 33898
311; 241; 33889
312; 241; 33859
313; 241; 33954
314; 241; 34077
315; 241; 33976
316; 241; 33561
317; 241; 33117
318; 241; 33058
319; 241; 33470
320; 241; 33984
321; 241; 34073
322; 241; 33598
323; 241; 33050
324; 241; 32970
325; 241; 33115
326; 241; 33200
327; 241; 33347
328; 241; 33570
329; 241; 33706
330; 241; 33649
331; 241; 33575
332; 241; 33656
333; 241; 33782
334; 241; 33768
335; 241; 33635
336; 241; 33534
337; 241; 33518
338; 241; 33548
339; 241; 33585
340; 241; 33602
341; 241; 33609
342; 241; 33671
343; 241; 33780
288; 242; 34648
289; 242; 34685
290; 242; 34719
291; 242; 34732
292; 242; 34709
293; 242; 34654
294; 242; 34593
295; 242; 34560
296; 242; 34591
297; 242; 34671
298; 242; 34715
299; 242; 34687
300; 242; 34696
301; 242; 34771
302; 242; 34750
303; 242; 34285
304; 242; 33601
305; 242; 33289
306; 242; 33191
307; 242; 33208
308; 242; 33344
309; 242; 33582
310; 242; 33786
311; 242; 33833
312; 242; 33800
313; 242; 33911
314; 242; 34165
315; 242; 34227
316; 242; 33897
317; 242; 33475
318; 242; 33453
319; 242; 33859
320; 242; 34229
321; 242; 34166
322; 242; 33665
323; 242; 33107
324; 242; 32982
325; 242; 33128
326; 242; 33226
327; 242; 33344
328; 242; 33547
329; 242; 33714
330; 242; 33680
331; 242; 33546
332; 242; 33523
333; 242; 33593
334; 242; 33599
335; 242; 33530
336; 242; 33488
337; 242; 33509
338; 242; 33557
339; 242; 33600
340; 242; 33626
341; 242; 33640
342; 242; 33667
343; 242; 33682
288; 243; 34661
289; 243; 34696
290; 243; 34726
291; 243; 34727
292; 243; 34696
293; 243; 34648
294; 243; 34596
295; 243; 34552
296; 243; 34544
297; 243; 34608
298; 243; 34696
299; 243; 34704
300; 243; 34669
301; 243; 34727
302; 243; 34791
303; 243; 34640
304; 243; 33995
305; 243; 33368
306; 243; 33184
307; 243; 33230
308; 243; 33410
309; 243; 33590
310; 243; 33728
311; 243; 33784
312; 243; 33770
313; 243; 33854
314; 243; 34104
315; 243; 34284
316; 243; 34197
317; 243; 34017
318; 243; 34017
319; 243; 34169
320; 243; 34253
321; 243; 34128
322; 243; 33731
323; 243; 33179
324; 243; 32976
325; 243; 33121
326; 243; 33273
327; 243; 33366
328; 243; 33467
329; 243; 33619
330; 243; 33679
331; 243; 33596
332; 243; 33516
333; 243; 33498
334; 243; 33469
335; 243; 33434
336; 243; 33472
337; 243; 33570
338; 243; 33645
339; 243; 33671
340; 243; 33673
341; 243; 33652
342; 243; 33618
343; 243; 33581
288; 244; 34671
289; 244; 34675
290; 244; 34682
291; 244; 34677
292; 244; 34660
293; 244; 34639
294; 244; 34614
295; 244; 34573
296; 244; 34534
297; 244; 34563
298; 244; 34663
299; 244; 34712
300; 244; 34661
301; 244; 34658
302; 244; 34766
303; 244; 34765
304; 244; 34358
305; 244; 33579
306; 244; 33198
307; 244; 33243
308; 244; 33483
309; 244; 33660
310; 244; 33716
311; 244; 33739
312; 244; 33748
313; 244; 33804
314; 244; 33992
315; 244; 34209
316; 244; 34305
317; 244; 34325
318; 244; 34324
319; 244; 34249
320; 244; 34154
321; 244; 34118
322; 244; 33900
323; 244; 33320
324; 244; 32980
325; 244; 33082
326; 244; 33300
327; 244; 33414
328; 244; 33414
329; 244; 33520
330; 244; 33668
331; 244; 33694
332; 244; 33629
333; 244; 33543
334; 244; 33441
335; 244; 33391
336; 244; 33481
337; 244; 33638
338; 244; 33724
339; 244; 33724
340; 244; 33691
341; 244; 33620
342; 244; 33532
343; 244; 33502
288; 245; 34670
289; 245; 34639
290; 245; 34618
291; 245; 34612
292; 245; 34614
293; 245; 34620
294; 245; 34629
295; 245; 34617
296; 245; 34583
297; 245; 34587
298; 245; 34663
299; 245; 34720
300; 245; 34674
301; 245; 34624
302; 245; 34703
303; 245; 34780
304; 245; 34595
305; 245; 33855
306; 245; 33250
307; 245; 33211
308; 245; 33436
309; 245; 33650
310; 245; 33708
311; 245; 33726
312; 245; 33740
313; 245; 33765
314; 245; 33904
315; 245; 34107
316; 245; 34222
317; 245; 34258
318; 245; 34248
319; 245; 34144
320; 245; 34084
321; 245; 34206
322; 245; 34153
323; 245; 33533
324; 245; 33043
325; 245; 33054
326; 245; 33284
327; 245; 33465
328; 245; 33466
329; 245; 33524
330; 245; 33661
331; 245; 33730
332; 245; 33719
333; 245; 33644
334; 245; 33501
335; 245; 33400
336; 245; 33460
337; 245; 33600
338; 245; 33680
339; 245; 33682
340; 245; 33643
341; 245; 33565
342; 245; 33471
343; 245; 33465
288; 246; 34670
289; 246; 34627
290; 246; 34588
291; 246; 34576
292; 246; 34582
293; 246; 34599
294; 246; 34630
295; 246; 34647
296; 246; 34635
297; 246; 34634
298; 246; 34685
299; 246; 34731
300; 246; 34700
301; 246; 34640
302; 246; 34682
303; 246; 34799
304; 246; 34785
305; 246; 34250
306; 246; 33463
307; 246; 33222
308; 246; 33343
309; 246; 33578
310; 246; 33717
311; 246; 33786
312; 246; 33782
313; 246; 33752
314; 246; 33872
315; 246; 34078
316; 246; 34107
317; 246; 33994
318; 246; 33959
319; 246; 33997
320; 246; 34082
321; 246; 34288
322; 246; 34333
323; 246; 33754
324; 246; 33120
325; 246; 33026
326; 246; 33233
327; 246; 33471
328; 246; 33570
329; 246; 33602
330; 246; 33648
331; 246; 33663
332; 246; 33685
333; 246; 33697
334; 246; 33607
335; 246; 33471
336; 246; 33431
337; 246; 33481
338; 246; 33539
339; 246; 33570
340; 246; 33572
341; 246; 33535
342; 246; 33483
343; 246; 33498
288; 247; 34688
289; 247; 34654
290; 247; 34609
291; 247; 34585
292; 247; 34583
293; 247; 34597
294; 247; 34627
295; 247; 34645
296; 247; 34636
297; 247; 34644
298; 247; 34700
299; 247; 34750
300; 247; 34733
301; 247; 34680
302; 247; 34694
303; 247; 34801
304; 247; 34843
305; 247; 34524
306; 247; 33773
307; 247; 33344
308; 247; 33360
309; 247; 33565
310; 247; 33768
311; 247; 33893
312; 247; 33858
313; 247; 33749
314; 247; 33860
315; 247; 34112
316; 247; 34069
317; 247; 33770
318; 247; 33702
319; 247; 33917
320; 247; 34114
321; 247; 34282
322; 247; 34359
323; 247; 33929
324; 247; 33191
325; 247; 32981
326; 247; 33167
327; 247; 33407
328; 247; 33597
329; 247; 33641
330; 247; 33618
331; 247; 33560
332; 247; 33580
333; 247; 33685
334; 247; 33709
335; 247; 33603
336; 247; 33486
337; 247; 33436
338; 247; 33445
339; 247; 33486
340; 247; 33523
341; 247; 33520
342; 247; 33504
343; 247; 33526
