76; 71; 33405
77; 71; 33180
78; 71; 33186
79; 71; 33182
80; 71; 33250
81; 71; 33457
82; 71; 33370
83; 71; 33090
84; 71; 33099
85; 71; 33156
86; 71; 33140
87; 71; 33212
88; 71; 33198
89; 71; 33116
90; 71; 33094
91; 71; 33045
92; 71; 33066
93; 71; 33132
94; 71; 33078
95; 71; 33003
96; 71; 32961
97; 71; 32913
98; 71; 32897
99; 71; 32884
100; 71; 32883
101; 71; 32881
102; 71; 32867
103; 71; 32878
104; 71; 32892
105; 71; 32924
106; 71; 32962
107; 71; 32971
108; 71; 32969
109; 71; 32963
76; 72; 33647
77; 72; 33495
78; 72; 33510
79; 72; 33487
80; 72; 33449
81; 72; 33551
82; 72; 33571
83; 72; 33341
84; 72; 33161
85; 72; 33083
86; 72; 33094
87; 72; 33128
88; 72; 33062
89; 72; 33121
90; 72; 33242
91; 72; 33104
92; 72; 33020
93; 72; 33070
94; 72; 32992
95; 72; 32925
96; 72; 32904
97; 72; 32882
98; 72; 32892
99; 72; 32878
100; 72; 32879
101; 72; 32891
102; 72; 32871
103; 72; 32856
104; 72; 32874
105; 72; 32909
106; 72; 32941
107; 72; 32934
108; 72; 32930
109; 72; 32944
76; 73; 34218
77; 73; 34244
78; 73; 34158
79; 73; 34010
80; 73; 33839
81; 73; 33816
82; 73; 33744
83; 73; 33392
84; 73; 33051
85; 73; 32871
86; 73; 32883
87; 73; 32982
88; 73; 33192
89; 73; 33532
90; 73; 33592
91; 73; 33330
92; 73; 33121
93; 73; 33036
94; 73; 32933
95; 73; 32901
96; 73; 32897
97; 73; 32865
98; 73; 32860
99; 73; 32852
100; 73; 32854
101; 73; 32861
102; 73; 32858
103; 73; 32857
104; 73; 32855
105; 73; 32868
106; 73; 32912
107; 73; 32930
108; 73; 32934
109; 73; 32919
76; 74; 34409
77; 74; 34627
78; 74; 34547
79; 74; 34328
80; 74; 34040
81; 74; 33905
82; 74; 33754
83; 74; 33343
84; 74; 32973
85; 74; 32842
86; 74; 32823
87; 74; 32889
88; 74; 33158
89; 74; 33440
90; 74; 33424
91; 74; 33269
92; 74; 33073
93; 74; 32931
94; 74; 32885
95; 74; 32891
96; 74; 32880
97; 74; 32846
98; 74; 32840
99; 74; 32842
100; 74; 32842
101; 74; 32829
102; 74; 32822
103; 74; 32839
104; 74; 32852
105; 74; 32834
106; 74; 32860
107; 74; 32901
108; 74; 32922
109; 74; 32895
76; 75; 33805
77; 75; 34008
78; 75; 34133
79; 75; 34109
80; 75; 33891
81; 75; 33712
82; 75; 33567
83; 75; 33227
84; 75; 32926
85; 75; 32924
86; 75; 32938
87; 75; 32933
88; 75; 32997
89; 75; 33065
90; 75; 33128
91; 75; 33100
92; 75; 32997
93; 75; 32920
94; 75; 32888
95; 75; 32866
96; 75; 32849
97; 75; 32833
98; 75; 32831
99; 75; 32834
100; 75; 32841
101; 75; 32830
102; 75; 32817
103; 75; 32823
104; 75; 32834
105; 75; 32822
106; 75; 32829
107; 75; 32840
108; 75; 32857
109; 75; 32863
76; 76; 33166
77; 76; 33204
78; 76; 33311
79; 76; 33439
80; 76; 33438
81; 76; 33392
82; 76; 33358
83; 76; 33116
84; 76; 32925
85; 76; 32953
86; 76; 33042
87; 76; 33079
88; 76; 32985
89; 76; 32973
90; 76; 33095
91; 76; 33021
92; 76; 32993
93; 76; 33017
94; 76; 32919
95; 76; 32833
96; 76; 32805
97; 76; 32808
98; 76; 32824
99; 76; 32832
100; 76; 32830
101; 76; 32827
102; 76; 32823
103; 76; 32826
104; 76; 32819
105; 76; 32817
106; 76; 32831
107; 76; 32836
108; 76; 32847
109; 76; 32856
76; 77; 33009
77; 77; 32983
78; 77; 33058
79; 77; 33124
80; 77; 33115
81; 77; 33154
82; 77; 33260
83; 77; 33121
84; 77; 32955
85; 77; 32931
86; 77; 33026
87; 77; 33125
88; 77; 33036
89; 77; 33095
90; 77; 33228
91; 77; 33036
92; 77; 32983
93; 77; 33083
94; 77; 32952
95; 77; 32829
96; 77; 32800
97; 77; 32817
98; 77; 32837
99; 77; 32845
100; 77; 32834
101; 77; 32824
102; 77; 32825
103; 77; 32829
104; 77; 32811
105; 77; 32819
106; 77; 32831
107; 77; 32840
108; 77; 32855
109; 77; 32872
76; 78; 33048
77; 78; 32953
78; 78; 32934
79; 78; 32964
80; 78; 32988
81; 78; 33064
82; 78; 33199
83; 78; 33162
84; 78; 32984
85; 78; 32919
86; 78; 32961
87; 78; 33053
88; 78; 32988
89; 78; 33254
90; 78; 33375
91; 78; 33071
92; 78; 32905
93; 78; 33006
94; 78; 32951
95; 78; 32848
96; 78; 32806
97; 78; 32821
98; 78; 32849
99; 78; 32854
100; 78; 32858
101; 78; 32850
102; 78; 32829
103; 78; 32855
104; 78; 32846
105; 78; 32831
106; 78; 32840
107; 78; 32865
108; 78; 32863
109; 78; 32881
76; 79; 33070
77; 79; 32966
78; 79; 32869
79; 79; 32866
80; 79; 32938
81; 79; 33019
82; 79; 33070
83; 79; 33139
84; 79; 33054
85; 79; 32938
86; 79; 32922
87; 79; 32986
88; 79; 32951
89; 79; 33324
90; 79; 33461
91; 79; 33122
92; 79; 32872
93; 79; 32894
94; 79; 32934
95; 79; 32906
96; 79; 32865
97; 79; 32847
98; 79; 32840
99; 79; 32843
100; 79; 32853
101; 79; 32853
102; 79; 32834
103; 79; 32856
104; 79; 32855
105; 79; 32831
106; 79; 32858
107; 79; 32894
108; 79; 32907
109; 79; 32996
76; 80; 33082
77; 80; 33034
78; 80; 32925
79; 80; 32890
80; 80; 32959
81; 80; 33022
82; 80; 32982
83; 80; 33028
84; 80; 33068
85; 80; 32983
86; 80; 32894
87; 80; 32950
88; 80; 32985
89; 80; 33263
90; 80; 33382
91; 80; 33169
92; 80; 32933
93; 80; 32857
94; 80; 32927
95; 80; 32983
96; 80; 32977
97; 80; 32919
98; 80; 32849
99; 80; 32837
100; 80; 32844
101; 80; 32837
102; 80; 32829
103; 80; 32831
104; 80; 32825
105; 80; 32824
106; 80; 32855
107; 80; 32895
108; 80; 33021
109; 80; 33250
76; 81; 33054
77; 81; 33076
78; 81; 33051
79; 81; 33012
80; 81; 33017
81; 81; 33028
82; 81; 32983
83; 81; 32937
84; 81; 32997
85; 81; 32990
86; 81; 32926
87; 81; 32983
88; 81; 32996
89; 81; 33126
90; 81; 33238
91; 81; 33161
92; 81; 32983
93; 81; 32864
94; 81; 32903
95; 81; 32992
96; 81; 33030
97; 81; 32966
98; 81; 32862
99; 81; 32829
100; 81; 32846
101; 81; 32847
102; 81; 32838
103; 81; 32823
104; 81; 32822
105; 81; 32843
106; 81; 32871
107; 81; 32967
108; 81; 33217
109; 81; 33491
76; 82; 33048
77; 82; 33083
78; 82; 33093
79; 82; 33052
80; 82; 33022
81; 82; 33020
82; 82; 33024
83; 82; 32952
84; 82; 32946
85; 82; 32988
86; 82; 32998
87; 82; 33071
88; 82; 33025
89; 82; 33046
90; 82; 33125
91; 82; 33129
92; 82; 33083
93; 82; 32996
94; 82; 32934
95; 82; 32935
96; 82; 32978
97; 82; 32956
98; 82; 32865
99; 82; 32825
100; 82; 32838
101; 82; 32851
102; 82; 32840
103; 82; 32818
104; 82; 32833
105; 82; 32877
106; 82; 32952
107; 82; 33158
108; 82; 33440
109; 82; 33620
76; 83; 33037
77; 83; 33072
78; 83; 33074
79; 83; 33025
80; 83; 32999
81; 83; 33004
82; 83; 33038
83; 83; 33025
84; 83; 32942
85; 83; 32966
86; 83; 33021
87; 83; 33123
88; 83; 33133
89; 83; 33062
90; 83; 33075
91; 83; 33180
92; 83; 33241
93; 83; 33186
94; 83; 33049
95; 83; 32938
96; 83; 32944
97; 83; 32951
98; 83; 32884
99; 83; 32845
100; 83; 32825
101; 83; 32833
102; 83; 32832
103; 83; 32809
104; 83; 32820
105; 83; 32890
106; 83; 33040
107; 83; 33337
108; 83; 33607
109; 83; 33711
76; 84; 33014
77; 84; 33037
78; 84; 33042
79; 84; 32996
80; 84; 32970
81; 84; 32978
82; 84; 33014
83; 84; 33064
84; 84; 33000
85; 84; 32934
86; 84; 32959
87; 84; 33095
88; 84; 33212
89; 84; 33175
90; 84; 33152
91; 84; 33219
92; 84; 33275
93; 84; 33289
94; 84; 33230
95; 84; 33105
96; 84; 33010
97; 84; 32962
98; 84; 32906
99; 84; 32852
100; 84; 32819
101; 84; 32834
102; 84; 32836
103; 84; 32814
104; 84; 32863
105; 84; 32958
106; 84; 33181
107; 84; 33483
108; 84; 33715
109; 84; 33812
76; 85; 33043
77; 85; 33050
78; 85; 33042
79; 85; 33004
80; 85; 32995
81; 85; 33013
82; 85; 33025
83; 85; 33058
84; 85; 33054
85; 85; 32957
86; 85; 32894
87; 85; 32971
88; 85; 33119
89; 85; 33195
90; 85; 33156
91; 85; 33186
92; 85; 33278
93; 85; 33394
94; 85; 33445
95; 85; 33332
96; 85; 33112
97; 85; 32970
98; 85; 32921
99; 85; 32871
100; 85; 32855
101; 85; 32864
102; 85; 32839
103; 85; 32832
104; 85; 32895
105; 85; 33070
106; 85; 33382
107; 85; 33623
108; 85; 33774
109; 85; 33891
76; 86; 33069
77; 86; 33078
78; 86; 33060
79; 86; 33026
80; 86; 33035
81; 86; 33064
82; 86; 33049
83; 86; 33039
84; 86; 33064
85; 86; 33010
86; 86; 32905
87; 86; 32882
88; 86; 32950
89; 86; 33014
90; 86; 33056
91; 86; 33209
92; 86; 33386
93; 86; 33520
94; 86; 33546
95; 86; 33389
96; 86; 33125
97; 86; 32962
98; 86; 32915
99; 86; 32884
100; 86; 32875
101; 86; 32873
102; 86; 32841
103; 86; 32846
104; 86; 32908
105; 86; 33192
106; 86; 33579
107; 86; 33756
108; 86; 33810
109; 86; 33915
76; 87; 33045
77; 87; 33055
78; 87; 33053
79; 87; 33028
80; 87; 33038
81; 87; 33061
82; 87; 33045
83; 87; 33038
84; 87; 33063
85; 87; 33031
86; 87; 32941
87; 87; 32896
88; 87; 32897
89; 87; 32909
90; 87; 33048
91; 87; 33316
92; 87; 33515
93; 87; 33584
94; 87; 33518
95; 87; 33294
96; 87; 33046
97; 87; 32931
98; 87; 32896
99; 87; 32857
100; 87; 32851
101; 87; 32862
102; 87; 32841
103; 87; 32838
104; 87; 32971
105; 87; 33376
106; 87; 33764
107; 87; 33869
108; 87; 33849
109; 87; 33885
76; 88; 33037
77; 88; 33045
78; 88; 33056
79; 88; 33050
80; 88; 33055
81; 88; 33064
82; 88; 33058
83; 88; 33058
84; 88; 33064
85; 88; 33035
86; 88; 32945
87; 88; 32890
88; 88; 32897
89; 88; 32907
90; 88; 33070
91; 88; 33392
92; 88; 33568
93; 88; 33569
94; 88; 33496
95; 88; 33265
96; 88; 32997
97; 88; 32897
98; 88; 32883
99; 88; 32855
100; 88; 32848
101; 88; 32859
102; 88; 32827
103; 88; 32835
104; 88; 33125
105; 88; 33613
106; 88; 33872
107; 88; 33880
108; 88; 33866
109; 88; 33882
76; 89; 33055
77; 89; 33073
78; 89; 33075
79; 89; 33071
80; 89; 33064
81; 89; 33062
82; 89; 33064
83; 89; 33057
84; 89; 33051
85; 89; 33051
86; 89; 32976
87; 89; 32883
88; 89; 32885
89; 89; 32898
90; 89; 33025
91; 89; 33348
92; 89; 33527
93; 89; 33521
94; 89; 33515
95; 89; 33338
96; 89; 33033
97; 89; 32890
98; 89; 32897
99; 89; 32896
100; 89; 32878
101; 89; 32849
102; 89; 32802
103; 89; 32871
104; 89; 33308
105; 89; 33767
106; 89; 33862
107; 89; 33823
108; 89; 33859
109; 89; 33888
76; 90; 33030
77; 90; 33059
78; 90; 33062
79; 90; 33066
80; 90; 33049
81; 90; 33033
82; 90; 33042
83; 90; 33034
84; 90; 33022
85; 90; 33043
86; 90; 33006
87; 90; 32920
88; 90; 32913
89; 90; 32922
90; 90; 32996
91; 90; 33264
92; 90; 33463
93; 90; 33504
94; 90; 33531
95; 90; 33388
96; 90; 33091
97; 90; 32916
98; 90; 32896
99; 90; 32904
100; 90; 32897
101; 90; 32849
102; 90; 32797
103; 90; 32953
104; 90; 33412
105; 90; 33763
106; 90; 33799
107; 90; 33779
108; 90; 33787
109; 90; 33757
76; 91; 32962
77; 91; 32982
78; 91; 33000
79; 91; 33037
80; 91; 33048
81; 91; 33030
82; 91; 33031
83; 91; 33036
84; 91; 33023
85; 91; 33021
86; 91; 32998
87; 91; 32939
88; 91; 32918
89; 91; 32934
90; 91; 33024
91; 91; 33244
92; 91; 33415
93; 91; 33472
94; 91; 33492
95; 91; 33347
96; 91; 33077
97; 91; 32921
98; 91; 32872
99; 91; 32865
100; 91; 32887
101; 91; 32861
102; 91; 32839
103; 91; 33040
104; 91; 33434
105; 91; 33674
106; 91; 33714
107; 91; 33691
108; 91; 33631
109; 91; 33571
76; 92; 32906
77; 92; 32912
78; 92; 32931
79; 92; 32974
80; 92; 33008
81; 92; 33006
82; 92; 33003
83; 92; 33034
84; 92; 33045
85; 92; 33026
86; 92; 33007
87; 92; 32965
88; 92; 32928
89; 92; 32947
90; 92; 33057
91; 92; 33246
92; 92; 33365
93; 92; 33403
94; 92; 33410
95; 92; 33251
96; 92; 33009
97; 92; 32906
98; 92; 32866
99; 92; 32843
100; 92; 32865
101; 92; 32837
102; 92; 32859
103; 92; 33107
104; 92; 33435
105; 92; 33591
106; 92; 33617
107; 92; 33563
108; 92; 33507
109; 92; 33512
76; 93; 32881
77; 93; 32875
78; 93; 32892
79; 93; 32918
80; 93; 32928
81; 93; 32930
82; 93; 32941
83; 93; 32989
84; 93; 33027
85; 93; 33027
86; 93; 33019
87; 93; 32979
88; 93; 32941
89; 93; 32968
90; 93; 33045
91; 93; 33182
92; 93; 33302
93; 93; 33343
94; 93; 33314
95; 93; 33150
96; 93; 32972
97; 93; 32928
98; 93; 32892
99; 93; 32856
100; 93; 32861
101; 93; 32814
102; 93; 32863
103; 93; 33170
104; 93; 33461
105; 93; 33563
106; 93; 33550
107; 93; 33485
108; 93; 33473
109; 93; 33513
76; 94; 32879
77; 94; 32870
78; 94; 32886
79; 94; 32895
80; 94; 32875
81; 94; 32877
82; 94; 32899
83; 94; 32932
84; 94; 32977
85; 94; 33008
86; 94; 33015
87; 94; 32979
88; 94; 32953
89; 94; 32975
90; 94; 33000
91; 94; 33081
92; 94; 33199
93; 94; 33224
94; 94; 33160
95; 94; 33041
96; 94; 32959
97; 94; 32952
98; 94; 32902
99; 94; 32863
100; 94; 32861
101; 94; 32815
102; 94; 32911
103; 94; 33248
104; 94; 33497
105; 94; 33553
106; 94; 33504
107; 94; 33443
108; 94; 33455
109; 94; 33475
76; 95; 32873
77; 95; 32881
78; 95; 32902
79; 95; 32902
80; 95; 32876
81; 95; 32874
82; 95; 32887
83; 95; 32897
84; 95; 32930
85; 95; 32978
86; 95; 33011
87; 95; 33006
88; 95; 32995
89; 95; 32997
90; 95; 32996
91; 95; 33032
92; 95; 33081
93; 95; 33068
94; 95; 33016
95; 95; 32956
96; 95; 32922
97; 95; 32933
98; 95; 32892
99; 95; 32874
100; 95; 32861
101; 95; 32816
102; 95; 32979
103; 95; 33320
104; 95; 33495
105; 95; 33503
106; 95; 33450
107; 95; 33386
108; 95; 33409
109; 95; 33433
76; 96; 32851
77; 96; 32868
78; 96; 32892
79; 96; 32906
80; 96; 32895
81; 96; 32873
82; 96; 32869
83; 96; 32884
84; 96; 32908
85; 96; 32942
86; 96; 32988
87; 96; 33009
88; 96; 33002
89; 96; 33000
90; 96; 32995
91; 96; 32988
92; 96; 32987
93; 96; 32996
94; 96; 32990
95; 96; 32928
96; 96; 32880
97; 96; 32905
98; 96; 32894
99; 96; 32890
100; 96; 32859
101; 96; 32830
102; 96; 33059
103; 96; 33406
104; 96; 33483
105; 96; 33442
106; 96; 33407
107; 96; 33335
108; 96; 33365
109; 96; 33429
76; 97; 32854
77; 97; 32860
78; 97; 32865
79; 97; 32883
80; 97; 32882
81; 97; 32850
82; 97; 32842
83; 97; 32875
84; 97; 32910
85; 97; 32926
86; 97; 32948
87; 97; 32958
88; 97; 32937
89; 97; 32933
90; 97; 32934
91; 97; 32914
92; 97; 32923
93; 97; 32969
94; 97; 32972
95; 97; 32900
96; 97; 32871
97; 97; 32914
98; 97; 32912
99; 97; 32890
100; 97; 32835
101; 97; 32848
102; 97; 33171
103; 97; 33515
104; 97; 33506
105; 97; 33422
106; 97; 33391
107; 97; 33340
108; 97; 33385
109; 97; 33454
76; 98; 32872
77; 98; 32863
78; 98; 32855
79; 98; 32865
80; 98; 32861
81; 98; 32850
82; 98; 32854
83; 98; 32874
84; 98; 32904
85; 98; 32920
86; 98; 32928
87; 98; 32921
88; 98; 32896
89; 98; 32890
90; 98; 32893
91; 98; 32879
92; 98; 32890
93; 98; 32919
94; 98; 32912
95; 98; 32883
96; 98; 32907
97; 98; 32964
98; 98; 32948
99; 98; 32897
100; 98; 32807
101; 98; 32865
102; 98; 33275
103; 98; 33593
104; 98; 33538
105; 98; 33438
106; 98; 33397
107; 98; 33392
108; 98; 33456
109; 98; 33477
76; 99; 32847
77; 99; 32824
78; 99; 32842
79; 99; 32866
80; 99; 32866
81; 99; 32881
82; 99; 32896
83; 99; 32890
84; 99; 32897
85; 99; 32922
86; 99; 32937
87; 99; 32918
88; 99; 32888
89; 99; 32881
90; 99; 32874
91; 99; 32865
92; 99; 32869
93; 99; 32885
94; 99; 32895
95; 99; 32904
96; 99; 32954
97; 99; 33012
98; 99; 32987
99; 99; 32912
100; 99; 32809
101; 99; 32917
102; 99; 33368
103; 99; 33632
104; 99; 33563
105; 99; 33475
106; 99; 33418
107; 99; 33424
108; 99; 33479
109; 99; 33466
76; 100; 32840
77; 100; 32832
78; 100; 32856
79; 100; 32871
80; 100; 32874
81; 100; 32894
82; 100; 32901
83; 100; 32895
84; 100; 32906
85; 100; 32919
86; 100; 32928
87; 100; 32909
88; 100; 32873
89; 100; 32862
90; 100; 32855
91; 100; 32863
92; 100; 32865
93; 100; 32877
94; 100; 32889
95; 100; 32898
96; 100; 32946
97; 100; 33010
98; 100; 32996
99; 100; 32899
100; 100; 32821
101; 100; 33008
102; 100; 33478
103; 100; 33655
104; 100; 33550
105; 100; 33485
106; 100; 33435
107; 100; 33432
108; 100; 33463
109; 100; 33434
