197; 210; 33465
198; 210; 33681
199; 210; 33701
200; 210; 33621
197; 211; 33437
198; 211; 33652
199; 211; 33691
200; 211; 33656
197; 212; 33469
198; 212; 33642
199; 212; 33665
200; 212; 33672
201; 212; 33660
197; 213; 33488
198; 213; 33648
199; 213; 33676
200; 213; 33707
201; 213; 33680
197; 214; 33467
198; 214; 33644
199; 214; 33700
200; 214; 33730
201; 214; 33682
202; 214; 33512
199; 215; 33672
200; 215; 33686
201; 215; 33651
202; 215; 33551
199; 216; 33592
200; 216; 33596
201; 216; 33589
202; 216; 33605
