195; 249; 33245
196; 249; 33125
197; 249; 33108
198; 249; 33231
199; 249; 33318
200; 249; 33301
201; 249; 33264
202; 249; 33207
203; 249; 33130
204; 249; 33086
205; 249; 33081
206; 249; 33073
207; 249; 33093
208; 249; 33162
209; 249; 33269
210; 249; 33302
211; 249; 33168
212; 249; 33031
213; 249; 33098
214; 249; 33354
215; 249; 33606
216; 249; 33695
217; 249; 33657
218; 249; 33608
219; 249; 33589
220; 249; 33624
221; 249; 33709
222; 249; 33725
223; 249; 33571
224; 249; 33347
225; 249; 33217
226; 249; 33208
227; 249; 33214
228; 249; 33156
229; 249; 33054
230; 249; 32986
231; 249; 32991
232; 249; 33056
233; 249; 33099
234; 249; 33119
235; 249; 33180
236; 249; 33340
237; 249; 33509
238; 249; 33594
239; 249; 33596
240; 249; 33564
241; 249; 33558
242; 249; 33625
243; 249; 33739
244; 249; 33801
245; 249; 33765
246; 249; 33709
247; 249; 33724
248; 249; 33782
249; 249; 33806
250; 249; 33799
251; 249; 33841
252; 249; 33935
253; 249; 33976
254; 249; 33910
255; 249; 33809
195; 250; 33236
196; 250; 33196
197; 250; 33226
198; 250; 33286
199; 250; 33244
200; 250; 33109
201; 250; 33040
202; 250; 33062
203; 250; 33077
204; 250; 33087
205; 250; 33085
206; 250; 33053
207; 250; 33063
208; 250; 33177
209; 250; 33352
210; 250; 33419
211; 250; 33274
212; 250; 33026
213; 250; 32955
214; 250; 33192
215; 250; 33558
216; 250; 33748
217; 250; 33697
218; 250; 33610
219; 250; 33596
220; 250; 33621
221; 250; 33690
222; 250; 33769
223; 250; 33753
224; 250; 33610
225; 250; 33467
226; 250; 33423
227; 250; 33429
228; 250; 33408
229; 250; 33308
230; 250; 33202
231; 250; 33170
232; 250; 33204
233; 250; 33269
234; 250; 33340
235; 250; 33443
236; 250; 33578
237; 250; 33659
238; 250; 33672
239; 250; 33687
240; 250; 33714
241; 250; 33719
242; 250; 33730
243; 250; 33784
244; 250; 33840
245; 250; 33825
246; 250; 33757
247; 250; 33734
248; 250; 33797
249; 250; 33881
250; 250; 33923
251; 250; 33937
252; 250; 33946
253; 250; 33918
254; 250; 33843
255; 250; 33765
195; 251; 33211
196; 251; 33252
197; 251; 33302
198; 251; 33301
199; 251; 33198
200; 251; 33031
201; 251; 32968
202; 251; 33039
203; 251; 33116
204; 251; 33137
205; 251; 33096
206; 251; 33041
207; 251; 33025
208; 251; 33119
209; 251; 33261
210; 251; 33308
211; 251; 33208
212; 251; 33000
213; 251; 32871
214; 251; 33023
215; 251; 33454
216; 251; 33786
217; 251; 33743
218; 251; 33569
219; 251; 33521
220; 251; 33572
221; 251; 33651
222; 251; 33760
223; 251; 33847
224; 251; 33814
225; 251; 33698
226; 251; 33604
227; 251; 33567
228; 251; 33568
229; 251; 33552
230; 251; 33501
231; 251; 33440
232; 251; 33407
233; 251; 33441
234; 251; 33535
235; 251; 33646
236; 251; 33713
237; 251; 33698
238; 251; 33675
239; 251; 33726
240; 251; 33799
241; 251; 33793
242; 251; 33745
243; 251; 33764
244; 251; 33844
245; 251; 33868
246; 251; 33798
247; 251; 33728
248; 251; 33759
249; 251; 33863
250; 251; 33944
251; 251; 33957
252; 251; 33902
253; 251; 33813
254; 251; 33755
255; 251; 33744
195; 252; 33202
196; 252; 33284
197; 252; 33312
198; 252; 33280
199; 252; 33213
200; 252; 33104
201; 252; 33062
202; 252; 33125
203; 252; 33207
204; 252; 33211
205; 252; 33139
206; 252; 33061
207; 252; 33021
208; 252; 33065
209; 252; 33130
210; 252; 33123
211; 252; 33100
212; 252; 33017
213; 252; 32901
214; 252; 32943
215; 252; 33318
216; 252; 33741
217; 252; 33765
218; 252; 33534
219; 252; 33444
220; 252; 33546
221; 252; 33658
222; 252; 33738
223; 252; 33823
224; 252; 33866
225; 252; 33823
226; 252; 33724
227; 252; 33638
228; 252; 33634
229; 252; 33705
230; 252; 33752
231; 252; 33701
232; 252; 33613
233; 252; 33590
234; 252; 33653
235; 252; 33733
236; 252; 33754
237; 252; 33704
238; 252; 33667
239; 252; 33710
240; 252; 33779
241; 252; 33775
242; 252; 33721
243; 252; 33736
244; 252; 33824
245; 252; 33866
246; 252; 33819
247; 252; 33759
248; 252; 33762
249; 252; 33818
250; 252; 33871
251; 252; 33878
252; 252; 33809
253; 252; 33711
254; 252; 33692
255; 252; 33754
195; 253; 33282
196; 253; 33320
197; 253; 33277
198; 253; 33231
199; 253; 33236
200; 253; 33197
201; 253; 33127
202; 253; 33122
203; 253; 33173
204; 253; 33201
205; 253; 33165
206; 253; 33092
207; 253; 33030
208; 253; 33039
209; 253; 33056
210; 253; 33019
211; 253; 33057
212; 253; 33063
213; 253; 32933
214; 253; 32915
215; 253; 33192
216; 253; 33578
217; 253; 33693
218; 253; 33505
219; 253; 33417
220; 253; 33553
221; 253; 33683
222; 253; 33710
223; 253; 33726
224; 253; 33780
225; 253; 33813
226; 253; 33776
227; 253; 33698
228; 253; 33676
229; 253; 33760
230; 253; 33852
231; 253; 33844
232; 253; 33768
233; 253; 33726
234; 253; 33739
235; 253; 33767
236; 253; 33773
237; 253; 33743
238; 253; 33704
239; 253; 33706
240; 253; 33747
241; 253; 33761
242; 253; 33733
243; 253; 33738
244; 253; 33799
245; 253; 33844
246; 253; 33839
247; 253; 33820
248; 253; 33802
249; 253; 33780
250; 253; 33779
251; 253; 33786
252; 253; 33745
253; 253; 33681
254; 253; 33694
255; 253; 33772
195; 254; 33385
196; 254; 33325
197; 254; 33210
198; 254; 33167
199; 254; 33215
200; 254; 33201
201; 254; 33091
202; 254; 33024
203; 254; 33047
204; 254; 33104
205; 254; 33101
206; 254; 33056
207; 254; 33025
208; 254; 33030
209; 254; 33017
210; 254; 32989
211; 254; 33036
212; 254; 33077
213; 254; 32981
214; 254; 32923
215; 254; 33074
216; 254; 33352
217; 254; 33498
218; 254; 33411
219; 254; 33361
220; 254; 33482
221; 254; 33606
222; 254; 33636
223; 254; 33627
224; 254; 33649
225; 254; 33705
226; 254; 33750
227; 254; 33743
228; 254; 33728
229; 254; 33768
230; 254; 33826
231; 254; 33843
232; 254; 33832
233; 254; 33834
234; 254; 33828
235; 254; 33805
236; 254; 33800
237; 254; 33800
238; 254; 33772
239; 254; 33746
240; 254; 33764
241; 254; 33789
242; 254; 33775
243; 254; 33761
244; 254; 33793
245; 254; 33842
246; 254; 33865
247; 254; 33855
248; 254; 33809
249; 254; 33752
250; 254; 33743
251; 254; 33777
252; 254; 33788
253; 254; 33770
254; 254; 33766
255; 254; 33766
195; 255; 33369
196; 255; 33232
197; 255; 33132
198; 255; 33139
199; 255; 33196
200; 255; 33171
201; 255; 33075
202; 255; 32994
203; 255; 32985
204; 255; 32995
205; 255; 32980
206; 255; 32969
207; 255; 33000
208; 255; 33036
209; 255; 33008
210; 255; 32973
211; 255; 32999
212; 255; 33042
213; 255; 33009
214; 255; 32956
215; 255; 33012
216; 255; 33159
217; 255; 33254
218; 255; 33250
219; 255; 33242
220; 255; 33298
221; 255; 33394
222; 255; 33492
223; 255; 33550
224; 255; 33561
225; 255; 33592
226; 255; 33671
227; 255; 33738
228; 255; 33763
229; 255; 33774
230; 255; 33769
231; 255; 33760
232; 255; 33788
233; 255; 33847
234; 255; 33862
235; 255; 33826
236; 255; 33810
237; 255; 33827
238; 255; 33822
239; 255; 33795
240; 255; 33790
241; 255; 33803
242; 255; 33792
243; 255; 33775
244; 255; 33800
245; 255; 33851
246; 255; 33871
247; 255; 33834
248; 255; 33779
249; 255; 33752
250; 255; 33779
251; 255; 33835
252; 255; 33872
253; 255; 33870
254; 255; 33824
255; 255; 33736
195; 256; 33193
196; 256; 33077
197; 256; 33068
198; 256; 33123
199; 256; 33149
200; 256; 33124
201; 256; 33080
202; 256; 33026
203; 256; 33005
204; 256; 32969
205; 256; 32952
206; 256; 32933
207; 256; 32967
208; 256; 33037
209; 256; 33041
210; 256; 33000
211; 256; 32994
212; 256; 33008
213; 256; 33001
214; 256; 33007
215; 256; 33039
216; 256; 33049
217; 256; 33044
218; 256; 33082
219; 256; 33121
220; 256; 33120
221; 256; 33174
222; 256; 33318
223; 256; 33463
224; 256; 33522
225; 256; 33549
226; 256; 33615
227; 256; 33699
228; 256; 33758
229; 256; 33776
230; 256; 33743
231; 256; 33694
232; 256; 33697
233; 256; 33763
234; 256; 33810
235; 256; 33803
236; 256; 33796
237; 256; 33819
238; 256; 33835
239; 256; 33813
240; 256; 33776
241; 256; 33759
242; 256; 33753
243; 256; 33753
244; 256; 33782
245; 256; 33829
246; 256; 33833
247; 256; 33786
248; 256; 33752
249; 256; 33773
250; 256; 33818
251; 256; 33847
252; 256; 33860
253; 256; 33852
254; 256; 33800
255; 256; 33712
195; 257; 33019
196; 257; 32953
197; 257; 32995
198; 257; 33036
199; 257; 33017
200; 257; 33011
201; 257; 33005
202; 257; 33025
203; 257; 33044
204; 257; 33017
205; 257; 33002
206; 257; 32947
207; 257; 32924
208; 257; 33001
209; 257; 33059
210; 257; 33050
211; 257; 33025
212; 257; 32999
213; 257; 32987
214; 257; 33041
215; 257; 33082
216; 257; 33022
217; 257; 32957
218; 257; 32994
219; 257; 33056
220; 257; 33039
221; 257; 33045
222; 257; 33160
223; 257; 33331
224; 257; 33470
225; 257; 33561
226; 257; 33622
227; 257; 33668
228; 257; 33717
229; 257; 33754
230; 257; 33748
231; 257; 33708
232; 257; 33684
233; 257; 33712
234; 257; 33751
235; 257; 33768
236; 257; 33780
237; 257; 33809
238; 257; 33835
239; 257; 33809
240; 257; 33736
241; 257; 33683
242; 257; 33678
243; 257; 33700
244; 257; 33741
245; 257; 33783
246; 257; 33787
247; 257; 33755
248; 257; 33740
249; 257; 33762
250; 257; 33775
251; 257; 33760
252; 257; 33743
253; 257; 33727
254; 257; 33714
255; 257; 33709
195; 258; 32967
196; 258; 32912
197; 258; 32927
198; 258; 32931
199; 258; 32902
200; 258; 32919
201; 258; 32949
202; 258; 32992
203; 258; 33019
204; 258; 33018
205; 258; 32996
206; 258; 32926
207; 258; 32892
208; 258; 32964
209; 258; 33033
210; 258; 33070
211; 258; 33070
212; 258; 33004
213; 258; 32955
214; 258; 33014
215; 258; 33086
216; 258; 33060
217; 258; 33022
218; 258; 33050
219; 258; 33061
220; 258; 33016
221; 258; 32985
222; 258; 33034
223; 258; 33175
224; 258; 33375
225; 258; 33556
226; 258; 33649
227; 258; 33661
228; 258; 33677
229; 258; 33726
230; 258; 33759
231; 258; 33764
232; 258; 33755
233; 258; 33751
234; 258; 33752
235; 258; 33755
236; 258; 33772
237; 258; 33806
238; 258; 33836
239; 258; 33807
240; 258; 33713
241; 258; 33637
242; 258; 33632
243; 258; 33670
244; 258; 33718
245; 258; 33758
246; 258; 33775
247; 258; 33761
248; 258; 33728
249; 258; 33702
250; 258; 33682
251; 258; 33665
252; 258; 33639
253; 258; 33607
254; 258; 33620
255; 258; 33690
195; 259; 32978
196; 259; 32917
197; 259; 32887
198; 259; 32890
199; 259; 32892
200; 259; 32915
201; 259; 32960
202; 259; 32947
203; 259; 32941
204; 259; 32963
205; 259; 32928
206; 259; 32883
207; 259; 32903
208; 259; 32978
209; 259; 33016
210; 259; 33071
211; 259; 33110
212; 259; 33013
213; 259; 32906
214; 259; 32951
215; 259; 33092
216; 259; 33181
217; 259; 33211
218; 259; 33210
219; 259; 33120
220; 259; 33006
221; 259; 32960
222; 259; 32976
223; 259; 33075
224; 259; 33281
225; 259; 33500
226; 259; 33640
227; 259; 33672
228; 259; 33687
229; 259; 33740
230; 259; 33773
231; 259; 33774
232; 259; 33776
233; 259; 33778
234; 259; 33765
235; 259; 33752
236; 259; 33756
237; 259; 33777
238; 259; 33797
239; 259; 33778
240; 259; 33708
241; 259; 33648
242; 259; 33644
243; 259; 33676
244; 259; 33708
245; 259; 33738
246; 259; 33770
247; 259; 33767
248; 259; 33707
249; 259; 33644
250; 259; 33622
251; 259; 33621
252; 259; 33587
253; 259; 33539
254; 259; 33554
255; 259; 33639
195; 260; 32972
196; 260; 32936
197; 260; 32893
198; 260; 32885
199; 260; 32896
200; 260; 32916
201; 260; 32939
202; 260; 32902
203; 260; 32904
204; 260; 32926
205; 260; 32898
206; 260; 32895
207; 260; 32936
208; 260; 33000
209; 260; 33019
210; 260; 33082
211; 260; 33121
212; 260; 33014
213; 260; 32896
214; 260; 32920
215; 260; 33109
216; 260; 33310
217; 260; 33388
218; 260; 33354
219; 260; 33201
220; 260; 33029
221; 260; 32973
222; 260; 33005
223; 260; 33075
224; 260; 33228
225; 260; 33433
226; 260; 33609
227; 260; 33694
228; 260; 33736
229; 260; 33784
230; 260; 33779
231; 260; 33723
232; 260; 33702
233; 260; 33726
234; 260; 33736
235; 260; 33727
236; 260; 33717
237; 260; 33706
238; 260; 33698
239; 260; 33695
240; 260; 33686
241; 260; 33671
242; 260; 33663
243; 260; 33670
244; 260; 33681
245; 260; 33704
246; 260; 33739
247; 260; 33735
248; 260; 33674
249; 260; 33618
250; 260; 33605
251; 260; 33595
252; 260; 33546
253; 260; 33509
254; 260; 33543
255; 260; 33614
195; 261; 32971
196; 261; 32968
197; 261; 32924
198; 261; 32900
199; 261; 32888
200; 261; 32892
201; 261; 32922
202; 261; 32917
203; 261; 32921
204; 261; 32909
205; 261; 32915
206; 261; 32936
207; 261; 32961
208; 261; 32983
209; 261; 33010
210; 261; 33098
211; 261; 33106
212; 261; 33017
213; 261; 32930
214; 261; 32931
215; 261; 33112
216; 261; 33316
217; 261; 33380
218; 261; 33356
219; 261; 33237
220; 261; 33075
221; 261; 33020
222; 261; 33071
223; 261; 33118
224; 261; 33198
225; 261; 33382
226; 261; 33591
227; 261; 33713
228; 261; 33760
229; 261; 33788
230; 261; 33761
231; 261; 33678
232; 261; 33632
233; 261; 33651
234; 261; 33675
235; 261; 33674
236; 261; 33671
237; 261; 33653
238; 261; 33624
239; 261; 33616
240; 261; 33642
241; 261; 33658
242; 261; 33642
243; 261; 33635
244; 261; 33656
245; 261; 33692
246; 261; 33719
247; 261; 33697
248; 261; 33628
249; 261; 33580
250; 261; 33578
251; 261; 33563
252; 261; 33514
253; 261; 33510
254; 261; 33585
255; 261; 33655
195; 262; 32998
196; 262; 33010
197; 262; 32931
198; 262; 32913
199; 262; 32905
200; 262; 32895
201; 262; 32943
202; 262; 32948
203; 262; 32916
204; 262; 32894
205; 262; 32908
206; 262; 32928
207; 262; 32958
208; 262; 32960
209; 262; 33018
210; 262; 33117
211; 262; 33085
212; 262; 33002
213; 262; 32921
214; 262; 32957
215; 262; 33141
216; 262; 33249
217; 262; 33235
218; 262; 33214
219; 262; 33170
220; 262; 33089
221; 262; 33068
222; 262; 33098
223; 262; 33110
224; 262; 33148
225; 262; 33331
226; 262; 33585
227; 262; 33725
228; 262; 33738
229; 262; 33731
230; 262; 33721
231; 262; 33670
232; 262; 33616
233; 262; 33601
234; 262; 33609
235; 262; 33621
236; 262; 33657
237; 262; 33678
238; 262; 33646
239; 262; 33605
240; 262; 33606
241; 262; 33609
242; 262; 33583
243; 262; 33582
244; 262; 33632
245; 262; 33692
246; 262; 33713
247; 262; 33664
248; 262; 33565
249; 262; 33503
250; 262; 33517
251; 262; 33516
252; 262; 33462
253; 262; 33469
254; 262; 33587
255; 262; 33681
195; 263; 33151
196; 263; 33075
197; 263; 32922
198; 263; 32906
199; 263; 32917
200; 263; 32933
201; 263; 32952
202; 263; 32918
203; 263; 32899
204; 263; 32904
205; 263; 32905
206; 263; 32925
207; 263; 32978
208; 263; 32984
209; 263; 33055
210; 263; 33136
211; 263; 33077
212; 263; 32968
213; 263; 32904
214; 263; 33026
215; 263; 33223
216; 263; 33246
217; 263; 33150
218; 263; 33069
219; 263; 33045
220; 263; 33062
221; 263; 33088
222; 263; 33076
223; 263; 33055
224; 263; 33092
225; 263; 33298
226; 263; 33591
227; 263; 33742
228; 263; 33713
229; 263; 33666
230; 263; 33674
231; 263; 33674
232; 263; 33629
233; 263; 33588
234; 263; 33578
235; 263; 33594
236; 263; 33651
237; 263; 33696
238; 263; 33664
239; 263; 33601
240; 263; 33581
241; 263; 33572
242; 263; 33540
243; 263; 33536
244; 263; 33584
245; 263; 33637
246; 263; 33646
247; 263; 33589
248; 263; 33498
249; 263; 33461
250; 263; 33490
251; 263; 33467
252; 263; 33349
253; 263; 33320
254; 263; 33464
255; 263; 33609
195; 264; 33357
196; 264; 33121
197; 264; 32989
198; 264; 32901
199; 264; 32941
200; 264; 32947
201; 264; 32930
202; 264; 32899
203; 264; 32928
204; 264; 32942
205; 264; 32933
206; 264; 32979
207; 264; 33051
208; 264; 33042
209; 264; 33055
210; 264; 33103
211; 264; 33063
212; 264; 32965
213; 264; 32938
214; 264; 33085
215; 264; 33274
216; 264; 33302
217; 264; 33169
218; 264; 33006
219; 264; 32949
220; 264; 33011
221; 264; 33081
222; 264; 33071
223; 264; 33049
224; 264; 33113
225; 264; 33339
226; 264; 33626
227; 264; 33762
228; 264; 33715
229; 264; 33653
230; 264; 33668
231; 264; 33697
232; 264; 33670
233; 264; 33625
234; 264; 33602
235; 264; 33596
236; 264; 33602
237; 264; 33600
238; 264; 33568
239; 264; 33552
240; 264; 33585
241; 264; 33609
242; 264; 33577
243; 264; 33539
244; 264; 33537
245; 264; 33542
246; 264; 33528
247; 264; 33499
248; 264; 33494
249; 264; 33539
250; 264; 33560
251; 264; 33441
252; 264; 33223
253; 264; 33154
254; 264; 33318
255; 264; 33499
195; 265; 33635
196; 265; 33180
197; 265; 33114
198; 265; 32933
199; 265; 32936
200; 265; 32918
201; 265; 32895
202; 265; 32914
203; 265; 32943
204; 265; 32953
205; 265; 32939
206; 265; 32984
207; 265; 33057
208; 265; 33034
209; 265; 32996
210; 265; 33012
211; 265; 33004
212; 265; 32951
213; 265; 32947
214; 265; 33078
215; 265; 33246
216; 265; 33282
217; 265; 33154
218; 265; 32974
219; 265; 32909
220; 265; 32987
221; 265; 33080
222; 265; 33075
223; 265; 33081
224; 265; 33228
225; 265; 33491
226; 265; 33720
227; 265; 33797
228; 265; 33751
229; 265; 33698
230; 265; 33699
231; 265; 33720
232; 265; 33703
233; 265; 33665
234; 265; 33638
235; 265; 33616
236; 265; 33565
237; 265; 33495
238; 265; 33473
239; 265; 33546
240; 265; 33656
241; 265; 33700
242; 265; 33652
243; 265; 33580
244; 265; 33540
245; 265; 33505
246; 265; 33461
247; 265; 33460
248; 265; 33543
249; 265; 33651
250; 265; 33623
251; 265; 33398
252; 265; 33143
253; 265; 33091
254; 265; 33257
255; 265; 33422
195; 266; 34018
196; 266; 33396
197; 266; 33107
198; 266; 33025
199; 266; 32898
200; 266; 32919
201; 266; 32921
202; 266; 32930
203; 266; 32911
204; 266; 32933
205; 266; 32937
206; 266; 32942
207; 266; 32988
208; 266; 32979
209; 266; 32955
210; 266; 32938
211; 266; 32922
212; 266; 32950
213; 266; 33040
214; 266; 33152
215; 266; 33215
216; 266; 33183
217; 266; 33060
218; 266; 32935
219; 266; 32942
220; 266; 33061
221; 266; 33107
222; 266; 33053
223; 266; 33117
224; 266; 33413
225; 266; 33739
226; 266; 33888
227; 266; 33885
228; 266; 33841
229; 266; 33797
230; 266; 33749
231; 266; 33710
232; 266; 33671
233; 266; 33627
234; 266; 33613
235; 266; 33635
236; 266; 33618
237; 266; 33543
238; 266; 33530
239; 266; 33639
240; 266; 33749
241; 266; 33739
242; 266; 33657
243; 266; 33600
244; 266; 33577
245; 266; 33532
246; 266; 33460
247; 266; 33444
248; 266; 33526
249; 266; 33605
250; 266; 33517
251; 266; 33271
252; 266; 33090
253; 266; 33109
254; 266; 33245
255; 266; 33346
195; 267; 34190
196; 267; 33955
197; 267; 33248
198; 267; 33027
199; 267; 32931
200; 267; 32929
201; 267; 32958
202; 267; 32933
203; 267; 32906
204; 267; 32923
205; 267; 32934
206; 267; 32933
207; 267; 32957
208; 267; 32973
209; 267; 32968
210; 267; 32935
211; 267; 32920
212; 267; 33051
213; 267; 33257
214; 267; 33329
215; 267; 33236
216; 267; 33093
217; 267; 32978
218; 267; 32947
219; 267; 33041
220; 267; 33144
221; 267; 33109
222; 267; 33075
223; 267; 33283
224; 267; 33685
225; 267; 33966
226; 267; 33989
227; 267; 33932
228; 267; 33925
229; 267; 33911
230; 267; 33831
231; 267; 33718
232; 267; 33618
233; 267; 33539
234; 267; 33538
235; 267; 33636
236; 267; 33711
237; 267; 33685
238; 267; 33666
239; 267; 33734
240; 267; 33764
241; 267; 33674
242; 267; 33584
243; 267; 33581
244; 267; 33583
245; 267; 33517
246; 267; 33425
247; 267; 33386
248; 267; 33406
249; 267; 33400
250; 267; 33283
251; 267; 33112
252; 267; 33052
253; 267; 33122
254; 267; 33199
255; 267; 33232
195; 268; 34115
196; 268; 34212
197; 268; 33786
198; 268; 33109
199; 268; 32997
200; 268; 32933
201; 268; 32920
202; 268; 32915
203; 268; 32945
204; 268; 32922
205; 268; 32924
206; 268; 32943
207; 268; 32949
208; 268; 32959
209; 268; 32953
210; 268; 32944
211; 268; 32967
212; 268; 33131
213; 268; 33357
214; 268; 33385
215; 268; 33193
216; 268; 33009
217; 268; 32957
218; 268; 33016
219; 268; 33114
220; 268; 33116
221; 268; 33071
222; 268; 33197
223; 268; 33562
224; 268; 33912
225; 268; 33978
226; 268; 33816
227; 268; 33725
228; 268; 33799
229; 268; 33887
230; 268; 33874
231; 268; 33778
232; 268; 33646
233; 268; 33518
234; 268; 33506
235; 268; 33637
236; 268; 33759
237; 268; 33755
238; 268; 33716
239; 268; 33725
240; 268; 33684
241; 268; 33564
242; 268; 33510
243; 268; 33549
244; 268; 33531
245; 268; 33420
246; 268; 33330
247; 268; 33298
248; 268; 33271
249; 268; 33207
250; 268; 33118
251; 268; 33051
252; 268; 33051
253; 268; 33096
254; 268; 33108
255; 268; 33103
195; 269; 33364
196; 269; 33959
197; 269; 34056
198; 269; 33532
199; 269; 33140
200; 269; 33035
201; 269; 32934
202; 269; 32953
203; 269; 32965
204; 269; 32914
205; 269; 32942
206; 269; 32954
207; 269; 32934
208; 269; 32923
209; 269; 32927
210; 269; 32951
211; 269; 32992
212; 269; 33148
213; 269; 33308
214; 269; 33260
215; 269; 33039
216; 269; 32942
217; 269; 32998
218; 269; 33079
219; 269; 33085
220; 269; 33006
221; 269; 33004
222; 269; 33291
223; 269; 33682
224; 269; 33845
225; 269; 33680
226; 269; 33398
227; 269; 33282
228; 269; 33413
229; 269; 33604
230; 269; 33742
231; 269; 33788
232; 269; 33735
233; 269; 33617
234; 269; 33582
235; 269; 33665
236; 269; 33733
237; 269; 33697
238; 269; 33636
239; 269; 33618
240; 269; 33566
241; 269; 33477
242; 269; 33460
243; 269; 33494
244; 269; 33433
245; 269; 33297
246; 269; 33226
247; 269; 33222
248; 269; 33188
249; 269; 33124
250; 269; 33093
251; 269; 33095
252; 269; 33087
253; 269; 33071
254; 269; 33048
255; 269; 33041
195; 270; 32900
196; 270; 33455
197; 270; 34044
198; 270; 33887
199; 270; 33389
200; 270; 33242
201; 270; 33079
202; 270; 33031
203; 270; 32993
204; 270; 32950
205; 270; 32970
206; 270; 32967
207; 270; 32968
208; 270; 32951
209; 270; 32931
210; 270; 32987
211; 270; 33123
212; 270; 33317
213; 270; 33357
214; 270; 33203
215; 270; 33035
216; 270; 32994
217; 270; 33068
218; 270; 33100
219; 270; 33089
220; 270; 33025
221; 270; 33129
222; 270; 33389
223; 270; 33537
224; 270; 33463
225; 270; 33240
226; 270; 33051
227; 270; 32990
228; 270; 33097
229; 270; 33249
230; 270; 33428
231; 270; 33613
232; 270; 33733
233; 270; 33745
234; 270; 33735
235; 270; 33731
236; 270; 33672
237; 270; 33560
238; 270; 33484
239; 270; 33473
240; 270; 33456
241; 270; 33418
242; 270; 33414
243; 270; 33409
244; 270; 33326
245; 270; 33210
246; 270; 33165
247; 270; 33173
248; 270; 33143
249; 270; 33109
250; 270; 33129
251; 270; 33154
252; 270; 33123
253; 270; 33063
254; 270; 33042
255; 270; 33063
195; 271; 33091
196; 271; 33393
197; 271; 34136
198; 271; 34077
199; 271; 33542
200; 271; 33415
201; 271; 33193
202; 271; 33063
203; 271; 33006
204; 271; 32995
205; 271; 32969
206; 271; 32965
207; 271; 33010
208; 271; 32986
209; 271; 32928
210; 271; 33039
211; 271; 33472
212; 271; 33864
213; 271; 33868
214; 271; 33596
215; 271; 33334
216; 271; 33181
217; 271; 33112
218; 271; 33131
219; 271; 33268
220; 271; 33490
221; 271; 33632
222; 271; 33529
223; 271; 33330
224; 271; 33104
225; 271; 32970
226; 271; 32994
227; 271; 33105
228; 271; 33152
229; 271; 33114
230; 271; 33129
231; 271; 33305
232; 271; 33566
233; 271; 33765
234; 271; 33848
235; 271; 33796
236; 271; 33618
237; 271; 33414
238; 271; 33319
239; 271; 33340
240; 271; 33383
241; 271; 33398
242; 271; 33395
243; 271; 33351
244; 271; 33256
245; 271; 33174
246; 271; 33151
247; 271; 33154
248; 271; 33139
249; 271; 33151
250; 271; 33213
251; 271; 33239
252; 271; 33166
253; 271; 33069
254; 271; 33076
255; 271; 33156
195; 272; 33079
196; 272; 33602
197; 272; 34189
198; 272; 34100
199; 272; 33562
200; 272; 33330
201; 272; 33162
202; 272; 33018
203; 272; 32976
204; 272; 32998
205; 272; 32945
206; 272; 32959
207; 272; 32998
208; 272; 32963
209; 272; 32904
210; 272; 33276
211; 272; 33988
212; 272; 34367
213; 272; 34338
214; 272; 34134
215; 272; 33918
216; 272; 33632
217; 272; 33426
218; 272; 33417
219; 272; 33723
220; 272; 33946
221; 272; 33866
222; 272; 33577
223; 272; 33271
224; 272; 33079
225; 272; 33078
226; 272; 33247
227; 272; 33424
228; 272; 33447
229; 272; 33243
230; 272; 33048
231; 272; 33108
232; 272; 33378
233; 272; 33669
234; 272; 33837
235; 272; 33804
236; 272; 33582
237; 272; 33321
238; 272; 33217
239; 272; 33276
240; 272; 33376
241; 272; 33437
242; 272; 33434
243; 272; 33357
244; 272; 33250
245; 272; 33188
246; 272; 33187
247; 272; 33195
248; 272; 33195
249; 272; 33254
250; 272; 33357
251; 272; 33370
252; 272; 33241
253; 272; 33109
254; 272; 33150
255; 272; 33277
195; 273; 33836
196; 273; 33981
197; 273; 34093
198; 273; 34005
199; 273; 33522
200; 273; 33211
201; 273; 33097
202; 273; 32978
203; 273; 32932
204; 273; 32970
205; 273; 32946
206; 273; 32954
207; 273; 32960
208; 273; 32971
209; 273; 33144
210; 273; 33752
211; 273; 34264
212; 273; 34358
213; 273; 34280
214; 273; 34202
215; 273; 34143
216; 273; 33997
217; 273; 33838
218; 273; 33893
219; 273; 33914
220; 273; 33866
221; 273; 33613
222; 273; 33392
223; 273; 33322
224; 273; 33315
225; 273; 33329
226; 273; 33391
227; 273; 33536
228; 273; 33612
229; 273; 33465
230; 273; 33240
231; 273; 33185
232; 273; 33357
233; 273; 33571
234; 273; 33707
235; 273; 33704
236; 273; 33545
237; 273; 33341
238; 273; 33262
239; 273; 33317
240; 273; 33412
241; 273; 33477
242; 273; 33471
243; 273; 33379
244; 273; 33268
245; 273; 33235
246; 273; 33268
247; 273; 33276
248; 273; 33265
249; 273; 33338
250; 273; 33454
251; 273; 33448
252; 273; 33296
253; 273; 33164
254; 273; 33203
255; 273; 33313
195; 274; 34083
196; 274; 34034
197; 274; 34042
198; 274; 33966
199; 274; 33579
200; 274; 33197
201; 274; 33108
202; 274; 33016
203; 274; 32913
204; 274; 32951
205; 274; 32990
206; 274; 32995
207; 274; 33015
208; 274; 33138
209; 274; 33640
210; 274; 34131
211; 274; 34187
212; 274; 33973
213; 274; 33920
214; 274; 34053
215; 274; 34118
216; 274; 34058
217; 274; 34062
218; 274; 34067
219; 274; 33902
220; 274; 33489
221; 274; 33198
222; 274; 33232
223; 274; 33447
224; 274; 33554
225; 274; 33462
226; 274; 33357
227; 274; 33410
228; 274; 33522
229; 274; 33511
230; 274; 33425
231; 274; 33430
232; 274; 33528
233; 274; 33576
234; 274; 33548
235; 274; 33508
236; 274; 33474
237; 274; 33425
238; 274; 33382
239; 274; 33378
240; 274; 33409
241; 274; 33448
242; 274; 33443
243; 274; 33357
244; 274; 33255
245; 274; 33243
246; 274; 33295
247; 274; 33303
248; 274; 33285
249; 274; 33338
250; 274; 33421
251; 274; 33410
252; 274; 33309
253; 274; 33231
254; 274; 33230
255; 274; 33251
195; 275; 34010
196; 275; 33996
197; 275; 34067
198; 275; 34047
199; 275; 33768
200; 275; 33302
201; 275; 33162
202; 275; 33045
203; 275; 32923
204; 275; 32979
205; 275; 33048
206; 275; 33084
207; 275; 33154
208; 275; 33535
209; 275; 34088
210; 275; 34192
211; 275; 33932
212; 275; 33646
213; 275; 33719
214; 275; 33966
215; 275; 34061
216; 275; 34046
217; 275; 34075
218; 275; 34008
219; 275; 33653
220; 275; 33212
221; 275; 33090
222; 275; 33337
223; 275; 33573
224; 275; 33601
225; 275; 33472
226; 275; 33335
227; 275; 33310
228; 275; 33388
229; 275; 33440
230; 275; 33461
231; 275; 33559
232; 275; 33699
233; 275; 33674
234; 275; 33464
235; 275; 33298
236; 275; 33322
237; 275; 33424
238; 275; 33445
239; 275; 33395
240; 275; 33368
241; 275; 33385
242; 275; 33379
243; 275; 33303
244; 275; 33215
245; 275; 33205
246; 275; 33255
247; 275; 33283
248; 275; 33288
249; 275; 33310
250; 275; 33330
251; 275; 33327
252; 275; 33324
253; 275; 33331
254; 275; 33282
255; 275; 33180
195; 276; 33874
196; 276; 33961
197; 276; 34121
198; 276; 34181
199; 276; 33954
200; 276; 33421
201; 276; 33133
202; 276; 32977
203; 276; 32960
204; 276; 33094
205; 276; 33163
206; 276; 33184
207; 276; 33415
208; 276; 33950
209; 276; 34244
210; 276; 34101
211; 276; 33724
212; 276; 33604
213; 276; 33804
214; 276; 34006
215; 276; 34036
216; 276; 34017
217; 276; 33986
218; 276; 33782
219; 276; 33414
220; 276; 33188
221; 276; 33289
222; 276; 33515
223; 276; 33576
224; 276; 33518
225; 276; 33466
226; 276; 33398
227; 276; 33338
228; 276; 33355
229; 276; 33386
230; 276; 33390
231; 276; 33494
232; 276; 33710
233; 276; 33766
234; 276; 33505
235; 276; 33196
236; 276; 33140
237; 276; 33293
238; 276; 33398
239; 276; 33373
240; 276; 33334
241; 276; 33343
242; 276; 33338
243; 276; 33275
244; 276; 33196
245; 276; 33172
246; 276; 33208
247; 276; 33267
248; 276; 33318
249; 276; 33324
250; 276; 33285
251; 276; 33277
252; 276; 33334
253; 276; 33402
254; 276; 33332
255; 276; 33162
195; 277; 33785
196; 277; 33875
197; 277; 34058
198; 277; 34150
199; 277; 34010
200; 277; 33493
201; 277; 33091
202; 277; 32911
203; 277; 33019
204; 277; 33326
205; 277; 33404
206; 277; 33430
207; 277; 33784
208; 277; 34156
209; 277; 34185
210; 277; 33893
211; 277; 33679
212; 277; 33763
213; 277; 33951
214; 277; 34013
215; 277; 33997
216; 277; 33987
217; 277; 33859
218; 277; 33552
219; 277; 33305
220; 277; 33364
221; 277; 33587
222; 277; 33640
223; 277; 33495
224; 277; 33416
225; 277; 33456
226; 277; 33447
227; 277; 33393
228; 277; 33407
229; 277; 33427
230; 277; 33366
231; 277; 33392
232; 277; 33627
233; 277; 33821
234; 277; 33664
235; 277; 33298
236; 277; 33080
237; 277; 33128
238; 277; 33258
239; 277; 33301
240; 277; 33306
241; 277; 33331
242; 277; 33332
243; 277; 33280
244; 277; 33213
245; 277; 33175
246; 277; 33181
247; 277; 33238
248; 277; 33327
249; 277; 33356
250; 277; 33311
251; 277; 33284
252; 277; 33313
253; 277; 33379
254; 277; 33339
255; 277; 33203
195; 278; 33780
196; 278; 33798
197; 278; 33941
198; 278; 34077
199; 278; 34036
200; 278; 33638
201; 278; 33157
202; 278; 32965
203; 278; 33186
204; 278; 33526
205; 278; 33638
206; 278; 33758
207; 278; 34034
208; 278; 34150
209; 278; 34031
210; 278; 33776
211; 278; 33744
212; 278; 33902
213; 278; 33980
214; 278; 33937
215; 278; 33922
216; 278; 33897
217; 278; 33682
218; 278; 33386
219; 278; 33332
220; 278; 33553
221; 278; 33743
222; 278; 33638
223; 278; 33401
224; 278; 33331
225; 278; 33403
226; 278; 33434
227; 278; 33426
228; 278; 33466
229; 278; 33498
230; 278; 33431
231; 278; 33415
232; 278; 33607
233; 278; 33847
234; 278; 33817
235; 278; 33498
236; 278; 33173
237; 278; 33039
238; 278; 33075
239; 278; 33159
240; 278; 33253
241; 278; 33331
242; 278; 33340
243; 278; 33287
244; 278; 33218
245; 278; 33166
246; 278; 33137
247; 278; 33175
248; 278; 33284
249; 278; 33359
250; 278; 33358
251; 278; 33316
252; 278; 33280
253; 278; 33301
254; 278; 33311
255; 278; 33262
195; 279; 33930
196; 279; 33887
197; 279; 33931
198; 279; 34029
199; 279; 34034
200; 279; 33843
201; 279; 33429
202; 279; 33247
203; 279; 33363
204; 279; 33620
205; 279; 33769
206; 279; 33969
207; 279; 34130
208; 279; 34120
209; 279; 33925
210; 279; 33772
211; 279; 33827
212; 279; 33933
213; 279; 33916
214; 279; 33858
215; 279; 33858
216; 279; 33784
217; 279; 33516
218; 279; 33285
219; 279; 33353
220; 279; 33594
221; 279; 33709
222; 279; 33558
223; 279; 33348
224; 279; 33291
225; 279; 33354
226; 279; 33425
227; 279; 33461
228; 279; 33476
229; 279; 33478
230; 279; 33482
231; 279; 33547
232; 279; 33700
233; 279; 33855
234; 279; 33865
235; 279; 33665
236; 279; 33350
237; 279; 33082
238; 279; 32981
239; 279; 33032
240; 279; 33173
241; 279; 33295
242; 279; 33317
243; 279; 33257
244; 279; 33171
245; 279; 33089
246; 279; 33054
247; 279; 33117
248; 279; 33244
249; 279; 33350
250; 279; 33392
251; 279; 33349
252; 279; 33266
253; 279; 33245
254; 279; 33280
255; 279; 33291
195; 280; 34141
196; 280; 34096
197; 280; 34017
198; 280; 33995
199; 280; 34004
200; 280; 33937
201; 280; 33788
202; 280; 33569
203; 280; 33539
204; 280; 33663
205; 280; 33814
206; 280; 34000
207; 280; 34089
208; 280; 34017
209; 280; 33876
210; 280; 33843
211; 280; 33911
212; 280; 33921
213; 280; 33845
214; 280; 33806
215; 280; 33824
216; 280; 33737
217; 280; 33487
218; 280; 33293
219; 280; 33340
220; 280; 33502
221; 280; 33559
222; 280; 33469
223; 280; 33360
224; 280; 33321
225; 280; 33354
226; 280; 33430
227; 280; 33463
228; 280; 33417
229; 280; 33391
230; 280; 33498
231; 280; 33715
232; 280; 33821
233; 280; 33828
234; 280; 33813
235; 280; 33746
236; 280; 33536
237; 280; 33223
238; 280; 33015
239; 280; 33001
240; 280; 33120
241; 280; 33233
242; 280; 33263
243; 280; 33226
244; 280; 33141
245; 280; 33038
246; 280; 33012
247; 280; 33111
248; 280; 33247
249; 280; 33348
250; 280; 33389
251; 280; 33341
252; 280; 33245
253; 280; 33224
254; 280; 33283
255; 280; 33317
195; 281; 34208
196; 281; 34186
197; 281; 34060
198; 281; 33964
199; 281; 33963
200; 281; 33970
201; 281; 33926
202; 281; 33868
203; 281; 33754
204; 281; 33726
205; 281; 33815
206; 281; 33934
207; 281; 33944
208; 281; 33840
209; 281; 33789
210; 281; 33876
211; 281; 33975
212; 281; 33942
213; 281; 33824
214; 281; 33773
215; 281; 33807
216; 281; 33785
217; 281; 33628
218; 281; 33432
219; 281; 33375
220; 281; 33401
221; 281; 33420
222; 281; 33410
223; 281; 33398
224; 281; 33381
225; 281; 33387
226; 281; 33418
227; 281; 33408
228; 281; 33368
229; 281; 33386
230; 281; 33662
231; 281; 33883
232; 281; 33834
233; 281; 33722
234; 281; 33722
235; 281; 33766
236; 281; 33675
237; 281; 33405
238; 281; 33134
239; 281; 33030
240; 281; 33115
241; 281; 33229
242; 281; 33279
243; 281; 33280
244; 281; 33216
245; 281; 33108
246; 281; 33070
247; 281; 33161
248; 281; 33290
249; 281; 33367
250; 281; 33378
251; 281; 33319
252; 281; 33236
253; 281; 33246
254; 281; 33332
255; 281; 33371
195; 282; 34082
196; 282; 34068
197; 282; 34005
198; 282; 33960
199; 282; 33967
200; 282; 33991
201; 282; 34004
202; 282; 33995
203; 282; 33932
204; 282; 33868
205; 282; 33876
206; 282; 33910
207; 282; 33831
208; 282; 33676
209; 282; 33644
210; 282; 33799
211; 282; 33967
212; 282; 33981
213; 282; 33869
214; 282; 33785
215; 282; 33814
216; 282; 33868
217; 282; 33811
218; 282; 33588
219; 282; 33427
220; 282; 33369
221; 282; 33382
222; 282; 33404
223; 282; 33414
224; 282; 33423
225; 282; 33444
226; 282; 33425
227; 282; 33369
228; 282; 33375
229; 282; 33683
230; 282; 34070
231; 282; 33994
232; 282; 33670
233; 282; 33559
234; 282; 33641
235; 282; 33742
236; 282; 33735
237; 282; 33567
238; 282; 33290
239; 282; 33093
240; 282; 33142
241; 282; 33295
242; 282; 33374
243; 282; 33393
244; 282; 33368
245; 282; 33285
246; 282; 33209
247; 282; 33225
248; 282; 33312
249; 282; 33380
250; 282; 33395
251; 282; 33354
252; 282; 33294
253; 282; 33315
254; 282; 33405
255; 282; 33422
195; 283; 33949
196; 283; 33931
197; 283; 33950
198; 283; 33998
199; 283; 34020
200; 283; 34020
201; 283; 34042
202; 283; 34075
203; 283; 34066
204; 283; 34022
205; 283; 34002
206; 283; 33989
207; 283; 33881
208; 283; 33708
209; 283; 33636
210; 283; 33734
211; 283; 33890
212; 283; 33960
213; 283; 33909
214; 283; 33830
215; 283; 33842
216; 283; 33921
217; 283; 33907
218; 283; 33683
219; 283; 33450
220; 283; 33369
221; 283; 33404
222; 283; 33427
223; 283; 33420
224; 283; 33456
225; 283; 33519
226; 283; 33487
227; 283; 33418
228; 283; 33573
229; 283; 34103
230; 283; 34278
231; 283; 33986
232; 283; 33492
233; 283; 33466
234; 283; 33583
235; 283; 33667
236; 283; 33711
237; 283; 33689
238; 283; 33470
239; 283; 33191
240; 283; 33159
241; 283; 33310
242; 283; 33390
243; 283; 33411
244; 283; 33449
245; 283; 33429
246; 283; 33327
247; 283; 33251
248; 283; 33275
249; 283; 33350
250; 283; 33408
251; 283; 33409
252; 283; 33374
253; 283; 33389
254; 283; 33444
255; 283; 33417
195; 284; 33944
196; 284; 33932
197; 284; 33968
198; 284; 34035
199; 284; 34057
200; 284; 34049
201; 284; 34061
202; 284; 34082
203; 284; 34086
204; 284; 34080
205; 284; 34083
206; 284; 34059
207; 284; 33990
208; 284; 33892
209; 284; 33817
210; 284; 33817
211; 284; 33856
212; 284; 33896
213; 284; 33897
214; 284; 33857
215; 284; 33864
216; 284; 33946
217; 284; 33962
218; 284; 33768
219; 284; 33432
220; 284; 33361
221; 284; 33408
222; 284; 33451
223; 284; 33451
224; 284; 33504
225; 284; 33584
226; 284; 33592
227; 284; 33572
228; 284; 33905
229; 284; 34276
230; 284; 34286
231; 284; 33787
232; 284; 33407
233; 284; 33470
234; 284; 33550
235; 284; 33558
236; 284; 33629
237; 284; 33739
238; 284; 33614
239; 284; 33306
240; 284; 33162
241; 284; 33222
242; 284; 33266
243; 284; 33294
244; 284; 33385
245; 284; 33428
246; 284; 33344
247; 284; 33248
248; 284; 33251
249; 284; 33317
250; 284; 33382
251; 284; 33396
252; 284; 33377
253; 284; 33392
254; 284; 33419
255; 284; 33371
195; 285; 33983
196; 285; 33939
197; 285; 33957
198; 285; 33978
199; 285; 34000
200; 285; 34047
201; 285; 34076
202; 285; 34053
203; 285; 34028
204; 285; 34059
205; 285; 34082
206; 285; 34004
207; 285; 33829
208; 285; 33864
209; 285; 33953
210; 285; 33995
211; 285; 33964
212; 285; 33931
213; 285; 33904
214; 285; 33864
215; 285; 33870
216; 285; 33978
217; 285; 34067
218; 285; 33955
219; 285; 33568
220; 285; 33398
221; 285; 33412
222; 285; 33475
223; 285; 33513
224; 285; 33574
225; 285; 33653
226; 285; 33707
227; 285; 33862
228; 285; 34097
229; 285; 34203
230; 285; 34136
231; 285; 33760
232; 285; 33572
233; 285; 33570
234; 285; 33561
235; 285; 33475
236; 285; 33522
237; 285; 33649
238; 285; 33597
239; 285; 33364
240; 285; 33197
241; 285; 33173
242; 285; 33176
243; 285; 33183
244; 285; 33239
245; 285; 33287
246; 285; 33268
247; 285; 33260
248; 285; 33312
249; 285; 33360
250; 285; 33352
251; 285; 33309
252; 285; 33290
253; 285; 33326
254; 285; 33368
255; 285; 33351
195; 286; 33988
196; 286; 33816
197; 286; 33535
198; 286; 33577
199; 286; 33816
200; 286; 33997
201; 286; 34091
202; 286; 34050
203; 286; 33996
204; 286; 34049
205; 286; 34065
206; 286; 33834
207; 286; 33519
208; 286; 33483
209; 286; 33823
210; 286; 34053
211; 286; 34119
212; 286; 34083
213; 286; 33983
214; 286; 33866
215; 286; 33841
216; 286; 33981
217; 286; 34181
218; 286; 34207
219; 286; 33954
220; 286; 33608
221; 286; 33483
222; 286; 33538
223; 286; 33621
224; 286; 33688
225; 286; 33827
226; 286; 34021
227; 286; 34206
228; 286; 34182
229; 286; 34095
230; 286; 34017
231; 286; 34054
232; 286; 34021
233; 286; 33842
234; 286; 33612
235; 286; 33479
236; 286; 33431
237; 286; 33447
238; 286; 33445
239; 286; 33377
240; 286; 33304
241; 286; 33270
242; 286; 33243
243; 286; 33194
244; 286; 33144
245; 286; 33143
246; 286; 33213
247; 286; 33328
248; 286; 33435
249; 286; 33451
250; 286; 33346
251; 286; 33234
252; 286; 33208
253; 286; 33271
254; 286; 33346
255; 286; 33374
195; 287; 34008
196; 287; 33528
197; 287; 33154
198; 287; 33182
199; 287; 33514
200; 287; 33924
201; 287; 34079
202; 287; 34034
203; 287; 33964
204; 287; 34014
205; 287; 34048
206; 287; 33807
207; 287; 33457
208; 287; 33358
209; 287; 33512
210; 287; 33876
211; 287; 34105
212; 287; 34141
213; 287; 34056
214; 287; 33898
215; 287; 33806
216; 287; 33905
217; 287; 34158
218; 287; 34312
219; 287; 34313
220; 287; 34089
221; 287; 33825
222; 287; 33708
223; 287; 33769
224; 287; 33927
225; 287; 34162
226; 287; 34290
227; 287; 34306
228; 287; 34139
229; 287; 33846
230; 287; 34023
231; 287; 34290
232; 287; 34315
233; 287; 33991
234; 287; 33585
235; 287; 33501
236; 287; 33392
237; 287; 33297
238; 287; 33335
239; 287; 33425
240; 287; 33448
241; 287; 33413
242; 287; 33355
243; 287; 33260
244; 287; 33137
245; 287; 33103
246; 287; 33220
247; 287; 33374
248; 287; 33475
249; 287; 33462
250; 287; 33329
251; 287; 33210
252; 287; 33199
253; 287; 33256
254; 287; 33325
255; 287; 33372
195; 288; 34031
196; 288; 33587
197; 288; 33153
198; 288; 33174
199; 288; 33382
200; 288; 33771
201; 288; 33972
202; 288; 33947
203; 288; 33837
204; 288; 33868
205; 288; 34003
206; 288; 34069
207; 288; 33924
208; 288; 33750
209; 288; 33628
210; 288; 33662
211; 288; 33767
212; 288; 33952
213; 288; 34044
214; 288; 33996
215; 288; 33880
216; 288; 33854
217; 288; 34016
218; 288; 34277
219; 288; 34399
220; 288; 34363
221; 288; 34208
222; 288; 33972
223; 288; 33912
224; 288; 34046
225; 288; 34230
226; 288; 34305
227; 288; 34198
228; 288; 33794
229; 288; 33572
230; 288; 33838
231; 288; 34338
232; 288; 34365
233; 288; 33913
234; 288; 33481
235; 288; 33466
236; 288; 33418
237; 288; 33304
238; 288; 33323
239; 288; 33454
240; 288; 33511
241; 288; 33468
242; 288; 33382
243; 288; 33265
244; 288; 33151
245; 288; 33139
246; 288; 33229
247; 288; 33317
248; 288; 33372
249; 288; 33366
250; 288; 33292
251; 288; 33235
252; 288; 33239
253; 288; 33257
254; 288; 33277
255; 288; 33310
195; 289; 34022
196; 289; 33857
197; 289; 33583
198; 289; 33391
199; 289; 33408
200; 289; 33529
201; 289; 33673
202; 289; 33725
203; 289; 33638
204; 289; 33691
205; 289; 33921
206; 289; 34240
207; 289; 34463
208; 289; 34434
209; 289; 34068
210; 289; 33618
211; 289; 33504
212; 289; 33638
213; 289; 33936
214; 289; 34059
215; 289; 34014
216; 289; 33929
217; 289; 33967
218; 289; 34129
219; 289; 34299
220; 289; 34356
221; 289; 34184
222; 289; 33951
223; 289; 33876
224; 289; 33953
225; 289; 34083
226; 289; 34016
227; 289; 33785
228; 289; 33542
229; 289; 33435
230; 289; 33585
231; 289; 33971
232; 289; 34003
233; 289; 33579
234; 289; 33376
235; 289; 33446
236; 289; 33498
237; 289; 33386
238; 289; 33297
239; 289; 33358
240; 289; 33453
241; 289; 33470
242; 289; 33382
243; 289; 33234
244; 289; 33138
245; 289; 33153
246; 289; 33210
247; 289; 33234
248; 289; 33254
249; 289; 33266
250; 289; 33248
251; 289; 33243
252; 289; 33263
253; 289; 33258
254; 289; 33227
255; 289; 33232
195; 290; 34000
196; 290; 33971
197; 290; 33846
198; 290; 33602
199; 290; 33338
200; 290; 33190
201; 290; 33269
202; 290; 33422
203; 290; 33486
204; 290; 33526
205; 290; 33733
206; 290; 34148
207; 290; 34478
208; 290; 34528
209; 290; 34360
210; 290; 33971
211; 290; 33563
212; 290; 33569
213; 290; 33713
214; 290; 33919
215; 290; 34010
216; 290; 33980
217; 290; 34007
218; 290; 34073
219; 290; 34141
220; 290; 34031
221; 290; 33737
222; 290; 33430
223; 290; 33516
224; 290; 33835
225; 290; 33850
226; 290; 33690
227; 290; 33593
228; 290; 33551
229; 290; 33480
230; 290; 33446
231; 290; 33515
232; 290; 33515
233; 290; 33393
234; 290; 33382
235; 290; 33514
236; 290; 33555
237; 290; 33374
238; 290; 33178
239; 290; 33193
240; 290; 33363
241; 290; 33501
242; 290; 33458
243; 290; 33266
244; 290; 33122
245; 290; 33117
246; 290; 33170
247; 290; 33212
248; 290; 33240
249; 290; 33243
250; 290; 33217
251; 290; 33223
252; 290; 33261
253; 290; 33261
254; 290; 33211
255; 290; 33196
195; 291; 33969
196; 291; 33889
197; 291; 33699
198; 291; 33343
199; 291; 33163
200; 291; 33092
201; 291; 33149
202; 291; 33233
203; 291; 33229
204; 291; 33280
205; 291; 33484
206; 291; 33842
207; 291; 34120
208; 291; 34207
209; 291; 34188
210; 291; 34187
211; 291; 34081
212; 291; 33753
213; 291; 33636
214; 291; 33583
215; 291; 33652
216; 291; 33761
217; 291; 33924
218; 291; 34016
219; 291; 33993
220; 291; 33770
221; 291; 33277
222; 291; 33016
223; 291; 33303
224; 291; 33829
225; 291; 33891
226; 291; 33723
227; 291; 33664
228; 291; 33719
229; 291; 33639
230; 291; 33453
231; 291; 33394
232; 291; 33404
233; 291; 33421
234; 291; 33499
235; 291; 33584
236; 291; 33494
237; 291; 33250
238; 291; 33087
239; 291; 33133
240; 291; 33323
241; 291; 33512
242; 291; 33536
243; 291; 33368
244; 291; 33184
245; 291; 33116
246; 291; 33139
247; 291; 33201
248; 291; 33254
249; 291; 33254
250; 291; 33221
251; 291; 33224
252; 291; 33260
253; 291; 33258
254; 291; 33223
255; 291; 33207
195; 292; 33929
196; 292; 33806
197; 292; 33460
198; 292; 33182
199; 292; 33147
200; 292; 33153
201; 292; 33171
202; 292; 33178
203; 292; 33123
204; 292; 33057
205; 292; 33162
206; 292; 33533
207; 292; 33870
208; 292; 33905
209; 292; 33954
210; 292; 34166
211; 292; 34239
212; 292; 34117
213; 292; 33754
214; 292; 33539
215; 292; 33472
216; 292; 33435
217; 292; 33460
218; 292; 33630
219; 292; 33753
220; 292; 33656
221; 292; 33241
222; 292; 33041
223; 292; 33237
224; 292; 33822
225; 292; 33984
226; 292; 33887
227; 292; 33787
228; 292; 33800
229; 292; 33713
230; 292; 33521
231; 292; 33420
232; 292; 33450
233; 292; 33518
234; 292; 33554
235; 292; 33479
236; 292; 33291
237; 292; 33149
238; 292; 33157
239; 292; 33241
240; 292; 33324
241; 292; 33409
242; 292; 33466
243; 292; 33426
244; 292; 33305
245; 292; 33198
246; 292; 33149
247; 292; 33142
248; 292; 33163
249; 292; 33202
250; 292; 33241
251; 292; 33258
252; 292; 33255
253; 292; 33238
254; 292; 33235
255; 292; 33235
195; 293; 33835
196; 293; 33725
197; 293; 33493
198; 293; 33286
199; 293; 33253
200; 293; 33246
201; 293; 33219
202; 293; 33225
203; 293; 33178
204; 293; 32995
205; 293; 32955
206; 293; 33311
207; 293; 33837
208; 293; 33949
209; 293; 33880
210; 293; 33925
211; 293; 34040
212; 293; 34053
213; 293; 33917
214; 293; 33797
215; 293; 33637
216; 293; 33427
217; 293; 33303
218; 293; 33269
219; 293; 33345
220; 293; 33461
221; 293; 33367
222; 293; 33187
223; 293; 33216
224; 293; 33617
225; 293; 33941
226; 293; 33907
227; 293; 33747
228; 293; 33647
229; 293; 33576
230; 293; 33479
231; 293; 33413
232; 293; 33434
233; 293; 33464
234; 293; 33385
235; 293; 33201
236; 293; 33093
237; 293; 33168
238; 293; 33333
239; 293; 33401
240; 293; 33321
241; 293; 33229
242; 293; 33250
243; 293; 33322
244; 293; 33333
245; 293; 33292
246; 293; 33224
247; 293; 33109
248; 293; 33026
249; 293; 33083
250; 293; 33231
251; 293; 33283
252; 293; 33233
253; 293; 33204
254; 293; 33244
255; 293; 33270
195; 294; 33573
196; 294; 33613
197; 294; 33522
198; 294; 33372
199; 294; 33278
200; 294; 33202
201; 294; 33180
202; 294; 33286
203; 294; 33345
204; 294; 33148
205; 294; 32926
206; 294; 33046
207; 294; 33667
208; 294; 33987
209; 294; 33824
210; 294; 33544
211; 294; 33437
212; 294; 33604
213; 294; 33803
214; 294; 33867
215; 294; 33802
216; 294; 33668
217; 294; 33475
218; 294; 33325
219; 294; 33252
220; 294; 33248
221; 294; 33335
222; 294; 33327
223; 294; 33260
224; 294; 33315
225; 294; 33670
226; 294; 33760
227; 294; 33592
228; 294; 33415
229; 294; 33379
230; 294; 33374
231; 294; 33320
232; 294; 33285
233; 294; 33257
234; 294; 33150
235; 294; 33041
236; 294; 33106
237; 294; 33300
238; 294; 33455
239; 294; 33446
240; 294; 33282
241; 294; 33111
242; 294; 33073
243; 294; 33138
244; 294; 33218
245; 294; 33312
246; 294; 33346
247; 294; 33204
248; 294; 33004
249; 294; 32993
250; 294; 33167
251; 294; 33249
252; 294; 33197
253; 294; 33193
254; 294; 33271
255; 294; 33302
195; 295; 33315
196; 295; 33408
197; 295; 33439
198; 295; 33391
199; 295; 33279
200; 295; 33163
201; 295; 33167
202; 295; 33328
203; 295; 33443
204; 295; 33298
205; 295; 33011
206; 295; 32952
207; 295; 33238
208; 295; 33584
209; 295; 33522
210; 295; 33216
211; 295; 33124
212; 295; 33204
213; 295; 33337
214; 295; 33472
215; 295; 33624
216; 295; 33710
217; 295; 33687
218; 295; 33631
219; 295; 33387
220; 295; 33212
221; 295; 33268
222; 295; 33360
223; 295; 33296
224; 295; 33263
225; 295; 33494
226; 295; 33631
227; 295; 33504
228; 295; 33327
229; 295; 33319
230; 295; 33348
231; 295; 33277
232; 295; 33188
233; 295; 33158
234; 295; 33154
235; 295; 33213
236; 295; 33361
237; 295; 33466
238; 295; 33428
239; 295; 33310
240; 295; 33197
241; 295; 33119
242; 295; 33075
243; 295; 33051
244; 295; 33096
245; 295; 33267
246; 295; 33425
247; 295; 33353
248; 295; 33114
249; 295; 32999
250; 295; 33087
251; 295; 33173
252; 295; 33175
253; 295; 33225
254; 295; 33309
255; 295; 33306
195; 296; 33227
196; 296; 33259
197; 296; 33345
198; 296; 33404
199; 296; 33356
200; 296; 33277
201; 296; 33294
202; 296; 33393
203; 296; 33446
204; 296; 33375
205; 296; 33205
206; 296; 33037
207; 296; 33007
208; 296; 33090
209; 296; 33141
210; 296; 33177
211; 296; 33187
212; 296; 33180
213; 296; 33094
214; 296; 33007
215; 296; 33085
216; 296; 33318
217; 296; 33604
218; 296; 33692
219; 296; 33548
220; 296; 33319
221; 296; 33302
222; 296; 33405
223; 296; 33393
224; 296; 33343
225; 296; 33484
226; 296; 33613
227; 296; 33529
228; 296; 33389
229; 296; 33383
230; 296; 33409
231; 296; 33345
232; 296; 33274
233; 296; 33287
234; 296; 33375
235; 296; 33510
236; 296; 33605
237; 296; 33522
238; 296; 33292
239; 296; 33129
240; 296; 33124
241; 296; 33180
242; 296; 33178
243; 296; 33104
244; 296; 33083
245; 296; 33213
246; 296; 33389
247; 296; 33404
248; 296; 33224
249; 296; 33053
250; 296; 33042
251; 296; 33118
252; 296; 33181
253; 296; 33261
254; 296; 33312
255; 296; 33271
195; 297; 33291
196; 297; 33230
197; 297; 33267
198; 297; 33352
199; 297; 33389
200; 297; 33412
201; 297; 33461
202; 297; 33478
203; 297; 33440
204; 297; 33409
205; 297; 33354
206; 297; 33188
207; 297; 33020
208; 297; 33019
209; 297; 33121
210; 297; 33229
211; 297; 33274
212; 297; 33217
213; 297; 33064
214; 297; 32963
215; 297; 32961
216; 297; 33034
217; 297; 33193
218; 297; 33456
219; 297; 33468
220; 297; 33385
221; 297; 33408
222; 297; 33512
223; 297; 33518
224; 297; 33462
225; 297; 33510
226; 297; 33592
227; 297; 33548
228; 297; 33448
229; 297; 33424
230; 297; 33437
231; 297; 33426
232; 297; 33429
233; 297; 33463
234; 297; 33509
235; 297; 33561
236; 297; 33545
237; 297; 33378
238; 297; 33156
239; 297; 33071
240; 297; 33134
241; 297; 33211
242; 297; 33233
243; 297; 33196
244; 297; 33144
245; 297; 33169
246; 297; 33281
247; 297; 33349
248; 297; 33259
249; 297; 33095
250; 297; 33040
251; 297; 33107
252; 297; 33201
253; 297; 33268
254; 297; 33269
255; 297; 33215
195; 298; 33423
196; 298; 33318
197; 298; 33266
198; 298; 33291
199; 298; 33347
200; 298; 33425
201; 298; 33495
202; 298; 33487
203; 298; 33426
204; 298; 33405
205; 298; 33395
206; 298; 33281
207; 298; 33130
208; 298; 33130
209; 298; 33243
210; 298; 33311
211; 298; 33280
212; 298; 33196
213; 298; 33140
214; 298; 33140
215; 298; 33139
216; 298; 33094
217; 298; 33109
218; 298; 33175
219; 298; 33269
220; 298; 33344
221; 298; 33472
222; 298; 33616
223; 298; 33621
224; 298; 33516
225; 298; 33465
226; 298; 33481
227; 298; 33462
228; 298; 33411
229; 298; 33387
230; 298; 33397
231; 298; 33425
232; 298; 33472
233; 298; 33491
234; 298; 33436
235; 298; 33341
236; 298; 33255
237; 298; 33170
238; 298; 33121
239; 298; 33155
240; 298; 33218
241; 298; 33228
242; 298; 33212
243; 298; 33207
244; 298; 33174
245; 298; 33145
246; 298; 33200
247; 298; 33287
248; 298; 33271
249; 298; 33151
250; 298; 33084
251; 298; 33132
252; 298; 33211
253; 298; 33248
254; 298; 33229
255; 298; 33201
195; 299; 33520
196; 299; 33449
197; 299; 33399
198; 299; 33395
199; 299; 33407
200; 299; 33415
201; 299; 33421
202; 299; 33408
203; 299; 33387
204; 299; 33375
205; 299; 33348
206; 299; 33272
207; 299; 33200
208; 299; 33228
209; 299; 33314
210; 299; 33332
211; 299; 33251
212; 299; 33174
213; 299; 33208
214; 299; 33312
215; 299; 33344
216; 299; 33255
217; 299; 33162
218; 299; 33151
219; 299; 33182
220; 299; 33255
221; 299; 33423
222; 299; 33610
223; 299; 33637
224; 299; 33498
225; 299; 33363
226; 299; 33312
227; 299; 33310
228; 299; 33321
229; 299; 33343
230; 299; 33360
231; 299; 33365
232; 299; 33385
233; 299; 33390
234; 299; 33293
235; 299; 33138
236; 299; 33071
237; 299; 33118
238; 299; 33201
239; 299; 33273
240; 299; 33302
241; 299; 33256
242; 299; 33188
243; 299; 33169
244; 299; 33175
245; 299; 33170
246; 299; 33198
247; 299; 33266
248; 299; 33272
249; 299; 33194
250; 299; 33146
251; 299; 33173
252; 299; 33210
253; 299; 33226
254; 299; 33234
255; 299; 33251
195; 300; 33582
196; 300; 33552
197; 300; 33568
198; 300; 33607
199; 300; 33594
200; 300; 33507
201; 300; 33417
202; 300; 33392
203; 300; 33401
204; 300; 33380
205; 300; 33321
206; 300; 33266
207; 300; 33236
208; 300; 33239
209; 300; 33275
210; 300; 33304
211; 300; 33272
212; 300; 33221
213; 300; 33239
214; 300; 33300
215; 300; 33301
216; 300; 33237
217; 300; 33210
218; 300; 33226
219; 300; 33202
220; 300; 33179
221; 300; 33286
222; 300; 33481
223; 300; 33561
224; 300; 33448
225; 300; 33286
226; 300; 33201
227; 300; 33207
228; 300; 33260
229; 300; 33324
230; 300; 33353
231; 300; 33315
232; 300; 33282
233; 300; 33284
234; 300; 33221
235; 300; 33111
236; 300; 33093
237; 300; 33191
238; 300; 33274
239; 300; 33295
240; 300; 33287
241; 300; 33245
242; 300; 33188
243; 300; 33180
244; 300; 33222
245; 300; 33250
246; 300; 33253
247; 300; 33258
248; 300; 33233
249; 300; 33190
250; 300; 33199
251; 300; 33236
252; 300; 33243
253; 300; 33231
254; 300; 33252
255; 300; 33288
195; 301; 33640
196; 301; 33608
197; 301; 33635
198; 301; 33692
199; 301; 33701
200; 301; 33625
201; 301; 33528
202; 301; 33496
203; 301; 33484
204; 301; 33418
205; 301; 33347
206; 301; 33340
207; 301; 33336
208; 301; 33275
209; 301; 33232
210; 301; 33271
211; 301; 33309
212; 301; 33281
213; 301; 33246
214; 301; 33232
215; 301; 33198
216; 301; 33164
217; 301; 33195
218; 301; 33257
219; 301; 33245
220; 301; 33184
221; 301; 33231
222; 301; 33394
223; 301; 33503
224; 301; 33433
225; 301; 33283
226; 301; 33200
227; 301; 33204
228; 301; 33245
229; 301; 33308
230; 301; 33346
231; 301; 33304
232; 301; 33256
233; 301; 33254
234; 301; 33226
235; 301; 33157
236; 301; 33143
237; 301; 33207
238; 301; 33242
239; 301; 33213
240; 301; 33183
241; 301; 33177
242; 301; 33183
243; 301; 33225
244; 301; 33299
245; 301; 33333
246; 301; 33305
247; 301; 33255
248; 301; 33203
249; 301; 33187
250; 301; 33253
251; 301; 33327
252; 301; 33317
253; 301; 33251
254; 301; 33232
255; 301; 33251
195; 302; 33655
196; 302; 33632
197; 302; 33632
198; 302; 33636
199; 302; 33647
200; 302; 33639
201; 302; 33603
202; 302; 33569
203; 302; 33526
204; 302; 33445
205; 302; 33408
206; 302; 33461
207; 302; 33479
208; 302; 33374
209; 302; 33265
210; 302; 33269
211; 302; 33309
212; 302; 33297
213; 302; 33273
214; 302; 33271
215; 302; 33248
216; 302; 33203
217; 302; 33180
218; 302; 33188
219; 302; 33205
220; 302; 33239
221; 302; 33325
222; 302; 33448
223; 302; 33532
224; 302; 33459
225; 302; 33307
226; 302; 33232
227; 302; 33240
228; 302; 33261
229; 302; 33293
230; 302; 33328
231; 302; 33320
232; 302; 33299
233; 302; 33291
234; 302; 33255
235; 302; 33183
236; 302; 33143
237; 302; 33161
238; 302; 33169
239; 302; 33139
240; 302; 33118
241; 302; 33135
242; 302; 33179
243; 302; 33249
244; 302; 33323
245; 302; 33344
246; 302; 33315
247; 302; 33280
248; 302; 33243
249; 302; 33228
250; 302; 33289
251; 302; 33370
252; 302; 33356
253; 302; 33257
254; 302; 33189
255; 302; 33180
195; 303; 33569
196; 303; 33627
197; 303; 33674
198; 303; 33637
199; 303; 33590
200; 303; 33579
201; 303; 33568
202; 303; 33537
203; 303; 33503
204; 303; 33476
205; 303; 33492
206; 303; 33553
207; 303; 33563
208; 303; 33472
209; 303; 33363
210; 303; 33316
211; 303; 33304
212; 303; 33305
213; 303; 33335
214; 303; 33373
215; 303; 33358
216; 303; 33273
217; 303; 33162
218; 303; 33089
219; 303; 33125
220; 303; 33269
221; 303; 33421
222; 303; 33522
223; 303; 33556
224; 303; 33460
225; 303; 33311
226; 303; 33247
227; 303; 33266
228; 303; 33289
229; 303; 33302
230; 303; 33320
231; 303; 33335
232; 303; 33336
233; 303; 33316
234; 303; 33263
235; 303; 33200
236; 303; 33166
237; 303; 33172
238; 303; 33177
239; 303; 33167
240; 303; 33155
241; 303; 33155
242; 303; 33184
243; 303; 33243
244; 303; 33293
245; 303; 33301
246; 303; 33304
247; 303; 33332
248; 303; 33324
249; 303; 33265
250; 303; 33250
251; 303; 33306
252; 303; 33327
253; 303; 33261
254; 303; 33184
255; 303; 33155
195; 304; 33453
196; 304; 33591
197; 304; 33734
198; 304; 33730
199; 304; 33641
200; 304; 33583
201; 304; 33552
202; 304; 33525
203; 304; 33526
204; 304; 33558
205; 304; 33580
206; 304; 33576
207; 304; 33554
208; 304; 33518
209; 304; 33463
210; 304; 33390
211; 304; 33342
212; 304; 33362
213; 304; 33411
214; 304; 33415
215; 304; 33354
216; 304; 33250
217; 304; 33132
218; 304; 33052
219; 304; 33092
220; 304; 33253
221; 304; 33419
222; 304; 33512
223; 304; 33507
224; 304; 33403
225; 304; 33284
226; 304; 33249
227; 304; 33282
228; 304; 33319
229; 304; 33334
230; 304; 33332
231; 304; 33327
232; 304; 33310
233; 304; 33276
234; 304; 33238
235; 304; 33224
236; 304; 33244
237; 304; 33270
238; 304; 33277
239; 304; 33270
240; 304; 33242
241; 304; 33194
242; 304; 33183
243; 304; 33222
244; 304; 33263
245; 304; 33283
246; 304; 33315
247; 304; 33364
248; 304; 33356
249; 304; 33259
250; 304; 33177
251; 304; 33198
252; 304; 33271
253; 304; 33284
254; 304; 33238
255; 304; 33203
