180; 224; 33692
181; 224; 33700
182; 224; 33795
183; 224; 33775
184; 224; 33488
185; 224; 33315
186; 224; 33273
187; 224; 33253
188; 224; 33326
189; 224; 33413
190; 224; 33450
191; 224; 33540
192; 224; 33678
193; 224; 33785
194; 224; 33818
195; 224; 33832
196; 224; 33890
197; 224; 33911
198; 224; 33918
199; 224; 34001
200; 224; 34050
201; 224; 33918
202; 224; 33681
203; 224; 33432
204; 224; 33278
205; 224; 33221
206; 224; 33152
207; 224; 33033
208; 224; 32956
209; 224; 32920
210; 224; 33005
211; 224; 33140
212; 224; 33106
213; 224; 32966
214; 224; 32869
215; 224; 32885
216; 224; 32887
217; 224; 32887
218; 224; 32941
219; 224; 33005
220; 224; 33052
221; 224; 33108
222; 224; 33134
223; 224; 33079
224; 224; 33026
225; 224; 33056
226; 224; 33123
227; 224; 33131
228; 224; 33068
229; 224; 33031
230; 224; 33103
231; 224; 33220
232; 224; 33252
233; 224; 33207
234; 224; 33181
235; 224; 33184
236; 224; 33228
237; 224; 33322
180; 225; 33724
181; 225; 33612
182; 225; 33668
183; 225; 33769
184; 225; 33705
185; 225; 33350
186; 225; 33242
187; 225; 33179
188; 225; 33211
189; 225; 33443
190; 225; 33565
191; 225; 33616
192; 225; 33704
193; 225; 33785
194; 225; 33812
195; 225; 33768
196; 225; 33765
197; 225; 33824
198; 225; 33898
199; 225; 33980
200; 225; 34006
201; 225; 33869
202; 225; 33628
203; 225; 33333
204; 225; 33143
205; 225; 33112
206; 225; 33106
207; 225; 33073
208; 225; 33040
209; 225; 33015
210; 225; 33034
211; 225; 33095
212; 225; 33077
213; 225; 32990
214; 225; 32925
215; 225; 32926
216; 225; 32917
217; 225; 32918
218; 225; 32985
219; 225; 33059
220; 225; 33095
221; 225; 33084
222; 225; 33012
223; 225; 32959
224; 225; 32966
225; 225; 33026
226; 225; 33052
227; 225; 33003
228; 225; 32957
229; 225; 32998
230; 225; 33127
231; 225; 33232
232; 225; 33196
233; 225; 33079
234; 225; 33015
235; 225; 33079
236; 225; 33233
237; 225; 33344
180; 226; 33715
181; 226; 33552
182; 226; 33700
183; 226; 33909
184; 226; 33920
185; 226; 33473
186; 226; 33261
187; 226; 33203
188; 226; 33155
189; 226; 33420
190; 226; 33618
191; 226; 33664
192; 226; 33718
193; 226; 33775
194; 226; 33771
195; 226; 33696
196; 226; 33708
197; 226; 33818
198; 226; 33896
199; 226; 33904
200; 226; 33899
201; 226; 33847
202; 226; 33685
203; 226; 33393
204; 226; 33146
205; 226; 33044
206; 226; 33036
207; 226; 33081
208; 226; 33097
209; 226; 33087
210; 226; 33071
211; 226; 33009
212; 226; 32977
213; 226; 32995
214; 226; 33035
215; 226; 33064
216; 226; 33040
217; 226; 33004
218; 226; 33017
219; 226; 33066
220; 226; 33091
221; 226; 33036
222; 226; 32965
223; 226; 32966
224; 226; 32989
225; 226; 33018
226; 226; 33001
227; 226; 32942
228; 226; 32955
229; 226; 33079
230; 226; 33197
231; 226; 33245
232; 226; 33208
233; 226; 33103
234; 226; 33059
235; 226; 33165
236; 226; 33326
237; 226; 33392
180; 227; 33690
181; 227; 33597
182; 227; 33859
183; 227; 34113
184; 227; 33985
185; 227; 33479
186; 227; 33259
187; 227; 33189
188; 227; 33162
189; 227; 33394
190; 227; 33564
191; 227; 33613
192; 227; 33668
193; 227; 33701
194; 227; 33662
195; 227; 33674
196; 227; 33806
197; 227; 33956
198; 227; 33960
199; 227; 33864
200; 227; 33847
201; 227; 33900
202; 227; 33805
203; 227; 33497
204; 227; 33205
205; 227; 33052
206; 227; 33001
207; 227; 33077
208; 227; 33134
209; 227; 33121
210; 227; 33097
211; 227; 32988
212; 227; 32940
213; 227; 32969
214; 227; 33043
215; 227; 33096
216; 227; 33081
217; 227; 33031
218; 227; 32991
219; 227; 33007
220; 227; 33049
221; 227; 33032
222; 227; 32987
223; 227; 32974
224; 227; 32975
225; 227; 32982
226; 227; 32972
227; 227; 32985
228; 227; 33103
229; 227; 33290
230; 227; 33385
231; 227; 33404
232; 227; 33408
233; 227; 33352
234; 227; 33283
235; 227; 33297
236; 227; 33350
237; 227; 33363
180; 228; 33663
181; 228; 33679
182; 228; 33974
183; 228; 34127
184; 228; 33818
185; 228; 33368
186; 228; 33214
187; 228; 33155
188; 228; 33218
189; 228; 33412
190; 228; 33507
191; 228; 33551
192; 228; 33589
193; 228; 33569
194; 228; 33556
195; 228; 33673
196; 228; 33887
197; 228; 34004
198; 228; 33928
199; 228; 33832
200; 228; 33871
201; 228; 33966
202; 228; 33851
203; 228; 33521
204; 228; 33236
205; 228; 33074
206; 228; 33022
207; 228; 33103
208; 228; 33198
209; 228; 33178
210; 228; 33107
211; 228; 33000
212; 228; 32915
213; 228; 32885
214; 228; 32942
215; 228; 32976
216; 228; 32978
217; 228; 32972
218; 228; 32961
219; 228; 32976
220; 228; 33023
221; 228; 33051
222; 228; 33034
223; 228; 32996
224; 228; 32979
225; 228; 32995
226; 228; 33052
227; 228; 33196
228; 228; 33409
229; 228; 33578
230; 228; 33622
231; 228; 33629
232; 228; 33668
233; 228; 33634
234; 228; 33486
235; 228; 33338
236; 228; 33265
237; 228; 33241
180; 229; 33619
181; 229; 33666
182; 229; 33933
183; 229; 34008
184; 229; 33685
185; 229; 33335
186; 229; 33222
187; 229; 33218
188; 229; 33363
189; 229; 33496
190; 229; 33542
191; 229; 33587
192; 229; 33607
193; 229; 33566
194; 229; 33546
195; 229; 33652
196; 229; 33803
197; 229; 33832
198; 229; 33766
199; 229; 33780
200; 229; 33878
201; 229; 33927
202; 229; 33784
203; 229; 33478
204; 229; 33245
205; 229; 33115
206; 229; 33100
207; 229; 33195
208; 229; 33267
209; 229; 33209
210; 229; 33103
211; 229; 33028
212; 229; 32942
213; 229; 32932
214; 229; 32982
215; 229; 32937
216; 229; 32908
217; 229; 32935
218; 229; 32972
219; 229; 32993
220; 229; 32999
221; 229; 33027
222; 229; 33069
223; 229; 33093
224; 229; 33110
225; 229; 33173
226; 229; 33317
227; 229; 33520
228; 229; 33715
229; 229; 33821
230; 229; 33831
231; 229; 33842
232; 229; 33885
233; 229; 33831
234; 229; 33608
235; 229; 33350
236; 229; 33211
237; 229; 33184
180; 230; 33614
181; 230; 33624
182; 230; 33791
183; 230; 33869
184; 230; 33663
185; 230; 33411
186; 230; 33362
187; 230; 33435
188; 230; 33548
189; 230; 33599
190; 230; 33625
191; 230; 33683
192; 230; 33699
193; 230; 33653
194; 230; 33626
195; 230; 33660
196; 230; 33689
197; 230; 33668
198; 230; 33643
199; 230; 33707
200; 230; 33797
201; 230; 33797
202; 230; 33703
203; 230; 33487
204; 230; 33263
205; 230; 33095
206; 230; 33097
207; 230; 33214
208; 230; 33257
209; 230; 33193
210; 230; 33134
211; 230; 33118
212; 230; 33036
213; 230; 32965
214; 230; 32952
215; 230; 32912
216; 230; 32927
217; 230; 32943
218; 230; 32971
219; 230; 32986
220; 230; 32948
221; 230; 32938
222; 230; 33016
223; 230; 33124
224; 230; 33226
225; 230; 33367
226; 230; 33598
227; 230; 33785
228; 230; 33900
229; 230; 33985
230; 230; 34033
231; 230; 34086
232; 230; 34124
233; 230; 34026
234; 230; 33753
235; 230; 33468
236; 230; 33328
237; 230; 33301
180; 231; 33650
181; 231; 33624
182; 231; 33710
183; 231; 33799
184; 231; 33738
185; 231; 33603
186; 231; 33579
187; 231; 33642
188; 231; 33667
189; 231; 33674
190; 231; 33696
191; 231; 33723
192; 231; 33726
193; 231; 33722
194; 231; 33738
195; 231; 33753
196; 231; 33730
197; 231; 33688
198; 231; 33664
199; 231; 33697
200; 231; 33710
201; 231; 33660
202; 231; 33662
203; 231; 33523
204; 231; 33248
205; 231; 33003
206; 231; 32981
207; 231; 33092
208; 231; 33148
209; 231; 33150
210; 231; 33182
211; 231; 33209
212; 231; 33091
213; 231; 32959
214; 231; 32910
215; 231; 32916
216; 231; 32932
217; 231; 32920
218; 231; 32954
219; 231; 32982
220; 231; 32934
221; 231; 32877
222; 231; 32884
223; 231; 32978
224; 231; 33179
225; 231; 33503
226; 231; 33793
227; 231; 33937
228; 231; 34051
229; 231; 34170
230; 231; 34284
231; 231; 34376
232; 231; 34382
233; 231; 34202
234; 231; 33892
235; 231; 33636
236; 231; 33527
237; 231; 33487
180; 232; 33688
181; 232; 33616
182; 232; 33668
183; 232; 33784
184; 232; 33825
185; 232; 33750
186; 232; 33696
187; 232; 33721
188; 232; 33757
189; 232; 33760
190; 232; 33716
191; 232; 33634
192; 232; 33596
193; 232; 33665
194; 232; 33769
195; 232; 33829
196; 232; 33838
197; 232; 33814
198; 232; 33755
199; 232; 33720
200; 232; 33713
201; 232; 33679
202; 232; 33649
203; 232; 33503
204; 232; 33227
205; 232; 32988
206; 232; 32943
207; 232; 33021
208; 232; 33069
209; 232; 33081
210; 232; 33157
211; 232; 33190
212; 232; 33055
213; 232; 32910
214; 232; 32838
215; 232; 32856
216; 232; 32890
217; 232; 32904
218; 232; 32960
219; 232; 33004
220; 232; 32955
221; 232; 32880
222; 232; 32901
223; 232; 32877
224; 232; 33010
225; 232; 33516
226; 232; 33926
227; 232; 34133
228; 232; 34233
229; 232; 34335
230; 232; 34466
231; 232; 34542
232; 232; 34488
233; 232; 34270
234; 232; 33970
235; 232; 33741
236; 232; 33618
237; 232; 33530
180; 233; 33676
181; 233; 33618
182; 233; 33665
183; 233; 33798
184; 233; 33868
185; 233; 33799
186; 233; 33724
187; 233; 33753
188; 233; 33852
189; 233; 33860
190; 233; 33706
191; 233; 33500
192; 233; 33435
193; 233; 33552
194; 233; 33714
195; 233; 33799
196; 233; 33817
197; 233; 33803
198; 233; 33728
199; 233; 33674
200; 233; 33724
201; 233; 33738
202; 233; 33657
203; 233; 33488
204; 233; 33286
205; 233; 33124
206; 233; 33079
207; 233; 33104
208; 233; 33079
209; 233; 33041
210; 233; 33108
211; 233; 33127
212; 233; 33033
213; 233; 32931
214; 233; 32858
215; 233; 32864
216; 233; 32904
217; 233; 32958
218; 233; 33018
219; 233; 33047
220; 233; 33016
221; 233; 32913
222; 233; 32938
223; 233; 32916
224; 233; 32992
225; 233; 33535
226; 233; 34029
227; 233; 34231
228; 233; 34273
229; 233; 34322
230; 233; 34431
231; 233; 34495
232; 233; 34447
233; 233; 34297
234; 233; 34069
235; 233; 33844
236; 233; 33638
237; 233; 33393
180; 234; 33669
181; 234; 33675
182; 234; 33735
183; 234; 33824
184; 234; 33844
185; 234; 33767
186; 234; 33707
187; 234; 33762
188; 234; 33889
189; 234; 33895
190; 234; 33703
191; 234; 33477
192; 234; 33449
193; 234; 33579
194; 234; 33688
195; 234; 33728
196; 234; 33674
197; 234; 33629
198; 234; 33605
199; 234; 33634
200; 234; 33725
201; 234; 33755
202; 234; 33654
203; 234; 33514
204; 234; 33413
205; 234; 33332
206; 234; 33266
207; 234; 33205
208; 234; 33111
209; 234; 33034
210; 234; 33044
211; 234; 33058
212; 234; 33072
213; 234; 33064
214; 234; 33024
215; 234; 32997
216; 234; 33001
217; 234; 33028
218; 234; 33038
219; 234; 33021
220; 234; 32997
221; 234; 32949
222; 234; 32884
223; 234; 32814
224; 234; 33060
225; 234; 33688
226; 234; 34123
227; 234; 34197
228; 234; 34171
229; 234; 34173
230; 234; 34278
231; 234; 34396
232; 234; 34454
233; 234; 34435
234; 234; 34343
235; 234; 34099
236; 234; 33765
237; 234; 33400
180; 235; 33730
181; 235; 33790
182; 235; 33832
183; 235; 33826
184; 235; 33753
185; 235; 33667
186; 235; 33641
187; 235; 33734
188; 235; 33882
189; 235; 33902
190; 235; 33740
191; 235; 33559
192; 235; 33555
193; 235; 33670
194; 235; 33713
195; 235; 33687
196; 235; 33585
197; 235; 33527
198; 235; 33538
199; 235; 33631
200; 235; 33772
201; 235; 33780
202; 235; 33641
203; 235; 33527
204; 235; 33485
205; 235; 33430
206; 235; 33334
207; 235; 33226
208; 235; 33125
209; 235; 33056
210; 235; 33046
211; 235; 33071
212; 235; 33106
213; 235; 33132
214; 235; 33131
215; 235; 33078
216; 235; 33018
217; 235; 32995
218; 235; 32963
219; 235; 32949
220; 235; 32957
221; 235; 32932
222; 235; 32863
223; 235; 32890
224; 235; 33237
225; 235; 33893
226; 235; 34221
227; 235; 34223
228; 235; 34127
229; 235; 34112
230; 235; 34225
231; 235; 34387
232; 235; 34541
233; 235; 34628
234; 235; 34546
235; 235; 34360
236; 235; 34129
237; 235; 33661
180; 236; 33747
181; 236; 33832
182; 236; 33844
183; 236; 33805
184; 236; 33715
185; 236; 33629
186; 236; 33605
187; 236; 33696
188; 236; 33856
189; 236; 33900
190; 236; 33775
191; 236; 33611
192; 236; 33571
193; 236; 33637
194; 236; 33666
195; 236; 33651
196; 236; 33607
197; 236; 33609
198; 236; 33659
199; 236; 33759
200; 236; 33831
201; 236; 33762
202; 236; 33606
203; 236; 33486
204; 236; 33438
205; 236; 33403
206; 236; 33334
207; 236; 33223
208; 236; 33134
209; 236; 33109
210; 236; 33129
211; 236; 33102
212; 236; 33039
213; 236; 33048
214; 236; 33093
215; 236; 33051
216; 236; 32939
217; 236; 32875
218; 236; 32863
219; 236; 32888
220; 236; 32954
221; 236; 32971
222; 236; 32905
223; 236; 32924
224; 236; 33307
225; 236; 33997
226; 236; 34303
227; 236; 34275
228; 236; 34209
229; 236; 34236
230; 236; 34311
231; 236; 34392
232; 236; 34527
233; 236; 34638
234; 236; 34594
235; 236; 34470
236; 236; 34330
237; 236; 34085
180; 237; 33728
181; 237; 33742
182; 237; 33733
183; 237; 33768
184; 237; 33786
185; 237; 33729
186; 237; 33668
187; 237; 33718
188; 237; 33849
189; 237; 33905
190; 237; 33797
191; 237; 33611
192; 237; 33500
193; 237; 33513
194; 237; 33588
195; 237; 33658
196; 237; 33706
197; 237; 33765
198; 237; 33825
199; 237; 33869
200; 237; 33834
201; 237; 33696
202; 237; 33544
203; 237; 33417
204; 237; 33370
205; 237; 33399
206; 237; 33394
207; 237; 33247
208; 237; 33129
209; 237; 33122
210; 237; 33185
211; 237; 33126
212; 237; 33001
213; 237; 32998
214; 237; 33064
215; 237; 33033
216; 237; 32896
217; 237; 32857
218; 237; 32897
219; 237; 32878
220; 237; 32886
221; 237; 32917
222; 237; 32866
223; 237; 32863
224; 237; 33257
225; 237; 33953
226; 237; 34254
227; 237; 34278
228; 237; 34301
229; 237; 34378
230; 237; 34383
231; 237; 34323
232; 237; 34376
233; 237; 34511
234; 237; 34528
235; 237; 34445
236; 237; 34384
237; 237; 34293
180; 238; 33802
181; 238; 33736
182; 238; 33696
183; 238; 33785
184; 238; 33875
185; 238; 33818
186; 238; 33708
187; 238; 33708
188; 238; 33799
189; 238; 33867
190; 238; 33801
191; 238; 33619
192; 238; 33506
193; 238; 33535
194; 238; 33647
195; 238; 33747
196; 238; 33783
197; 238; 33801
198; 238; 33823
199; 238; 33832
200; 238; 33777
201; 238; 33641
202; 238; 33523
203; 238; 33431
204; 238; 33458
205; 238; 33541
206; 238; 33646
207; 238; 33372
208; 238; 33162
209; 238; 33133
210; 238; 33202
211; 238; 33173
212; 238; 33071
213; 238; 33053
214; 238; 33082
215; 238; 33036
216; 238; 32923
217; 238; 32865
218; 238; 32872
219; 238; 32884
220; 238; 32866
221; 238; 32855
222; 238; 32855
223; 238; 32890
224; 238; 33218
225; 238; 33841
226; 238; 34191
227; 238; 34256
228; 238; 34330
229; 238; 34414
230; 238; 34389
231; 238; 34262
232; 238; 34245
233; 238; 34379
234; 238; 34463
235; 238; 34442
236; 238; 34409
237; 238; 34359
180; 239; 33964
181; 239; 33840
182; 239; 33771
183; 239; 33839
184; 239; 33884
185; 239; 33779
186; 239; 33665
187; 239; 33694
188; 239; 33797
189; 239; 33839
190; 239; 33783
191; 239; 33677
192; 239; 33660
193; 239; 33697
194; 239; 33785
195; 239; 33856
196; 239; 33813
197; 239; 33721
198; 239; 33667
199; 239; 33667
200; 239; 33652
201; 239; 33606
202; 239; 33586
203; 239; 33609
204; 239; 33748
205; 239; 33988
206; 239; 34041
207; 239; 33812
208; 239; 33385
209; 239; 33225
210; 239; 33222
211; 239; 33205
212; 239; 33146
213; 239; 33118
214; 239; 33104
215; 239; 33038
216; 239; 32964
217; 239; 32953
218; 239; 32936
219; 239; 32885
220; 239; 32863
221; 239; 32871
222; 239; 32881
223; 239; 32935
224; 239; 33171
225; 239; 33694
226; 239; 34148
227; 239; 34311
228; 239; 34347
229; 239; 34390
230; 239; 34405
231; 239; 34323
232; 239; 34246
233; 239; 34287
234; 239; 34391
235; 239; 34481
236; 239; 34524
237; 239; 34441
180; 240; 33961
181; 240; 33805
182; 240; 33732
183; 240; 33791
184; 240; 33805
185; 240; 33705
186; 240; 33665
187; 240; 33782
188; 240; 33907
189; 240; 33878
190; 240; 33748
191; 240; 33674
192; 240; 33714
193; 240; 33724
194; 240; 33740
195; 240; 33782
196; 240; 33764
197; 240; 33696
198; 240; 33611
199; 240; 33531
200; 240; 33515
201; 240; 33621
202; 240; 33730
203; 240; 33842
204; 240; 34048
205; 240; 34264
206; 240; 34360
207; 240; 34200
208; 240; 33825
209; 240; 33431
210; 240; 33271
211; 240; 33207
212; 240; 33160
213; 240; 33118
214; 240; 33087
215; 240; 33036
216; 240; 33002
217; 240; 33037
218; 240; 33040
219; 240; 32945
220; 240; 32869
221; 240; 32865
222; 240; 32875
223; 240; 32883
224; 240; 32975
225; 240; 33433
226; 240; 34072
227; 240; 34371
228; 240; 34364
229; 240; 34366
230; 240; 34462
231; 240; 34474
232; 240; 34318
233; 240; 34166
234; 240; 34205
235; 240; 34422
236; 240; 34616
237; 240; 34622
180; 241; 33775
181; 241; 33653
182; 241; 33614
183; 241; 33704
184; 241; 33750
185; 241; 33697
186; 241; 33736
187; 241; 33922
188; 241; 34033
189; 241; 33929
190; 241; 33707
191; 241; 33564
192; 241; 33550
193; 241; 33524
194; 241; 33495
195; 241; 33559
196; 241; 33724
197; 241; 33853
198; 241; 33783
199; 241; 33573
200; 241; 33518
201; 241; 33685
202; 241; 33859
203; 241; 33985
204; 241; 34115
205; 241; 34296
206; 241; 34413
207; 241; 34418
208; 241; 34216
209; 241; 33700
210; 241; 33327
211; 241; 33212
212; 241; 33170
213; 241; 33144
214; 241; 33119
215; 241; 33072
216; 241; 33018
217; 241; 33004
218; 241; 32999
219; 241; 32930
220; 241; 32860
221; 241; 32830
222; 241; 32848
223; 241; 32866
224; 241; 32818
225; 241; 33092
226; 241; 33819
227; 241; 34284
228; 241; 34313
229; 241; 34353
230; 241; 34547
231; 241; 34644
232; 241; 34419
233; 241; 34090
234; 241; 33989
235; 241; 34223
236; 241; 34529
237; 241; 34598
180; 242; 33727
181; 242; 33642
182; 242; 33587
183; 242; 33650
184; 242; 33723
185; 242; 33715
186; 242; 33780
187; 242; 33958
188; 242; 34030
189; 242; 33912
190; 242; 33716
191; 242; 33586
192; 242; 33520
193; 242; 33448
194; 242; 33382
195; 242; 33464
196; 242; 33735
197; 242; 33997
198; 242; 33959
199; 242; 33672
200; 242; 33536
201; 242; 33649
202; 242; 33845
203; 242; 33993
204; 242; 34070
205; 242; 34212
206; 242; 34426
207; 242; 34552
208; 242; 34429
209; 242; 33896
210; 242; 33389
211; 242; 33237
212; 242; 33206
213; 242; 33203
214; 242; 33191
215; 242; 33115
216; 242; 32994
217; 242; 32954
218; 242; 32938
219; 242; 32895
220; 242; 32873
221; 242; 32874
222; 242; 32840
223; 242; 32851
224; 242; 32854
225; 242; 32876
226; 242; 33356
227; 242; 33961
228; 242; 34196
229; 242; 34367
230; 242; 34647
231; 242; 34744
232; 242; 34560
233; 242; 34183
234; 242; 33950
235; 242; 34053
236; 242; 34314
237; 242; 34434
180; 243; 33932
181; 243; 33839
182; 243; 33699
183; 243; 33634
184; 243; 33681
185; 243; 33743
186; 243; 33823
187; 243; 33935
188; 243; 33938
189; 243; 33827
190; 243; 33742
191; 243; 33735
192; 243; 33735
193; 243; 33647
194; 243; 33526
195; 243; 33557
196; 243; 33770
197; 243; 33978
198; 243; 33910
199; 243; 33602
200; 243; 33445
201; 243; 33539
202; 243; 33772
203; 243; 33960
204; 243; 34081
205; 243; 34291
206; 243; 34563
207; 243; 34689
208; 243; 34505
209; 243; 33941
210; 243; 33404
211; 243; 33238
212; 243; 33220
213; 243; 33232
214; 243; 33243
215; 243; 33163
216; 243; 33000
217; 243; 32948
218; 243; 32934
219; 243; 32920
220; 243; 32881
221; 243; 32861
222; 243; 32887
223; 243; 32889
224; 243; 32882
225; 243; 32862
226; 243; 33055
227; 243; 33470
228; 243; 33875
229; 243; 34201
230; 243; 34565
231; 243; 34759
232; 243; 34710
233; 243; 34436
234; 243; 34174
235; 243; 34098
236; 243; 34193
237; 243; 34261
180; 244; 34128
181; 244; 33937
182; 244; 33671
183; 244; 33517
184; 244; 33594
185; 244; 33806
186; 244; 33965
187; 244; 33982
188; 244; 33833
189; 244; 33690
190; 244; 33723
191; 244; 33853
192; 244; 33903
193; 244; 33788
194; 244; 33673
195; 244; 33730
196; 244; 33875
197; 244; 33896
198; 244; 33681
199; 244; 33416
200; 244; 33376
201; 244; 33515
202; 244; 33775
203; 244; 33999
204; 244; 34214
205; 244; 34528
206; 244; 34822
207; 244; 34814
208; 244; 34498
209; 244; 33937
210; 244; 33440
211; 244; 33213
212; 244; 33157
213; 244; 33215
214; 244; 33344
215; 244; 33358
216; 244; 33165
217; 244; 33058
218; 244; 33037
219; 244; 32977
220; 244; 32872
221; 244; 32843
222; 244; 32938
223; 244; 32934
224; 244; 32884
225; 244; 32895
226; 244; 32923
227; 244; 33023
228; 244; 33284
229; 244; 33710
230; 244; 34177
231; 244; 34538
232; 244; 34675
233; 244; 34694
234; 244; 34508
235; 244; 34329
236; 244; 34266
237; 244; 34259
180; 245; 34149
181; 245; 33799
182; 245; 33410
183; 245; 33387
184; 245; 33662
185; 245; 33941
186; 245; 34128
187; 245; 34018
188; 245; 33675
189; 245; 33415
190; 245; 33503
191; 245; 33797
192; 245; 33827
193; 245; 33674
194; 245; 33657
195; 245; 33883
196; 245; 34038
197; 245; 33874
198; 245; 33519
199; 245; 33356
200; 245; 33465
201; 245; 33659
202; 245; 33926
203; 245; 34119
204; 245; 34385
205; 245; 34747
206; 245; 34932
207; 245; 34818
208; 245; 34407
209; 245; 33984
210; 245; 33531
211; 245; 33182
212; 245; 33109
213; 245; 33213
214; 245; 33593
215; 245; 33758
216; 245; 33542
217; 245; 33274
218; 245; 33114
219; 245; 33036
220; 245; 33041
221; 245; 32985
222; 245; 32914
223; 245; 32874
224; 245; 32867
225; 245; 32898
226; 245; 32873
227; 245; 32876
228; 245; 32865
229; 245; 33088
230; 245; 33562
231; 245; 34127
232; 245; 34571
233; 245; 34751
234; 245; 34728
235; 245; 34597
236; 245; 34504
237; 245; 34377
180; 246; 34106
181; 246; 33623
182; 246; 33287
183; 246; 33447
184; 246; 33810
185; 246; 34047
186; 246; 34143
187; 246; 33915
188; 246; 33472
189; 246; 33260
190; 246; 33405
191; 246; 33658
192; 246; 33632
193; 246; 33525
194; 246; 33652
195; 246; 34002
196; 246; 34121
197; 246; 33846
198; 246; 33469
199; 246; 33421
200; 246; 33602
201; 246; 33922
202; 246; 34101
203; 246; 34231
204; 246; 34517
205; 246; 34864
206; 246; 34954
207; 246; 34668
208; 246; 34247
209; 246; 34002
210; 246; 33634
211; 246; 33188
212; 246; 33114
213; 246; 33360
214; 246; 33930
215; 246; 34206
216; 246; 33989
217; 246; 33490
218; 246; 33066
219; 246; 33075
220; 246; 33231
221; 246; 33224
222; 246; 33101
223; 246; 32990
224; 246; 32893
225; 246; 32985
226; 246; 33006
227; 246; 32887
228; 246; 32872
229; 246; 32914
230; 246; 33155
231; 246; 33746
232; 246; 34362
233; 246; 34662
234; 246; 34698
235; 246; 34655
236; 246; 34721
237; 246; 34729
180; 247; 34069
181; 247; 33532
182; 247; 33469
183; 247; 33678
184; 247; 33916
185; 247; 34041
186; 247; 34086
187; 247; 33802
188; 247; 33367
189; 247; 33219
190; 247; 33426
191; 247; 33613
192; 247; 33555
193; 247; 33504
194; 247; 33701
195; 247; 33965
196; 247; 33952
197; 247; 33674
198; 247; 33464
199; 247; 33470
200; 247; 33804
201; 247; 34216
202; 247; 34328
203; 247; 34321
204; 247; 34545
205; 247; 34867
206; 247; 34871
207; 247; 34540
208; 247; 34110
209; 247; 33903
210; 247; 33480
211; 247; 33102
212; 247; 33082
213; 247; 33578
214; 247; 34343
215; 247; 34647
216; 247; 34349
217; 247; 33713
218; 247; 33049
219; 247; 33068
220; 247; 33257
221; 247; 33265
222; 247; 33124
223; 247; 32939
224; 247; 32901
225; 247; 33083
226; 247; 33147
227; 247; 33011
228; 247; 32904
229; 247; 32894
230; 247; 33034
231; 247; 33530
232; 247; 34132
233; 247; 34399
234; 247; 34438
235; 247; 34524
236; 247; 34883
237; 247; 34989
180; 248; 33989
181; 248; 33580
182; 248; 33796
183; 248; 33970
184; 248; 33940
185; 248; 34001
186; 248; 34091
187; 248; 33791
188; 248; 33376
189; 248; 33315
190; 248; 33561
191; 248; 33702
192; 248; 33642
193; 248; 33585
194; 248; 33684
195; 248; 33734
196; 248; 33605
197; 248; 33501
198; 248; 33482
199; 248; 33755
200; 248; 34249
201; 248; 34618
202; 248; 34649
203; 248; 34417
204; 248; 34386
205; 248; 34600
206; 248; 34657
207; 248; 34384
208; 248; 33907
209; 248; 33588
210; 248; 33164
211; 248; 32911
212; 248; 33084
213; 248; 33842
214; 248; 34786
215; 248; 35068
216; 248; 34634
217; 248; 33834
218; 248; 33025
219; 248; 33019
220; 248; 33156
221; 248; 33088
222; 248; 32944
223; 248; 32928
224; 248; 32992
225; 248; 33066
226; 248; 33091
227; 248; 33058
228; 248; 33019
229; 248; 33005
230; 248; 33075
231; 248; 33396
232; 248; 33787
233; 248; 34000
234; 248; 34072
235; 248; 34401
236; 248; 34947
237; 248; 35030
180; 249; 33950
181; 249; 33690
182; 249; 34006
183; 249; 34072
184; 249; 33850
185; 249; 33957
186; 249; 34087
187; 249; 33788
188; 249; 33431
189; 249; 33464
190; 249; 33734
191; 249; 33845
192; 249; 33759
193; 249; 33632
194; 249; 33556
195; 249; 33487
196; 249; 33468
197; 249; 33575
198; 249; 33914
199; 249; 34331
200; 249; 34667
201; 249; 34961
202; 249; 34946
203; 249; 34568
204; 249; 34068
205; 249; 33990
206; 249; 34162
207; 249; 34073
208; 249; 33654
209; 249; 33313
210; 249; 32962
211; 249; 32849
212; 249; 33116
213; 249; 34076
214; 249; 35119
215; 249; 35315
216; 249; 34732
217; 249; 33682
218; 249; 32953
219; 249; 33012
220; 249; 33106
221; 249; 32935
222; 249; 32926
223; 249; 33068
224; 249; 33092
225; 249; 32989
226; 249; 32932
227; 249; 32991
228; 249; 33117
229; 249; 33196
230; 249; 33188
231; 249; 33255
232; 249; 33420
233; 249; 33650
234; 249; 33902
235; 249; 34410
236; 249; 34909
237; 249; 34897
180; 250; 33967
181; 250; 33711
182; 250; 33900
183; 250; 33847
184; 250; 33630
185; 250; 33911
186; 250; 34049
187; 250; 33775
188; 250; 33486
189; 250; 33597
190; 250; 33872
191; 250; 33946
192; 250; 33774
193; 250; 33527
194; 250; 33400
195; 250; 33426
196; 250; 33719
197; 250; 34180
198; 250; 34591
199; 250; 34738
200; 250; 34766
201; 250; 34966
202; 250; 35071
203; 250; 34624
204; 250; 33798
205; 250; 33447
206; 250; 33543
207; 250; 33724
208; 250; 33572
209; 250; 33359
210; 250; 32982
211; 250; 32831
212; 250; 33051
213; 250; 34134
214; 250; 35225
215; 250; 35356
216; 250; 34576
217; 250; 33518
218; 250; 32921
219; 250; 33001
220; 250; 33099
221; 250; 32969
222; 250; 32927
223; 250; 33054
224; 250; 33129
225; 250; 33026
226; 250; 32880
227; 250; 32923
228; 250; 33148
229; 250; 33307
230; 250; 33245
231; 250; 33142
232; 250; 33163
233; 250; 33368
234; 250; 33794
235; 250; 34403
236; 250; 34748
237; 250; 34634
180; 251; 33931
181; 251; 33666
182; 251; 33590
183; 251; 33492
184; 251; 33509
185; 251; 33898
186; 251; 34072
187; 251; 33846
188; 251; 33585
189; 251; 33729
190; 251; 33920
191; 251; 33891
192; 251; 33670
193; 251; 33327
194; 251; 33245
195; 251; 33657
196; 251; 34310
197; 251; 34752
198; 251; 34910
199; 251; 34799
200; 251; 34601
201; 251; 34723
202; 251; 34926
203; 251; 34643
204; 251; 33673
205; 251; 33127
206; 251; 33182
207; 251; 33468
208; 251; 33568
209; 251; 33550
210; 251; 33014
211; 251; 32847
212; 251; 32930
213; 251; 34050
214; 251; 35113
215; 251; 35104
216; 251; 34267
217; 251; 33475
218; 251; 33061
219; 251; 33017
220; 251; 33060
221; 251; 33026
222; 251; 32913
223; 251; 32969
224; 251; 33151
225; 251; 33148
226; 251; 32940
227; 251; 32883
228; 251; 33113
229; 251; 33354
230; 251; 33313
231; 251; 33108
232; 251; 33004
233; 251; 33117
234; 251; 33556
235; 251; 34209
236; 251; 34574
237; 251; 34537
180; 252; 33842
181; 252; 33673
182; 252; 33457
183; 252; 33374
184; 252; 33512
185; 252; 33901
186; 252; 34100
187; 252; 33907
188; 252; 33644
189; 252; 33703
190; 252; 33785
191; 252; 33742
192; 252; 33525
193; 252; 33130
194; 252; 33104
195; 252; 33848
196; 252; 34541
197; 252; 34853
198; 252; 34891
199; 252; 34759
200; 252; 34516
201; 252; 34575
202; 252; 34860
203; 252; 34724
204; 252; 33750
205; 252; 33071
206; 252; 33084
207; 252; 33345
208; 252; 33491
209; 252; 33496
210; 252; 32949
211; 252; 32861
212; 252; 32932
213; 252; 33958
214; 252; 34813
215; 252; 34664
216; 252; 33927
217; 252; 33489
218; 252; 33290
219; 252; 33102
220; 252; 33003
221; 252; 32971
222; 252; 32907
223; 252; 32973
224; 252; 33160
225; 252; 33182
226; 252; 32970
227; 252; 32852
228; 252; 33058
229; 252; 33357
230; 252; 33371
231; 252; 33114
232; 252; 32929
233; 252; 32945
234; 252; 33314
235; 252; 33916
236; 252; 34379
237; 252; 34449
180; 253; 33757
181; 253; 33709
182; 253; 33522
183; 253; 33426
184; 253; 33545
185; 253; 33864
186; 253; 33993
187; 253; 33794
188; 253; 33540
189; 253; 33495
190; 253; 33588
191; 253; 33559
192; 253; 33306
193; 253; 32901
194; 253; 33006
195; 253; 33921
196; 253; 34523
197; 253; 34693
198; 253; 34811
199; 253; 34793
200; 253; 34619
201; 253; 34672
202; 253; 34998
203; 253; 34866
204; 253; 33898
205; 253; 33170
206; 253; 33151
207; 253; 33337
208; 253; 33398
209; 253; 33350
210; 253; 32996
211; 253; 32801
212; 253; 33109
213; 253; 34052
214; 253; 34561
215; 253; 34202
216; 253; 33647
217; 253; 33469
218; 253; 33373
219; 253; 33108
220; 253; 32954
221; 253; 32910
222; 253; 32913
223; 253; 32979
224; 253; 33073
225; 253; 33061
226; 253; 32911
227; 253; 32844
228; 253; 33045
229; 253; 33334
230; 253; 33375
231; 253; 33146
232; 253; 32961
233; 253; 32997
234; 253; 33231
235; 253; 33620
236; 253; 34055
237; 253; 34301
180; 254; 33740
181; 254; 33720
182; 254; 33564
183; 254; 33500
184; 254; 33614
185; 254; 33812
186; 254; 33790
187; 254; 33570
188; 254; 33358
189; 254; 33300
190; 254; 33426
191; 254; 33342
192; 254; 33030
193; 254; 32916
194; 254; 33005
195; 254; 34022
196; 254; 34596
197; 254; 34688
198; 254; 34774
199; 254; 34785
200; 254; 34683
201; 254; 34775
202; 254; 35035
203; 254; 34896
204; 254; 33951
205; 254; 33331
206; 254; 33369
207; 254; 33487
208; 254; 33409
209; 254; 33340
210; 254; 33202
211; 254; 33110
212; 254; 33485
213; 254; 34262
214; 254; 34523
215; 254; 34172
216; 254; 33544
217; 254; 33378
218; 254; 33304
219; 254; 33080
220; 254; 32915
221; 254; 32886
222; 254; 32893
223; 254; 32920
224; 254; 32951
225; 254; 32909
226; 254; 32837
227; 254; 32845
228; 254; 33039
229; 254; 33293
230; 254; 33348
231; 254; 33190
232; 254; 33044
233; 254; 33056
234; 254; 33196
235; 254; 33360
236; 254; 33588
237; 254; 33930
180; 255; 33742
181; 255; 33707
182; 255; 33611
183; 255; 33584
184; 255; 33697
185; 255; 33750
186; 255; 33591
187; 255; 33349
188; 255; 33182
189; 255; 33190
190; 255; 33298
191; 255; 33145
192; 255; 32912
193; 255; 32895
194; 255; 33106
195; 255; 34194
196; 255; 34789
197; 255; 34795
198; 255; 34719
199; 255; 34620
200; 255; 34560
201; 255; 34714
202; 255; 34948
203; 255; 34669
204; 255; 33846
205; 255; 33508
206; 255; 33684
207; 255; 33750
208; 255; 33563
209; 255; 33573
210; 255; 33685
211; 255; 33754
212; 255; 33931
213; 255; 34360
214; 255; 34562
215; 255; 34327
216; 255; 33708
217; 255; 33370
218; 255; 33266
219; 255; 33147
220; 255; 33011
221; 255; 32926
222; 255; 32882
223; 255; 32895
224; 255; 32932
225; 255; 32879
226; 255; 32815
227; 255; 32831
228; 255; 33014
229; 255; 33272
230; 255; 33364
231; 255; 33240
232; 255; 33052
233; 255; 32968
234; 255; 33020
235; 255; 33088
236; 255; 33220
237; 255; 33529
180; 256; 33770
181; 256; 33725
182; 256; 33722
183; 256; 33716
184; 256; 33734
185; 256; 33634
186; 256; 33418
187; 256; 33225
188; 256; 33128
189; 256; 33124
190; 256; 33116
191; 256; 32992
192; 256; 32876
193; 256; 32861
194; 256; 33178
195; 256; 34232
196; 256; 34868
197; 256; 34832
198; 256; 34597
199; 256; 34420
200; 256; 34473
201; 256; 34683
202; 256; 34753
203; 256; 34305
204; 256; 33675
205; 256; 33591
206; 256; 33891
207; 256; 34034
208; 256; 34008
209; 256; 34127
210; 256; 34384
211; 256; 34464
212; 256; 34391
213; 256; 34433
214; 256; 34578
215; 256; 34517
216; 256; 34039
217; 256; 33521
218; 256; 33290
219; 256; 33233
220; 256; 33167
221; 256; 33009
222; 256; 32876
223; 256; 32923
224; 256; 33039
225; 256; 33032
226; 256; 32921
227; 256; 32859
228; 256; 32986
229; 256; 33243
230; 256; 33387
231; 256; 33282
232; 256; 33038
233; 256; 32888
234; 256; 32886
235; 256; 32928
236; 256; 33038
237; 256; 33275
180; 257; 33851
181; 257; 33809
182; 257; 33843
183; 257; 33826
184; 257; 33709
185; 257; 33509
186; 257; 33316
187; 257; 33208
188; 257; 33145
189; 257; 33060
190; 257; 33014
191; 257; 32994
192; 257; 32940
193; 257; 32938
194; 257; 33113
195; 257; 33971
196; 257; 34684
197; 257; 34782
198; 257; 34531
199; 257; 34409
200; 257; 34620
201; 257; 34845
202; 257; 34662
203; 257; 34023
204; 257; 33641
205; 257; 33744
206; 257; 34164
207; 257; 34375
208; 257; 34447
209; 257; 34594
210; 257; 34811
211; 257; 34949
212; 257; 34904
213; 257; 34751
214; 257; 34746
215; 257; 34736
216; 257; 34411
217; 257; 33739
218; 257; 33289
219; 257; 33218
220; 257; 33186
221; 257; 32992
222; 257; 32841
223; 257; 32901
224; 257; 33089
225; 257; 33191
226; 257; 33115
227; 257; 32982
228; 257; 32977
229; 257; 33139
230; 257; 33309
231; 257; 33279
232; 257; 33055
233; 257; 32873
234; 257; 32855
235; 257; 32921
236; 257; 32986
237; 257; 33127
180; 258; 33938
181; 258; 33891
182; 258; 33864
183; 258; 33812
184; 258; 33702
185; 258; 33562
186; 258; 33463
187; 258; 33310
188; 258; 33146
189; 258; 33045
190; 258; 33077
191; 258; 33139
192; 258; 33110
193; 258; 33021
194; 258; 32971
195; 258; 33506
196; 258; 34311
197; 258; 34653
198; 258; 34591
199; 258; 34600
200; 258; 34873
201; 258; 35045
202; 258; 34689
203; 258; 34028
204; 258; 33857
205; 258; 34184
206; 258; 34523
207; 258; 34711
208; 258; 34850
209; 258; 34934
210; 258; 34980
211; 258; 35067
212; 258; 35156
213; 258; 35142
214; 258; 35085
215; 258; 35071
216; 258; 34846
217; 258; 34167
218; 258; 33463
219; 258; 33134
220; 258; 33091
221; 258; 32969
222; 258; 32846
223; 258; 32844
224; 258; 32996
225; 258; 33172
226; 258; 33234
227; 258; 33140
228; 258; 32994
229; 258; 32949
230; 258; 33089
231; 258; 33234
232; 258; 33188
233; 258; 33058
234; 258; 33014
235; 258; 33014
236; 258; 32959
237; 258; 32970
180; 259; 33980
181; 259; 33908
182; 259; 33817
183; 259; 33777
184; 259; 33834
185; 259; 33992
186; 259; 33926
187; 259; 33544
188; 259; 33093
189; 259; 33058
190; 259; 33170
191; 259; 33286
192; 259; 33292
193; 259; 33164
194; 259; 33020
195; 259; 33202
196; 259; 33930
197; 259; 34543
198; 259; 34677
199; 259; 34751
200; 259; 34991
201; 259; 35030
202; 259; 34647
203; 259; 34236
204; 259; 34314
205; 259; 34628
206; 259; 34792
207; 259; 34993
208; 259; 35203
209; 259; 35166
210; 259; 35001
211; 259; 34967
212; 259; 35100
213; 259; 35195
214; 259; 35238
215; 259; 35312
216; 259; 35250
217; 259; 34737
218; 259; 33813
219; 259; 33213
220; 259; 33082
221; 259; 33077
222; 259; 32991
223; 259; 32882
224; 259; 32896
225; 259; 33041
226; 259; 33223
227; 259; 33225
228; 259; 32990
229; 259; 32835
230; 259; 32894
231; 259; 33114
232; 259; 33290
233; 259; 33277
234; 259; 33196
235; 259; 33075
236; 259; 32908
237; 259; 32806
180; 260; 33954
181; 260; 33879
182; 260; 33829
183; 260; 33879
184; 260; 34073
185; 260; 34208
186; 260; 34101
187; 260; 33528
188; 260; 33020
189; 260; 33028
190; 260; 33173
191; 260; 33272
192; 260; 33306
193; 260; 33282
194; 260; 33155
195; 260; 33197
196; 260; 33690
197; 260; 34383
198; 260; 34640
199; 260; 34715
200; 260; 34800
201; 260; 34749
202; 260; 34425
203; 260; 34409
204; 260; 34646
205; 260; 34785
206; 260; 34892
207; 260; 35148
208; 260; 35288
209; 260; 35212
210; 260; 34931
211; 260; 34811
212; 260; 34911
213; 260; 35047
214; 260; 35120
215; 260; 35242
216; 260; 35306
217; 260; 34987
218; 260; 34099
219; 260; 33394
220; 260; 33203
221; 260; 33235
222; 260; 33177
223; 260; 32994
224; 260; 32874
225; 260; 32963
226; 260; 33188
227; 260; 33236
228; 260; 32993
229; 260; 32823
230; 260; 32842
231; 260; 33004
232; 260; 33180
233; 260; 33227
234; 260; 33206
235; 260; 33087
236; 260; 32893
237; 260; 32792
180; 261; 33887
181; 261; 33832
182; 261; 33880
183; 261; 33997
184; 261; 34110
185; 261; 34087
186; 261; 33772
187; 261; 33198
188; 261; 32952
189; 261; 32947
190; 261; 33073
191; 261; 33092
192; 261; 33117
193; 261; 33246
194; 261; 33306
195; 261; 33351
196; 261; 33581
197; 261; 34165
198; 261; 34443
199; 261; 34380
200; 261; 34306
201; 261; 34167
202; 261; 34116
203; 261; 34514
204; 261; 34752
205; 261; 34865
206; 261; 34971
207; 261; 35162
208; 261; 35244
209; 261; 35121
210; 261; 34926
211; 261; 34883
212; 261; 34965
213; 261; 34990
214; 261; 34929
215; 261; 34974
216; 261; 35098
217; 261; 34982
218; 261; 34306
219; 261; 33626
220; 261; 33390
221; 261; 33343
222; 261; 33234
223; 261; 33033
224; 261; 32891
225; 261; 32975
226; 261; 33178
227; 261; 33203
228; 261; 33000
229; 261; 32865
230; 261; 32909
231; 261; 32980
232; 261; 32978
233; 261; 32988
234; 261; 33066
235; 261; 33049
236; 261; 32884
237; 261; 32810
180; 262; 33807
181; 262; 33744
182; 262; 33814
183; 262; 33934
184; 262; 33868
185; 262; 33554
186; 262; 33242
187; 262; 32931
188; 262; 32937
189; 262; 32914
190; 262; 33035
191; 262; 32995
192; 262; 32963
193; 262; 33130
194; 262; 33332
195; 262; 33419
196; 262; 33525
197; 262; 33916
198; 262; 34066
199; 262; 33852
200; 262; 33713
201; 262; 33613
202; 262; 33889
203; 262; 34618
204; 262; 34901
205; 262; 34978
206; 262; 35093
207; 262; 35182
208; 262; 35135
209; 262; 35003
210; 262; 34981
211; 262; 35131
212; 262; 35263
213; 262; 35179
214; 262; 34963
215; 262; 34898
216; 262; 35045
217; 262; 35058
218; 262; 34577
219; 262; 33859
220; 262; 33518
221; 262; 33408
222; 262; 33240
223; 262; 33036
224; 262; 32926
225; 262; 33008
226; 262; 33136
227; 262; 33096
228; 262; 32921
229; 262; 32861
230; 262; 32962
231; 262; 33002
232; 262; 32915
233; 262; 32839
234; 262; 32894
235; 262; 32958
236; 262; 32866
237; 262; 32802
180; 263; 33726
181; 263; 33618
182; 263; 33648
183; 263; 33746
184; 263; 33552
185; 263; 33245
186; 263; 33025
187; 263; 32897
188; 263; 32907
189; 263; 32972
190; 263; 33134
191; 263; 33099
192; 263; 33015
193; 263; 33129
194; 263; 33374
195; 263; 33530
196; 263; 33627
197; 263; 33738
198; 263; 33627
199; 263; 33377
200; 263; 33324
201; 263; 33265
202; 263; 33783
203; 263; 34687
204; 263; 35000
205; 263; 35082
206; 263; 35213
207; 263; 35244
208; 263; 35069
209; 263; 34884
210; 263; 34955
211; 263; 35259
212; 263; 35477
213; 263; 35379
214; 263; 35113
215; 263; 35008
216; 263; 35258
217; 263; 35309
218; 263; 34811
219; 263; 33956
220; 263; 33545
221; 263; 33480
222; 263; 33359
223; 263; 33154
224; 263; 33002
225; 263; 33003
226; 263; 33025
227; 263; 32939
228; 263; 32870
229; 263; 32850
230; 263; 32923
231; 263; 33010
232; 263; 32956
233; 263; 32853
234; 263; 32866
235; 263; 32930
236; 263; 32888
237; 263; 32834
180; 264; 33666
181; 264; 33522
182; 264; 33558
183; 264; 33674
184; 264; 33583
185; 264; 33284
186; 264; 33011
187; 264; 32896
188; 264; 32877
189; 264; 33033
190; 264; 33221
191; 264; 33227
192; 264; 33158
193; 264; 33248
194; 264; 33512
195; 264; 33737
196; 264; 33801
197; 264; 33757
198; 264; 33330
199; 264; 33033
200; 264; 33103
201; 264; 33108
202; 264; 33690
203; 264; 34619
204; 264; 34969
205; 264; 35056
206; 264; 35230
207; 264; 35325
208; 264; 35154
209; 264; 34908
210; 264; 34931
211; 264; 35233
212; 264; 35471
213; 264; 35385
214; 264; 35135
215; 264; 35090
216; 264; 35439
217; 264; 35490
218; 264; 34825
219; 264; 33793
220; 264; 33414
221; 264; 33481
222; 264; 33483
223; 264; 33299
224; 264; 33084
225; 264; 32982
226; 264; 32927
227; 264; 32838
228; 264; 32866
229; 264; 32910
230; 264; 32938
231; 264; 33011
232; 264; 33007
233; 264; 32972
234; 264; 32994
235; 264; 33010
236; 264; 32966
237; 264; 32928
180; 265; 33622
181; 265; 33496
182; 265; 33577
183; 265; 33718
184; 265; 33688
185; 265; 33392
186; 265; 33050
187; 265; 32916
188; 265; 32916
189; 265; 33072
190; 265; 33210
191; 265; 33230
192; 265; 33205
193; 265; 33297
194; 265; 33580
195; 265; 33842
196; 265; 33850
197; 265; 33608
198; 265; 33084
199; 265; 32904
200; 265; 33001
201; 265; 32958
202; 265; 33480
203; 265; 34440
204; 265; 34887
205; 265; 34952
206; 265; 35117
207; 265; 35363
208; 265; 35363
209; 265; 35139
210; 265; 35063
211; 265; 35237
212; 265; 35399
213; 265; 35297
214; 265; 35081
215; 265; 35101
216; 265; 35484
217; 265; 35504
218; 265; 34643
219; 265; 33532
220; 265; 33215
221; 265; 33374
222; 265; 33437
223; 265; 33284
224; 265; 33087
225; 265; 32987
226; 265; 32944
227; 265; 32886
228; 265; 32874
229; 265; 32939
230; 265; 32966
231; 265; 32971
232; 265; 33022
233; 265; 33077
234; 265; 33100
235; 265; 33075
236; 265; 33031
237; 265; 33012
180; 266; 33599
181; 266; 33558
182; 266; 33676
183; 266; 33768
184; 266; 33662
185; 266; 33282
186; 266; 33045
187; 266; 32975
188; 266; 33047
189; 266; 33160
190; 266; 33207
191; 266; 33207
192; 266; 33191
193; 266; 33216
194; 266; 33398
195; 266; 33619
196; 266; 33571
197; 266; 33242
198; 266; 32967
199; 266; 32883
200; 266; 32912
201; 266; 32938
202; 266; 33134
203; 266; 34143
204; 266; 34840
205; 266; 34961
206; 266; 35031
207; 266; 35319
208; 266; 35451
209; 266; 35356
210; 266; 35223
211; 266; 35270
212; 266; 35366
213; 266; 35295
214; 266; 35152
215; 266; 35254
216; 266; 35586
217; 266; 35488
218; 266; 34513
219; 266; 33476
220; 266; 33202
221; 266; 33295
222; 266; 33310
223; 266; 33187
224; 266; 33063
225; 266; 33022
226; 266; 33030
227; 266; 33027
228; 266; 32963
229; 266; 32898
230; 266; 32893
231; 266; 32891
232; 266; 32961
233; 266; 33079
234; 266; 33085
235; 266; 33028
236; 266; 33013
237; 266; 33052
180; 267; 33635
181; 267; 33732
182; 267; 33853
183; 267; 33836
184; 267; 33422
185; 267; 33114
186; 267; 33036
187; 267; 33079
188; 267; 33173
189; 267; 33219
190; 267; 33243
191; 267; 33292
192; 267; 33269
193; 267; 33232
194; 267; 33300
195; 267; 33300
196; 267; 33126
197; 267; 32923
198; 267; 32950
199; 267; 32978
200; 267; 32894
201; 267; 32944
202; 267; 32807
203; 267; 33647
204; 267; 34679
205; 267; 35078
206; 267; 35125
207; 267; 35303
208; 267; 35461
209; 267; 35419
210; 267; 35270
211; 267; 35252
212; 267; 35351
213; 267; 35378
214; 267; 35341
215; 267; 35475
216; 267; 35631
217; 267; 35410
218; 267; 34499
219; 267; 33642
220; 267; 33363
221; 267; 33319
222; 267; 33258
223; 267; 33161
224; 267; 33095
225; 267; 33072
226; 267; 33079
227; 267; 33093
228; 267; 33030
229; 267; 32872
230; 267; 32848
231; 267; 32859
232; 267; 32903
233; 267; 33034
234; 267; 33026
235; 267; 32952
236; 267; 32971
237; 267; 33083
180; 268; 33707
181; 268; 33907
182; 268; 33997
183; 268; 33842
184; 268; 33294
185; 268; 33074
186; 268; 33070
187; 268; 33135
188; 268; 33151
189; 268; 33143
190; 268; 33237
191; 268; 33422
192; 268; 33581
193; 268; 33622
194; 268; 33558
195; 268; 33373
196; 268; 33011
197; 268; 32859
198; 268; 32886
199; 268; 33088
200; 268; 33076
201; 268; 32937
202; 268; 32768
203; 268; 33258
204; 268; 34270
205; 268; 34931
206; 268; 35220
207; 268; 35399
208; 268; 35515
209; 268; 35478
210; 268; 35350
211; 268; 35316
212; 268; 35417
213; 268; 35506
214; 268; 35539
215; 268; 35552
216; 268; 35501
217; 268; 35014
218; 268; 34340
219; 268; 33752
220; 268; 33454
221; 268; 33335
222; 268; 33232
223; 268; 33172
224; 268; 33141
225; 268; 33103
226; 268; 33062
227; 268; 33049
228; 268; 33022
229; 268; 32918
230; 268; 32860
231; 268; 32865
232; 268; 32926
233; 268; 33015
234; 268; 33006
235; 268; 32960
236; 268; 32998
237; 268; 33101
180; 269; 33753
181; 269; 33974
182; 269; 34036
183; 269; 33761
184; 269; 33262
185; 269; 33123
186; 269; 33096
187; 269; 33033
188; 269; 32981
189; 269; 32998
190; 269; 33271
191; 269; 33721
192; 269; 34061
193; 269; 34224
194; 269; 34158
195; 269; 33800
196; 269; 33171
197; 269; 32922
198; 269; 32900
199; 269; 33053
200; 269; 33213
201; 269; 33119
202; 269; 32971
203; 269; 33185
204; 269; 33746
205; 269; 34371
206; 269; 34834
207; 269; 35192
208; 269; 35462
209; 269; 35544
210; 269; 35500
211; 269; 35492
212; 269; 35554
213; 269; 35617
214; 269; 35618
215; 269; 35415
216; 269; 34894
217; 269; 34284
218; 269; 33884
219; 269; 33614
220; 269; 33442
221; 269; 33278
222; 269; 33178
223; 269; 33146
224; 269; 33138
225; 269; 33093
226; 269; 33012
227; 269; 32971
228; 269; 32993
229; 269; 33012
230; 269; 32977
231; 269; 32955
232; 269; 32980
233; 269; 33002
234; 269; 32996
235; 269; 32984
236; 269; 33003
237; 269; 33018
180; 270; 33780
181; 270; 33895
182; 270; 33884
183; 270; 33516
184; 270; 33211
185; 270; 33153
186; 270; 33080
187; 270; 32931
188; 270; 32869
189; 270; 32969
190; 270; 33534
191; 270; 34087
192; 270; 34432
193; 270; 34576
194; 270; 34484
195; 270; 34048
196; 270; 33273
197; 270; 32923
198; 270; 32911
199; 270; 32914
200; 270; 33097
201; 270; 33230
202; 270; 33309
203; 270; 33360
204; 270; 33503
205; 270; 33733
206; 270; 34076
207; 270; 34518
208; 270; 35009
209; 270; 35308
210; 270; 35436
211; 270; 35468
212; 270; 35488
213; 270; 35493
214; 270; 35349
215; 270; 34880
216; 270; 34145
217; 270; 33664
218; 270; 33458
219; 270; 33376
220; 270; 33356
221; 270; 33258
222; 270; 33164
223; 270; 33118
224; 270; 33098
225; 270; 33058
226; 270; 32971
227; 270; 32912
228; 270; 32934
229; 270; 33028
230; 270; 33089
231; 270; 33025
232; 270; 32944
233; 270; 32936
234; 270; 32948
235; 270; 32936
236; 270; 32918
237; 270; 32884
180; 271; 33864
181; 271; 33864
182; 271; 33686
183; 271; 33297
184; 271; 33152
185; 271; 33135
186; 271; 33059
187; 271; 32903
188; 271; 32839
189; 271; 33038
190; 271; 33744
191; 271; 34337
192; 271; 34587
193; 271; 34610
194; 271; 34375
195; 271; 33822
196; 271; 33145
197; 271; 32876
198; 271; 32874
199; 271; 32848
200; 271; 32937
201; 271; 33101
202; 271; 33323
203; 271; 33519
204; 271; 33605
205; 271; 33638
206; 271; 33758
207; 271; 34092
208; 271; 34485
209; 271; 34751
210; 271; 34833
211; 271; 34842
212; 271; 34806
213; 271; 34751
214; 271; 34554
215; 271; 34116
216; 271; 33668
217; 271; 33357
218; 271; 33240
219; 271; 33249
220; 271; 33302
221; 271; 33274
222; 271; 33206
223; 271; 33146
224; 271; 33086
225; 271; 33027
226; 271; 32940
227; 271; 32876
228; 271; 32874
229; 271; 32938
230; 271; 33010
231; 271; 32969
232; 271; 32879
233; 271; 32872
234; 271; 32895
235; 271; 32868
236; 271; 32841
237; 271; 32821
180; 272; 33942
181; 272; 33890
182; 272; 33552
183; 272; 33177
184; 272; 33100
185; 272; 33134
186; 272; 33096
187; 272; 32931
188; 272; 32841
189; 272; 32996
190; 272; 33591
191; 272; 34139
192; 272; 34375
193; 272; 34247
194; 272; 33831
195; 272; 33304
196; 272; 32958
197; 272; 32883
198; 272; 32907
199; 272; 32930
200; 272; 32942
201; 272; 33003
202; 272; 33143
203; 272; 33428
204; 272; 33715
205; 272; 33953
206; 272; 34157
207; 272; 34374
208; 272; 34528
209; 272; 34557
210; 272; 34355
211; 272; 34125
212; 272; 33950
213; 272; 33824
214; 272; 33682
215; 272; 33526
216; 272; 33366
217; 272; 33250
218; 272; 33181
219; 272; 33190
220; 272; 33228
221; 272; 33237
222; 272; 33231
223; 272; 33201
224; 272; 33117
225; 272; 33018
226; 272; 32927
227; 272; 32866
228; 272; 32865
229; 272; 32894
230; 272; 32951
231; 272; 32975
232; 272; 32931
233; 272; 32912
234; 272; 32938
235; 272; 32939
236; 272; 32900
237; 272; 32874
180; 273; 33944
181; 273; 33839
182; 273; 33465
183; 273; 33158
184; 273; 33086
185; 273; 33111
186; 273; 33097
187; 273; 32967
188; 273; 32855
189; 273; 32889
190; 273; 33113
191; 273; 33509
192; 273; 33672
193; 273; 33496
194; 273; 33195
195; 273; 32982
196; 273; 32966
197; 273; 32959
198; 273; 32989
199; 273; 33055
200; 273; 33111
201; 273; 33097
202; 273; 33074
203; 273; 33142
204; 273; 33546
205; 273; 34040
206; 273; 34433
207; 273; 34642
208; 273; 34663
209; 273; 34604
210; 273; 34341
211; 273; 34025
212; 273; 33756
213; 273; 33509
214; 273; 33310
215; 273; 33192
216; 273; 33121
217; 273; 33135
218; 273; 33164
219; 273; 33170
220; 273; 33152
221; 273; 33167
222; 273; 33222
223; 273; 33233
224; 273; 33144
225; 273; 33020
226; 273; 32953
227; 273; 32935
228; 273; 32930
229; 273; 32942
230; 273; 33000
231; 273; 33052
232; 273; 33024
233; 273; 32978
234; 273; 33030
235; 273; 33120
236; 273; 33096
237; 273; 33036
180; 274; 33906
181; 274; 33759
182; 274; 33499
183; 274; 33267
184; 274; 33140
185; 274; 33065
186; 274; 33018
187; 274; 32964
188; 274; 32899
189; 274; 32858
190; 274; 32877
191; 274; 32919
192; 274; 33020
193; 274; 33020
194; 274; 32987
195; 274; 32980
196; 274; 33059
197; 274; 33079
198; 274; 33058
199; 274; 33152
200; 274; 33298
201; 274; 33270
202; 274; 33091
203; 274; 33027
204; 274; 33190
205; 274; 33595
206; 274; 33967
207; 274; 34193
208; 274; 34399
209; 274; 34539
210; 274; 34557
211; 274; 34489
212; 274; 34290
213; 274; 33870
214; 274; 33407
215; 274; 33090
216; 274; 32993
217; 274; 33028
218; 274; 33149
219; 274; 33202
220; 274; 33182
221; 274; 33187
222; 274; 33227
223; 274; 33219
224; 274; 33123
225; 274; 33014
226; 274; 32996
227; 274; 33039
228; 274; 33039
229; 274; 33017
230; 274; 33036
231; 274; 33043
232; 274; 32977
233; 274; 32916
234; 274; 32994
235; 274; 33149
236; 274; 33165
237; 274; 33070
180; 275; 33800
181; 275; 33724
182; 275; 33660
183; 275; 33467
184; 275; 33202
185; 275; 33029
186; 275; 32958
187; 275; 32984
188; 275; 32989
189; 275; 32866
190; 275; 32874
191; 275; 32787
192; 275; 32921
193; 275; 33085
194; 275; 33123
195; 275; 33174
196; 275; 33233
197; 275; 33182
198; 275; 33092
199; 275; 33167
200; 275; 33320
201; 275; 33293
202; 275; 33077
203; 275; 32941
204; 275; 32970
205; 275; 33120
206; 275; 33264
207; 275; 33444
208; 275; 33774
209; 275; 34277
210; 275; 34638
211; 275; 34822
212; 275; 34832
213; 275; 34506
214; 275; 33783
215; 275; 33187
216; 275; 32947
217; 275; 32981
218; 275; 33159
219; 275; 33273
220; 275; 33284
221; 275; 33258
222; 275; 33211
223; 275; 33133
224; 275; 33047
225; 275; 33004
226; 275; 33025
227; 275; 33057
228; 275; 33040
229; 275; 32997
230; 275; 32973
231; 275; 32933
232; 275; 32855
233; 275; 32812
234; 275; 32893
235; 275; 33028
236; 275; 33017
237; 275; 32899
180; 276; 33438
181; 276; 33617
182; 276; 33692
183; 276; 33586
184; 276; 33185
185; 276; 32969
186; 276; 32955
187; 276; 33049
188; 276; 33022
189; 276; 32878
190; 276; 32838
191; 276; 32875
192; 276; 33320
193; 276; 33676
194; 276; 33780
195; 276; 33716
196; 276; 33597
197; 276; 33326
198; 276; 33100
199; 276; 33093
200; 276; 33175
201; 276; 33148
202; 276; 32977
203; 276; 32859
204; 276; 32855
205; 276; 32941
206; 276; 33082
207; 276; 33328
208; 276; 33730
209; 276; 34180
210; 276; 34538
211; 276; 34857
212; 276; 34995
213; 276; 34898
214; 276; 34308
215; 276; 33480
216; 276; 33045
217; 276; 33052
218; 276; 33201
219; 276; 33285
220; 276; 33276
221; 276; 33226
222; 276; 33140
223; 276; 33033
224; 276; 32982
225; 276; 33011
226; 276; 33041
227; 276; 33003
228; 276; 32937
229; 276; 32903
230; 276; 32897
231; 276; 32878
232; 276; 32843
233; 276; 32843
234; 276; 32894
235; 276; 32925
236; 276; 32870
237; 276; 32791
180; 277; 33135
181; 277; 33305
182; 277; 33584
183; 277; 33508
184; 277; 33058
185; 277; 32866
186; 277; 32926
187; 277; 33048
188; 277; 32939
189; 277; 32864
190; 277; 32789
191; 277; 33253
192; 277; 34011
193; 277; 34412
194; 277; 34510
195; 277; 34466
196; 277; 34243
197; 277; 33731
198; 277; 33215
199; 277; 33024
200; 277; 33069
201; 277; 33074
202; 277; 32967
203; 277; 32865
204; 277; 32913
205; 277; 33138
206; 277; 33465
207; 277; 33854
208; 277; 34232
209; 277; 34461
210; 277; 34565
211; 277; 34747
212; 277; 34981
213; 277; 35089
214; 277; 34761
215; 277; 33946
216; 277; 33302
217; 277; 33176
218; 277; 33234
219; 277; 33202
220; 277; 33116
221; 277; 33088
222; 277; 33084
223; 277; 33040
224; 277; 33014
225; 277; 33051
226; 277; 33055
227; 277; 32962
228; 277; 32871
229; 277; 32863
230; 277; 32889
231; 277; 32906
232; 277; 32929
233; 277; 32963
234; 277; 32961
235; 277; 32909
236; 277; 32873
237; 277; 32857
