177; 301; 33167
178; 301; 33687
179; 301; 33880
180; 301; 34011
181; 301; 34134
182; 301; 34100
183; 301; 33916
184; 301; 33798
185; 301; 33838
186; 301; 33916
187; 301; 33978
188; 301; 34063
189; 301; 34110
190; 301; 34050
191; 301; 33943
192; 301; 33870
193; 301; 33768
194; 301; 33460
195; 301; 33057
196; 301; 32927
197; 301; 32948
198; 301; 32952
199; 301; 32949
200; 301; 33144
201; 301; 33614
202; 301; 33845
203; 301; 33696
204; 301; 33252
205; 301; 32887
206; 301; 32886
207; 301; 32932
208; 301; 32878
209; 301; 32864
210; 301; 32963
211; 301; 33271
212; 301; 33773
213; 301; 34204
214; 301; 34331
215; 301; 34354
216; 301; 34581
217; 301; 34799
218; 301; 34719
219; 301; 34288
220; 301; 33960
221; 301; 33927
222; 301; 34043
223; 301; 34154
224; 301; 34270
225; 301; 34393
177; 302; 33302
178; 302; 33753
179; 302; 33976
180; 302; 34087
181; 302; 34176
182; 302; 34109
183; 302; 33891
184; 302; 33747
185; 302; 33792
186; 302; 33903
187; 302; 33976
188; 302; 34040
189; 302; 34089
190; 302; 34056
191; 302; 33943
192; 302; 33850
193; 302; 33685
194; 302; 33367
195; 302; 32961
196; 302; 32859
197; 302; 32948
198; 302; 33035
199; 302; 32999
200; 302; 32903
201; 302; 33089
202; 302; 33524
203; 302; 33710
204; 302; 33651
205; 302; 33281
206; 302; 32939
207; 302; 32888
208; 302; 33023
209; 302; 33059
210; 302; 33041
211; 302; 33309
212; 302; 33841
213; 302; 34230
214; 302; 34340
215; 302; 34413
216; 302; 34615
217; 302; 34780
218; 302; 34697
219; 302; 34531
220; 302; 34465
221; 302; 34588
222; 302; 34653
223; 302; 34637
224; 302; 34584
225; 302; 34525
177; 303; 33393
178; 303; 33767
179; 303; 33994
180; 303; 34091
181; 303; 34135
182; 303; 34065
183; 303; 33905
184; 303; 33811
185; 303; 33835
186; 303; 33884
187; 303; 33917
188; 303; 34000
189; 303; 34121
190; 303; 34133
191; 303; 34010
192; 303; 33797
193; 303; 33556
194; 303; 33204
195; 303; 32895
196; 303; 32832
197; 303; 32942
198; 303; 33071
199; 303; 33030
200; 303; 32875
201; 303; 32882
202; 303; 33274
203; 303; 33673
204; 303; 33730
205; 303; 33537
206; 303; 33343
207; 303; 33330
208; 303; 33376
209; 303; 33274
210; 303; 33193
211; 303; 33393
212; 303; 33785
213; 303; 34037
214; 303; 34138
215; 303; 34226
216; 303; 34369
217; 303; 34519
218; 303; 34665
219; 303; 34839
220; 303; 34975
221; 303; 35010
222; 303; 35005
223; 303; 35005
224; 303; 34935
225; 303; 34742
177; 304; 33385
178; 304; 33713
179; 304; 33927
180; 304; 34035
181; 304; 34085
182; 304; 34044
183; 304; 33973
184; 304; 33958
185; 304; 33962
186; 304; 33911
187; 304; 33876
188; 304; 33997
189; 304; 34199
190; 304; 34227
191; 304; 33956
192; 304; 33587
193; 304; 33249
194; 304; 33015
195; 304; 32870
196; 304; 32836
197; 304; 32903
198; 304; 33029
199; 304; 33044
200; 304; 32935
201; 304; 32920
202; 304; 33083
203; 304; 33294
204; 304; 33362
205; 304; 33316
206; 304; 33307
207; 304; 33354
208; 304; 33415
209; 304; 33439
210; 304; 33445
211; 304; 33534
212; 304; 33645
213; 304; 33705
214; 304; 33758
215; 304; 33855
216; 304; 34020
217; 304; 34301
218; 304; 34692
219; 304; 35005
220; 304; 35061
221; 304; 34973
222; 304; 34937
223; 304; 35047
224; 304; 35094
225; 304; 34967
177; 305; 33385
178; 305; 33675
179; 305; 33844
180; 305; 34000
181; 305; 34138
182; 305; 34124
183; 305; 34025
184; 305; 34010
185; 305; 34043
186; 305; 33998
187; 305; 33937
188; 305; 34042
189; 305; 34237
190; 305; 34201
191; 305; 33775
192; 305; 33198
193; 305; 32908
194; 305; 32854
195; 305; 32844
196; 305; 32839
197; 305; 32871
198; 305; 32973
199; 305; 33055
200; 305; 33049
201; 305; 33012
202; 305; 32999
203; 305; 32956
204; 305; 32922
205; 305; 32902
206; 305; 32956
207; 305; 33151
208; 305; 33397
209; 305; 33568
210; 305; 33637
211; 305; 33639
212; 305; 33643
213; 305; 33634
214; 305; 33644
215; 305; 33639
216; 305; 33811
217; 305; 34200
218; 305; 34638
219; 305; 34843
220; 305; 34817
221; 305; 34680
222; 305; 34673
223; 305; 34849
224; 305; 35017
225; 305; 35013
177; 306; 33408
178; 306; 33696
179; 306; 33840
180; 306; 34020
181; 306; 34256
182; 306; 34269
183; 306; 34012
184; 306; 33864
185; 306; 33941
186; 306; 34036
187; 306; 34045
188; 306; 34118
189; 306; 34238
190; 306; 34178
191; 306; 33688
192; 306; 32990
193; 306; 32803
194; 306; 32827
195; 306; 32875
196; 306; 32911
197; 306; 32898
198; 306; 32953
199; 306; 33071
200; 306; 33134
201; 306; 33088
202; 306; 33015
203; 306; 32982
204; 306; 32937
205; 306; 32859
206; 306; 32831
207; 306; 32923
208; 306; 33338
209; 306; 33651
210; 306; 33631
211; 306; 33562
212; 306; 33772
213; 306; 33971
214; 306; 33916
215; 306; 33711
216; 306; 33711
217; 306; 34062
218; 306; 34406
219; 306; 34497
220; 306; 34473
221; 306; 34497
222; 306; 34542
223; 306; 34554
224; 306; 34631
225; 306; 34806
177; 307; 33342
178; 307; 33693
179; 307; 33904
180; 307; 34076
181; 307; 34316
182; 307; 34347
183; 307; 34025
184; 307; 33655
185; 307; 33629
186; 307; 33869
187; 307; 34070
188; 307; 34174
189; 307; 34255
190; 307; 34187
191; 307; 33726
192; 307; 33003
193; 307; 32858
194; 307; 32869
195; 307; 32913
196; 307; 32985
197; 307; 32932
198; 307; 32931
199; 307; 33064
200; 307; 33171
201; 307; 33124
202; 307; 33045
203; 307; 33080
204; 307; 33121
205; 307; 33022
206; 307; 32869
207; 307; 32890
208; 307; 33244
209; 307; 33557
210; 307; 33471
211; 307; 33466
212; 307; 34027
213; 307; 34584
214; 307; 34566
215; 307; 34096
216; 307; 33769
217; 307; 33951
218; 307; 34277
219; 307; 34423
220; 307; 34465
221; 307; 34530
222; 307; 34559
223; 307; 34437
224; 307; 34328
225; 307; 34483
177; 308; 33247
178; 308; 33681
179; 308; 33967
180; 308; 34142
181; 308; 34291
182; 308; 34325
183; 308; 34096
184; 308; 33677
185; 308; 33533
186; 308; 33606
187; 308; 33921
188; 308; 34197
189; 308; 34245
190; 308; 34104
191; 308; 33645
192; 308; 33003
193; 308; 32843
194; 308; 32842
195; 308; 32911
196; 308; 32987
197; 308; 32924
198; 308; 32910
199; 308; 33028
200; 308; 33114
201; 308; 33037
202; 308; 32943
203; 308; 33014
204; 308; 33130
205; 308; 33119
206; 308; 32990
207; 308; 33004
208; 308; 33255
209; 308; 33466
210; 308; 33443
211; 308; 33539
212; 308; 34217
213; 308; 34870
214; 308; 35017
215; 308; 34656
216; 308; 34154
217; 308; 34104
218; 308; 34408
219; 308; 34704
220; 308; 34835
221; 308; 34819
222; 308; 34664
223; 308; 34429
224; 308; 34303
225; 308; 34348
177; 309; 33257
178; 309; 33656
179; 309; 33952
180; 309; 34144
181; 309; 34238
182; 309; 34250
183; 309; 34166
184; 309; 33910
185; 309; 33638
186; 309; 33599
187; 309; 33849
188; 309; 34246
189; 309; 34281
190; 309; 33959
191; 309; 33358
192; 309; 32893
193; 309; 32817
194; 309; 32836
195; 309; 32914
196; 309; 32992
197; 309; 32992
198; 309; 32994
199; 309; 33013
200; 309; 32971
201; 309; 32891
202; 309; 32838
203; 309; 32868
204; 309; 33036
205; 309; 33114
206; 309; 33086
207; 309; 33139
208; 309; 33343
209; 309; 33584
210; 309; 33677
211; 309; 33776
212; 309; 34228
213; 309; 34788
214; 309; 35071
215; 309; 35020
216; 309; 34729
217; 309; 34537
218; 309; 34731
219; 309; 35039
220; 309; 35203
221; 309; 35158
222; 309; 34954
223; 309; 34649
224; 309; 34443
225; 309; 34436
177; 310; 33295
178; 310; 33569
179; 310; 33822
180; 310; 34097
181; 310; 34205
182; 310; 34186
183; 310; 34139
184; 310; 34096
185; 310; 33925
186; 310; 33777
187; 310; 33951
188; 310; 34363
189; 310; 34397
190; 310; 33914
191; 310; 33199
192; 310; 32844
193; 310; 32856
194; 310; 32901
195; 310; 32932
196; 310; 33016
197; 310; 33151
198; 310; 33192
199; 310; 33070
200; 310; 32878
201; 310; 32870
202; 310; 32842
203; 310; 32941
204; 310; 33278
205; 310; 33441
206; 310; 33367
207; 310; 33246
208; 310; 33355
209; 310; 33663
210; 310; 33863
211; 310; 33957
212; 310; 34126
213; 310; 34544
214; 310; 34856
215; 310; 34970
216; 310; 34889
217; 310; 34873
218; 310; 35031
219; 310; 35242
220; 310; 35363
221; 310; 35392
222; 310; 35273
223; 310; 35025
224; 310; 34708
225; 310; 34591
177; 311; 33301
178; 311; 33385
179; 311; 33630
180; 311; 34070
181; 311; 34230
182; 311; 34148
183; 311; 34073
184; 311; 34127
185; 311; 34115
186; 311; 33983
187; 311; 34058
188; 311; 34430
189; 311; 34463
190; 311; 33926
191; 311; 33156
192; 311; 32857
193; 311; 32932
194; 311; 32965
195; 311; 32908
196; 311; 33007
197; 311; 33238
198; 311; 33304
199; 311; 33129
200; 311; 32919
201; 311; 32873
202; 311; 32787
203; 311; 33055
204; 311; 33722
205; 311; 34101
206; 311; 33929
207; 311; 33476
208; 311; 33324
209; 311; 33507
210; 311; 33765
211; 311; 33814
212; 311; 33955
213; 311; 34275
214; 311; 34499
215; 311; 34562
216; 311; 34665
217; 311; 34939
218; 311; 35188
219; 311; 35271
220; 311; 35323
221; 311; 35393
222; 311; 35406
223; 311; 35185
224; 311; 34826
225; 311; 34543
177; 312; 33223
178; 312; 33228
179; 312; 33516
180; 312; 34060
181; 312; 34286
182; 312; 34158
183; 312; 34070
184; 312; 34166
185; 312; 34165
186; 312; 34038
187; 312; 34081
188; 312; 34439
189; 312; 34441
190; 312; 33839
191; 312; 33034
192; 312; 32816
193; 312; 32894
194; 312; 32898
195; 312; 32868
196; 312; 32987
197; 312; 33198
198; 312; 33219
199; 312; 33087
200; 312; 33004
201; 312; 32932
202; 312; 32787
203; 312; 33034
204; 312; 33959
205; 312; 34649
206; 312; 34563
207; 312; 33825
208; 312; 33287
209; 312; 33366
210; 312; 33603
211; 312; 33704
212; 312; 33900
213; 312; 34265
214; 312; 34463
215; 312; 34409
216; 312; 34408
217; 312; 34870
218; 312; 35205
219; 312; 35192
220; 312; 35098
221; 312; 35189
222; 312; 35272
223; 312; 35058
224; 312; 34626
225; 312; 34334
177; 313; 33118
178; 313; 33076
179; 313; 33422
180; 313; 34010
181; 313; 34256
182; 313; 34182
183; 313; 34157
184; 313; 34245
185; 313; 34169
186; 313; 34011
187; 313; 34107
188; 313; 34456
189; 313; 34381
190; 313; 33614
191; 313; 32917
192; 313; 32833
193; 313; 32818
194; 313; 32809
195; 313; 32850
196; 313; 33001
197; 313; 33156
198; 313; 33108
199; 313; 32994
200; 313; 33021
201; 313; 33049
202; 313; 32941
203; 313; 33181
204; 313; 34156
205; 313; 34961
206; 313; 34924
207; 313; 34181
208; 313; 33469
209; 313; 33409
210; 313; 33622
211; 313; 33830
212; 313; 34162
213; 313; 34655
214; 313; 34868
215; 313; 34639
216; 313; 34496
217; 313; 34834
218; 313; 35079
219; 313; 34941
220; 313; 34745
221; 313; 34827
222; 313; 34979
223; 313; 34832
224; 313; 34373
225; 313; 34088
177; 314; 33003
178; 314; 32990
179; 314; 33396
180; 314; 33979
181; 314; 34209
182; 314; 34194
183; 314; 34223
184; 314; 34264
185; 314; 34121
186; 314; 34008
187; 314; 34207
188; 314; 34436
189; 314; 34239
190; 314; 33411
191; 314; 32863
192; 314; 32891
193; 314; 32976
194; 314; 32920
195; 314; 32871
196; 314; 32968
197; 314; 33125
198; 314; 33120
199; 314; 33007
200; 314; 32991
201; 314; 33118
202; 314; 33363
203; 314; 33873
204; 314; 34514
205; 314; 34896
206; 314; 34748
207; 314; 34179
208; 314; 33653
209; 314; 33564
210; 314; 33772
211; 314; 34086
212; 314; 34565
213; 314; 35025
214; 314; 35119
215; 314; 34976
216; 314; 34696
217; 314; 34774
218; 314; 34876
219; 314; 34700
220; 314; 34556
221; 314; 34609
222; 314; 34753
223; 314; 34643
224; 314; 34275
225; 314; 33951
177; 315; 32924
178; 315; 32977
179; 315; 33496
180; 315; 34014
181; 315; 34187
182; 315; 34174
183; 315; 34193
184; 315; 34179
185; 315; 34033
186; 315; 34027
187; 315; 34329
188; 315; 34421
189; 315; 33957
190; 315; 33157
191; 315; 32932
192; 315; 33339
193; 315; 33665
194; 315; 33414
195; 315; 32959
196; 315; 32841
197; 315; 32984
198; 315; 33128
199; 315; 33113
200; 315; 33067
201; 315; 33414
202; 315; 34130
203; 315; 34624
204; 315; 34618
205; 315; 34270
206; 315; 33866
207; 315; 33682
208; 315; 33643
209; 315; 33695
210; 315; 33924
211; 315; 34261
212; 315; 34627
213; 315; 34907
214; 315; 34936
215; 315; 34717
216; 315; 34499
217; 315; 34640
218; 315; 34764
219; 315; 34734
220; 315; 34620
221; 315; 34625
222; 315; 34722
223; 315; 34693
224; 315; 34340
225; 315; 33964
177; 316; 32912
178; 316; 33067
179; 316; 33587
180; 316; 33965
181; 316; 34066
182; 316; 34037
183; 316; 34045
184; 316; 34009
185; 316; 33904
186; 316; 34098
187; 316; 34438
188; 316; 34346
189; 316; 33698
190; 316; 32933
191; 316; 32993
192; 316; 33766
193; 316; 34116
194; 316; 33787
195; 316; 33094
196; 316; 32768
197; 316; 32861
198; 316; 33056
199; 316; 33144
200; 316; 33249
201; 316; 33826
202; 316; 34523
203; 316; 34700
204; 316; 34178
205; 316; 33333
206; 316; 32971
207; 316; 33020
208; 316; 33403
209; 316; 33838
210; 316; 34101
211; 316; 34270
212; 316; 34348
213; 316; 34349
214; 316; 34186
215; 316; 34027
216; 316; 34147
217; 316; 34564
218; 316; 34837
219; 316; 34826
220; 316; 34761
221; 316; 34775
222; 316; 34857
223; 316; 34816
224; 316; 34556
225; 316; 34141
177; 317; 33081
178; 317; 33221
179; 317; 33596
180; 317; 33786
181; 317; 33736
182; 317; 33650
183; 317; 33673
184; 317; 33709
185; 317; 33697
186; 317; 34017
187; 317; 34380
188; 317; 34281
189; 317; 33611
190; 317; 32895
191; 317; 32892
192; 317; 33472
193; 317; 33910
194; 317; 33699
195; 317; 33328
196; 317; 33181
197; 317; 33164
198; 317; 33091
199; 317; 33086
200; 317; 33300
201; 317; 33879
202; 317; 34201
203; 317; 34035
204; 317; 33472
205; 317; 32881
206; 317; 32771
207; 317; 32777
208; 317; 33068
209; 317; 33803
210; 317; 34265
211; 317; 34279
212; 317; 34042
213; 317; 33686
214; 317; 33489
215; 317; 33550
216; 317; 33991
217; 317; 34529
218; 317; 34732
219; 317; 34697
220; 317; 34698
221; 317; 34843
222; 317; 34964
223; 317; 34931
224; 317; 34755
225; 317; 34480
177; 318; 33361
178; 318; 33374
179; 318; 33584
180; 318; 33623
181; 318; 33390
182; 318; 33166
183; 318; 33147
184; 318; 33260
185; 318; 33377
186; 318; 33629
187; 318; 34009
188; 318; 34049
189; 318; 33583
190; 318; 32949
191; 318; 32779
192; 318; 33076
193; 318; 33459
194; 318; 33597
195; 318; 33837
196; 318; 34121
197; 318; 34037
198; 318; 33479
199; 318; 33059
200; 318; 33203
201; 318; 33635
202; 318; 33605
203; 318; 33192
204; 318; 33045
205; 318; 33124
206; 318; 33037
207; 318; 32844
208; 318; 32886
209; 318; 33555
210; 318; 34235
211; 318; 34278
212; 318; 33904
213; 318; 33566
214; 318; 33486
215; 318; 33702
216; 318; 34143
217; 318; 34447
218; 318; 34432
219; 318; 34249
220; 318; 34342
221; 318; 34698
222; 318; 34925
223; 318; 34894
224; 318; 34803
225; 318; 34789
177; 319; 33551
178; 319; 33559
179; 319; 33603
180; 319; 33566
181; 319; 33225
182; 319; 32914
183; 319; 32836
184; 319; 32954
185; 319; 33046
186; 319; 33099
187; 319; 33323
188; 319; 33595
189; 319; 33475
190; 319; 33022
191; 319; 32816
192; 319; 32975
193; 319; 33500
194; 319; 34012
195; 319; 34584
196; 319; 35036
197; 319; 34925
198; 319; 34184
199; 319; 33366
200; 319; 33201
201; 319; 33383
202; 319; 33206
203; 319; 32835
204; 319; 33065
205; 319; 33754
206; 319; 33967
207; 319; 33480
208; 319; 33077
209; 319; 33399
210; 319; 34028
211; 319; 34194
212; 319; 34009
213; 319; 33868
214; 319; 33993
215; 319; 34233
216; 319; 34426
217; 319; 34412
218; 319; 34196
219; 319; 33968
220; 319; 34081
221; 319; 34496
222; 319; 34744
223; 319; 34727
224; 319; 34740
225; 319; 34961
177; 320; 33649
178; 320; 33692
179; 320; 33628
180; 320; 33452
181; 320; 33090
182; 320; 32863
183; 320; 32862
184; 320; 32975
185; 320; 32930
186; 320; 32776
187; 320; 32852
188; 320; 33206
189; 320; 33405
190; 320; 33132
191; 320; 32849
192; 320; 33208
193; 320; 34130
194; 320; 34817
195; 320; 35109
196; 320; 35320
197; 320; 35341
198; 320; 34782
199; 320; 33868
200; 320; 33326
201; 320; 33273
202; 320; 33177
203; 320; 32956
204; 320; 33390
205; 320; 34329
206; 320; 34733
207; 320; 34283
208; 320; 33501
209; 320; 33345
210; 320; 33805
211; 320; 34128
212; 320; 34054
213; 320; 33916
214; 320; 34076
215; 320; 34432
216; 320; 34607
217; 320; 34520
218; 320; 34207
219; 320; 34009
220; 320; 34055
221; 320; 34386
222; 320; 34612
223; 320; 34617
224; 320; 34646
225; 320; 34901
177; 321; 33741
178; 321; 33807
179; 321; 33680
180; 321; 33329
181; 321; 32962
182; 321; 32887
183; 321; 32992
184; 321; 33209
185; 321; 33064
186; 321; 32820
187; 321; 32987
188; 321; 33497
189; 321; 33757
190; 321; 33402
191; 321; 33091
192; 321; 33614
193; 321; 34789
194; 321; 35380
195; 321; 35270
196; 321; 35094
197; 321; 35189
198; 321; 35013
199; 321; 34309
200; 321; 33523
201; 321; 33221
202; 321; 33260
203; 321; 33288
204; 321; 33691
205; 321; 34394
206; 321; 34794
207; 321; 34440
208; 321; 33583
209; 321; 33194
210; 321; 33505
211; 321; 33989
212; 321; 34057
213; 321; 33773
214; 321; 33733
215; 321; 34140
216; 321; 34466
217; 321; 34458
218; 321; 34275
219; 321; 34175
220; 321; 34235
221; 321; 34457
222; 321; 34596
223; 321; 34622
224; 321; 34621
225; 321; 34691
177; 322; 33894
178; 322; 33928
179; 322; 33730
180; 322; 33278
181; 322; 32954
182; 322; 32949
183; 322; 33125
184; 322; 33296
185; 322; 33313
186; 322; 33540
187; 322; 34176
188; 322; 34712
189; 322; 34523
190; 322; 33818
191; 322; 33372
192; 322; 33800
193; 322; 34900
194; 322; 35519
195; 322; 35387
196; 322; 34962
197; 322; 34968
198; 322; 34978
199; 322; 34513
200; 322; 33750
201; 322; 33301
202; 322; 33331
203; 322; 33520
204; 322; 33694
205; 322; 33942
206; 322; 34117
207; 322; 33873
208; 322; 33275
209; 322; 32928
210; 322; 33180
211; 322; 33707
212; 322; 33897
213; 322; 33695
214; 322; 33511
215; 322; 33638
216; 322; 33956
217; 322; 34141
218; 322; 34193
219; 322; 34221
220; 322; 34362
221; 322; 34535
222; 322; 34618
223; 322; 34602
224; 322; 34586
225; 322; 34607
177; 323; 33914
178; 323; 33883
179; 323; 33630
180; 323; 33225
181; 323; 33048
182; 323; 33069
183; 323; 33109
184; 323; 33115
185; 323; 33466
186; 323; 34615
187; 323; 35838
188; 323; 36061
189; 323; 35240
190; 323; 34001
191; 323; 33282
192; 323; 33524
193; 323; 34485
194; 323; 35322
195; 323; 35493
196; 323; 35294
197; 323; 35065
198; 323; 34986
199; 323; 34648
200; 323; 34047
201; 323; 33517
202; 323; 33432
203; 323; 33477
204; 323; 33334
205; 323; 33134
206; 323; 33133
207; 323; 33168
208; 323; 33031
209; 323; 32923
210; 323; 33038
211; 323; 33497
212; 323; 33731
213; 323; 33648
214; 323; 33478
215; 323; 33371
216; 323; 33517
217; 323; 33770
218; 323; 33970
219; 323; 34048
220; 323; 34175
221; 323; 34379
222; 323; 34521
223; 323; 34539
224; 323; 34566
225; 323; 34627
177; 324; 33640
178; 324; 33447
179; 324; 33232
180; 324; 33096
181; 324; 33088
182; 324; 33126
183; 324; 33024
184; 324; 32846
185; 324; 33388
186; 324; 35157
187; 324; 36590
188; 324; 36606
189; 324; 35371
190; 324; 33848
191; 324; 33057
192; 324; 33156
193; 324; 33863
194; 324; 34862
195; 324; 35559
196; 324; 35632
197; 324; 35349
198; 324; 35023
199; 324; 34641
200; 324; 34138
201; 324; 33641
202; 324; 33464
203; 324; 33374
204; 324; 32992
205; 324; 32841
206; 324; 32834
207; 324; 32901
208; 324; 33036
209; 324; 33056
210; 324; 33209
211; 324; 33580
212; 324; 33756
213; 324; 33650
214; 324; 33462
215; 324; 33403
216; 324; 33532
217; 324; 33747
218; 324; 33765
219; 324; 33605
220; 324; 33660
221; 324; 33960
222; 324; 34217
223; 324; 34377
224; 324; 34562
225; 324; 34673
177; 325; 33222
178; 325; 32896
179; 325; 32961
180; 325; 33160
181; 325; 33317
182; 325; 33211
183; 325; 32994
184; 325; 32825
185; 325; 33247
186; 325; 34649
187; 325; 35931
188; 325; 36052
189; 325; 35148
190; 325; 34061
191; 325; 33489
192; 325; 33367
193; 325; 33600
194; 325; 34252
195; 325; 35118
196; 325; 35531
197; 325; 35289
198; 325; 34761
199; 325; 34266
200; 325; 33843
201; 325; 33465
202; 325; 33331
203; 325; 33276
204; 325; 32952
205; 325; 32884
206; 325; 32891
207; 325; 32899
208; 325; 33045
209; 325; 33179
210; 325; 33434
211; 325; 33769
212; 325; 33905
213; 325; 33768
214; 325; 33605
215; 325; 33580
216; 325; 33801
217; 325; 33876
218; 325; 33668
219; 325; 33268
220; 325; 33200
221; 325; 33435
222; 325; 33773
223; 325; 34079
224; 325; 34387
225; 325; 34549
177; 326; 33044
178; 326; 32871
179; 326; 33116
180; 326; 33756
181; 326; 33823
182; 326; 33560
183; 326; 33273
184; 326; 33155
185; 326; 33259
186; 326; 33736
187; 326; 34540
188; 326; 35185
189; 326; 35410
190; 326; 35259
191; 326; 34820
192; 326; 34179
193; 326; 33720
194; 326; 33803
195; 326; 34332
196; 326; 34810
197; 326; 34647
198; 326; 34058
199; 326; 33562
200; 326; 33295
201; 326; 33161
202; 326; 33166
203; 326; 33214
204; 326; 33166
205; 326; 32926
206; 326; 32852
207; 326; 32946
208; 326; 33131
209; 326; 33246
210; 326; 33478
211; 326; 33876
212; 326; 34119
213; 326; 34141
214; 326; 33986
215; 326; 33819
216; 326; 33827
217; 326; 33855
218; 326; 33653
219; 326; 33240
220; 326; 33039
221; 326; 33070
222; 326; 33296
223; 326; 33616
224; 326; 33973
225; 326; 34104
177; 327; 33024
178; 327; 32863
179; 327; 33550
180; 327; 34203
181; 327; 34197
182; 327; 33814
183; 327; 33587
184; 327; 33508
185; 327; 33315
186; 327; 33106
187; 327; 33389
188; 327; 34669
189; 327; 36009
190; 327; 36467
191; 327; 35952
192; 327; 34873
193; 327; 33858
194; 327; 33471
195; 327; 33630
196; 327; 33858
197; 327; 33749
198; 327; 33360
199; 327; 33056
200; 327; 32973
201; 327; 33026
202; 327; 33112
203; 327; 33224
204; 327; 33257
205; 327; 33116
206; 327; 32962
207; 327; 33048
208; 327; 33330
209; 327; 33465
210; 327; 33572
211; 327; 33951
212; 327; 34522
213; 327; 34826
214; 327; 34721
215; 327; 34166
216; 327; 33624
217; 327; 33565
218; 327; 33665
219; 327; 33524
220; 327; 33121
221; 327; 32949
222; 327; 32980
223; 327; 33258
224; 327; 33477
225; 327; 33482
177; 328; 33027
178; 328; 33092
179; 328; 33714
180; 328; 34113
181; 328; 34031
182; 328; 33649
183; 328; 33510
184; 328; 33491
185; 328; 33275
186; 328; 32995
187; 328; 33052
188; 328; 34113
189; 328; 35736
190; 328; 36505
191; 328; 36080
192; 328; 34929
193; 328; 33891
194; 328; 33387
195; 328; 33305
196; 328; 33282
197; 328; 33198
198; 328; 33070
199; 328; 32989
200; 328; 32952
201; 328; 32984
202; 328; 33133
203; 328; 33279
204; 328; 33296
205; 328; 33147
206; 328; 32990
207; 328; 33035
208; 328; 33393
209; 328; 33686
210; 328; 33746
211; 328; 34040
212; 328; 34919
213; 328; 35720
214; 328; 35738
215; 328; 34877
216; 328; 33680
217; 328; 33448
218; 328; 33779
219; 328; 33794
220; 328; 33296
221; 328; 32891
222; 328; 33000
223; 328; 33324
224; 328; 33350
225; 328; 33072
177; 329; 33009
178; 329; 33316
179; 329; 33738
180; 329; 33789
181; 329; 33617
182; 329; 33465
183; 329; 33429
184; 329; 33433
185; 329; 33467
186; 329; 33477
187; 329; 33457
188; 329; 33712
189; 329; 34585
190; 329; 35575
191; 329; 35700
192; 329; 35037
193; 329; 34214
194; 329; 33727
195; 329; 33432
196; 329; 33190
197; 329; 33075
198; 329; 33098
199; 329; 33091
200; 329; 32976
201; 329; 32961
202; 329; 33152
203; 329; 33355
204; 329; 33347
205; 329; 33095
206; 329; 32914
207; 329; 32904
208; 329; 33187
209; 329; 33631
210; 329; 33852
211; 329; 33987
212; 329; 34764
213; 329; 35881
214; 329; 36273
215; 329; 35514
216; 329; 34126
217; 329; 33454
218; 329; 33766
219; 329; 33883
220; 329; 33414
221; 329; 33014
222; 329; 33273
223; 329; 33508
224; 329; 33332
225; 329; 32905
177; 330; 33162
178; 330; 33443
179; 330; 33788
180; 330; 33757
181; 330; 33651
182; 330; 33614
183; 330; 33583
184; 330; 33602
185; 330; 33875
186; 330; 34142
187; 330; 34049
188; 330; 33688
189; 330; 33788
190; 330; 34838
191; 330; 35756
192; 330; 35763
193; 330; 35208
194; 330; 34549
195; 330; 33910
196; 330; 33315
197; 330; 32977
198; 330; 33022
199; 330; 33095
200; 330; 33005
201; 330; 32963
202; 330; 33160
203; 330; 33354
204; 330; 33307
205; 330; 32984
206; 330; 32854
207; 330; 32848
208; 330; 33064
209; 330; 33454
210; 330; 33832
211; 330; 33920
212; 330; 34149
213; 330; 34892
214; 330; 35510
215; 330; 35326
216; 330; 34467
217; 330; 33718
218; 330; 33710
219; 330; 33769
220; 330; 33401
221; 330; 33086
222; 330; 33290
223; 330; 33425
224; 330; 33063
225; 330; 32896
177; 331; 33608
178; 331; 33596
179; 331; 33826
180; 331; 33914
181; 331; 33841
182; 331; 33787
183; 331; 33717
184; 331; 33634
185; 331; 33817
186; 331; 34096
187; 331; 34023
188; 331; 33610
189; 331; 33569
190; 331; 34612
191; 331; 36077
192; 331; 36612
193; 331; 36208
194; 331; 35365
195; 331; 34405
196; 331; 33437
197; 331; 32869
198; 331; 32853
199; 331; 33030
200; 331; 33057
201; 331; 33004
202; 331; 33118
203; 331; 33275
204; 331; 33156
205; 331; 32865
206; 331; 32835
207; 331; 33000
208; 331; 33213
209; 331; 33481
210; 331; 33865
211; 331; 33979
212; 331; 33793
213; 331; 33664
214; 331; 33941
215; 331; 34345
216; 331; 34327
217; 331; 33987
218; 331; 33750
219; 331; 33587
220; 331; 33312
221; 331; 33135
222; 331; 33195
223; 331; 33142
224; 331; 32871
225; 331; 32838
177; 332; 34147
178; 332; 33989
179; 332; 34014
180; 332; 33985
181; 332; 33731
182; 332; 33491
183; 332; 33380
184; 332; 33391
185; 332; 33498
186; 332; 33628
187; 332; 33557
188; 332; 33298
189; 332; 33290
190; 332; 34262
191; 332; 35813
192; 332; 36577
193; 332; 36317
194; 332; 35405
195; 332; 34428
196; 332; 33500
197; 332; 32899
198; 332; 32834
199; 332; 33006
200; 332; 33104
201; 332; 33036
202; 332; 33035
203; 332; 33112
204; 332; 32999
205; 332; 32837
206; 332; 32886
207; 332; 33198
208; 332; 33442
209; 332; 33523
210; 332; 33870
211; 332; 34038
212; 332; 33811
213; 332; 33130
214; 332; 32872
215; 332; 33331
216; 332; 33971
217; 332; 34115
218; 332; 33961
219; 332; 33651
220; 332; 33458
221; 332; 33401
222; 332; 33374
223; 332; 33202
224; 332; 32924
225; 332; 32845
177; 333; 34327
178; 333; 34459
179; 333; 34405
180; 333; 34137
181; 333; 33634
182; 333; 33212
183; 333; 33139
184; 333; 33272
185; 333; 33537
186; 333; 33659
187; 333; 33562
188; 333; 33254
189; 333; 33049
190; 333; 33592
191; 333; 34754
192; 333; 35472
193; 333; 35260
194; 333; 34570
195; 333; 33922
196; 333; 33502
197; 333; 33129
198; 333; 32934
199; 333; 32994
200; 333; 33066
201; 333; 33049
202; 333; 33023
203; 333; 33041
204; 333; 32992
205; 333; 32907
206; 333; 32961
207; 333; 33270
208; 333; 33408
209; 333; 33399
210; 333; 33619
211; 333; 33985
212; 333; 33906
213; 333; 33289
214; 333; 32769
215; 333; 32933
216; 333; 33593
217; 333; 34080
218; 333; 34085
219; 333; 34023
220; 333; 33992
221; 333; 33977
222; 333; 33803
223; 333; 33428
224; 333; 33144
225; 333; 33153
177; 334; 34104
178; 334; 34605
179; 334; 34672
180; 334; 34411
181; 334; 33943
182; 334; 33473
183; 334; 33266
184; 334; 33345
185; 334; 33677
186; 334; 33992
187; 334; 34104
188; 334; 33879
189; 334; 33418
190; 334; 33276
191; 334; 33644
192; 334; 34007
193; 334; 33875
194; 334; 33497
195; 334; 33353
196; 334; 33475
197; 334; 33438
198; 334; 33152
199; 334; 32963
200; 334; 32969
201; 334; 33058
202; 334; 33098
203; 334; 33075
204; 334; 33038
205; 334; 33000
206; 334; 33018
207; 334; 33118
208; 334; 33268
209; 334; 33315
210; 334; 33403
211; 334; 33757
212; 334; 34000
213; 334; 33817
214; 334; 33293
215; 334; 33020
216; 334; 33252
217; 334; 33719
218; 334; 34011
219; 334; 34166
220; 334; 34255
221; 334; 34229
222; 334; 33919
223; 334; 33534
224; 334; 33373
225; 334; 33488
177; 335; 33682
178; 335; 34340
179; 335; 34562
180; 335; 34476
181; 335; 34262
182; 335; 33978
183; 335; 33615
184; 335; 33410
185; 335; 33394
186; 335; 33704
187; 335; 34211
188; 335; 34403
189; 335; 34174
190; 335; 33622
191; 335; 33260
192; 335; 33200
193; 335; 33149
194; 335; 32966
195; 335; 33021
196; 335; 33440
197; 335; 33612
198; 335; 33398
199; 335; 32985
200; 335; 32912
201; 335; 33048
202; 335; 33147
203; 335; 33119
204; 335; 33104
205; 335; 33109
206; 335; 33052
207; 335; 33018
208; 335; 33147
209; 335; 33383
210; 335; 33445
211; 335; 33651
212; 335; 34079
213; 335; 34215
214; 335; 33836
215; 335; 33254
216; 335; 33080
217; 335; 33278
218; 335; 33596
219; 335; 33811
220; 335; 33897
221; 335; 33806
222; 335; 33508
223; 335; 33265
224; 335; 33378
225; 335; 33647
177; 336; 33457
178; 336; 33975
179; 336; 34160
180; 336; 34131
181; 336; 34042
182; 336; 33905
183; 336; 33729
184; 336; 33546
185; 336; 33360
186; 336; 33230
187; 336; 33386
188; 336; 34033
189; 336; 34406
190; 336; 34201
191; 336; 33678
192; 336; 33330
193; 336; 33165
194; 336; 32977
195; 336; 32948
196; 336; 33301
197; 336; 33685
198; 336; 33575
199; 336; 33125
200; 336; 32913
201; 336; 33014
202; 336; 33133
203; 336; 33138
204; 336; 33154
205; 336; 33178
206; 336; 33083
207; 336; 32987
208; 336; 33100
209; 336; 33453
210; 336; 33608
211; 336; 33731
212; 336; 34016
213; 336; 34129
214; 336; 33847
215; 336; 33363
216; 336; 33145
217; 336; 33200
218; 336; 33291
219; 336; 33297
220; 336; 33233
221; 336; 33085
222; 336; 32912
223; 336; 32912
224; 336; 33258
225; 336; 33691
177; 337; 33322
178; 337; 33723
179; 337; 33847
180; 337; 33701
181; 337; 33517
182; 337; 33405
183; 337; 33562
184; 337; 33918
185; 337; 33948
186; 337; 33544
187; 337; 33085
188; 337; 33151
189; 337; 33908
190; 337; 34362
191; 337; 34266
192; 337; 33963
193; 337; 33641
194; 337; 33249
195; 337; 32978
196; 337; 33116
197; 337; 33578
198; 337; 33649
199; 337; 33368
200; 337; 33016
201; 337; 33010
202; 337; 33110
203; 337; 33162
204; 337; 33164
205; 337; 33141
206; 337; 33047
207; 337; 32970
208; 337; 33060
209; 337; 33391
210; 337; 33747
211; 337; 33913
212; 337; 33892
213; 337; 33734
214; 337; 33510
215; 337; 33353
216; 337; 33338
217; 337; 33394
218; 337; 33285
219; 337; 33095
220; 337; 32973
221; 337; 32849
222; 337; 32774
223; 337; 32827
224; 337; 33147
225; 337; 33520
177; 338; 33181
178; 338; 33578
179; 338; 33711
180; 338; 33586
181; 338; 33340
182; 338; 33213
183; 338; 33353
184; 338; 34045
185; 338; 34418
186; 338; 34259
187; 338; 33658
188; 338; 33216
189; 338; 33408
190; 338; 34043
191; 338; 34349
192; 338; 34289
193; 338; 34029
194; 338; 33615
195; 338; 33128
196; 338; 33022
197; 338; 33346
198; 338; 33639
199; 338; 33577
200; 338; 33252
201; 338; 33045
202; 338; 33080
203; 338; 33181
204; 338; 33152
205; 338; 33028
206; 338; 32931
207; 338; 32926
208; 338; 33009
209; 338; 33303
210; 338; 33803
211; 338; 34283
212; 338; 34344
213; 338; 33981
214; 338; 33660
215; 338; 33565
216; 338; 33622
217; 338; 33546
218; 338; 33300
219; 338; 33066
220; 338; 33052
221; 338; 33093
222; 338; 33121
223; 338; 33149
224; 338; 33204
225; 338; 33176
177; 339; 33196
178; 339; 33441
179; 339; 33759
180; 339; 33770
181; 339; 33530
182; 339; 33304
183; 339; 33260
184; 339; 33571
185; 339; 34122
186; 339; 34387
187; 339; 34255
188; 339; 33885
189; 339; 33561
190; 339; 33627
191; 339; 33942
192; 339; 34111
193; 339; 34062
194; 339; 33825
195; 339; 33375
196; 339; 33007
197; 339; 33081
198; 339; 33531
199; 339; 33649
200; 339; 33477
201; 339; 33084
202; 339; 33007
203; 339; 33129
204; 339; 33137
205; 339; 32957
206; 339; 32838
207; 339; 32882
208; 339; 33013
209; 339; 33295
210; 339; 33999
211; 339; 34921
212; 339; 35321
213; 339; 35064
214; 339; 34532
215; 339; 34086
216; 339; 33822
217; 339; 33490
218; 339; 33068
219; 339; 32923
220; 339; 33106
221; 339; 33450
222; 339; 33625
223; 339; 33592
224; 339; 33281
225; 339; 32930
177; 340; 33444
178; 340; 33413
179; 340; 33747
180; 340; 33918
181; 340; 33847
182; 340; 33597
183; 340; 33372
184; 340; 33273
185; 340; 33407
186; 340; 33770
187; 340; 34091
188; 340; 34105
189; 340; 33907
190; 340; 33666
191; 340; 33599
192; 340; 33702
193; 340; 33868
194; 340; 33871
195; 340; 33616
196; 340; 33108
197; 340; 32908
198; 340; 33250
199; 340; 33666
200; 340; 33574
201; 340; 33147
202; 340; 32919
203; 340; 33018
204; 340; 33090
205; 340; 32956
206; 340; 32827
207; 340; 32863
208; 340; 33081
209; 340; 33465
210; 340; 34321
211; 340; 35471
212; 340; 36109
213; 340; 35993
214; 340; 35395
215; 340; 34664
216; 340; 33910
217; 340; 33249
218; 340; 32893
219; 340; 32818
220; 340; 33055
221; 340; 33466
222; 340; 33697
223; 340; 33651
224; 340; 33293
225; 340; 32859
177; 341; 33728
178; 341; 33441
179; 341; 33604
180; 341; 33945
181; 341; 33960
182; 341; 33719
183; 341; 33461
184; 341; 33323
185; 341; 33298
186; 341; 33321
187; 341; 33469
188; 341; 33688
189; 341; 33875
190; 341; 33818
191; 341; 33678
192; 341; 33564
193; 341; 33648
194; 341; 33822
195; 341; 33773
196; 341; 33334
197; 341; 32915
198; 341; 33056
199; 341; 33557
200; 341; 33637
201; 341; 33324
202; 341; 32959
203; 341; 32900
204; 341; 32984
205; 341; 32953
206; 341; 32845
207; 341; 32837
208; 341; 33102
209; 341; 33695
210; 341; 34659
211; 341; 35624
212; 341; 36206
213; 341; 36240
214; 341; 35788
215; 341; 34995
216; 341; 34008
217; 341; 33141
218; 341; 32810
219; 341; 32818
220; 341; 32982
221; 341; 33212
222; 341; 33375
223; 341; 33355
224; 341; 33079
225; 341; 32854
177; 342; 33991
178; 342; 33555
179; 342; 33522
180; 342; 33801
181; 342; 33848
182; 342; 33594
183; 342; 33288
184; 342; 33295
185; 342; 33451
186; 342; 33443
187; 342; 33390
188; 342; 33403
189; 342; 33623
190; 342; 33837
191; 342; 33793
192; 342; 33586
193; 342; 33428
194; 342; 33644
195; 342; 33821
196; 342; 33668
197; 342; 33210
198; 342; 33079
199; 342; 33479
200; 342; 33747
201; 342; 33579
202; 342; 33091
203; 342; 32818
204; 342; 32855
205; 342; 32919
206; 342; 32852
207; 342; 32784
208; 342; 33023
209; 342; 33771
210; 342; 34750
211; 342; 35526
212; 342; 36049
213; 342; 36267
214; 342; 36016
215; 342; 35249
216; 342; 34171
217; 342; 33264
218; 342; 32861
219; 342; 32878
220; 342; 32978
221; 342; 33037
222; 342; 33100
223; 342; 33108
224; 342; 32933
225; 342; 32871
177; 343; 34220
178; 343; 33897
179; 343; 33631
180; 343; 33707
181; 343; 33688
182; 343; 33356
183; 343; 33055
184; 343; 33059
185; 343; 33398
186; 343; 33688
187; 343; 33749
188; 343; 33621
189; 343; 33483
190; 343; 33505
191; 343; 33525
192; 343; 33370
193; 343; 33087
194; 343; 33115
195; 343; 33576
196; 343; 33741
197; 343; 33541
198; 343; 33203
199; 343; 33366
200; 343; 33801
201; 343; 33742
202; 343; 33196
203; 343; 32811
204; 343; 32836
205; 343; 32893
206; 343; 32866
207; 343; 32769
208; 343; 32967
209; 343; 33693
210; 343; 34583
211; 343; 35334
212; 343; 36056
213; 343; 36527
214; 343; 36357
215; 343; 35513
216; 343; 34362
217; 343; 33485
218; 343; 33063
219; 343; 32959
220; 343; 32983
221; 343; 33055
222; 343; 33160
223; 343; 33197
224; 343; 33042
225; 343; 32871
177; 344; 34270
178; 344; 34241
179; 344; 34034
180; 344; 33867
181; 344; 33684
182; 344; 33375
183; 344; 33129
184; 344; 33078
185; 344; 33296
186; 344; 33696
187; 344; 33896
188; 344; 33872
189; 344; 33480
190; 344; 33055
191; 344; 32945
192; 344; 32966
193; 344; 32896
194; 344; 32813
195; 344; 33096
196; 344; 33669
197; 344; 33647
198; 344; 33233
199; 344; 33223
200; 344; 33712
201; 344; 33832
202; 344; 33421
203; 344; 32883
204; 344; 32814
205; 344; 32941
206; 344; 32909
207; 344; 32811
208; 344; 32996
209; 344; 33647
210; 344; 34360
211; 344; 34975
212; 344; 35862
213; 344; 36538
214; 344; 36440
215; 344; 35566
216; 344; 34430
217; 344; 33639
218; 344; 33248
219; 344; 33075
220; 344; 33055
221; 344; 33213
222; 344; 33351
223; 344; 33351
224; 344; 33233
225; 344; 33068
177; 345; 34162
178; 345; 34304
179; 345; 34268
180; 345; 34017
181; 345; 33747
182; 345; 33585
183; 345; 33571
184; 345; 33569
185; 345; 33561
186; 345; 33643
187; 345; 33758
188; 345; 33710
189; 345; 33383
190; 345; 32962
191; 345; 32865
192; 345; 33066
193; 345; 33215
194; 345; 33177
195; 345; 33326
196; 345; 33759
197; 345; 33898
198; 345; 33409
199; 345; 33166
200; 345; 33465
201; 345; 33937
202; 345; 33751
203; 345; 33152
204; 345; 32878
205; 345; 32991
206; 345; 33002
207; 345; 32882
208; 345; 32989
209; 345; 33612
210; 345; 34302
211; 345; 34708
212; 345; 35172
213; 345; 35690
214; 345; 35731
215; 345; 35125
216; 345; 34305
217; 345; 33686
218; 345; 33393
219; 345; 33245
220; 345; 33245
221; 345; 33309
222; 345; 33333
223; 345; 33219
224; 345; 33063
225; 345; 33122
177; 346; 33864
178; 346; 34045
179; 346; 34050
180; 346; 33849
181; 346; 33599
182; 346; 33543
183; 346; 33733
184; 346; 33954
185; 346; 34012
186; 346; 33858
187; 346; 33705
188; 346; 33641
189; 346; 33593
190; 346; 33540
191; 346; 33719
192; 346; 34211
193; 346; 34585
194; 346; 34562
195; 346; 34462
196; 346; 34635
197; 346; 34561
198; 346; 33893
199; 346; 33181
200; 346; 33223
201; 346; 33880
202; 346; 33999
203; 346; 33440
204; 346; 32891
205; 346; 32922
206; 346; 33026
207; 346; 32914
208; 346; 32877
209; 346; 33533
210; 346; 34437
211; 346; 34685
212; 346; 34441
213; 346; 34289
214; 346; 34289
215; 346; 34186
216; 346; 33917
217; 346; 33708
218; 346; 33559
219; 346; 33406
220; 346; 33306
221; 346; 33280
222; 346; 33126
223; 346; 32909
224; 346; 32871
225; 346; 32933
177; 347; 33529
178; 347; 33523
179; 347; 33483
180; 347; 33363
181; 347; 33206
182; 347; 33137
183; 347; 33302
184; 347; 33752
185; 347; 34159
186; 347; 34313
187; 347; 34200
188; 347; 34165
189; 347; 34386
190; 347; 34795
191; 347; 35245
192; 347; 35783
193; 347; 36194
194; 347; 36166
195; 347; 35842
196; 347; 35589
197; 347; 35290
198; 347; 34517
199; 347; 33536
200; 347; 33216
201; 347; 33730
202; 347; 33994
203; 347; 33551
204; 347; 32920
205; 347; 32841
206; 347; 32927
207; 347; 32896
208; 347; 32818
209; 347; 33536
210; 347; 34677
211; 347; 34912
212; 347; 34172
213; 347; 33343
214; 347; 33028
215; 347; 33144
216; 347; 33392
217; 347; 33638
218; 347; 33641
219; 347; 33452
220; 347; 33196
221; 347; 33087
222; 347; 32949
223; 347; 32901
224; 347; 32966
225; 347; 32875
177; 348; 33216
178; 348; 33100
179; 348; 33032
180; 348; 32973
181; 348; 32920
182; 348; 32866
183; 348; 32893
184; 348; 33240
185; 348; 33976
186; 348; 34587
187; 348; 34842
188; 348; 34971
189; 348; 35354
190; 348; 35890
191; 348; 36351
192; 348; 36709
193; 348; 37035
194; 348; 37075
195; 348; 36673
196; 348; 36132
197; 348; 35703
198; 348; 35029
199; 348; 34078
200; 348; 33520
201; 348; 33682
202; 348; 33915
203; 348; 33658
204; 348; 33024
205; 348; 32802
206; 348; 32848
207; 348; 32831
208; 348; 32845
209; 348; 33557
210; 348; 34676
211; 348; 34920
212; 348; 34162
213; 348; 33150
214; 348; 32785
215; 348; 32837
216; 348; 33084
217; 348; 33483
218; 348; 33627
219; 348; 33474
220; 348; 33131
221; 348; 32995
222; 348; 32959
223; 348; 32899
224; 348; 32841
225; 348; 32850
177; 349; 33084
178; 349; 32999
179; 349; 32929
180; 349; 32906
181; 349; 32919
182; 349; 32907
183; 349; 32902
184; 349; 33001
185; 349; 33727
186; 349; 34653
187; 349; 35180
188; 349; 35392
189; 349; 35838
190; 349; 36443
191; 349; 36781
192; 349; 36871
193; 349; 37067
194; 349; 37266
195; 349; 37077
196; 349; 36472
197; 349; 35947
198; 349; 35443
199; 349; 34636
200; 349; 33869
201; 349; 33742
202; 349; 33948
203; 349; 33860
204; 349; 33278
205; 349; 32839
206; 349; 32809
207; 349; 32834
208; 349; 32855
209; 349; 33299
210; 349; 34114
211; 349; 34438
212; 349; 34059
213; 349; 33501
214; 349; 33278
215; 349; 33255
216; 349; 33245
217; 349; 33338
218; 349; 33462
219; 349; 33451
220; 349; 33229
221; 349; 33049
222; 349; 33069
223; 349; 33163
224; 349; 33149
225; 349; 33094
