199; 277; 33146
200; 277; 33018
201; 277; 32923
202; 277; 33008
203; 277; 33103
204; 277; 33241
205; 277; 33414
206; 277; 33418
207; 277; 33231
208; 277; 33018
209; 277; 32920
210; 277; 32908
211; 277; 32931
212; 277; 32990
213; 277; 33012
214; 277; 32976
215; 277; 32944
216; 277; 32985
217; 277; 33093
218; 277; 33182
219; 277; 33362
220; 277; 33675
221; 277; 33907
222; 277; 33878
223; 277; 33712
224; 277; 33558
225; 277; 33441
226; 277; 33298
227; 277; 33184
228; 277; 33150
229; 277; 33150
230; 277; 33070
231; 277; 32990
232; 277; 32912
233; 277; 32906
234; 277; 32950
235; 277; 32984
236; 277; 32963
237; 277; 32903
238; 277; 32875
239; 277; 32884
240; 277; 32938
241; 277; 33047
242; 277; 33164
243; 277; 33238
244; 277; 33275
245; 277; 33339
246; 277; 33457
247; 277; 33585
248; 277; 33677
249; 277; 33720
250; 277; 33711
199; 278; 33140
200; 278; 32994
201; 278; 32931
202; 278; 33066
203; 278; 33131
204; 278; 33249
205; 278; 33466
206; 278; 33404
207; 278; 33093
208; 278; 32882
209; 278; 32878
210; 278; 32896
211; 278; 32916
212; 278; 32979
213; 278; 33030
214; 278; 32980
215; 278; 32917
216; 278; 33000
217; 278; 33211
218; 278; 33334
219; 278; 33431
220; 278; 33623
221; 278; 33786
222; 278; 33767
223; 278; 33653
224; 278; 33566
225; 278; 33473
226; 278; 33345
227; 278; 33249
228; 278; 33213
229; 278; 33165
230; 278; 33035
231; 278; 32957
232; 278; 32914
233; 278; 32945
234; 278; 33033
235; 278; 33061
236; 278; 32979
237; 278; 32905
238; 278; 32911
239; 278; 32952
240; 278; 33006
241; 278; 33107
242; 278; 33227
243; 278; 33283
244; 278; 33323
245; 278; 33419
246; 278; 33549
247; 278; 33658
248; 278; 33724
249; 278; 33762
250; 278; 33765
199; 279; 33083
200; 279; 32946
201; 279; 32924
202; 279; 33029
203; 279; 33078
204; 279; 33190
205; 279; 33378
206; 279; 33300
207; 279; 33025
208; 279; 32887
209; 279; 32893
210; 279; 32911
211; 279; 32929
212; 279; 32993
213; 279; 33030
214; 279; 32942
215; 279; 32913
216; 279; 33045
217; 279; 33386
218; 279; 33497
219; 279; 33451
220; 279; 33527
221; 279; 33686
222; 279; 33739
223; 279; 33685
224; 279; 33607
225; 279; 33515
226; 279; 33426
227; 279; 33389
228; 279; 33350
229; 279; 33214
230; 279; 33058
231; 279; 33001
232; 279; 33014
233; 279; 33054
234; 279; 33099
235; 279; 33071
236; 279; 32987
237; 279; 32932
238; 279; 32982
239; 279; 33066
240; 279; 33085
241; 279; 33140
242; 279; 33255
243; 279; 33324
244; 279; 33415
245; 279; 33578
246; 279; 33714
247; 279; 33746
248; 279; 33722
249; 279; 33723
250; 279; 33753
199; 280; 33033
200; 280; 32937
201; 280; 32962
202; 280; 33038
203; 280; 33064
204; 280; 33141
205; 280; 33278
206; 280; 33210
207; 280; 32999
208; 280; 32907
209; 280; 32937
210; 280; 32986
211; 280; 32978
212; 280; 33027
213; 280; 33002
214; 280; 32924
215; 280; 33009
216; 280; 33266
217; 280; 33674
218; 280; 33644
219; 280; 33466
220; 280; 33482
221; 280; 33662
222; 280; 33765
223; 280; 33735
224; 280; 33648
225; 280; 33578
226; 280; 33546
227; 280; 33580
228; 280; 33536
229; 280; 33324
230; 280; 33136
231; 280; 33114
232; 280; 33151
233; 280; 33152
234; 280; 33121
235; 280; 33044
236; 280; 32978
237; 280; 32979
238; 280; 33057
239; 280; 33120
240; 280; 33114
241; 280; 33177
242; 280; 33308
243; 280; 33398
244; 280; 33537
245; 280; 33747
246; 280; 33870
247; 280; 33830
248; 280; 33724
249; 280; 33667
250; 280; 33685
199; 281; 32981
200; 281; 32945
201; 281; 33004
202; 281; 33065
203; 281; 33069
204; 281; 33122
205; 281; 33238
206; 281; 33153
207; 281; 32968
208; 281; 32921
209; 281; 32943
210; 281; 32981
211; 281; 32976
212; 281; 32996
213; 281; 32933
214; 281; 32999
215; 281; 33194
216; 281; 33624
217; 281; 33881
218; 281; 33766
219; 281; 33536
220; 281; 33556
221; 281; 33725
222; 281; 33782
223; 281; 33711
224; 281; 33629
225; 281; 33591
226; 281; 33617
227; 281; 33715
228; 281; 33706
229; 281; 33509
230; 281; 33281
231; 281; 33187
232; 281; 33167
233; 281; 33147
234; 281; 33123
235; 281; 33062
236; 281; 33004
237; 281; 33026
238; 281; 33090
239; 281; 33098
240; 281; 33102
241; 281; 33234
242; 281; 33411
243; 281; 33532
244; 281; 33684
245; 281; 33861
246; 281; 33926
247; 281; 33853
248; 281; 33741
249; 281; 33665
250; 281; 33653
199; 282; 32945
200; 282; 32964
201; 282; 33022
202; 282; 33048
203; 282; 33046
204; 282; 33130
205; 282; 33238
206; 282; 33098
207; 282; 32922
208; 282; 32944
209; 282; 32931
210; 282; 32926
211; 282; 32924
212; 282; 32929
213; 282; 32895
214; 282; 33060
215; 282; 33398
216; 282; 33812
217; 282; 33920
218; 282; 33774
219; 282; 33615
220; 282; 33709
221; 282; 33863
222; 282; 33812
223; 282; 33673
224; 282; 33586
225; 282; 33566
226; 282; 33628
227; 282; 33779
228; 282; 33844
229; 282; 33726
230; 282; 33490
231; 282; 33252
232; 282; 33110
233; 282; 33102
234; 282; 33156
235; 282; 33156
236; 282; 33105
237; 282; 33099
238; 282; 33117
239; 282; 33087
240; 282; 33133
241; 282; 33346
242; 282; 33573
243; 282; 33723
244; 282; 33842
245; 282; 33922
246; 282; 33900
247; 282; 33809
248; 282; 33730
249; 282; 33689
250; 282; 33679
199; 283; 32954
200; 283; 32974
201; 283; 33002
202; 283; 32989
203; 283; 33019
204; 283; 33161
205; 283; 33228
206; 283; 33050
207; 283; 32917
208; 283; 32960
209; 283; 32961
210; 283; 32960
211; 283; 32914
212; 283; 32908
213; 283; 32938
214; 283; 33101
215; 283; 33478
216; 283; 33784
217; 283; 33822
218; 283; 33592
219; 283; 33593
220; 283; 33849
221; 283; 33918
222; 283; 33832
223; 283; 33645
224; 283; 33567
225; 283; 33582
226; 283; 33676
227; 283; 33848
228; 283; 33947
229; 283; 33889
230; 283; 33686
231; 283; 33394
232; 283; 33165
233; 283; 33159
234; 283; 33274
235; 283; 33321
236; 283; 33274
237; 283; 33228
238; 283; 33201
239; 283; 33178
240; 283; 33282
241; 283; 33538
242; 283; 33775
243; 283; 33909
244; 283; 33960
245; 283; 33945
246; 283; 33858
247; 283; 33753
248; 283; 33695
249; 283; 33686
250; 283; 33702
199; 284; 33016
200; 284; 32994
201; 284; 32987
202; 284; 32964
203; 284; 33033
204; 284; 33195
205; 284; 33194
206; 284; 33017
207; 284; 32957
208; 284; 32958
209; 284; 33025
210; 284; 33055
211; 284; 32981
212; 284; 32955
213; 284; 33010
214; 284; 33151
215; 284; 33504
216; 284; 33640
217; 284; 33562
218; 284; 33338
219; 284; 33393
220; 284; 33712
221; 284; 33840
222; 284; 33721
223; 284; 33554
224; 284; 33490
225; 284; 33594
226; 284; 33794
227; 284; 33919
228; 284; 33967
229; 284; 33897
230; 284; 33754
231; 284; 33556
232; 284; 33385
233; 284; 33371
234; 284; 33461
235; 284; 33501
236; 284; 33450
237; 284; 33382
238; 284; 33352
239; 284; 33384
240; 284; 33529
241; 284; 33751
242; 284; 33919
243; 284; 33980
244; 284; 33963
245; 284; 33905
246; 284; 33820
247; 284; 33739
248; 284; 33695
249; 284; 33682
250; 284; 33699
199; 285; 33044
200; 285; 32988
201; 285; 32984
202; 285; 32998
203; 285; 33082
204; 285; 33211
205; 285; 33129
206; 285; 32958
207; 285; 32982
208; 285; 32951
209; 285; 33063
210; 285; 33096
211; 285; 33032
212; 285; 33027
213; 285; 33085
214; 285; 33226
215; 285; 33571
216; 285; 33647
217; 285; 33470
218; 285; 33206
219; 285; 33132
220; 285; 33308
221; 285; 33457
222; 285; 33374
223; 285; 33224
224; 285; 33229
225; 285; 33426
226; 285; 33725
227; 285; 33907
228; 285; 33927
229; 285; 33834
230; 285; 33734
231; 285; 33658
232; 285; 33591
233; 285; 33576
234; 285; 33623
235; 285; 33655
236; 285; 33613
237; 285; 33549
238; 285; 33537
239; 285; 33597
240; 285; 33721
241; 285; 33853
242; 285; 33914
243; 285; 33897
244; 285; 33857
245; 285; 33829
246; 285; 33798
247; 285; 33761
248; 285; 33737
249; 285; 33711
250; 285; 33697
199; 286; 33015
200; 286; 32958
201; 286; 32995
202; 286; 33033
203; 286; 33115
204; 286; 33208
205; 286; 33071
206; 286; 32905
207; 286; 32967
208; 286; 32960
209; 286; 33071
210; 286; 33044
211; 286; 33022
212; 286; 33092
213; 286; 33185
214; 286; 33336
215; 286; 33610
216; 286; 33693
217; 286; 33430
218; 286; 33141
219; 286; 33033
220; 286; 33076
221; 286; 33176
222; 286; 33142
223; 286; 33037
224; 286; 32968
225; 286; 33037
226; 286; 33409
227; 286; 33779
228; 286; 33896
229; 286; 33860
230; 286; 33791
231; 286; 33715
232; 286; 33616
233; 286; 33557
234; 286; 33617
235; 286; 33718
236; 286; 33734
237; 286; 33681
238; 286; 33661
239; 286; 33706
240; 286; 33772
241; 286; 33805
242; 286; 33789
243; 286; 33763
244; 286; 33774
245; 286; 33808
246; 286; 33805
247; 286; 33765
248; 286; 33739
249; 286; 33727
250; 286; 33722
199; 287; 33003
200; 287; 32982
201; 287; 33022
202; 287; 33047
203; 287; 33127
204; 287; 33195
205; 287; 33037
206; 287; 32872
207; 287; 32933
208; 287; 33028
209; 287; 33047
210; 287; 32958
211; 287; 33009
212; 287; 33181
213; 287; 33321
214; 287; 33458
215; 287; 33610
216; 287; 33579
217; 287; 33322
218; 287; 33090
219; 287; 33026
220; 287; 33070
221; 287; 33164
222; 287; 33165
223; 287; 33098
224; 287; 32980
225; 287; 32903
226; 287; 33056
227; 287; 33442
228; 287; 33790
229; 287; 33903
230; 287; 33896
231; 287; 33795
232; 287; 33579
233; 287; 33412
234; 287; 33475
235; 287; 33676
236; 287; 33782
237; 287; 33750
238; 287; 33713
239; 287; 33742
240; 287; 33765
241; 287; 33728
242; 287; 33679
243; 287; 33697
244; 287; 33782
245; 287; 33854
246; 287; 33831
247; 287; 33737
248; 287; 33672
249; 287; 33685
250; 287; 33743
199; 288; 32990
200; 288; 32959
201; 288; 32995
202; 288; 33047
203; 288; 33118
204; 288; 33148
205; 288; 33016
206; 288; 32918
207; 288; 32941
208; 288; 33007
209; 288; 32951
210; 288; 32918
211; 288; 33041
212; 288; 33288
213; 288; 33435
214; 288; 33561
215; 288; 33600
216; 288; 33436
217; 288; 33174
218; 288; 33054
219; 288; 33103
220; 288; 33232
221; 288; 33328
222; 288; 33329
223; 288; 33255
224; 288; 33121
225; 288; 32944
226; 288; 32960
227; 288; 33126
228; 288; 33387
229; 288; 33705
230; 288; 33874
231; 288; 33844
232; 288; 33696
233; 288; 33431
234; 288; 33393
235; 288; 33561
236; 288; 33740
237; 288; 33773
238; 288; 33740
239; 288; 33757
240; 288; 33776
241; 288; 33721
242; 288; 33662
243; 288; 33696
244; 288; 33800
245; 288; 33884
246; 288; 33871
247; 288; 33759
248; 288; 33645
249; 288; 33649
250; 288; 33749
199; 289; 32969
200; 289; 32925
201; 289; 32985
202; 289; 33058
203; 289; 33140
204; 289; 33100
205; 289; 32978
206; 289; 32946
207; 289; 32944
208; 289; 32939
209; 289; 32907
210; 289; 32988
211; 289; 33116
212; 289; 33321
213; 289; 33521
214; 289; 33673
215; 289; 33622
216; 289; 33325
217; 289; 33049
218; 289; 33051
219; 289; 33234
220; 289; 33417
221; 289; 33492
222; 289; 33442
223; 289; 33325
224; 289; 33226
225; 289; 33158
226; 289; 33092
227; 289; 33052
228; 289; 33034
229; 289; 33205
230; 289; 33515
231; 289; 33804
232; 289; 33938
233; 289; 33791
234; 289; 33445
235; 289; 33446
236; 289; 33620
237; 289; 33750
238; 289; 33737
239; 289; 33726
240; 289; 33765
241; 289; 33763
242; 289; 33718
243; 289; 33701
244; 289; 33736
245; 289; 33815
246; 289; 33881
247; 289; 33856
248; 289; 33758
249; 289; 33717
250; 289; 33765
199; 290; 32975
200; 290; 32924
201; 290; 32981
202; 290; 33090
203; 290; 33213
204; 290; 33103
205; 290; 32931
206; 290; 32886
207; 290; 32882
208; 290; 32880
209; 290; 32894
210; 290; 32977
211; 290; 33112
212; 290; 33234
213; 290; 33476
214; 290; 33768
215; 290; 33663
216; 290; 33264
217; 290; 33007
218; 290; 33079
219; 290; 33345
220; 290; 33539
221; 290; 33563
222; 290; 33427
223; 290; 33257
224; 290; 33209
225; 290; 33315
226; 290; 33335
227; 290; 33198
228; 290; 33015
229; 290; 32957
230; 290; 33043
231; 290; 33487
232; 290; 34012
233; 290; 34122
234; 290; 33741
235; 290; 33431
236; 290; 33498
237; 290; 33679
238; 290; 33688
239; 290; 33657
240; 290; 33727
241; 290; 33806
242; 290; 33789
243; 290; 33690
244; 290; 33619
245; 290; 33686
246; 290; 33849
247; 290; 33959
248; 290; 33932
249; 290; 33867
250; 290; 33835
199; 291; 33010
200; 291; 32916
201; 291; 32961
202; 291; 33107
203; 291; 33243
204; 291; 33117
205; 291; 32928
206; 291; 32867
207; 291; 32919
208; 291; 32925
209; 291; 32904
210; 291; 32979
211; 291; 33069
212; 291; 33142
213; 291; 33471
214; 291; 33837
215; 291; 33688
216; 291; 33252
217; 291; 33037
218; 291; 33142
219; 291; 33425
220; 291; 33593
221; 291; 33569
222; 291; 33381
223; 291; 33190
224; 291; 33169
225; 291; 33387
226; 291; 33468
227; 291; 33380
228; 291; 33273
229; 291; 33092
230; 291; 32941
231; 291; 33034
232; 291; 33714
233; 291; 34179
234; 291; 34033
235; 291; 33570
236; 291; 33499
237; 291; 33619
238; 291; 33643
239; 291; 33637
240; 291; 33736
241; 291; 33846
242; 291; 33829
243; 291; 33681
244; 291; 33554
245; 291; 33608
246; 291; 33801
247; 291; 33967
248; 291; 33991
249; 291; 33938
250; 291; 33894
199; 292; 33106
200; 292; 32905
201; 292; 32934
202; 292; 33100
203; 292; 33209
204; 292; 33098
205; 292; 32942
206; 292; 32872
207; 292; 32925
208; 292; 32918
209; 292; 32913
210; 292; 33006
211; 292; 33068
212; 292; 33115
213; 292; 33515
214; 292; 33879
215; 292; 33699
216; 292; 33296
217; 292; 33119
218; 292; 33238
219; 292; 33466
220; 292; 33591
221; 292; 33555
222; 292; 33377
223; 292; 33200
224; 292; 33203
225; 292; 33407
226; 292; 33455
227; 292; 33423
228; 292; 33456
229; 292; 33375
230; 292; 33090
231; 292; 32891
232; 292; 33228
233; 292; 33894
234; 292; 34019
235; 292; 33851
236; 292; 33641
237; 292; 33620
238; 292; 33641
239; 292; 33688
240; 292; 33793
241; 292; 33870
242; 292; 33823
243; 292; 33682
244; 292; 33591
245; 292; 33654
246; 292; 33798
247; 292; 33902
248; 292; 33910
249; 292; 33884
250; 292; 33891
199; 293; 33282
200; 293; 33001
201; 293; 32909
202; 293; 33059
203; 293; 33130
204; 293; 33020
205; 293; 32916
206; 293; 32873
207; 293; 32900
208; 293; 32886
209; 293; 32944
210; 293; 33060
211; 293; 33080
212; 293; 33074
213; 293; 33458
214; 293; 33823
215; 293; 33675
216; 293; 33365
217; 293; 33244
218; 293; 33325
219; 293; 33450
220; 293; 33538
221; 293; 33521
222; 293; 33375
223; 293; 33236
224; 293; 33288
225; 293; 33416
226; 293; 33382
227; 293; 33359
228; 293; 33456
229; 293; 33482
230; 293; 33303
231; 293; 33005
232; 293; 32998
233; 293; 33467
234; 293; 33944
235; 293; 33982
236; 293; 33819
237; 293; 33662
238; 293; 33649
239; 293; 33726
240; 293; 33812
241; 293; 33846
242; 293; 33788
243; 293; 33687
244; 293; 33668
245; 293; 33765
246; 293; 33852
247; 293; 33860
248; 293; 33822
249; 293; 33812
250; 293; 33858
199; 294; 33387
200; 294; 33157
201; 294; 33013
202; 294; 33042
203; 294; 33052
204; 294; 32923
205; 294; 32866
206; 294; 32887
207; 294; 32903
208; 294; 32892
209; 294; 32966
210; 294; 33084
211; 294; 33046
212; 294; 33007
213; 294; 33279
214; 294; 33653
215; 294; 33582
216; 294; 33404
217; 294; 33363
218; 294; 33391
219; 294; 33412
220; 294; 33466
221; 294; 33463
222; 294; 33346
223; 294; 33264
224; 294; 33367
225; 294; 33441
226; 294; 33361
227; 294; 33317
228; 294; 33366
229; 294; 33404
230; 294; 33373
231; 294; 33225
232; 294; 33078
233; 294; 33201
234; 294; 33760
235; 294; 34049
236; 294; 33941
237; 294; 33708
238; 294; 33653
239; 294; 33717
240; 294; 33774
241; 294; 33802
242; 294; 33775
243; 294; 33700
244; 294; 33705
245; 294; 33819
246; 294; 33884
247; 294; 33851
248; 294; 33809
249; 294; 33815
250; 294; 33848
199; 295; 33393
200; 295; 33276
201; 295; 33201
202; 295; 33172
203; 295; 33064
204; 295; 32903
205; 295; 32879
206; 295; 32909
207; 295; 32894
208; 295; 32883
209; 295; 32990
210; 295; 33090
211; 295; 33038
212; 295; 32989
213; 295; 33269
214; 295; 33529
215; 295; 33467
216; 295; 33391
217; 295; 33431
218; 295; 33434
219; 295; 33395
220; 295; 33423
221; 295; 33408
222; 295; 33293
223; 295; 33263
224; 295; 33403
225; 295; 33467
226; 295; 33398
227; 295; 33353
228; 295; 33324
229; 295; 33296
230; 295; 33335
231; 295; 33335
232; 295; 33187
233; 295; 33185
234; 295; 33695
235; 295; 34091
236; 295; 33992
237; 295; 33757
238; 295; 33692
239; 295; 33723
240; 295; 33740
241; 295; 33783
242; 295; 33802
243; 295; 33731
244; 295; 33702
245; 295; 33792
246; 295; 33857
247; 295; 33840
248; 295; 33835
249; 295; 33862
250; 295; 33863
199; 296; 33347
200; 296; 33317
201; 296; 33352
202; 296; 33349
203; 296; 33166
204; 296; 32930
205; 296; 32861
206; 296; 32904
207; 296; 32911
208; 296; 32914
209; 296; 33024
210; 296; 33134
211; 296; 33128
212; 296; 33282
213; 296; 33645
214; 296; 33683
215; 296; 33380
216; 296; 33327
217; 296; 33408
218; 296; 33435
219; 296; 33404
220; 296; 33433
221; 296; 33399
222; 296; 33262
223; 296; 33240
224; 296; 33388
225; 296; 33461
226; 296; 33419
227; 296; 33394
228; 296; 33341
229; 296; 33265
230; 296; 33294
231; 296; 33363
232; 296; 33306
233; 296; 33268
234; 296; 33657
235; 296; 34053
236; 296; 33982
237; 296; 33803
238; 296; 33774
239; 296; 33785
240; 296; 33758
241; 296; 33790
242; 296; 33829
243; 296; 33763
244; 296; 33702
245; 296; 33761
246; 296; 33832
247; 296; 33835
248; 296; 33839
249; 296; 33866
250; 296; 33858
199; 297; 33275
200; 297; 33279
201; 297; 33419
202; 297; 33469
203; 297; 33260
204; 297; 32984
205; 297; 32869
206; 297; 32906
207; 297; 32934
208; 297; 32974
209; 297; 33094
210; 297; 33217
211; 297; 33327
212; 297; 33724
213; 297; 34056
214; 297; 33927
215; 297; 33440
216; 297; 33283
217; 297; 33332
218; 297; 33400
219; 297; 33429
220; 297; 33481
221; 297; 33424
222; 297; 33261
223; 297; 33211
224; 297; 33339
225; 297; 33423
226; 297; 33413
227; 297; 33395
228; 297; 33327
229; 297; 33246
230; 297; 33293
231; 297; 33404
232; 297; 33368
233; 297; 33322
234; 297; 33548
235; 297; 33927
236; 297; 33921
237; 297; 33849
238; 297; 33858
239; 297; 33854
240; 297; 33790
241; 297; 33782
242; 297; 33811
243; 297; 33773
244; 297; 33723
245; 297; 33767
246; 297; 33845
247; 297; 33861
248; 297; 33834
249; 297; 33814
250; 297; 33815
199; 298; 33211
200; 298; 33197
201; 298; 33447
202; 298; 33565
203; 298; 33325
204; 298; 33003
205; 298; 32887
206; 298; 32914
207; 298; 32937
208; 298; 32998
209; 298; 33127
210; 298; 33254
211; 298; 33418
212; 298; 33894
213; 298; 34202
214; 298; 34093
215; 298; 33569
216; 298; 33309
217; 298; 33301
218; 298; 33388
219; 298; 33469
220; 298; 33513
221; 298; 33425
222; 298; 33249
223; 298; 33184
224; 298; 33310
225; 298; 33418
226; 298; 33437
227; 298; 33399
228; 298; 33284
229; 298; 33197
230; 298; 33307
231; 298; 33469
232; 298; 33404
233; 298; 33293
234; 298; 33403
235; 298; 33785
236; 298; 33888
237; 298; 33897
238; 298; 33902
239; 298; 33873
240; 298; 33797
241; 298; 33763
242; 298; 33786
243; 298; 33786
244; 298; 33754
245; 298; 33763
246; 298; 33833
247; 298; 33885
248; 298; 33858
249; 298; 33800
250; 298; 33796
199; 299; 33181
200; 299; 33142
201; 299; 33503
202; 299; 33736
203; 299; 33471
204; 299; 33038
205; 299; 32881
206; 299; 32897
207; 299; 32921
208; 299; 32990
209; 299; 33132
210; 299; 33264
211; 299; 33415
212; 299; 33821
213; 299; 34166
214; 299; 34137
215; 299; 33668
216; 299; 33352
217; 299; 33316
218; 299; 33393
219; 299; 33473
220; 299; 33471
221; 299; 33373
222; 299; 33222
223; 299; 33202
224; 299; 33339
225; 299; 33450
226; 299; 33495
227; 299; 33454
228; 299; 33287
229; 299; 33176
230; 299; 33317
231; 299; 33497
232; 299; 33411
233; 299; 33248
234; 299; 33314
235; 299; 33717
236; 299; 33894
237; 299; 33918
238; 299; 33899
239; 299; 33860
240; 299; 33802
241; 299; 33779
242; 299; 33812
243; 299; 33834
244; 299; 33782
245; 299; 33714
246; 299; 33746
247; 299; 33860
248; 299; 33912
249; 299; 33872
250; 299; 33843
199; 300; 33205
200; 300; 33174
201; 300; 33586
202; 300; 33891
203; 300; 33640
204; 300; 33152
205; 300; 32908
206; 300; 32865
207; 300; 32907
208; 300; 33001
209; 300; 33155
210; 300; 33282
211; 300; 33383
212; 300; 33723
213; 300; 34178
214; 300; 34191
215; 300; 33747
216; 300; 33396
217; 300; 33339
218; 300; 33385
219; 300; 33422
220; 300; 33380
221; 300; 33300
222; 300; 33217
223; 300; 33279
224; 300; 33398
225; 300; 33470
226; 300; 33522
227; 300; 33500
228; 300; 33332
229; 300; 33217
230; 300; 33335
231; 300; 33482
232; 300; 33402
233; 300; 33262
234; 300; 33338
235; 300; 33720
236; 300; 33873
237; 300; 33890
238; 300; 33877
239; 300; 33864
240; 300; 33839
241; 300; 33833
242; 300; 33867
243; 300; 33886
244; 300; 33807
245; 300; 33670
246; 300; 33647
247; 300; 33787
248; 300; 33925
249; 300; 33937
250; 300; 33891
199; 301; 33286
200; 301; 33281
201; 301; 33608
202; 301; 33831
203; 301; 33607
204; 301; 33198
205; 301; 32972
206; 301; 32882
207; 301; 32914
208; 301; 33042
209; 301; 33163
210; 301; 33245
211; 301; 33333
212; 301; 33712
213; 301; 34270
214; 301; 34345
215; 301; 33907
216; 301; 33469
217; 301; 33379
218; 301; 33392
219; 301; 33394
220; 301; 33336
221; 301; 33285
222; 301; 33267
223; 301; 33352
224; 301; 33432
225; 301; 33463
226; 301; 33495
227; 301; 33480
228; 301; 33353
229; 301; 33267
230; 301; 33355
231; 301; 33456
232; 301; 33406
233; 301; 33336
234; 301; 33468
235; 301; 33765
236; 301; 33823
237; 301; 33829
238; 301; 33851
239; 301; 33881
240; 301; 33876
241; 301; 33864
242; 301; 33881
243; 301; 33896
244; 301; 33833
245; 301; 33707
246; 301; 33651
247; 301; 33734
248; 301; 33853
249; 301; 33887
250; 301; 33861
199; 302; 33383
200; 302; 33366
201; 302; 33486
202; 302; 33554
203; 302; 33389
204; 302; 33123
205; 302; 32967
206; 302; 32890
207; 302; 32947
208; 302; 33073
209; 302; 33146
210; 302; 33180
211; 302; 33281
212; 302; 33722
213; 302; 34362
214; 302; 34479
215; 302; 34116
216; 302; 33605
217; 302; 33427
218; 302; 33415
219; 302; 33431
220; 302; 33399
221; 302; 33351
222; 302; 33313
223; 302; 33346
224; 302; 33400
225; 302; 33435
226; 302; 33466
227; 302; 33451
228; 302; 33345
229; 302; 33286
230; 302; 33365
231; 302; 33440
232; 302; 33429
233; 302; 33463
234; 302; 33658
235; 302; 33806
236; 302; 33797
237; 302; 33773
238; 302; 33818
239; 302; 33867
240; 302; 33866
241; 302; 33854
242; 302; 33870
243; 302; 33892
244; 302; 33867
245; 302; 33803
246; 302; 33756
247; 302; 33755
248; 302; 33778
249; 302; 33786
250; 302; 33804
199; 303; 33439
200; 303; 33342
201; 303; 33260
202; 303; 33269
203; 303; 33232
204; 303; 33082
205; 303; 32941
206; 303; 32876
207; 303; 32962
208; 303; 33079
209; 303; 33131
210; 303; 33155
211; 303; 33237
212; 303; 33664
213; 303; 34301
214; 303; 34459
215; 303; 34248
216; 303; 33754
217; 303; 33453
218; 303; 33420
219; 303; 33475
220; 303; 33482
221; 303; 33410
222; 303; 33329
223; 303; 33314
224; 303; 33354
225; 303; 33410
226; 303; 33464
227; 303; 33465
228; 303; 33360
229; 303; 33294
230; 303; 33357
231; 303; 33414
232; 303; 33430
233; 303; 33534
234; 303; 33829
235; 303; 33888
236; 303; 33794
237; 303; 33737
238; 303; 33780
239; 303; 33829
240; 303; 33840
241; 303; 33857
242; 303; 33894
243; 303; 33915
244; 303; 33901
245; 303; 33868
246; 303; 33839
247; 303; 33816
248; 303; 33785
249; 303; 33760
250; 303; 33793
199; 304; 33465
200; 304; 33273
201; 304; 33097
202; 304; 33146
203; 304; 33244
204; 304; 33149
205; 304; 32979
206; 304; 32894
207; 304; 32952
208; 304; 33066
209; 304; 33135
210; 304; 33179
211; 304; 33215
212; 304; 33522
213; 304; 34076
214; 304; 34360
215; 304; 34294
216; 304; 33923
217; 304; 33535
218; 304; 33436
219; 304; 33488
220; 304; 33489
221; 304; 33394
222; 304; 33332
223; 304; 33347
224; 304; 33370
225; 304; 33396
226; 304; 33458
227; 304; 33479
228; 304; 33378
229; 304; 33313
230; 304; 33366
231; 304; 33417
232; 304; 33451
233; 304; 33692
234; 304; 33936
235; 304; 33949
236; 304; 33791
237; 304; 33721
238; 304; 33776
239; 304; 33835
240; 304; 33850
241; 304; 33869
242; 304; 33906
243; 304; 33933
244; 304; 33920
245; 304; 33873
246; 304; 33845
247; 304; 33858
248; 304; 33857
249; 304; 33813
250; 304; 33795
199; 305; 33509
200; 305; 33253
201; 305; 33058
202; 305; 33154
203; 305; 33301
204; 305; 33208
205; 305; 33019
206; 305; 32911
207; 305; 32913
208; 305; 33049
209; 305; 33157
210; 305; 33229
211; 305; 33263
212; 305; 33383
213; 305; 33784
214; 305; 34232
215; 305; 34292
216; 305; 34102
217; 305; 33671
218; 305; 33489
219; 305; 33517
220; 305; 33478
221; 305; 33362
222; 305; 33344
223; 305; 33416
224; 305; 33418
225; 305; 33396
226; 305; 33447
227; 305; 33449
228; 305; 33338
229; 305; 33307
230; 305; 33423
231; 305; 33565
232; 305; 33728
233; 305; 33974
234; 305; 34077
235; 305; 33955
236; 305; 33771
237; 305; 33726
238; 305; 33810
239; 305; 33884
240; 305; 33886
241; 305; 33852
242; 305; 33851
243; 305; 33904
244; 305; 33936
245; 305; 33885
246; 305; 33833
247; 305; 33873
248; 305; 33929
249; 305; 33888
250; 305; 33785
199; 306; 33547
200; 306; 33273
201; 306; 33089
202; 306; 33188
203; 306; 33284
204; 306; 33188
205; 306; 33036
206; 306; 32952
207; 306; 32928
208; 306; 33044
209; 306; 33189
210; 306; 33291
211; 306; 33322
212; 306; 33341
213; 306; 33559
214; 306; 34098
215; 306; 34383
216; 306; 34284
217; 306; 33827
218; 306; 33592
219; 306; 33593
220; 306; 33533
221; 306; 33392
222; 306; 33361
223; 306; 33426
224; 306; 33418
225; 306; 33403
226; 306; 33443
227; 306; 33382
228; 306; 33246
229; 306; 33283
230; 306; 33627
231; 306; 33975
232; 306; 34148
233; 306; 34224
234; 306; 34114
235; 306; 33893
236; 306; 33755
237; 306; 33767
238; 306; 33842
239; 306; 33905
240; 306; 33913
241; 306; 33851
242; 306; 33803
243; 306; 33869
244; 306; 33958
245; 306; 33931
246; 306; 33856
247; 306; 33877
248; 306; 33962
249; 306; 33956
250; 306; 33821
199; 307; 33512
200; 307; 33290
201; 307; 33176
202; 307; 33218
203; 307; 33216
204; 307; 33118
205; 307; 33022
206; 307; 33002
207; 307; 33024
208; 307; 33109
209; 307; 33239
210; 307; 33356
211; 307; 33394
212; 307; 33332
213; 307; 33373
214; 307; 33884
215; 307; 34407
216; 307; 34434
217; 307; 33992
218; 307; 33651
219; 307; 33653
220; 307; 33593
221; 307; 33440
222; 307; 33361
223; 307; 33380
224; 307; 33384
225; 307; 33405
226; 307; 33423
227; 307; 33302
228; 307; 33205
229; 307; 33380
230; 307; 33923
231; 307; 34305
232; 307; 34357
233; 307; 34268
234; 307; 33975
235; 307; 33765
236; 307; 33775
237; 307; 33840
238; 307; 33844
239; 307; 33858
240; 307; 33909
241; 307; 33899
242; 307; 33839
243; 307; 33865
244; 307; 33954
245; 307; 33962
246; 307; 33892
247; 307; 33871
248; 307; 33933
249; 307; 33970
250; 307; 33890
199; 308; 33428
200; 308; 33296
201; 308; 33279
202; 308; 33279
203; 308; 33201
204; 308; 33078
205; 308; 33001
206; 308; 33027
207; 308; 33117
208; 308; 33238
209; 308; 33337
210; 308; 33412
211; 308; 33440
212; 308; 33327
213; 308; 33230
214; 308; 33603
215; 308; 34275
216; 308; 34440
217; 308; 34218
218; 308; 33804
219; 308; 33692
220; 308; 33591
221; 308; 33441
222; 308; 33374
223; 308; 33385
224; 308; 33391
225; 308; 33403
226; 308; 33394
227; 308; 33299
228; 308; 33279
229; 308; 33614
230; 308; 34096
231; 308; 34299
232; 308; 34296
233; 308; 34064
234; 308; 33788
235; 308; 33729
236; 308; 33832
237; 308; 33904
238; 308; 33828
239; 308; 33785
240; 308; 33871
241; 308; 33937
242; 308; 33899
243; 308; 33877
244; 308; 33930
245; 308; 33965
246; 308; 33923
247; 308; 33868
248; 308; 33868
249; 308; 33898
250; 308; 33890
199; 309; 33383
200; 309; 33334
201; 309; 33386
202; 309; 33376
203; 309; 33256
204; 309; 33106
205; 309; 33010
206; 309; 33015
207; 309; 33132
208; 309; 33382
209; 309; 33449
210; 309; 33444
211; 309; 33445
212; 309; 33374
213; 309; 33273
214; 309; 33406
215; 309; 33999
216; 309; 34417
217; 309; 34342
218; 309; 34121
219; 309; 33842
220; 309; 33618
221; 309; 33452
222; 309; 33460
223; 309; 33484
224; 309; 33444
225; 309; 33422
226; 309; 33418
227; 309; 33469
228; 309; 33580
229; 309; 33873
230; 309; 34038
231; 309; 34079
232; 309; 33955
233; 309; 33886
234; 309; 33813
235; 309; 33799
236; 309; 33884
237; 309; 33918
238; 309; 33823
239; 309; 33762
240; 309; 33830
241; 309; 33909
242; 309; 33904
243; 309; 33892
244; 309; 33935
245; 309; 33973
246; 309; 33944
247; 309; 33881
248; 309; 33835
249; 309; 33815
250; 309; 33812
199; 310; 33402
200; 310; 33414
201; 310; 33477
202; 310; 33450
203; 310; 33323
204; 310; 33176
205; 310; 33052
206; 310; 33002
207; 310; 33156
208; 310; 33488
209; 310; 33551
210; 310; 33468
211; 310; 33440
212; 310; 33436
213; 310; 33348
214; 310; 33330
215; 310; 33678
216; 310; 34155
217; 310; 34331
218; 310; 34342
219; 310; 34239
220; 310; 33951
221; 310; 33679
222; 310; 33612
223; 310; 33585
224; 310; 33478
225; 310; 33477
226; 310; 33615
227; 310; 33820
228; 310; 33908
229; 310; 33918
230; 310; 33905
231; 310; 33757
232; 310; 33722
233; 310; 33801
234; 310; 33879
235; 310; 33899
236; 310; 33901
237; 310; 33902
238; 310; 33870
239; 310; 33836
240; 310; 33848
241; 310; 33873
242; 310; 33883
243; 310; 33913
244; 310; 33965
245; 310; 33974
246; 310; 33921
247; 310; 33868
248; 310; 33844
249; 310; 33807
250; 310; 33755
199; 311; 33464
200; 311; 33509
201; 311; 33543
202; 311; 33480
203; 311; 33348
204; 311; 33207
205; 311; 33081
206; 311; 33048
207; 311; 33266
208; 311; 33595
209; 311; 33640
210; 311; 33523
211; 311; 33480
212; 311; 33506
213; 311; 33466
214; 311; 33417
215; 311; 33534
216; 311; 33815
217; 311; 34120
218; 311; 34353
219; 311; 34411
220; 311; 34363
221; 311; 34076
222; 311; 33837
223; 311; 33559
224; 311; 33454
225; 311; 33513
226; 311; 33805
227; 311; 33985
228; 311; 33965
229; 311; 33919
230; 311; 33850
231; 311; 33720
232; 311; 33669
233; 311; 33759
234; 311; 33893
235; 311; 33923
236; 311; 33890
237; 311; 33908
238; 311; 33951
239; 311; 33946
240; 311; 33917
241; 311; 33902
242; 311; 33898
243; 311; 33922
244; 311; 33959
245; 311; 33939
246; 311; 33859
247; 311; 33813
248; 311; 33836
249; 311; 33826
250; 311; 33740
199; 312; 33503
200; 312; 33558
201; 312; 33576
202; 312; 33498
203; 312; 33345
204; 312; 33176
205; 312; 33088
206; 312; 33155
207; 312; 33487
208; 312; 33678
209; 312; 33666
210; 312; 33588
211; 312; 33588
212; 312; 33600
213; 312; 33549
214; 312; 33532
215; 312; 33644
216; 312; 33719
217; 312; 33730
218; 312; 33955
219; 312; 34335
220; 312; 34434
221; 312; 34292
222; 312; 33875
223; 312; 33506
224; 312; 33443
225; 312; 33603
226; 312; 33833
227; 312; 33983
228; 312; 33980
229; 312; 33944
230; 312; 33900
231; 312; 33807
232; 312; 33735
233; 312; 33775
234; 312; 33850
235; 312; 33857
236; 312; 33853
237; 312; 33920
238; 312; 33989
239; 312; 33982
240; 312; 33955
241; 312; 33952
242; 312; 33933
243; 312; 33910
244; 312; 33918
245; 312; 33900
246; 312; 33822
247; 312; 33764
248; 312; 33777
249; 312; 33778
250; 312; 33701
199; 313; 33495
200; 313; 33527
201; 313; 33557
202; 313; 33498
203; 313; 33322
204; 313; 33097
205; 313; 33093
206; 313; 33357
207; 313; 33688
208; 313; 33693
209; 313; 33583
210; 313; 33580
211; 313; 33695
212; 313; 33700
213; 313; 33604
214; 313; 33639
215; 313; 33793
216; 313; 33805
217; 313; 33586
218; 313; 33545
219; 313; 33915
220; 313; 34291
221; 313; 34229
222; 313; 33846
223; 313; 33701
224; 313; 33801
225; 313; 33904
226; 313; 33930
227; 313; 34008
228; 313; 34056
229; 313; 34026
230; 313; 33933
231; 313; 33857
232; 313; 33837
233; 313; 33839
234; 313; 33808
235; 313; 33762
236; 313; 33785
237; 313; 33884
238; 313; 33951
239; 313; 33941
240; 313; 33938
241; 313; 33965
242; 313; 33951
243; 313; 33903
244; 313; 33890
245; 313; 33883
246; 313; 33819
247; 313; 33733
248; 313; 33691
249; 313; 33673
250; 313; 33626
199; 314; 33509
200; 314; 33483
201; 314; 33492
202; 314; 33436
203; 314; 33263
204; 314; 33082
205; 314; 33157
206; 314; 33564
207; 314; 33749
208; 314; 33618
209; 314; 33415
210; 314; 33514
211; 314; 33754
212; 314; 33789
213; 314; 33696
214; 314; 33755
215; 314; 33931
216; 314; 33919
217; 314; 33664
218; 314; 33508
219; 314; 33615
220; 314; 33962
221; 314; 34062
222; 314; 34032
223; 314; 34257
224; 314; 34467
225; 314; 34425
226; 314; 34222
227; 314; 34132
228; 314; 34147
229; 314; 34040
230; 314; 33866
231; 314; 33822
232; 314; 33878
233; 314; 33868
234; 314; 33771
235; 314; 33702
236; 314; 33729
237; 314; 33818
238; 314; 33890
239; 314; 33917
240; 314; 33937
241; 314; 33962
242; 314; 33947
243; 314; 33902
244; 314; 33874
245; 314; 33855
246; 314; 33794
247; 314; 33698
248; 314; 33621
249; 314; 33579
250; 314; 33545
199; 315; 33568
200; 315; 33492
201; 315; 33430
202; 315; 33332
203; 315; 33188
204; 315; 33146
205; 315; 33358
206; 315; 33715
207; 315; 33764
208; 315; 33533
209; 315; 33361
210; 315; 33547
211; 315; 33819
212; 315; 33882
213; 315; 33862
214; 315; 33942
215; 315; 34022
216; 315; 33941
217; 315; 33685
218; 315; 33550
219; 315; 33539
220; 315; 33680
221; 315; 33982
222; 315; 34280
223; 315; 34633
224; 315; 34797
225; 315; 34681
226; 315; 34384
227; 315; 34191
228; 315; 34098
229; 315; 33899
230; 315; 33745
231; 315; 33772
232; 315; 33852
233; 315; 33816
234; 315; 33728
235; 315; 33708
236; 315; 33740
237; 315; 33787
238; 315; 33860
239; 315; 33941
240; 315; 33985
241; 315; 33981
242; 315; 33942
243; 315; 33883
244; 315; 33825
245; 315; 33783
246; 315; 33737
247; 315; 33664
248; 315; 33576
249; 315; 33504
250; 315; 33452
199; 316; 33613
200; 316; 33535
201; 316; 33411
202; 316; 33253
203; 316; 33177
204; 316; 33258
205; 316; 33590
206; 316; 33782
207; 316; 33742
208; 316; 33551
209; 316; 33534
210; 316; 33745
211; 316; 33907
212; 316; 33940
213; 316; 34006
214; 316; 34118
215; 316; 34095
216; 316; 33884
217; 316; 33633
218; 316; 33527
219; 316; 33444
220; 316; 33534
221; 316; 33796
222; 316; 34179
223; 316; 34514
224; 316; 34676
225; 316; 34571
226; 316; 34323
227; 316; 34103
228; 316; 33849
229; 316; 33716
230; 316; 33713
231; 316; 33810
232; 316; 33855
233; 316; 33779
234; 316; 33719
235; 316; 33763
236; 316; 33817
237; 316; 33827
238; 316; 33870
239; 316; 33966
240; 316; 34026
241; 316; 34009
242; 316; 33948
243; 316; 33864
244; 316; 33770
245; 316; 33709
246; 316; 33685
247; 316; 33638
248; 316; 33535
249; 316; 33422
250; 316; 33337
199; 317; 33611
200; 317; 33545
201; 317; 33406
202; 317; 33235
203; 317; 33196
204; 317; 33362
205; 317; 33704
206; 317; 33787
207; 317; 33712
208; 317; 33641
209; 317; 33762
210; 317; 33938
211; 317; 33942
212; 317; 33899
213; 317; 34006
214; 317; 34157
215; 317; 34150
216; 317; 33976
217; 317; 33688
218; 317; 33480
219; 317; 33390
220; 317; 33439
221; 317; 33656
222; 317; 33855
223; 317; 34119
224; 317; 34348
225; 317; 34388
226; 317; 34184
227; 317; 33878
228; 317; 33695
229; 317; 33696
230; 317; 33814
231; 317; 33943
232; 317; 33952
233; 317; 33848
234; 317; 33775
235; 317; 33819
236; 317; 33893
237; 317; 33904
238; 317; 33906
239; 317; 33957
240; 317; 34003
241; 317; 33995
242; 317; 33952
243; 317; 33874
244; 317; 33761
245; 317; 33669
246; 317; 33628
247; 317; 33577
248; 317; 33466
249; 317; 33340
250; 317; 33234
199; 318; 33610
200; 318; 33509
201; 318; 33376
202; 318; 33263
203; 318; 33260
204; 318; 33399
205; 318; 33702
206; 318; 33769
207; 318; 33706
208; 318; 33675
209; 318; 33824
210; 318; 33984
211; 318; 33924
212; 318; 33850
213; 318; 33933
214; 318; 34084
215; 318; 34156
216; 318; 34159
217; 318; 33947
218; 318; 33561
219; 318; 33419
220; 318; 33481
221; 318; 33658
222; 318; 33698
223; 318; 33815
224; 318; 34192
225; 318; 34303
226; 318; 34083
227; 318; 33686
228; 318; 33616
229; 318; 33729
230; 318; 33917
231; 318; 34050
232; 318; 34066
233; 318; 33967
234; 318; 33851
235; 318; 33844
236; 318; 33920
237; 318; 33952
238; 318; 33929
239; 318; 33925
240; 318; 33937
241; 318; 33930
242; 318; 33916
243; 318; 33877
244; 318; 33766
245; 318; 33629
246; 318; 33531
247; 318; 33454
248; 318; 33364
249; 318; 33271
250; 318; 33165
199; 319; 33627
200; 319; 33481
201; 319; 33356
202; 319; 33295
203; 319; 33289
204; 319; 33348
205; 319; 33596
206; 319; 33788
207; 319; 33747
208; 319; 33640
209; 319; 33689
210; 319; 33904
211; 319; 33937
212; 319; 33925
213; 319; 33970
214; 319; 34030
215; 319; 34078
216; 319; 34099
217; 319; 33901
218; 319; 33529
219; 319; 33383
220; 319; 33631
221; 319; 33783
222; 319; 33733
223; 319; 33776
224; 319; 34145
225; 319; 34231
226; 319; 33938
227; 319; 33560
228; 319; 33558
229; 319; 33715
230; 319; 33901
231; 319; 34035
232; 319; 34083
233; 319; 34017
234; 319; 33890
235; 319; 33847
236; 319; 33907
237; 319; 33941
238; 319; 33915
239; 319; 33895
240; 319; 33887
241; 319; 33860
242; 319; 33842
243; 319; 33824
244; 319; 33726
245; 319; 33562
246; 319; 33418
247; 319; 33316
248; 319; 33242
249; 319; 33183
250; 319; 33094
199; 320; 33631
200; 320; 33513
201; 320; 33408
202; 320; 33335
203; 320; 33252
204; 320; 33210
205; 320; 33499
206; 320; 33895
207; 320; 33933
208; 320; 33619
209; 320; 33512
210; 320; 33702
211; 320; 34009
212; 320; 34104
213; 320; 34131
214; 320; 34057
215; 320; 33910
216; 320; 33715
217; 320; 33424
218; 320; 33134
219; 320; 33128
220; 320; 33567
221; 320; 33901
222; 320; 33889
223; 320; 33890
224; 320; 34063
225; 320; 34086
226; 320; 33789
227; 320; 33508
228; 320; 33537
229; 320; 33695
230; 320; 33846
231; 320; 33967
232; 320; 34028
233; 320; 33988
234; 320; 33888
235; 320; 33845
236; 320; 33883
237; 320; 33911
238; 320; 33902
239; 320; 33898
240; 320; 33885
241; 320; 33833
242; 320; 33784
243; 320; 33754
244; 320; 33667
245; 320; 33509
246; 320; 33354
247; 320; 33225
248; 320; 33124
249; 320; 33057
250; 320; 32997
199; 321; 33640
200; 321; 33609
201; 321; 33540
202; 321; 33414
203; 321; 33200
204; 321; 33098
205; 321; 33445
206; 321; 33999
207; 321; 34170
208; 321; 33779
209; 321; 33440
210; 321; 33533
211; 321; 33978
212; 321; 34186
213; 321; 34202
214; 321; 34041
215; 321; 33656
216; 321; 33298
217; 321; 33065
218; 321; 32895
219; 321; 32922
220; 321; 33323
221; 321; 33837
222; 321; 33998
223; 321; 34029
224; 321; 34090
225; 321; 34066
226; 321; 33766
227; 321; 33565
228; 321; 33572
229; 321; 33719
230; 321; 33860
231; 321; 33957
232; 321; 33993
233; 321; 33954
234; 321; 33874
235; 321; 33835
236; 321; 33860
237; 321; 33906
238; 321; 33940
239; 321; 33950
240; 321; 33913
241; 321; 33832
242; 321; 33761
243; 321; 33721
244; 321; 33647
245; 321; 33507
246; 321; 33350
247; 321; 33190
248; 321; 33041
249; 321; 32952
250; 321; 32923
199; 322; 33697
200; 322; 33704
201; 322; 33651
202; 322; 33491
203; 322; 33208
204; 322; 33023
205; 322; 33395
206; 322; 34044
207; 322; 34382
208; 322; 34081
209; 322; 33522
210; 322; 33496
211; 322; 33913
212; 322; 34106
213; 322; 34051
214; 322; 33711
215; 322; 33378
216; 322; 33223
217; 322; 33153
218; 322; 33044
219; 322; 32956
220; 322; 33177
221; 322; 33649
222; 322; 34001
223; 322; 34120
224; 322; 34172
225; 322; 34135
226; 322; 33829
227; 322; 33574
228; 322; 33592
229; 322; 33735
230; 322; 33895
231; 322; 33985
232; 322; 33998
233; 322; 33950
234; 322; 33877
235; 322; 33827
236; 322; 33839
237; 322; 33914
238; 322; 33999
239; 322; 34015
240; 322; 33930
241; 322; 33806
242; 322; 33724
243; 322; 33690
244; 322; 33632
245; 322; 33506
246; 322; 33341
247; 322; 33165
248; 322; 33009
249; 322; 32929
250; 322; 32922
199; 323; 33766
200; 323; 33741
201; 323; 33657
202; 323; 33494
203; 323; 33235
204; 323; 33066
205; 323; 33316
206; 323; 33974
207; 323; 34407
208; 323; 34267
209; 323; 33729
210; 323; 33646
211; 323; 33933
212; 323; 33985
213; 323; 33715
214; 323; 33344
215; 323; 33263
216; 323; 33342
217; 323; 33529
218; 323; 33500
219; 323; 33215
220; 323; 33193
221; 323; 33498
222; 323; 33881
223; 323; 34106
224; 323; 34174
225; 323; 34158
226; 323; 33892
227; 323; 33619
228; 323; 33612
229; 323; 33720
230; 323; 33869
231; 323; 33968
232; 323; 33988
233; 323; 33956
234; 323; 33909
235; 323; 33865
236; 323; 33848
237; 323; 33906
238; 323; 34006
239; 323; 34030
240; 323; 33921
241; 323; 33760
242; 323; 33652
243; 323; 33606
244; 323; 33553
245; 323; 33442
246; 323; 33289
247; 323; 33137
248; 323; 33020
249; 323; 32965
250; 323; 32958
199; 324; 33776
200; 324; 33729
201; 324; 33610
202; 324; 33450
203; 324; 33274
204; 324; 33152
205; 324; 33296
206; 324; 33780
207; 324; 34184
208; 324; 34139
209; 324; 33756
210; 324; 33713
211; 324; 34000
212; 324; 33984
213; 324; 33557
214; 324; 33253
215; 324; 33294
216; 324; 33471
217; 324; 33574
218; 324; 33560
219; 324; 33367
220; 324; 33274
221; 324; 33432
222; 324; 33788
223; 324; 34010
224; 324; 34090
225; 324; 34088
226; 324; 33970
227; 324; 33750
228; 324; 33695
229; 324; 33724
230; 324; 33814
231; 324; 33912
232; 324; 33950
233; 324; 33937
234; 324; 33935
235; 324; 33937
236; 324; 33913
237; 324; 33912
238; 324; 33968
239; 324; 33995
240; 324; 33909
241; 324; 33744
242; 324; 33594
243; 324; 33501
244; 324; 33439
245; 324; 33359
246; 324; 33241
247; 324; 33123
248; 324; 33031
249; 324; 32977
250; 324; 32954
199; 325; 33733
200; 325; 33714
201; 325; 33601
202; 325; 33436
203; 325; 33343
204; 325; 33360
205; 325; 33424
206; 325; 33507
207; 325; 33686
208; 325; 33593
209; 325; 33479
210; 325; 33654
211; 325; 34055
212; 325; 34065
213; 325; 33670
214; 325; 33455
215; 325; 33527
216; 325; 33488
217; 325; 33406
218; 325; 33250
219; 325; 33120
220; 325; 33125
221; 325; 33357
222; 325; 33749
223; 325; 33970
224; 325; 34017
225; 325; 34037
226; 325; 34007
227; 325; 33897
228; 325; 33781
229; 325; 33741
230; 325; 33794
231; 325; 33887
232; 325; 33917
233; 325; 33884
234; 325; 33893
235; 325; 33956
236; 325; 33983
237; 325; 33960
238; 325; 33954
239; 325; 33961
240; 325; 33903
241; 325; 33753
242; 325; 33571
243; 325; 33436
244; 325; 33372
245; 325; 33324
246; 325; 33231
247; 325; 33114
248; 325; 33020
249; 325; 32960
250; 325; 32925
199; 326; 33698
200; 326; 33715
201; 326; 33639
202; 326; 33482
203; 326; 33421
204; 326; 33502
205; 326; 33530
206; 326; 33448
207; 326; 33311
208; 326; 33153
209; 326; 33208
210; 326; 33577
211; 326; 34077
212; 326; 34119
213; 326; 33759
214; 326; 33616
215; 326; 33606
216; 326; 33500
217; 326; 33198
218; 326; 33052
219; 326; 32983
220; 326; 32960
221; 326; 33236
222; 326; 33710
223; 326; 33967
224; 326; 33973
225; 326; 33964
226; 326; 33943
227; 326; 33861
228; 326; 33769
229; 326; 33756
230; 326; 33836
231; 326; 33929
232; 326; 33935
233; 326; 33859
234; 326; 33826
235; 326; 33899
236; 326; 33986
237; 326; 34000
238; 326; 33970
239; 326; 33936
240; 326; 33865
241; 326; 33718
242; 326; 33529
243; 326; 33395
244; 326; 33353
245; 326; 33319
246; 326; 33229
247; 326; 33107
248; 326; 33023
249; 326; 32978
250; 326; 32941
199; 327; 33713
200; 327; 33716
201; 327; 33668
202; 327; 33539
203; 327; 33464
204; 327; 33516
205; 327; 33555
206; 327; 33499
207; 327; 33342
208; 327; 33180
209; 327; 33194
210; 327; 33524
211; 327; 33999
212; 327; 34040
213; 327; 33790
214; 327; 33617
215; 327; 33566
216; 327; 33452
217; 327; 33301
218; 327; 33245
219; 327; 33098
220; 327; 32994
221; 327; 33218
222; 327; 33711
223; 327; 33979
224; 327; 33944
225; 327; 33861
226; 327; 33789
227; 327; 33738
228; 327; 33747
229; 327; 33829
230; 327; 33930
231; 327; 33999
232; 327; 33996
233; 327; 33921
234; 327; 33846
235; 327; 33853
236; 327; 33923
237; 327; 33977
238; 327; 33978
239; 327; 33919
240; 327; 33795
241; 327; 33619
242; 327; 33443
243; 327; 33352
244; 327; 33344
245; 327; 33306
246; 327; 33207
247; 327; 33097
248; 327; 33057
249; 327; 33022
250; 327; 32984
199; 328; 33746
200; 328; 33704
201; 328; 33656
202; 328; 33566
203; 328; 33481
204; 328; 33478
205; 328; 33529
206; 328; 33612
207; 328; 33675
208; 328; 33507
209; 328; 33344
210; 328; 33454
211; 328; 33840
212; 328; 33995
213; 328; 33965
214; 328; 33783
215; 328; 33585
216; 328; 33388
217; 328; 33317
218; 328; 33328
219; 328; 33268
220; 328; 33188
221; 328; 33412
222; 328; 33833
223; 328; 33997
224; 328; 33947
225; 328; 33780
226; 328; 33665
227; 328; 33652
228; 328; 33785
229; 328; 33960
230; 328; 34041
231; 328; 34045
232; 328; 34037
233; 328; 34006
234; 328; 33934
235; 328; 33863
236; 328; 33857
237; 328; 33934
238; 328; 34007
239; 328; 33949
240; 328; 33750
241; 328; 33528
242; 328; 33383
243; 328; 33351
244; 328; 33362
245; 328; 33314
246; 328; 33214
247; 328; 33106
248; 328; 33074
249; 328; 33022
250; 328; 32977
