227; 328; 33470
228; 328; 33078
229; 328; 32979
230; 328; 33007
231; 328; 33145
232; 328; 33468
227; 329; 33134
228; 329; 32896
229; 329; 32947
230; 329; 33025
231; 329; 33148
232; 329; 33418
226; 330; 33571
227; 330; 33172
228; 330; 33272
229; 330; 33498
230; 330; 33413
231; 330; 33245
232; 330; 33293
233; 330; 33561
234; 330; 33873
226; 331; 33522
227; 331; 33490
228; 331; 33817
229; 331; 33979
230; 331; 33757
231; 331; 33341
232; 331; 33223
233; 331; 33552
234; 331; 33994
227; 332; 33736
228; 332; 33932
229; 332; 33958
230; 332; 33714
231; 332; 33411
232; 332; 33393
233; 332; 33774
234; 332; 34229
227; 333; 34059
228; 333; 33848
229; 333; 33714
230; 333; 33660
231; 333; 33685
232; 333; 33845
233; 333; 34151
234; 333; 34282
228; 334; 34054
229; 334; 33866
230; 334; 34071
231; 334; 34354
232; 334; 34444
233; 334; 34418
228; 335; 34647
229; 335; 34645
230; 335; 34895
231; 335; 34984
232; 335; 34759
