185; 229; 33309
186; 229; 33401
187; 229; 33455
184; 230; 33282
185; 230; 33334
186; 230; 33394
187; 230; 33479
188; 230; 33465
184; 231; 33291
185; 231; 33316
186; 231; 33342
187; 231; 33416
188; 231; 33460
189; 231; 33376
184; 232; 33310
185; 232; 33354
186; 232; 33375
187; 232; 33421
188; 232; 33461
189; 232; 33435
190; 232; 33330
184; 233; 33324
185; 233; 33405
186; 233; 33445
187; 233; 33469
188; 233; 33483
189; 233; 33466
190; 233; 33401
184; 234; 33306
185; 234; 33393
186; 234; 33447
187; 234; 33465
188; 234; 33472
189; 234; 33470
190; 234; 33431
191; 234; 33356
184; 235; 33287
185; 235; 33357
186; 235; 33409
187; 235; 33424
188; 235; 33438
189; 235; 33462
190; 235; 33454
191; 235; 33387
184; 236; 33276
185; 236; 33338
186; 236; 33385
187; 236; 33403
188; 236; 33414
189; 236; 33436
190; 236; 33445
191; 236; 33418
184; 237; 33272
185; 237; 33337
186; 237; 33388
187; 237; 33412
188; 237; 33410
189; 237; 33396
190; 237; 33390
191; 237; 33416
184; 238; 33285
185; 238; 33351
186; 238; 33401
187; 238; 33430
188; 238; 33428
189; 238; 33381
190; 238; 33331
191; 238; 33383
184; 239; 33309
185; 239; 33359
186; 239; 33385
187; 239; 33425
188; 239; 33458
189; 239; 33417
190; 239; 33329
191; 239; 33370
184; 240; 33307
185; 240; 33349
186; 240; 33360
187; 240; 33411
188; 240; 33484
189; 240; 33468
190; 240; 33368
191; 240; 33398
185; 241; 33326
186; 241; 33334
187; 241; 33388
188; 241; 33471
189; 241; 33468
190; 241; 33392
191; 241; 33450
185; 242; 33316
186; 242; 33304
187; 242; 33335
188; 242; 33403
189; 242; 33403
190; 242; 33377
191; 242; 33506
185; 243; 33335
186; 243; 33299
187; 243; 33304
188; 243; 33344
189; 243; 33335
190; 243; 33363
185; 244; 33362
186; 244; 33331
187; 244; 33326
188; 244; 33332
189; 244; 33306
190; 244; 33380
185; 245; 33350
186; 245; 33362
187; 245; 33369
188; 245; 33349
189; 245; 33318
190; 245; 33433
185; 246; 33269
186; 246; 33333
187; 246; 33381
188; 246; 33388
189; 246; 33417
185; 247; 33202
186; 247; 33305
187; 247; 33407
188; 247; 33487
189; 247; 33626
185; 248; 33269
186; 248; 33397
187; 248; 33516
