251; 181; 32943
252; 181; 32955
253; 181; 32981
254; 181; 33015
255; 181; 33045
256; 181; 33043
257; 181; 32992
258; 181; 32938
259; 181; 32920
260; 181; 32912
261; 181; 32894
262; 181; 32891
263; 181; 32930
264; 181; 32995
265; 181; 33026
266; 181; 32976
267; 181; 32908
268; 181; 32896
269; 181; 32963
270; 181; 33092
271; 181; 33239
272; 181; 33355
273; 181; 33318
274; 181; 33132
275; 181; 32973
276; 181; 32940
277; 181; 32949
278; 181; 32882
279; 181; 32817
280; 181; 32810
281; 181; 32824
282; 181; 32889
283; 181; 32944
284; 181; 32971
285; 181; 33000
286; 181; 33016
287; 181; 33003
288; 181; 32966
289; 181; 32916
290; 181; 32873
291; 181; 32842
292; 181; 32845
293; 181; 32883
294; 181; 32945
295; 181; 32968
296; 181; 32917
297; 181; 32879
298; 181; 32884
299; 181; 32931
300; 181; 33061
301; 181; 33246
302; 181; 33397
303; 181; 33442
304; 181; 33383
305; 181; 33327
306; 181; 33359
307; 181; 33511
308; 181; 33592
309; 181; 33464
310; 181; 33178
311; 181; 32930
312; 181; 32906
313; 181; 32975
314; 181; 33089
315; 181; 33143
316; 181; 33163
317; 181; 33127
318; 181; 33020
319; 181; 32929
320; 181; 32918
321; 181; 32954
251; 182; 32922
252; 182; 32916
253; 182; 32961
254; 182; 33012
255; 182; 33029
256; 182; 33035
257; 182; 33057
258; 182; 33050
259; 182; 32977
260; 182; 32890
261; 182; 32865
262; 182; 32925
263; 182; 33029
264; 182; 33073
265; 182; 33019
266; 182; 32904
267; 182; 32856
268; 182; 32901
269; 182; 33081
270; 182; 33324
271; 182; 33589
272; 182; 33803
273; 182; 33809
274; 182; 33552
275; 182; 33223
276; 182; 33036
277; 182; 32995
278; 182; 32957
279; 182; 32884
280; 182; 32844
281; 182; 32837
282; 182; 32853
283; 182; 32921
284; 182; 32988
285; 182; 33032
286; 182; 33047
287; 182; 33053
288; 182; 33038
289; 182; 32979
290; 182; 32915
291; 182; 32888
292; 182; 32890
293; 182; 32935
294; 182; 32983
295; 182; 32973
296; 182; 32909
297; 182; 32873
298; 182; 32911
299; 182; 33043
300; 182; 33203
301; 182; 33297
302; 182; 33368
303; 182; 33430
304; 182; 33448
305; 182; 33501
306; 182; 33646
307; 182; 33919
308; 182; 34032
309; 182; 34137
310; 182; 33957
311; 182; 33551
312; 182; 33052
313; 182; 32910
314; 182; 33080
315; 182; 33245
316; 182; 33363
317; 182; 33350
318; 182; 33196
319; 182; 33029
320; 182; 32946
321; 182; 32916
251; 183; 32973
252; 183; 32988
253; 183; 33032
254; 183; 33026
255; 183; 32956
256; 183; 32925
257; 183; 33001
258; 183; 33085
259; 183; 33039
260; 183; 32923
261; 183; 32897
262; 183; 32987
263; 183; 33089
264; 183; 33082
265; 183; 32969
266; 183; 32851
267; 183; 32859
268; 183; 32978
269; 183; 33192
270; 183; 33434
271; 183; 33711
272; 183; 33982
273; 183; 34079
274; 183; 33867
275; 183; 33444
276; 183; 33090
277; 183; 32966
278; 183; 32975
279; 183; 32967
280; 183; 32916
281; 183; 32864
282; 183; 32853
283; 183; 32905
284; 183; 32971
285; 183; 33001
286; 183; 33008
287; 183; 33031
288; 183; 33054
289; 183; 33038
290; 183; 33003
291; 183; 32987
292; 183; 32975
293; 183; 32988
294; 183; 33009
295; 183; 32999
296; 183; 32941
297; 183; 32880
298; 183; 32936
299; 183; 33128
300; 183; 33293
301; 183; 33287
302; 183; 33108
303; 183; 33087
304; 183; 33352
305; 183; 33518
306; 183; 33552
307; 183; 33554
308; 183; 33583
309; 183; 33601
310; 183; 33616
311; 183; 33470
312; 183; 33100
313; 183; 32946
314; 183; 33075
315; 183; 33169
316; 183; 33246
317; 183; 33254
318; 183; 33157
319; 183; 33056
320; 183; 33033
321; 183; 33023
251; 184; 33001
252; 184; 33044
253; 184; 33073
254; 184; 33008
255; 184; 32888
256; 184; 32828
257; 184; 32891
258; 184; 33008
259; 184; 33022
260; 184; 32935
261; 184; 32909
262; 184; 32979
263; 184; 33041
264; 184; 33030
265; 184; 32952
266; 184; 32895
267; 184; 32920
268; 184; 33036
269; 184; 33175
270; 184; 33344
271; 184; 33596
272; 184; 33879
273; 184; 34025
274; 184; 33859
275; 184; 33431
276; 184; 33032
277; 184; 32883
278; 184; 32919
279; 184; 32970
280; 184; 32967
281; 184; 32922
282; 184; 32891
283; 184; 32927
284; 184; 32980
285; 184; 32983
286; 184; 32951
287; 184; 32955
288; 184; 33003
289; 184; 33045
290; 184; 33061
291; 184; 33042
292; 184; 33002
293; 184; 32999
294; 184; 33024
295; 184; 33031
296; 184; 32972
297; 184; 32897
298; 184; 32970
299; 184; 33171
300; 184; 33306
301; 184; 33280
302; 184; 33017
303; 184; 32935
304; 184; 33121
305; 184; 33191
306; 184; 33310
307; 184; 33176
308; 184; 32966
309; 184; 32824
310; 184; 32887
311; 184; 32907
312; 184; 32878
313; 184; 32907
314; 184; 33046
315; 184; 33054
316; 184; 33008
317; 184; 32966
318; 184; 32951
319; 184; 32991
320; 184; 33085
321; 184; 33158
251; 185; 32967
252; 185; 32975
253; 185; 32980
254; 185; 32939
255; 185; 32878
256; 185; 32843
257; 185; 32858
258; 185; 32917
259; 185; 32948
260; 185; 32917
261; 185; 32886
262; 185; 32896
263; 185; 32934
264; 185; 32960
265; 185; 32949
266; 185; 32928
267; 185; 32934
268; 185; 32967
269; 185; 33029
270; 185; 33140
271; 185; 33364
272; 185; 33627
273; 185; 33759
274; 185; 33611
275; 185; 33242
276; 185; 32935
277; 185; 32850
278; 185; 32901
279; 185; 32947
280; 185; 32940
281; 185; 32910
282; 185; 32908
283; 185; 32960
284; 185; 33021
285; 185; 33021
286; 185; 32949
287; 185; 32897
288; 185; 32918
289; 185; 32960
290; 185; 32985
291; 185; 32985
292; 185; 32978
293; 185; 33004
294; 185; 33032
295; 185; 33015
296; 185; 32956
297; 185; 32939
298; 185; 33076
299; 185; 33239
300; 185; 33275
301; 185; 33287
302; 185; 33258
303; 185; 33194
304; 185; 33035
305; 185; 32869
306; 185; 32987
307; 185; 33030
308; 185; 32901
309; 185; 32877
310; 185; 32943
311; 185; 32983
312; 185; 33060
313; 185; 33167
314; 185; 33184
315; 185; 33116
316; 185; 32985
317; 185; 32901
318; 185; 32896
319; 185; 32966
320; 185; 33087
321; 185; 33150
251; 186; 32903
252; 186; 32861
253; 186; 32850
254; 186; 32873
255; 186; 32910
256; 186; 32928
257; 186; 32922
258; 186; 32906
259; 186; 32906
260; 186; 32914
261; 186; 32884
262; 186; 32851
263; 186; 32879
264; 186; 32923
265; 186; 32936
266; 186; 32894
267; 186; 32869
268; 186; 32877
269; 186; 32928
270; 186; 33004
271; 186; 33144
272; 186; 33319
273; 186; 33403
274; 186; 33289
275; 186; 33043
276; 186; 32890
277; 186; 32891
278; 186; 32944
279; 186; 32956
280; 186; 32922
281; 186; 32900
282; 186; 32915
283; 186; 32966
284; 186; 33024
285; 186; 33034
286; 186; 32966
287; 186; 32886
288; 186; 32871
289; 186; 32871
290; 186; 32881
291; 186; 32945
292; 186; 33017
293; 186; 33055
294; 186; 33017
295; 186; 32946
296; 186; 32927
297; 186; 33035
298; 186; 33231
299; 186; 33323
300; 186; 33280
301; 186; 33339
302; 186; 33702
303; 186; 33851
304; 186; 33522
305; 186; 33081
306; 186; 33021
307; 186; 33253
308; 186; 33401
309; 186; 33410
310; 186; 33427
311; 186; 33536
312; 186; 33652
313; 186; 33645
314; 186; 33516
315; 186; 33277
316; 186; 33108
317; 186; 33027
318; 186; 33047
319; 186; 33112
320; 186; 33122
321; 186; 33062
251; 187; 32883
252; 187; 32840
253; 187; 32820
254; 187; 32863
255; 187; 32975
256; 187; 33046
257; 187; 33008
258; 187; 32925
259; 187; 32900
260; 187; 32928
261; 187; 32916
262; 187; 32869
263; 187; 32889
264; 187; 32946
265; 187; 32955
266; 187; 32886
267; 187; 32859
268; 187; 32900
269; 187; 32967
270; 187; 32990
271; 187; 32993
272; 187; 33034
273; 187; 33071
274; 187; 33021
275; 187; 32923
276; 187; 32892
277; 187; 32946
278; 187; 32988
279; 187; 32965
280; 187; 32928
281; 187; 32922
282; 187; 32940
283; 187; 32963
284; 187; 32984
285; 187; 32993
286; 187; 32962
287; 187; 32899
288; 187; 32860
289; 187; 32855
290; 187; 32875
291; 187; 32997
292; 187; 33121
293; 187; 33125
294; 187; 32994
295; 187; 32884
296; 187; 32924
297; 187; 33130
298; 187; 33330
299; 187; 33389
300; 187; 33379
301; 187; 33486
302; 187; 33833
303; 187; 34109
304; 187; 34182
305; 187; 34107
306; 187; 34110
307; 187; 34063
308; 187; 33926
309; 187; 33762
310; 187; 33698
311; 187; 33821
312; 187; 33887
313; 187; 33849
314; 187; 33719
315; 187; 33500
316; 187; 33294
317; 187; 33222
318; 187; 33279
319; 187; 33286
320; 187; 33197
321; 187; 33054
251; 188; 32935
252; 188; 32887
253; 188; 32852
254; 188; 32904
255; 188; 33034
256; 188; 33100
257; 188; 33025
258; 188; 32909
259; 188; 32867
260; 188; 32894
261; 188; 32911
262; 188; 32903
263; 188; 32940
264; 188; 33010
265; 188; 33007
266; 188; 32914
267; 188; 32877
268; 188; 32949
269; 188; 33013
270; 188; 32972
271; 188; 32894
272; 188; 32861
273; 188; 32885
274; 188; 32893
275; 188; 32886
276; 188; 32920
277; 188; 32973
278; 188; 32977
279; 188; 32940
280; 188; 32935
281; 188; 32974
282; 188; 33000
283; 188; 32982
284; 188; 32953
285; 188; 32958
286; 188; 32957
287; 188; 32931
288; 188; 32889
289; 188; 32873
290; 188; 32929
291; 188; 33063
292; 188; 33181
293; 188; 33163
294; 188; 33016
295; 188; 32905
296; 188; 32965
297; 188; 33144
298; 188; 33290
299; 188; 33369
300; 188; 33467
301; 188; 33663
302; 188; 33896
303; 188; 34091
304; 188; 34197
305; 188; 34265
306; 188; 34286
307; 188; 34270
308; 188; 34256
309; 188; 34217
310; 188; 34140
311; 188; 34057
312; 188; 33980
313; 188; 33948
314; 188; 33912
315; 188; 33765
316; 188; 33531
317; 188; 33414
318; 188; 33357
319; 188; 33319
320; 188; 33249
321; 188; 33129
251; 189; 33008
252; 189; 32973
253; 189; 32909
254; 189; 32918
255; 189; 33002
256; 189; 33039
257; 189; 32975
258; 189; 32877
259; 189; 32832
260; 189; 32835
261; 189; 32845
262; 189; 32869
263; 189; 32920
264; 189; 32989
265; 189; 32988
266; 189; 32903
267; 189; 32861
268; 189; 32905
269; 189; 32966
270; 189; 32920
271; 189; 32852
272; 189; 32823
273; 189; 32859
274; 189; 32899
275; 189; 32929
276; 189; 32970
277; 189; 32974
278; 189; 32923
279; 189; 32886
280; 189; 32932
281; 189; 33023
282; 189; 33051
283; 189; 33002
284; 189; 32943
285; 189; 32945
286; 189; 32955
287; 189; 32939
288; 189; 32914
289; 189; 32896
290; 189; 32954
291; 189; 33064
292; 189; 33140
293; 189; 33133
294; 189; 33072
295; 189; 33031
296; 189; 33052
297; 189; 33107
298; 189; 33178
299; 189; 33297
300; 189; 33548
301; 189; 33850
302; 189; 34059
303; 189; 34220
304; 189; 34383
305; 189; 34415
306; 189; 34393
307; 189; 34405
308; 189; 34478
309; 189; 34505
310; 189; 34402
311; 189; 34240
312; 189; 34151
313; 189; 34178
314; 189; 34153
315; 189; 34015
316; 189; 33746
317; 189; 33444
318; 189; 33277
319; 189; 33228
320; 189; 33241
321; 189; 33193
251; 190; 33024
252; 190; 33023
253; 190; 32957
254; 190; 32923
255; 190; 32937
256; 190; 32932
257; 190; 32890
258; 190; 32850
259; 190; 32841
260; 190; 32835
261; 190; 32836
262; 190; 32862
263; 190; 32859
264; 190; 32874
265; 190; 32901
266; 190; 32865
267; 190; 32854
268; 190; 32864
269; 190; 32938
270; 190; 32937
271; 190; 32880
272; 190; 32838
273; 190; 32858
274; 190; 32906
275; 190; 32965
276; 190; 33012
277; 190; 32975
278; 190; 32872
279; 190; 32825
280; 190; 32900
281; 190; 33015
282; 190; 33044
283; 190; 32987
284; 190; 32943
285; 190; 32964
286; 190; 32985
287; 190; 32963
288; 190; 32930
289; 190; 32912
290; 190; 32956
291; 190; 33015
292; 190; 33037
293; 190; 33049
294; 190; 33094
295; 190; 33139
296; 190; 33139
297; 190; 33128
298; 190; 33183
299; 190; 33404
300; 190; 33733
301; 190; 34039
302; 190; 34238
303; 190; 34414
304; 190; 34514
305; 190; 34496
306; 190; 34407
307; 190; 34380
308; 190; 34432
309; 190; 34441
310; 190; 34346
311; 190; 34240
312; 190; 34240
313; 190; 34314
314; 190; 34326
315; 190; 34220
316; 190; 33920
317; 190; 33469
318; 190; 33176
319; 190; 33145
320; 190; 33187
321; 190; 33186
251; 191; 32976
252; 191; 33022
253; 191; 32991
254; 191; 32957
255; 191; 32924
256; 191; 32896
257; 191; 32875
258; 191; 32858
259; 191; 32877
260; 191; 32896
261; 191; 32866
262; 191; 32855
263; 191; 32858
264; 191; 32842
265; 191; 32880
266; 191; 32883
267; 191; 32887
268; 191; 32949
269; 191; 33020
270; 191; 33023
271; 191; 32949
272; 191; 32885
273; 191; 32857
274; 191; 32883
275; 191; 32965
276; 191; 33036
277; 191; 32995
278; 191; 32873
279; 191; 32809
280; 191; 32880
281; 191; 33003
282; 191; 33040
283; 191; 32996
284; 191; 32979
285; 191; 33025
286; 191; 33058
287; 191; 33016
288; 191; 32964
289; 191; 32965
290; 191; 32996
291; 191; 32988
292; 191; 32947
293; 191; 32958
294; 191; 33062
295; 191; 33168
296; 191; 33206
297; 191; 33243
298; 191; 33381
299; 191; 33699
300; 191; 34039
301; 191; 34258
302; 191; 34407
303; 191; 34523
304; 191; 34601
305; 191; 34530
306; 191; 34400
307; 191; 34343
308; 191; 34371
309; 191; 34367
310; 191; 34294
311; 191; 34252
312; 191; 34308
313; 191; 34384
314; 191; 34391
315; 191; 34281
316; 191; 33976
317; 191; 33485
318; 191; 33146
319; 191; 33097
320; 191; 33130
321; 191; 33139
251; 192; 32925
252; 192; 32992
253; 192; 33001
254; 192; 32991
255; 192; 32956
256; 192; 32914
257; 192; 32882
258; 192; 32867
259; 192; 32915
260; 192; 32977
261; 192; 32940
262; 192; 32860
263; 192; 32835
264; 192; 32855
265; 192; 32899
266; 192; 32932
267; 192; 32987
268; 192; 33055
269; 192; 33088
270; 192; 33055
271; 192; 32957
272; 192; 32866
273; 192; 32824
274; 192; 32843
275; 192; 32919
276; 192; 33010
277; 192; 32999
278; 192; 32882
279; 192; 32816
280; 192; 32888
281; 192; 33018
282; 192; 33085
283; 192; 33067
284; 192; 33058
285; 192; 33098
286; 192; 33119
287; 192; 33053
288; 192; 32993
289; 192; 33017
290; 192; 33048
291; 192; 32999
292; 192; 32912
293; 192; 32904
294; 192; 33007
295; 192; 33138
296; 192; 33243
297; 192; 33370
298; 192; 33648
299; 192; 33992
300; 192; 34248
301; 192; 34421
302; 192; 34527
303; 192; 34639
304; 192; 34672
305; 192; 34590
306; 192; 34451
307; 192; 34385
308; 192; 34425
309; 192; 34457
310; 192; 34416
311; 192; 34381
312; 192; 34402
313; 192; 34410
314; 192; 34350
315; 192; 34238
316; 192; 33976
317; 192; 33517
318; 192; 33129
319; 192; 33038
320; 192; 33073
321; 192; 33105
251; 193; 32927
252; 193; 32959
253; 193; 32989
254; 193; 33015
255; 193; 33000
256; 193; 32943
257; 193; 32897
258; 193; 32894
259; 193; 32935
260; 193; 32968
261; 193; 32935
262; 193; 32880
263; 193; 32870
264; 193; 32901
265; 193; 32943
266; 193; 32957
267; 193; 32982
268; 193; 33003
269; 193; 32998
270; 193; 32952
271; 193; 32893
272; 193; 32857
273; 193; 32838
274; 193; 32856
275; 193; 32918
276; 193; 32997
277; 193; 33001
278; 193; 32907
279; 193; 32854
280; 193; 32933
281; 193; 33049
282; 193; 33097
283; 193; 33083
284; 193; 33084
285; 193; 33110
286; 193; 33092
287; 193; 33015
288; 193; 32975
289; 193; 33016
290; 193; 33037
291; 193; 32975
292; 193; 32896
293; 193; 32892
294; 193; 32966
295; 193; 33085
296; 193; 33226
297; 193; 33481
298; 193; 33830
299; 193; 34127
300; 193; 34345
301; 193; 34510
302; 193; 34618
303; 193; 34722
304; 193; 34768
305; 193; 34696
306; 193; 34537
307; 193; 34429
308; 193; 34451
309; 193; 34504
310; 193; 34491
311; 193; 34460
312; 193; 34461
313; 193; 34433
314; 193; 34346
315; 193; 34249
316; 193; 34028
317; 193; 33618
318; 193; 33177
319; 193; 33033
320; 193; 33056
321; 193; 33102
251; 194; 32975
252; 194; 32964
253; 194; 32996
254; 194; 33035
255; 194; 33029
256; 194; 32989
257; 194; 32957
258; 194; 32947
259; 194; 32940
260; 194; 32922
261; 194; 32891
262; 194; 32870
263; 194; 32883
264; 194; 32916
265; 194; 32927
266; 194; 32911
267; 194; 32913
268; 194; 32904
269; 194; 32889
270; 194; 32863
271; 194; 32853
272; 194; 32889
273; 194; 32934
274; 194; 32955
275; 194; 32981
276; 194; 33029
277; 194; 33041
278; 194; 32987
279; 194; 32955
280; 194; 33011
281; 194; 33060
282; 194; 33025
283; 194; 32987
284; 194; 33022
285; 194; 33068
286; 194; 33039
287; 194; 32987
288; 194; 32997
289; 194; 33036
290; 194; 33009
291; 194; 32937
292; 194; 32903
293; 194; 32930
294; 194; 33000
295; 194; 33090
296; 194; 33294
297; 194; 33593
298; 194; 33958
299; 194; 34234
300; 194; 34422
301; 194; 34533
302; 194; 34636
303; 194; 34731
304; 194; 34799
305; 194; 34755
306; 194; 34587
307; 194; 34429
308; 194; 34401
309; 194; 34438
310; 194; 34436
311; 194; 34425
312; 194; 34455
313; 194; 34472
314; 194; 34430
315; 194; 34336
316; 194; 34101
317; 194; 33707
318; 194; 33259
319; 194; 33092
320; 194; 33110
321; 194; 33128
251; 195; 33007
252; 195; 32983
253; 195; 33007
254; 195; 33027
255; 195; 32999
256; 195; 32959
257; 195; 32948
258; 195; 32955
259; 195; 32951
260; 195; 32933
261; 195; 32915
262; 195; 32908
263; 195; 32915
264; 195; 32915
265; 195; 32897
266; 195; 32903
267; 195; 32931
268; 195; 32938
269; 195; 32925
270; 195; 32884
271; 195; 32875
272; 195; 32929
273; 195; 32997
274; 195; 33034
275; 195; 33073
276; 195; 33139
277; 195; 33156
278; 195; 33099
279; 195; 33067
280; 195; 33098
281; 195; 33078
282; 195; 32970
283; 195; 32911
284; 195; 32976
285; 195; 33068
286; 195; 33087
287; 195; 33096
288; 195; 33155
289; 195; 33165
290; 195; 33056
291; 195; 32941
292; 195; 32963
293; 195; 33060
294; 195; 33166
295; 195; 33273
296; 195; 33464
297; 195; 33760
298; 195; 34116
299; 195; 34356
300; 195; 34478
301; 195; 34559
302; 195; 34609
303; 195; 34669
304; 195; 34748
305; 195; 34767
306; 195; 34658
307; 195; 34500
308; 195; 34429
309; 195; 34438
310; 195; 34436
311; 195; 34409
312; 195; 34415
313; 195; 34451
314; 195; 34428
315; 195; 34306
316; 195; 34008
317; 195; 33581
318; 195; 33252
319; 195; 33157
320; 195; 33158
321; 195; 33132
251; 196; 32955
252; 196; 32973
253; 196; 33000
254; 196; 32999
255; 196; 32955
256; 196; 32909
257; 196; 32910
258; 196; 32937
259; 196; 32967
260; 196; 33002
261; 196; 33018
262; 196; 32996
263; 196; 32950
264; 196; 32903
265; 196; 32879
266; 196; 32918
267; 196; 32990
268; 196; 33049
269; 196; 33052
270; 196; 32990
271; 196; 32945
272; 196; 32951
273; 196; 32977
274; 196; 33009
275; 196; 33082
276; 196; 33174
277; 196; 33187
278; 196; 33124
279; 196; 33106
280; 196; 33162
281; 196; 33155
282; 196; 33024
283; 196; 32946
284; 196; 33020
285; 196; 33112
286; 196; 33158
287; 196; 33217
288; 196; 33298
289; 196; 33270
290; 196; 33117
291; 196; 33021
292; 196; 33133
293; 196; 33394
294; 196; 33575
295; 196; 33594
296; 196; 33682
297; 196; 33931
298; 196; 34237
299; 196; 34442
300; 196; 34534
301; 196; 34585
302; 196; 34592
303; 196; 34600
304; 196; 34666
305; 196; 34750
306; 196; 34743
307; 196; 34638
308; 196; 34556
309; 196; 34547
310; 196; 34523
311; 196; 34430
312; 196; 34329
313; 196; 34296
314; 196; 34241
315; 196; 34059
316; 196; 33714
317; 196; 33360
318; 196; 33140
319; 196; 33131
320; 196; 33139
321; 196; 33091
251; 197; 32886
252; 197; 32946
253; 197; 32988
254; 197; 32998
255; 197; 32970
256; 197; 32943
257; 197; 32927
258; 197; 32916
259; 197; 32949
260; 197; 33032
261; 197; 33081
262; 197; 33040
263; 197; 32958
264; 197; 32900
265; 197; 32891
266; 197; 32917
267; 197; 32962
268; 197; 33005
269; 197; 33020
270; 197; 32996
271; 197; 32972
272; 197; 32970
273; 197; 32955
274; 197; 32931
275; 197; 32965
276; 197; 33031
277; 197; 33047
278; 197; 33052
279; 197; 33108
280; 197; 33251
281; 197; 33333
282; 197; 33193
283; 197; 33088
284; 197; 33104
285; 197; 33120
286; 197; 33119
287; 197; 33158
288; 197; 33226
289; 197; 33208
290; 197; 33126
291; 197; 33125
292; 197; 33414
293; 197; 33780
294; 197; 33910
295; 197; 33870
296; 197; 33861
297; 197; 34020
298; 197; 34286
299; 197; 34481
300; 197; 34574
301; 197; 34617
302; 197; 34601
303; 197; 34558
304; 197; 34571
305; 197; 34657
306; 197; 34716
307; 197; 34683
308; 197; 34625
309; 197; 34601
310; 197; 34543
311; 197; 34392
312; 197; 34201
313; 197; 34067
314; 197; 33981
315; 197; 33813
316; 197; 33574
317; 197; 33327
318; 197; 33192
319; 197; 33146
320; 197; 33139
321; 197; 33077
251; 198; 32843
252; 198; 32926
253; 198; 32978
254; 198; 32992
255; 198; 33005
256; 198; 33036
257; 198; 33001
258; 198; 32903
259; 198; 32876
260; 198; 32950
261; 198; 33011
262; 198; 33000
263; 198; 32968
264; 198; 32957
265; 198; 32953
266; 198; 32909
267; 198; 32858
268; 198; 32869
269; 198; 32888
270; 198; 32905
271; 198; 32954
272; 198; 33005
273; 198; 32985
274; 198; 32901
275; 198; 32870
276; 198; 32911
277; 198; 32963
278; 198; 33051
279; 198; 33233
280; 198; 33416
281; 198; 33516
282; 198; 33446
283; 198; 33324
284; 198; 33216
285; 198; 33134
286; 198; 33066
287; 198; 33048
288; 198; 33080
289; 198; 33104
290; 198; 33136
291; 198; 33316
292; 198; 33707
293; 198; 33943
294; 198; 33953
295; 198; 33887
296; 198; 33911
297; 198; 34079
298; 198; 34307
299; 198; 34492
300; 198; 34581
301; 198; 34614
302; 198; 34598
303; 198; 34542
304; 198; 34506
305; 198; 34533
306; 198; 34583
307; 198; 34601
308; 198; 34584
309; 198; 34538
310; 198; 34441
311; 198; 34286
312; 198; 34123
313; 198; 34007
314; 198; 33927
315; 198; 33843
316; 198; 33702
317; 198; 33574
318; 198; 33417
319; 198; 33282
320; 198; 33233
321; 198; 33160
251; 199; 32874
252; 199; 32954
253; 199; 32961
254; 199; 32939
255; 199; 32978
256; 199; 33053
257; 199; 33017
258; 199; 32881
259; 199; 32825
260; 199; 32868
261; 199; 32906
262; 199; 32928
263; 199; 32964
264; 199; 33012
265; 199; 33006
266; 199; 32911
267; 199; 32810
268; 199; 32833
269; 199; 32848
270; 199; 32881
271; 199; 32951
272; 199; 33015
273; 199; 33030
274; 199; 32979
275; 199; 32898
276; 199; 32925
277; 199; 33074
278; 199; 33305
279; 199; 33571
280; 199; 33731
281; 199; 33780
282; 199; 33736
283; 199; 33631
284; 199; 33464
285; 199; 33297
286; 199; 33162
287; 199; 33097
288; 199; 33099
289; 199; 33148
290; 199; 33276
291; 199; 33564
292; 199; 33802
293; 199; 33881
294; 199; 33809
295; 199; 33771
296; 199; 33889
297; 199; 34096
298; 199; 34285
299; 199; 34410
300; 199; 34520
301; 199; 34531
302; 199; 34538
303; 199; 34533
304; 199; 34526
305; 199; 34513
306; 199; 34504
307; 199; 34501
308; 199; 34475
309; 199; 34419
310; 199; 34297
311; 199; 34195
312; 199; 34113
313; 199; 34035
314; 199; 33960
315; 199; 33899
316; 199; 33875
317; 199; 33787
318; 199; 33654
319; 199; 33472
320; 199; 33354
321; 199; 33259
251; 200; 32963
252; 200; 33018
253; 200; 32965
254; 200; 32896
255; 200; 32915
256; 200; 32978
257; 200; 32954
258; 200; 32849
259; 200; 32812
260; 200; 32856
261; 200; 32887
262; 200; 32919
263; 200; 32979
264; 200; 33028
265; 200; 33000
266; 200; 32916
267; 200; 32858
268; 200; 32902
269; 200; 32961
270; 200; 32993
271; 200; 32982
272; 200; 32976
273; 200; 33032
274; 200; 33122
275; 200; 33205
276; 200; 33306
277; 200; 33479
278; 200; 33747
279; 200; 34000
280; 200; 34179
281; 200; 34237
282; 200; 34167
283; 200; 34023
284; 200; 33860
285; 200; 33692
286; 200; 33537
287; 200; 33457
288; 200; 33456
289; 200; 33456
290; 200; 33458
291; 200; 33558
292; 200; 33653
293; 200; 33602
294; 200; 33466
295; 200; 33487
296; 200; 33698
297; 200; 33936
298; 200; 34095
299; 200; 34212
300; 200; 34302
301; 200; 34354
302; 200; 34408
303; 200; 34488
304; 200; 34585
305; 200; 34560
306; 200; 34483
307; 200; 34398
308; 200; 34316
309; 200; 34250
310; 200; 34196
311; 200; 34123
312; 200; 34061
313; 200; 33973
314; 200; 33859
315; 200; 33805
316; 200; 33780
317; 200; 33723
318; 200; 33599
319; 200; 33503
320; 200; 33420
321; 200; 33345
251; 201; 33048
252; 201; 33072
253; 201; 32995
254; 201; 32913
255; 201; 32904
256; 201; 32932
257; 201; 32931
258; 201; 32902
259; 201; 32882
260; 201; 32898
261; 201; 32948
262; 201; 33009
263; 201; 33058
264; 201; 33043
265; 201; 32978
266; 201; 32943
267; 201; 32965
268; 201; 33043
269; 201; 33129
270; 201; 33139
271; 201; 33052
272; 201; 32980
273; 201; 33029
274; 201; 33302
275; 201; 33621
276; 201; 33819
277; 201; 33941
278; 201; 34121
279; 201; 34359
280; 201; 34559
281; 201; 34633
282; 201; 34558
283; 201; 34422
284; 201; 34288
285; 201; 34136
286; 201; 33963
287; 201; 33830
288; 201; 33744
289; 201; 33592
290; 201; 33429
291; 201; 33362
292; 201; 33319
293; 201; 33249
294; 201; 33188
295; 201; 33228
296; 201; 33382
297; 201; 33544
298; 201; 33674
299; 201; 33817
300; 201; 33973
301; 201; 34056
302; 201; 34129
303; 201; 34275
304; 201; 34422
305; 201; 34423
306; 201; 34271
307; 201; 34093
308; 201; 33991
309; 201; 33969
310; 201; 33987
311; 201; 33980
312; 201; 33869
313; 201; 33672
314; 201; 33552
315; 201; 33509
316; 201; 33482
317; 201; 33446
318; 201; 33468
319; 201; 33483
320; 201; 33475
321; 201; 33430
251; 202; 33109
252; 202; 33109
253; 202; 33026
254; 202; 32970
255; 202; 32970
256; 202; 32972
257; 202; 32965
258; 202; 32971
259; 202; 32966
260; 202; 32972
261; 202; 33044
262; 202; 33133
263; 202; 33156
264; 202; 33093
265; 202; 33020
266; 202; 33010
267; 202; 33051
268; 202; 33113
269; 202; 33173
270; 202; 33175
271; 202; 33111
272; 202; 33050
273; 202; 33145
274; 202; 33495
275; 202; 33909
276; 202; 34098
277; 202; 34171
278; 202; 34316
279; 202; 34570
280; 202; 34731
281; 202; 34782
282; 202; 34721
283; 202; 34666
284; 202; 34581
285; 202; 34418
286; 202; 34182
287; 202; 33961
288; 202; 33783
289; 202; 33529
290; 202; 33228
291; 202; 33078
292; 202; 33052
293; 202; 33077
294; 202; 33068
295; 202; 33103
296; 202; 33188
297; 202; 33252
298; 202; 33328
299; 202; 33435
300; 202; 33554
301; 202; 33629
302; 202; 33676
303; 202; 33750
304; 202; 33856
305; 202; 33849
306; 202; 33735
307; 202; 33618
308; 202; 33555
309; 202; 33567
310; 202; 33634
311; 202; 33667
312; 202; 33596
313; 202; 33507
314; 202; 33473
315; 202; 33459
316; 202; 33422
317; 202; 33396
318; 202; 33454
319; 202; 33547
320; 202; 33551
321; 202; 33479
251; 203; 33150
252; 203; 33137
253; 203; 33051
254; 203; 33020
255; 203; 33045
256; 203; 33030
257; 203; 32965
258; 203; 32926
259; 203; 32936
260; 203; 32982
261; 203; 33070
262; 203; 33150
263; 203; 33152
264; 203; 33095
265; 203; 33056
266; 203; 33052
267; 203; 33058
268; 203; 33066
269; 203; 33097
270; 203; 33143
271; 203; 33165
272; 203; 33199
273; 203; 33386
274; 203; 33729
275; 203; 34048
276; 203; 34200
277; 203; 34314
278; 203; 34533
279; 203; 34720
280; 203; 34758
281; 203; 34730
282; 203; 34697
283; 203; 34714
284; 203; 34718
285; 203; 34574
286; 203; 34229
287; 203; 33850
288; 203; 33539
289; 203; 33259
290; 203; 33125
291; 203; 33052
292; 203; 33016
293; 203; 33021
294; 203; 33052
295; 203; 33123
296; 203; 33209
297; 203; 33269
298; 203; 33260
299; 203; 33217
300; 203; 33228
301; 203; 33213
302; 203; 33174
303; 203; 33162
304; 203; 33209
305; 203; 33274
306; 203; 33306
307; 203; 33306
308; 203; 33307
309; 203; 33360
310; 203; 33434
311; 203; 33496
312; 203; 33514
313; 203; 33511
314; 203; 33529
315; 203; 33522
316; 203; 33455
317; 203; 33416
318; 203; 33507
319; 203; 33628
320; 203; 33616
321; 203; 33503
251; 204; 33205
252; 204; 33180
253; 204; 33091
254; 204; 33068
255; 204; 33114
256; 204; 33101
257; 204; 32991
258; 204; 32897
259; 204; 32905
260; 204; 32943
261; 204; 32997
262; 204; 33039
263; 204; 33028
264; 204; 33008
265; 204; 33012
266; 204; 33031
267; 204; 33034
268; 204; 33041
269; 204; 33084
270; 204; 33182
271; 204; 33331
272; 204; 33516
273; 204; 33768
274; 204; 34016
275; 204; 34197
276; 204; 34364
277; 204; 34605
278; 204; 34828
279; 204; 34888
280; 204; 34775
281; 204; 34674
282; 204; 34668
283; 204; 34748
284; 204; 34791
285; 204; 34609
286; 204; 34144
287; 204; 33601
288; 204; 33229
289; 204; 33134
290; 204; 33134
291; 204; 33108
292; 204; 33059
293; 204; 33037
294; 204; 33096
295; 204; 33237
296; 204; 33389
297; 204; 33408
298; 204; 33268
299; 204; 33112
300; 204; 33055
301; 204; 33021
302; 204; 32965
303; 204; 32924
304; 204; 32958
305; 204; 33043
306; 204; 33141
307; 204; 33251
308; 204; 33327
309; 204; 33361
310; 204; 33404
311; 204; 33451
312; 204; 33490
313; 204; 33529
314; 204; 33558
315; 204; 33536
316; 204; 33447
317; 204; 33398
318; 204; 33488
319; 204; 33609
320; 204; 33611
321; 204; 33501
251; 205; 33322
252; 205; 33321
253; 205; 33257
254; 205; 33243
255; 205; 33292
256; 205; 33296
257; 205; 33200
258; 205; 33086
259; 205; 33022
260; 205; 32999
261; 205; 32999
262; 205; 32996
263; 205; 32974
264; 205; 32994
265; 205; 33012
266; 205; 33042
267; 205; 33054
268; 205; 33113
269; 205; 33223
270; 205; 33412
271; 205; 33639
272; 205; 33872
273; 205; 34099
274; 205; 34277
275; 205; 34427
276; 205; 34641
277; 205; 34905
278; 205; 35031
279; 205; 34972
280; 205; 34810
281; 205; 34722
282; 205; 34732
283; 205; 34774
284; 205; 34757
285; 205; 34441
286; 205; 33883
287; 205; 33354
288; 205; 33116
289; 205; 33124
290; 205; 33176
291; 205; 33201
292; 205; 33152
293; 205; 33091
294; 205; 33132
295; 205; 33297
296; 205; 33462
297; 205; 33425
298; 205; 33182
299; 205; 32996
300; 205; 32990
301; 205; 33041
302; 205; 33053
303; 205; 33029
304; 205; 33033
305; 205; 33097
306; 205; 33211
307; 205; 33331
308; 205; 33399
309; 205; 33436
310; 205; 33455
311; 205; 33462
312; 205; 33461
313; 205; 33465
314; 205; 33475
315; 205; 33459
316; 205; 33404
317; 205; 33376
318; 205; 33443
319; 205; 33544
320; 205; 33558
321; 205; 33474
251; 206; 33608
252; 206; 33684
253; 206; 33674
254; 206; 33678
255; 206; 33717
256; 206; 33716
257; 206; 33620
258; 206; 33506
259; 206; 33431
260; 206; 33409
261; 206; 33402
262; 206; 33363
263; 206; 33294
264; 206; 33247
265; 206; 33229
266; 206; 33251
267; 206; 33313
268; 206; 33386
269; 206; 33470
270; 206; 33623
271; 206; 33768
272; 206; 33973
273; 206; 34205
274; 206; 34406
275; 206; 34590
276; 206; 34814
277; 206; 34986
278; 206; 35018
279; 206; 34943
280; 206; 34834
281; 206; 34802
282; 206; 34787
283; 206; 34734
284; 206; 34463
285; 206; 34011
286; 206; 33514
287; 206; 33222
288; 206; 33156
289; 206; 33145
290; 206; 33207
291; 206; 33274
292; 206; 33257
293; 206; 33172
294; 206; 33137
295; 206; 33218
296; 206; 33313
297; 206; 33239
298; 206; 33021
299; 206; 32895
300; 206; 32967
301; 206; 33126
302; 206; 33233
303; 206; 33251
304; 206; 33259
305; 206; 33314
306; 206; 33376
307; 206; 33379
308; 206; 33387
309; 206; 33446
310; 206; 33484
311; 206; 33478
312; 206; 33452
313; 206; 33430
314; 206; 33425
315; 206; 33425
316; 206; 33423
317; 206; 33427
318; 206; 33470
319; 206; 33533
320; 206; 33538
321; 206; 33486
251; 207; 33899
252; 207; 33985
253; 207; 34031
254; 207; 34061
255; 207; 34065
256; 207; 34013
257; 207; 33940
258; 207; 33921
259; 207; 33961
260; 207; 34007
261; 207; 34015
262; 207; 33969
263; 207; 33876
264; 207; 33773
265; 207; 33709
266; 207; 33729
267; 207; 33788
268; 207; 33816
269; 207; 33784
270; 207; 33695
271; 207; 33741
272; 207; 33856
273; 207; 34088
274; 207; 34370
275; 207; 34606
276; 207; 34804
277; 207; 34875
278; 207; 34881
279; 207; 34809
280; 207; 34806
281; 207; 34820
282; 207; 34744
283; 207; 34456
284; 207; 33980
285; 207; 33511
286; 207; 33235
287; 207; 33197
288; 207; 33182
289; 207; 33174
290; 207; 33200
291; 207; 33277
292; 207; 33330
293; 207; 33272
294; 207; 33148
295; 207; 33081
296; 207; 33073
297; 207; 33015
298; 207; 32907
299; 207; 32863
300; 207; 32971
301; 207; 33176
302; 207; 33335
303; 207; 33408
304; 207; 33448
305; 207; 33459
306; 207; 33410
307; 207; 33333
308; 207; 33323
309; 207; 33401
310; 207; 33472
311; 207; 33500
312; 207; 33508
313; 207; 33516
314; 207; 33510
315; 207; 33492
316; 207; 33481
317; 207; 33480
318; 207; 33499
319; 207; 33532
320; 207; 33538
321; 207; 33520
251; 208; 34047
252; 208; 34095
253; 208; 34144
254; 208; 34166
255; 208; 34137
256; 208; 34056
257; 208; 33984
258; 208; 34021
259; 208; 34147
260; 208; 34235
261; 208; 34259
262; 208; 34241
263; 208; 34211
264; 208; 34129
265; 208; 34075
266; 208; 34089
267; 208; 34127
268; 208; 34124
269; 208; 34030
270; 208; 33906
271; 208; 33824
272; 208; 33896
273; 208; 34006
274; 208; 34237
275; 208; 34520
276; 208; 34677
277; 208; 34729
278; 208; 34674
279; 208; 34690
280; 208; 34759
281; 208; 34728
282; 208; 34492
283; 208; 34075
284; 208; 33621
285; 208; 33301
286; 208; 33215
287; 208; 33227
288; 208; 33250
289; 208; 33219
290; 208; 33178
291; 208; 33227
292; 208; 33345
293; 208; 33340
294; 208; 33168
295; 208; 32990
296; 208; 32908
297; 208; 32877
298; 208; 32871
299; 208; 32901
300; 208; 33005
301; 208; 33177
302; 208; 33336
303; 208; 33435
304; 208; 33468
305; 208; 33443
306; 208; 33380
307; 208; 33335
308; 208; 33357
309; 208; 33429
310; 208; 33489
311; 208; 33523
312; 208; 33559
313; 208; 33605
314; 208; 33617
315; 208; 33563
316; 208; 33492
317; 208; 33448
318; 208; 33437
319; 208; 33456
320; 208; 33486
321; 208; 33511
251; 209; 34112
252; 209; 34118
253; 209; 34136
254; 209; 34144
255; 209; 34093
256; 209; 34000
257; 209; 33953
258; 209; 33990
259; 209; 34062
260; 209; 34110
261; 209; 34140
262; 209; 34171
263; 209; 34157
264; 209; 34120
265; 209; 34106
266; 209; 34150
267; 209; 34191
268; 209; 34183
269; 209; 34154
270; 209; 34149
271; 209; 34134
272; 209; 34060
273; 209; 34066
274; 209; 34146
275; 209; 34413
276; 209; 34560
277; 209; 34598
278; 209; 34538
279; 209; 34527
280; 209; 34531
281; 209; 34404
282; 209; 34082
283; 209; 33757
284; 209; 33544
285; 209; 33447
286; 209; 33433
287; 209; 33463
288; 209; 33448
289; 209; 33333
290; 209; 33211
291; 209; 33229
292; 209; 33323
293; 209; 33344
294; 209; 33204
295; 209; 33011
296; 209; 32902
297; 209; 32863
298; 209; 32891
299; 209; 32972
300; 209; 33068
301; 209; 33197
302; 209; 33336
303; 209; 33415
304; 209; 33416
305; 209; 33387
306; 209; 33377
307; 209; 33414
308; 209; 33475
309; 209; 33522
310; 209; 33530
311; 209; 33505
312; 209; 33493
313; 209; 33536
314; 209; 33589
315; 209; 33566
316; 209; 33486
317; 209; 33409
318; 209; 33362
319; 209; 33368
320; 209; 33427
321; 209; 33489
251; 210; 34148
252; 210; 34144
253; 210; 34135
254; 210; 34113
255; 210; 34053
256; 210; 33986
257; 210; 33964
258; 210; 33966
259; 210; 33943
260; 210; 33927
261; 210; 33971
262; 210; 34042
263; 210; 34074
264; 210; 34071
265; 210; 34084
266; 210; 34128
267; 210; 34152
268; 210; 34141
269; 210; 34169
270; 210; 34249
271; 210; 34321
272; 210; 34267
273; 210; 34161
274; 210; 34157
275; 210; 34294
276; 210; 34447
277; 210; 34433
278; 210; 34319
279; 210; 34206
280; 210; 34085
281; 210; 33859
282; 210; 33652
283; 210; 33578
284; 210; 33644
285; 210; 33774
286; 210; 33853
287; 210; 33848
288; 210; 33794
289; 210; 33656
290; 210; 33483
291; 210; 33359
292; 210; 33334
293; 210; 33336
294; 210; 33292
295; 210; 33159
296; 210; 33013
297; 210; 32936
298; 210; 32962
299; 210; 33055
300; 210; 33154
301; 210; 33260
302; 210; 33369
303; 210; 33422
304; 210; 33398
305; 210; 33365
306; 210; 33388
307; 210; 33446
308; 210; 33486
309; 210; 33504
310; 210; 33494
311; 210; 33442
312; 210; 33374
313; 210; 33382
314; 210; 33478
315; 210; 33565
316; 210; 33566
317; 210; 33493
318; 210; 33411
319; 210; 33397
320; 210; 33457
321; 210; 33512
251; 211; 34166
252; 211; 34163
253; 211; 34147
254; 211; 34116
255; 211; 34073
256; 211; 34047
257; 211; 34045
258; 211; 34008
259; 211; 33920
260; 211; 33883
261; 211; 33960
262; 211; 34071
263; 211; 34120
264; 211; 34121
265; 211; 34126
266; 211; 34124
267; 211; 34096
268; 211; 34064
269; 211; 34096
270; 211; 34192
271; 211; 34273
272; 211; 34267
273; 211; 34200
274; 211; 34154
275; 211; 34194
276; 211; 34204
277; 211; 34131
278; 211; 33972
279; 211; 33760
280; 211; 33555
281; 211; 33413
282; 211; 33377
283; 211; 33482
284; 211; 33753
285; 211; 34006
286; 211; 34101
287; 211; 34106
288; 211; 34094
289; 211; 34039
290; 211; 33880
291; 211; 33594
292; 211; 33418
293; 211; 33371
294; 211; 33421
295; 211; 33394
296; 211; 33230
297; 211; 33070
298; 211; 33057
299; 211; 33163
300; 211; 33267
301; 211; 33334
302; 211; 33409
303; 211; 33466
304; 211; 33449
305; 211; 33413
306; 211; 33412
307; 211; 33410
308; 211; 33389
309; 211; 33396
310; 211; 33433
311; 211; 33445
312; 211; 33396
313; 211; 33379
314; 211; 33488
315; 211; 33650
316; 211; 33721
317; 211; 33657
318; 211; 33546
319; 211; 33503
320; 211; 33527
321; 211; 33530
251; 212; 34150
252; 212; 34139
253; 212; 34122
254; 212; 34101
255; 212; 34098
256; 212; 34128
257; 212; 34145
258; 212; 34078
259; 212; 33965
260; 212; 33940
261; 212; 34039
262; 212; 34154
263; 212; 34195
264; 212; 34177
265; 212; 34148
266; 212; 34113
267; 212; 34067
268; 212; 34033
269; 212; 34032
270; 212; 34064
271; 212; 34113
272; 212; 34153
273; 212; 34158
274; 212; 34110
275; 212; 33960
276; 212; 33788
277; 212; 33647
278; 212; 33545
279; 212; 33388
280; 212; 33238
281; 212; 33238
282; 212; 33350
283; 212; 33606
284; 212; 33873
285; 212; 34014
286; 212; 34107
287; 212; 34146
288; 212; 34166
289; 212; 34174
290; 212; 34081
291; 212; 33798
292; 212; 33475
293; 212; 33402
294; 212; 33485
295; 212; 33516
296; 212; 33355
297; 212; 33171
298; 212; 33170
299; 212; 33302
300; 212; 33378
301; 212; 33385
302; 212; 33425
303; 212; 33490
304; 212; 33528
305; 212; 33519
306; 212; 33494
307; 212; 33453
308; 212; 33390
309; 212; 33377
310; 212; 33456
311; 212; 33548
312; 212; 33565
313; 212; 33561
314; 212; 33638
315; 212; 33767
316; 212; 33819
317; 212; 33730
318; 212; 33595
319; 212; 33537
320; 212; 33538
321; 212; 33502
251; 213; 34107
252; 213; 34093
253; 213; 34074
254; 213; 34058
255; 213; 34086
256; 213; 34162
257; 213; 34195
258; 213; 34117
259; 213; 34007
260; 213; 33992
261; 213; 34074
262; 213; 34151
263; 213; 34170
264; 213; 34144
265; 213; 34104
266; 213; 34071
267; 213; 34063
268; 213; 34075
269; 213; 34062
270; 213; 34026
271; 213; 34014
272; 213; 34047
273; 213; 34061
274; 213; 33942
275; 213; 33598
276; 213; 33334
277; 213; 33251
278; 213; 33248
279; 213; 33172
280; 213; 33149
281; 213; 33235
282; 213; 33568
283; 213; 33889
284; 213; 33965
285; 213; 33997
286; 213; 34066
287; 213; 34127
288; 213; 34140
289; 213; 34130
290; 213; 34093
291; 213; 33867
292; 213; 33514
293; 213; 33364
294; 213; 33397
295; 213; 33410
296; 213; 33292
297; 213; 33194
298; 213; 33277
299; 213; 33423
300; 213; 33455
301; 213; 33410
302; 213; 33417
303; 213; 33503
304; 213; 33589
305; 213; 33601
306; 213; 33590
307; 213; 33569
308; 213; 33506
309; 213; 33474
310; 213; 33517
311; 213; 33614
312; 213; 33681
313; 213; 33693
314; 213; 33717
315; 213; 33765
316; 213; 33760
317; 213; 33653
318; 213; 33534
319; 213; 33502
320; 213; 33512
321; 213; 33465
251; 214; 34061
252; 214; 34070
253; 214; 34056
254; 214; 34028
255; 214; 34049
256; 214; 34120
257; 214; 34151
258; 214; 34093
259; 214; 34027
260; 214; 34035
261; 214; 34082
262; 214; 34106
263; 214; 34105
264; 214; 34092
265; 214; 34066
266; 214; 34046
267; 214; 34072
268; 214; 34135
269; 214; 34150
270; 214; 34096
271; 214; 34046
272; 214; 34035
273; 214; 34003
274; 214; 33822
275; 214; 33407
276; 214; 33122
277; 214; 33105
278; 214; 33164
279; 214; 33144
280; 214; 33140
281; 214; 33340
282; 214; 33769
283; 214; 34031
284; 214; 34031
285; 214; 34027
286; 214; 34082
287; 214; 34125
288; 214; 34100
289; 214; 34063
290; 214; 34021
291; 214; 33880
292; 214; 33546
293; 214; 33309
294; 214; 33233
295; 214; 33184
296; 214; 33154
297; 214; 33215
298; 214; 33385
299; 214; 33507
300; 214; 33482
301; 214; 33413
302; 214; 33432
303; 214; 33524
304; 214; 33586
305; 214; 33578
306; 214; 33579
307; 214; 33595
308; 214; 33567
309; 214; 33509
310; 214; 33490
311; 214; 33555
312; 214; 33630
313; 214; 33639
314; 214; 33623
315; 214; 33618
316; 214; 33600
317; 214; 33540
318; 214; 33483
319; 214; 33492
320; 214; 33515
321; 214; 33471
251; 215; 34029
252; 215; 34077
253; 215; 34079
254; 215; 34042
255; 215; 34027
256; 215; 34048
257; 215; 34051
258; 215; 34028
259; 215; 34044
260; 215; 34107
261; 215; 34138
262; 215; 34112
263; 215; 34091
264; 215; 34093
265; 215; 34075
266; 215; 34043
267; 215; 34064
268; 215; 34146
269; 215; 34206
270; 215; 34187
271; 215; 34136
272; 215; 34093
273; 215; 34033
274; 215; 33849
275; 215; 33443
276; 215; 33154
277; 215; 33121
278; 215; 33189
279; 215; 33218
280; 215; 33239
281; 215; 33372
282; 215; 33664
283; 215; 33952
284; 215; 34041
285; 215; 34083
286; 215; 34132
287; 215; 34133
288; 215; 34070
289; 215; 34020
290; 215; 33993
291; 215; 33919
292; 215; 33675
293; 215; 33378
294; 215; 33190
295; 215; 33083
296; 215; 33088
297; 215; 33253
298; 215; 33463
299; 215; 33534
300; 215; 33479
301; 215; 33446
302; 215; 33494
303; 215; 33542
304; 215; 33526
305; 215; 33484
306; 215; 33484
307; 215; 33503
308; 215; 33491
309; 215; 33451
310; 215; 33447
311; 215; 33495
312; 215; 33547
313; 215; 33544
314; 215; 33511
315; 215; 33494
316; 215; 33495
317; 215; 33503
318; 215; 33518
319; 215; 33543
320; 215; 33542
321; 215; 33489
251; 216; 34041
252; 216; 34106
253; 216; 34118
254; 216; 34084
255; 216; 34050
256; 216; 34026
257; 216; 33997
258; 216; 34000
259; 216; 34083
260; 216; 34184
261; 216; 34190
262; 216; 34121
263; 216; 34090
264; 216; 34106
265; 216; 34089
266; 216; 34031
267; 216; 34027
268; 216; 34113
269; 216; 34213
270; 216; 34234
271; 216; 34195
272; 216; 34144
273; 216; 34079
274; 216; 33924
275; 216; 33589
276; 216; 33283
277; 216; 33217
278; 216; 33308
279; 216; 33402
280; 216; 33427
281; 216; 33457
282; 216; 33577
283; 216; 33858
284; 216; 34074
285; 216; 34135
286; 216; 34138
287; 216; 34083
288; 216; 34009
289; 216; 33981
290; 216; 33989
291; 216; 33955
292; 216; 33817
293; 216; 33564
294; 216; 33331
295; 216; 33185
296; 216; 33166
297; 216; 33316
298; 216; 33480
299; 216; 33512
300; 216; 33486
301; 216; 33513
302; 216; 33559
303; 216; 33537
304; 216; 33467
305; 216; 33430
306; 216; 33435
307; 216; 33427
308; 216; 33409
309; 216; 33414
310; 216; 33453
311; 216; 33506
312; 216; 33541
313; 216; 33531
314; 216; 33513
315; 216; 33512
316; 216; 33516
317; 216; 33537
318; 216; 33584
319; 216; 33612
320; 216; 33571
321; 216; 33496
251; 217; 34107
252; 217; 34158
253; 217; 34155
254; 217; 34125
255; 217; 34091
256; 217; 34058
257; 217; 34034
258; 217; 34057
259; 217; 34140
260; 217; 34199
261; 217; 34155
262; 217; 34071
263; 217; 34055
264; 217; 34089
265; 217; 34080
266; 217; 34021
267; 217; 34012
268; 217; 34101
269; 217; 34209
270; 217; 34233
271; 217; 34187
272; 217; 34132
273; 217; 34067
274; 217; 33935
275; 217; 33652
276; 217; 33374
277; 217; 33318
278; 217; 33470
279; 217; 33624
280; 217; 33607
281; 217; 33545
282; 217; 33609
283; 217; 33898
284; 217; 34143
285; 217; 34157
286; 217; 34073
287; 217; 33987
288; 217; 33955
289; 217; 33976
290; 217; 34007
291; 217; 33982
292; 217; 33857
293; 217; 33648
294; 217; 33470
295; 217; 33321
296; 217; 33306
297; 217; 33418
298; 217; 33511
299; 217; 33518
300; 217; 33517
301; 217; 33545
302; 217; 33548
303; 217; 33486
304; 217; 33437
305; 217; 33454
306; 217; 33476
307; 217; 33437
308; 217; 33399
309; 217; 33423
310; 217; 33477
311; 217; 33516
312; 217; 33522
313; 217; 33521
314; 217; 33553
315; 217; 33589
316; 217; 33589
317; 217; 33582
318; 217; 33626
319; 217; 33663
320; 217; 33610
321; 217; 33522
251; 218; 34159
252; 218; 34192
253; 218; 34181
254; 218; 34150
255; 218; 34110
256; 218; 34082
257; 218; 34090
258; 218; 34139
259; 218; 34186
260; 218; 34169
261; 218; 34086
262; 218; 34015
263; 218; 34017
264; 218; 34053
265; 218; 34049
266; 218; 34019
267; 218; 34039
268; 218; 34125
269; 218; 34203
270; 218; 34201
271; 218; 34149
272; 218; 34103
273; 218; 34048
274; 218; 33928
275; 218; 33662
276; 218; 33432
277; 218; 33406
278; 218; 33566
279; 218; 33688
280; 218; 33616
281; 218; 33531
282; 218; 33691
283; 218; 34079
284; 218; 34203
285; 218; 34125
286; 218; 33990
287; 218; 33935
288; 218; 33962
289; 218; 34025
290; 218; 34062
291; 218; 34010
292; 218; 33786
293; 218; 33530
294; 218; 33405
295; 218; 33358
296; 218; 33426
297; 218; 33551
298; 218; 33598
299; 218; 33558
300; 218; 33515
301; 218; 33499
302; 218; 33472
303; 218; 33425
304; 218; 33430
305; 218; 33497
306; 218; 33526
307; 218; 33478
308; 218; 33446
309; 218; 33477
310; 218; 33510
311; 218; 33483
312; 218; 33427
313; 218; 33429
314; 218; 33512
315; 218; 33594
316; 218; 33607
317; 218; 33589
318; 218; 33625
319; 218; 33674
320; 218; 33640
321; 218; 33559
251; 219; 34091
252; 219; 34139
253; 219; 34166
254; 219; 34154
255; 219; 34108
256; 219; 34083
257; 219; 34120
258; 219; 34182
259; 219; 34189
260; 219; 34122
261; 219; 34041
262; 219; 34000
263; 219; 34003
264; 219; 34012
265; 219; 34008
266; 219; 34015
267; 219; 34063
268; 219; 34141
269; 219; 34199
270; 219; 34188
271; 219; 34145
272; 219; 34121
273; 219; 34101
274; 219; 34002
275; 219; 33737
276; 219; 33519
277; 219; 33497
278; 219; 33556
279; 219; 33554
280; 219; 33436
281; 219; 33446
282; 219; 33784
283; 219; 34163
284; 219; 34182
285; 219; 34049
286; 219; 33948
287; 219; 33954
288; 219; 34004
289; 219; 34074
290; 219; 34116
291; 219; 34037
292; 219; 33713
293; 219; 33415
294; 219; 33292
295; 219; 33314
296; 219; 33481
297; 219; 33650
298; 219; 33685
299; 219; 33613
300; 219; 33522
301; 219; 33468
302; 219; 33437
303; 219; 33423
304; 219; 33453
305; 219; 33506
306; 219; 33518
307; 219; 33491
308; 219; 33492
309; 219; 33531
310; 219; 33544
311; 219; 33486
312; 219; 33403
313; 219; 33392
314; 219; 33472
315; 219; 33562
316; 219; 33580
317; 219; 33557
318; 219; 33576
319; 219; 33624
320; 219; 33615
321; 219; 33554
251; 220; 33969
252; 220; 34044
253; 220; 34119
254; 220; 34130
255; 220; 34098
256; 220; 34097
257; 220; 34151
258; 220; 34188
259; 220; 34143
260; 220; 34060
261; 220; 34016
262; 220; 34013
263; 220; 34010
264; 220; 33993
265; 220; 33994
266; 220; 34022
267; 220; 34064
268; 220; 34114
269; 220; 34166
270; 220; 34173
271; 220; 34150
272; 220; 34149
273; 220; 34151
274; 220; 34086
275; 220; 33840
276; 220; 33614
277; 220; 33560
278; 220; 33513
279; 220; 33431
280; 220; 33373
281; 220; 33539
282; 220; 33942
283; 220; 34136
284; 220; 34075
285; 220; 33979
286; 220; 33989
287; 220; 34047
288; 220; 34069
289; 220; 34098
290; 220; 34142
291; 220; 34092
292; 220; 33766
293; 220; 33424
294; 220; 33241
295; 220; 33272
296; 220; 33472
297; 220; 33656
298; 220; 33714
299; 220; 33667
300; 220; 33573
301; 220; 33509
302; 220; 33493
303; 220; 33502
304; 220; 33505
305; 220; 33497
306; 220; 33485
307; 220; 33478
308; 220; 33490
309; 220; 33525
310; 220; 33561
311; 220; 33562
312; 220; 33537
313; 220; 33517
314; 220; 33534
315; 220; 33569
316; 220; 33560
317; 220; 33513
318; 220; 33500
319; 220; 33534
320; 220; 33548
321; 220; 33508
251; 221; 33977
252; 221; 34060
253; 221; 34121
254; 221; 34108
255; 221; 34078
256; 221; 34110
257; 221; 34182
258; 221; 34193
259; 221; 34112
260; 221; 34033
261; 221; 34027
262; 221; 34047
263; 221; 34036
264; 221; 34021
265; 221; 34042
266; 221; 34063
267; 221; 34048
268; 221; 34036
269; 221; 34071
270; 221; 34109
271; 221; 34115
272; 221; 34125
273; 221; 34123
274; 221; 34056
275; 221; 33828
276; 221; 33677
277; 221; 33597
278; 221; 33522
279; 221; 33467
280; 221; 33552
281; 221; 33876
282; 221; 34082
283; 221; 34054
284; 221; 33916
285; 221; 33932
286; 221; 34079
287; 221; 34164
288; 221; 34146
289; 221; 34116
290; 221; 34128
291; 221; 34074
292; 221; 33801
293; 221; 33458
294; 221; 33291
295; 221; 33310
296; 221; 33489
297; 221; 33625
298; 221; 33693
299; 221; 33690
300; 221; 33622
301; 221; 33568
302; 221; 33574
303; 221; 33592
304; 221; 33557
305; 221; 33506
306; 221; 33485
307; 221; 33477
308; 221; 33459
309; 221; 33464
310; 221; 33522
311; 221; 33605
312; 221; 33652
313; 221; 33626
314; 221; 33589
315; 221; 33570
316; 221; 33535
317; 221; 33472
318; 221; 33439
319; 221; 33472
320; 221; 33512
321; 221; 33491
251; 222; 34134
252; 222; 34202
253; 222; 34211
254; 222; 34148
255; 222; 34084
256; 222; 34088
257; 222; 34142
258; 222; 34159
259; 222; 34123
260; 222; 34100
261; 222; 34123
262; 222; 34130
263; 222; 34087
264; 222; 34062
265; 222; 34093
266; 222; 34101
267; 222; 34032
268; 222; 33966
269; 222; 33988
270; 222; 34052
271; 222; 34084
272; 222; 34084
273; 222; 34048
274; 222; 33938
275; 222; 33794
276; 222; 33691
277; 222; 33617
278; 222; 33557
279; 222; 33591
280; 222; 33823
281; 222; 34075
282; 222; 34068
283; 222; 33868
284; 222; 33744
285; 222; 33873
286; 222; 34084
287; 222; 34186
288; 222; 34148
289; 222; 34092
290; 222; 34040
291; 222; 33872
292; 222; 33596
293; 222; 33354
294; 222; 33323
295; 222; 33434
296; 222; 33611
297; 222; 33662
298; 222; 33687
299; 222; 33691
300; 222; 33642
301; 222; 33596
302; 222; 33614
303; 222; 33636
304; 222; 33594
305; 222; 33534
306; 222; 33520
307; 222; 33514
308; 222; 33473
309; 222; 33449
310; 222; 33496
311; 222; 33580
312; 222; 33612
313; 222; 33570
314; 222; 33536
315; 222; 33530
316; 222; 33510
317; 222; 33462
318; 222; 33441
319; 222; 33484
320; 222; 33533
321; 222; 33538
251; 223; 34130
252; 223; 34207
253; 223; 34238
254; 223; 34228
255; 223; 34172
256; 223; 34089
257; 223; 34055
258; 223; 34075
259; 223; 34129
260; 223; 34200
261; 223; 34250
262; 223; 34228
263; 223; 34139
264; 223; 34076
265; 223; 34087
266; 223; 34097
267; 223; 34048
268; 223; 34004
269; 223; 34039
270; 223; 34103
271; 223; 34122
272; 223; 34089
273; 223; 34013
274; 223; 33909
275; 223; 33822
276; 223; 33747
277; 223; 33635
278; 223; 33552
279; 223; 33608
280; 223; 33846
281; 223; 33953
282; 223; 33815
283; 223; 33595
284; 223; 33600
285; 223; 33735
286; 223; 33837
287; 223; 33897
288; 223; 33949
289; 223; 33936
290; 223; 33787
291; 223; 33515
292; 223; 33255
293; 223; 33149
294; 223; 33287
295; 223; 33600
296; 223; 33739
297; 223; 33734
298; 223; 33709
299; 223; 33693
300; 223; 33652
301; 223; 33618
302; 223; 33632
303; 223; 33636
304; 223; 33582
305; 223; 33534
306; 223; 33551
307; 223; 33584
308; 223; 33573
309; 223; 33564
310; 223; 33591
311; 223; 33602
312; 223; 33546
313; 223; 33481
314; 223; 33489
315; 223; 33535
316; 223; 33541
317; 223; 33513
318; 223; 33513
319; 223; 33556
320; 223; 33585
321; 223; 33600
251; 224; 33681
252; 224; 33803
253; 224; 34010
254; 224; 34216
255; 224; 34247
256; 224; 34145
257; 224; 34039
258; 224; 34035
259; 224; 34119
260; 224; 34221
261; 224; 34271
262; 224; 34236
263; 224; 34146
264; 224; 34075
265; 224; 34071
266; 224; 34097
267; 224; 34113
268; 224; 34136
269; 224; 34185
270; 224; 34214
271; 224; 34188
272; 224; 34121
273; 224; 34030
274; 224; 33946
275; 224; 33904
276; 224; 33851
277; 224; 33674
278; 224; 33555
279; 224; 33592
280; 224; 33715
281; 224; 33680
282; 224; 33422
283; 224; 33335
284; 224; 33419
285; 224; 33478
286; 224; 33428
287; 224; 33460
288; 224; 33628
289; 224; 33723
290; 224; 33528
291; 224; 33245
292; 224; 33057
293; 224; 33069
294; 224; 33291
295; 224; 33625
296; 224; 33754
297; 224; 33751
298; 224; 33715
299; 224; 33682
300; 224; 33659
301; 224; 33660
302; 224; 33669
303; 224; 33628
304; 224; 33534
305; 224; 33492
306; 224; 33551
307; 224; 33632
308; 224; 33670
309; 224; 33694
310; 224; 33718
311; 224; 33675
312; 224; 33562
313; 224; 33500
314; 224; 33555
315; 224; 33626
316; 224; 33622
317; 224; 33591
318; 224; 33611
319; 224; 33653
320; 224; 33651
321; 224; 33631
251; 225; 33057
252; 225; 33204
253; 225; 33503
254; 225; 33863
255; 225; 34070
256; 225; 34119
257; 225; 34070
258; 225; 34093
259; 225; 34142
260; 225; 34177
261; 225; 34177
262; 225; 34150
263; 225; 34114
264; 225; 34092
265; 225; 34100
266; 225; 34130
267; 225; 34170
268; 225; 34207
269; 225; 34225
270; 225; 34211
271; 225; 34173
272; 225; 34121
273; 225; 34049
274; 225; 33987
275; 225; 33973
276; 225; 33952
277; 225; 33798
278; 225; 33667
279; 225; 33682
280; 225; 33723
281; 225; 33503
282; 225; 33205
283; 225; 33164
284; 225; 33288
285; 225; 33336
286; 225; 33271
287; 225; 33283
288; 225; 33518
289; 225; 33641
290; 225; 33488
291; 225; 33200
292; 225; 33090
293; 225; 33133
294; 225; 33312
295; 225; 33559
296; 225; 33691
297; 225; 33734
298; 225; 33692
299; 225; 33630
300; 225; 33634
301; 225; 33697
302; 225; 33728
303; 225; 33658
304; 225; 33531
305; 225; 33483
306; 225; 33546
307; 225; 33623
308; 225; 33647
309; 225; 33667
310; 225; 33696
311; 225; 33657
312; 225; 33563
313; 225; 33536
314; 225; 33620
315; 225; 33691
316; 225; 33661
317; 225; 33630
318; 225; 33682
319; 225; 33744
320; 225; 33710
321; 225; 33602
251; 226; 32880
252; 226; 32948
253; 226; 33145
254; 226; 33351
255; 226; 33580
256; 226; 33823
257; 226; 34009
258; 226; 34125
259; 226; 34169
260; 226; 34147
261; 226; 34101
262; 226; 34083
263; 226; 34097
264; 226; 34114
265; 226; 34124
266; 226; 34135
267; 226; 34143
268; 226; 34134
269; 226; 34097
270; 226; 34071
271; 226; 34086
272; 226; 34104
273; 226; 34070
274; 226; 34012
275; 226; 33999
276; 226; 33993
277; 226; 33939
278; 226; 33873
279; 226; 33954
280; 226; 33895
281; 226; 33520
282; 226; 33139
283; 226; 33097
284; 226; 33281
285; 226; 33404
286; 226; 33418
287; 226; 33541
288; 226; 33756
289; 226; 33740
290; 226; 33481
291; 226; 33218
292; 226; 33156
293; 226; 33213
294; 226; 33316
295; 226; 33489
296; 226; 33695
297; 226; 33754
298; 226; 33676
299; 226; 33573
300; 226; 33600
301; 226; 33721
302; 226; 33788
303; 226; 33726
304; 226; 33608
305; 226; 33557
306; 226; 33582
307; 226; 33588
308; 226; 33542
309; 226; 33530
310; 226; 33563
311; 226; 33554
312; 226; 33496
313; 226; 33490
314; 226; 33571
315; 226; 33642
316; 226; 33629
317; 226; 33618
318; 226; 33694
319; 226; 33765
320; 226; 33697
321; 226; 33504
251; 227; 33072
252; 227; 33158
253; 227; 33170
254; 227; 33127
255; 227; 33176
256; 227; 33393
257; 227; 33720
258; 227; 33962
259; 227; 34096
260; 227; 34100
261; 227; 34081
262; 227; 34088
263; 227; 34104
264; 227; 34095
265; 227; 34078
266; 227; 34078
267; 227; 34076
268; 227; 34042
269; 227; 33987
270; 227; 33980
271; 227; 34050
272; 227; 34113
273; 227; 34089
274; 227; 34016
275; 227; 33979
276; 227; 33970
277; 227; 33956
278; 227; 34038
279; 227; 34193
280; 227; 34093
281; 227; 33613
282; 227; 33124
283; 227; 33113
284; 227; 33496
285; 227; 33782
286; 227; 33901
287; 227; 33965
288; 227; 33931
289; 227; 33733
290; 227; 33376
291; 227; 33182
292; 227; 33163
293; 227; 33244
294; 227; 33333
295; 227; 33502
296; 227; 33735
297; 227; 33781
298; 227; 33680
299; 227; 33576
300; 227; 33620
301; 227; 33750
302; 227; 33811
303; 227; 33758
304; 227; 33676
305; 227; 33641
306; 227; 33628
307; 227; 33569
308; 227; 33481
309; 227; 33458
310; 227; 33504
311; 227; 33530
312; 227; 33498
313; 227; 33474
314; 227; 33500
315; 227; 33552
316; 227; 33580
317; 227; 33601
318; 227; 33661
319; 227; 33684
320; 227; 33579
321; 227; 33386
251; 228; 33444
252; 228; 33504
253; 228; 33376
254; 228; 33180
255; 228; 33123
256; 228; 33181
257; 228; 33386
258; 228; 33606
259; 228; 33803
260; 228; 33929
261; 228; 34024
262; 228; 34065
263; 228; 34073
264; 228; 34030
265; 228; 34001
266; 228; 34031
267; 228; 34073
268; 228; 34068
269; 228; 34030
270; 228; 34032
271; 228; 34094
272; 228; 34125
273; 228; 34068
274; 228; 33959
275; 228; 33902
276; 228; 33834
277; 228; 33810
278; 228; 34083
279; 228; 34360
280; 228; 34278
281; 228; 33664
282; 228; 33083
283; 228; 33137
284; 228; 33638
285; 228; 33987
286; 228; 34032
287; 228; 33977
288; 228; 33831
289; 228; 33587
290; 228; 33285
291; 228; 33176
292; 228; 33204
293; 228; 33303
294; 228; 33398
295; 228; 33544
296; 228; 33703
297; 228; 33737
298; 228; 33667
299; 228; 33619
300; 228; 33677
301; 228; 33761
302; 228; 33765
303; 228; 33705
304; 228; 33653
305; 228; 33641
306; 228; 33627
307; 228; 33565
308; 228; 33491
309; 228; 33478
310; 228; 33543
311; 228; 33614
312; 228; 33623
313; 228; 33582
314; 228; 33530
315; 228; 33512
316; 228; 33538
317; 228; 33581
318; 228; 33616
319; 228; 33582
320; 228; 33469
321; 228; 33350
251; 229; 33395
252; 229; 33477
253; 229; 33425
254; 229; 33292
255; 229; 33190
256; 229; 33197
257; 229; 33279
258; 229; 33358
259; 229; 33470
260; 229; 33611
261; 229; 33772
262; 229; 33888
263; 229; 33936
264; 229; 33945
265; 229; 33941
266; 229; 34011
267; 229; 34094
268; 229; 34117
269; 229; 34077
270; 229; 34071
271; 229; 34105
272; 229; 34089
273; 229; 33955
274; 229; 33795
275; 229; 33658
276; 229; 33517
277; 229; 33558
278; 229; 33972
279; 229; 34421
280; 229; 34336
281; 229; 33606
282; 229; 33031
283; 229; 33109
284; 229; 33595
285; 229; 33821
286; 229; 33725
287; 229; 33544
288; 229; 33469
289; 229; 33415
290; 229; 33320
291; 229; 33263
292; 229; 33288
293; 229; 33347
294; 229; 33426
295; 229; 33538
296; 229; 33629
297; 229; 33647
298; 229; 33632
299; 229; 33650
300; 229; 33702
301; 229; 33721
302; 229; 33688
303; 229; 33646
304; 229; 33617
305; 229; 33612
306; 229; 33609
307; 229; 33575
308; 229; 33523
309; 229; 33511
310; 229; 33582
311; 229; 33681
312; 229; 33730
313; 229; 33700
314; 229; 33610
315; 229; 33522
316; 229; 33499
317; 229; 33537
318; 229; 33580
319; 229; 33559
320; 229; 33493
321; 229; 33453
251; 230; 33068
252; 230; 33209
253; 230; 33273
254; 230; 33228
255; 230; 33178
256; 230; 33177
257; 230; 33226
258; 230; 33268
259; 230; 33319
260; 230; 33387
261; 230; 33473
262; 230; 33553
263; 230; 33666
264; 230; 33794
265; 230; 33861
266; 230; 33906
267; 230; 33940
268; 230; 33948
269; 230; 33940
270; 230; 33949
271; 230; 33946
272; 230; 33860
273; 230; 33684
274; 230; 33466
275; 230; 33289
276; 230; 33183
277; 230; 33248
278; 230; 33663
279; 230; 34142
280; 230; 34114
281; 230; 33501
282; 230; 33056
283; 230; 33136
284; 230; 33464
285; 230; 33463
286; 230; 33203
287; 230; 33095
288; 230; 33188
289; 230; 33349
290; 230; 33385
291; 230; 33340
292; 230; 33277
293; 230; 33274
294; 230; 33376
295; 230; 33571
296; 230; 33615
297; 230; 33617
298; 230; 33635
299; 230; 33674
300; 230; 33691
301; 230; 33676
302; 230; 33667
303; 230; 33675
304; 230; 33667
305; 230; 33654
306; 230; 33642
307; 230; 33618
308; 230; 33570
309; 230; 33548
310; 230; 33601
311; 230; 33674
312; 230; 33712
313; 230; 33702
314; 230; 33643
315; 230; 33557
316; 230; 33505
317; 230; 33522
318; 230; 33582
319; 230; 33613
320; 230; 33606
321; 230; 33598
251; 231; 32835
252; 231; 32917
253; 231; 32978
254; 231; 32952
255; 231; 32919
256; 231; 32980
257; 231; 33080
258; 231; 33149
259; 231; 33210
260; 231; 33274
261; 231; 33298
262; 231; 33333
263; 231; 33434
264; 231; 33620
265; 231; 33685
266; 231; 33600
267; 231; 33520
268; 231; 33483
269; 231; 33513
270; 231; 33573
271; 231; 33583
272; 231; 33478
273; 231; 33289
274; 231; 33128
275; 231; 33005
276; 231; 32927
277; 231; 32965
278; 231; 33218
279; 231; 33578
280; 231; 33644
281; 231; 33337
282; 231; 33201
283; 231; 33278
284; 231; 33373
285; 231; 33207
286; 231; 32973
287; 231; 32948
288; 231; 33080
289; 231; 33338
290; 231; 33379
291; 231; 33282
292; 231; 33147
293; 231; 33135
294; 231; 33367
295; 231; 33666
296; 231; 33721
297; 231; 33686
298; 231; 33683
299; 231; 33695
300; 231; 33680
301; 231; 33671
302; 231; 33704
303; 231; 33743
304; 231; 33735
305; 231; 33708
306; 231; 33690
307; 231; 33663
308; 231; 33614
309; 231; 33593
310; 231; 33621
311; 231; 33630
312; 231; 33616
313; 231; 33616
314; 231; 33622
315; 231; 33601
316; 231; 33574
317; 231; 33585
318; 231; 33636
319; 231; 33670
320; 231; 33665
321; 231; 33646
251; 232; 32832
252; 232; 32856
253; 232; 32847
254; 232; 32832
255; 232; 32810
256; 232; 32835
257; 232; 32883
258; 232; 32923
259; 232; 32980
260; 232; 33096
261; 232; 33191
262; 232; 33207
263; 232; 33331
264; 232; 33474
265; 232; 33532
266; 232; 33423
267; 232; 33226
268; 232; 33131
269; 232; 33127
270; 232; 33153
271; 232; 33143
272; 232; 33077
273; 232; 32990
274; 232; 32952
275; 232; 32922
276; 232; 32876
277; 232; 32848
278; 232; 32904
279; 232; 33042
280; 232; 33152
281; 232; 33188
282; 232; 33268
283; 232; 33348
284; 232; 33357
285; 232; 33229
286; 232; 33025
287; 232; 32993
288; 232; 33050
289; 232; 33272
290; 232; 33322
291; 232; 33179
292; 232; 33026
293; 232; 33084
294; 232; 33441
295; 232; 33781
296; 232; 33844
297; 232; 33768
298; 232; 33710
299; 232; 33687
300; 232; 33670
301; 232; 33675
302; 232; 33708
303; 232; 33720
304; 232; 33691
305; 232; 33670
306; 232; 33668
307; 232; 33642
308; 232; 33598
309; 232; 33594
310; 232; 33610
311; 232; 33580
312; 232; 33531
313; 232; 33536
314; 232; 33584
315; 232; 33614
316; 232; 33625
317; 232; 33657
318; 232; 33695
319; 232; 33676
320; 232; 33625
321; 232; 33594
251; 233; 32839
252; 233; 32866
253; 233; 32828
254; 233; 32837
255; 233; 32832
256; 233; 32821
257; 233; 32833
258; 233; 32811
259; 233; 32807
260; 233; 32866
261; 233; 32989
262; 233; 33092
263; 233; 33218
264; 233; 33399
265; 233; 33472
266; 233; 33418
267; 233; 33249
268; 233; 33113
269; 233; 33011
270; 233; 32937
271; 233; 32873
272; 233; 32887
273; 233; 32911
274; 233; 32936
275; 233; 32951
276; 233; 32933
277; 233; 32912
278; 233; 32906
279; 233; 32919
280; 233; 32981
281; 233; 33103
282; 233; 33213
283; 233; 33256
284; 233; 33266
285; 233; 33216
286; 233; 33120
287; 233; 33036
288; 233; 33057
289; 233; 33190
290; 233; 33252
291; 233; 33108
292; 233; 32990
293; 233; 33090
294; 233; 33513
295; 233; 33826
296; 233; 33850
297; 233; 33774
298; 233; 33701
299; 233; 33670
300; 233; 33665
301; 233; 33675
302; 233; 33669
303; 233; 33622
304; 233; 33577
305; 233; 33584
306; 233; 33604
307; 233; 33577
308; 233; 33540
309; 233; 33550
310; 233; 33579
311; 233; 33569
312; 233; 33533
313; 233; 33540
314; 233; 33589
315; 233; 33608
316; 233; 33612
317; 233; 33658
318; 233; 33707
319; 233; 33665
320; 233; 33576
321; 233; 33544
251; 234; 32835
252; 234; 32836
253; 234; 32826
254; 234; 32830
255; 234; 32814
256; 234; 32822
257; 234; 32829
258; 234; 32820
259; 234; 32821
260; 234; 32825
261; 234; 32837
262; 234; 32880
263; 234; 32999
264; 234; 33207
265; 234; 33376
266; 234; 33421
267; 234; 33415
268; 234; 33301
269; 234; 33115
270; 234; 32923
271; 234; 32847
272; 234; 32876
273; 234; 32954
274; 234; 33010
275; 234; 33026
276; 234; 33016
277; 234; 33008
278; 234; 33000
279; 234; 32994
280; 234; 33007
281; 234; 33034
282; 234; 33051
283; 234; 33051
284; 234; 33080
285; 234; 33121
286; 234; 33106
287; 234; 33048
288; 234; 33055
289; 234; 33134
290; 234; 33146
291; 234; 33010
292; 234; 32899
293; 234; 33046
294; 234; 33466
295; 234; 33740
296; 234; 33763
297; 234; 33717
298; 234; 33702
299; 234; 33699
300; 234; 33693
301; 234; 33694
302; 234; 33666
303; 234; 33600
304; 234; 33566
305; 234; 33588
306; 234; 33599
307; 234; 33558
308; 234; 33526
309; 234; 33560
310; 234; 33617
311; 234; 33639
312; 234; 33625
313; 234; 33635
314; 234; 33671
315; 234; 33662
316; 234; 33620
317; 234; 33632
318; 234; 33686
319; 234; 33676
320; 234; 33599
321; 234; 33565
251; 235; 32864
252; 235; 32828
253; 235; 32819
254; 235; 32842
255; 235; 32849
256; 235; 32843
257; 235; 32852
258; 235; 32868
259; 235; 32861
260; 235; 32829
261; 235; 32806
262; 235; 32815
263; 235; 32858
264; 235; 32970
265; 235; 33142
266; 235; 33328
267; 235; 33411
268; 235; 33407
269; 235; 33309
270; 235; 33086
271; 235; 32947
272; 235; 32917
273; 235; 32960
274; 235; 32997
275; 235; 33002
276; 235; 33012
277; 235; 33059
278; 235; 33100
279; 235; 33079
280; 235; 33017
281; 235; 32969
282; 235; 32937
283; 235; 32923
284; 235; 32969
285; 235; 33064
286; 235; 33129
287; 235; 33122
288; 235; 33090
289; 235; 33074
290; 235; 33004
291; 235; 32875
292; 235; 32804
293; 235; 32946
294; 235; 33273
295; 235; 33544
296; 235; 33614
297; 235; 33673
298; 235; 33742
299; 235; 33755
300; 235; 33726
301; 235; 33716
302; 235; 33708
303; 235; 33682
304; 235; 33672
305; 235; 33679
306; 235; 33651
307; 235; 33585
308; 235; 33562
309; 235; 33631
310; 235; 33713
311; 235; 33732
312; 235; 33707
313; 235; 33710
314; 235; 33755
315; 235; 33758
316; 235; 33691
317; 235; 33646
318; 235; 33667
319; 235; 33692
320; 235; 33676
321; 235; 33658
251; 236; 32875
252; 236; 32832
253; 236; 32845
254; 236; 32895
255; 236; 32895
256; 236; 32861
257; 236; 32870
258; 236; 32925
259; 236; 32938
260; 236; 32876
261; 236; 32818
262; 236; 32827
263; 236; 32879
264; 236; 32947
265; 236; 32990
266; 236; 33042
267; 236; 33205
268; 236; 33327
269; 236; 33330
270; 236; 33277
271; 236; 33134
272; 236; 33009
273; 236; 32931
274; 236; 32896
275; 236; 32875
276; 236; 32902
277; 236; 33008
278; 236; 33095
279; 236; 33053
280; 236; 32951
281; 236; 32921
282; 236; 32951
283; 236; 32971
284; 236; 32996
285; 236; 33076
286; 236; 33175
287; 236; 33203
288; 236; 33137
289; 236; 33024
290; 236; 32886
291; 236; 32845
292; 236; 32820
293; 236; 32884
294; 236; 33097
295; 236; 33322
296; 236; 33510
297; 236; 33696
298; 236; 33782
299; 236; 33757
300; 236; 33686
301; 236; 33671
302; 236; 33702
303; 236; 33724
304; 236; 33728
305; 236; 33722
306; 236; 33678
307; 236; 33604
308; 236; 33582
309; 236; 33665
310; 236; 33758
311; 236; 33761
312; 236; 33702
313; 236; 33675
314; 236; 33725
315; 236; 33766
316; 236; 33728
317; 236; 33661
318; 236; 33640
319; 236; 33678
320; 236; 33738
321; 236; 33774
251; 237; 32855
252; 237; 32850
253; 237; 32877
254; 237; 32920
255; 237; 32921
256; 237; 32890
257; 237; 32888
258; 237; 32933
259; 237; 32933
260; 237; 32867
261; 237; 32833
262; 237; 32874
263; 237; 32952
264; 237; 32981
265; 237; 32933
266; 237; 32878
267; 237; 32906
268; 237; 33053
269; 237; 33240
270; 237; 33303
271; 237; 33313
272; 237; 33189
273; 237; 33009
274; 237; 32878
275; 237; 32857
276; 237; 32814
277; 237; 32877
278; 237; 32997
279; 237; 32959
280; 237; 32887
281; 237; 32936
282; 237; 33059
283; 237; 33120
284; 237; 33085
285; 237; 33076
286; 237; 33148
287; 237; 33197
288; 237; 33137
289; 237; 33002
290; 237; 32870
291; 237; 32827
292; 237; 32833
293; 237; 32903
294; 237; 33018
295; 237; 33235
296; 237; 33534
297; 237; 33744
298; 237; 33756
299; 237; 33675
300; 237; 33598
301; 237; 33599
302; 237; 33635
303; 237; 33654
304; 237; 33665
305; 237; 33681
306; 237; 33674
307; 237; 33622
308; 237; 33586
309; 237; 33647
310; 237; 33738
311; 237; 33749
312; 237; 33675
313; 237; 33613
314; 237; 33632
315; 237; 33687
316; 237; 33702
317; 237; 33655
318; 237; 33602
319; 237; 33630
320; 237; 33743
321; 237; 33840
251; 238; 32837
252; 238; 32844
253; 238; 32871
254; 238; 32902
255; 238; 32904
256; 238; 32878
257; 238; 32880
258; 238; 32914
259; 238; 32898
260; 238; 32835
261; 238; 32814
262; 238; 32866
263; 238; 32955
264; 238; 32973
265; 238; 32912
266; 238; 32853
267; 238; 32857
268; 238; 32906
269; 238; 33023
270; 238; 33204
271; 238; 33313
272; 238; 33336
273; 238; 33257
274; 238; 33023
275; 238; 32848
276; 238; 32822
277; 238; 32839
278; 238; 32883
279; 238; 32888
280; 238; 32870
281; 238; 32968
282; 238; 33145
283; 238; 33230
284; 238; 33146
285; 238; 33032
286; 238; 33020
287; 238; 33063
288; 238; 33055
289; 238; 32988
290; 238; 32921
291; 238; 32902
292; 238; 32917
293; 238; 32941
294; 238; 32991
295; 238; 33185
296; 238; 33503
297; 238; 33708
298; 238; 33704
299; 238; 33610
300; 238; 33579
301; 238; 33617
302; 238; 33621
303; 238; 33583
304; 238; 33574
305; 238; 33629
306; 238; 33682
307; 238; 33666
308; 238; 33618
309; 238; 33642
310; 238; 33722
311; 238; 33751
312; 238; 33703
313; 238; 33640
314; 238; 33630
315; 238; 33676
316; 238; 33728
317; 238; 33710
318; 238; 33621
319; 238; 33586
320; 238; 33689
321; 238; 33816
251; 239; 32811
252; 239; 32821
253; 239; 32852
254; 239; 32872
255; 239; 32853
256; 239; 32836
257; 239; 32872
258; 239; 32922
259; 239; 32916
260; 239; 32855
261; 239; 32823
262; 239; 32853
263; 239; 32887
264; 239; 32905
265; 239; 32925
266; 239; 32931
267; 239; 32930
268; 239; 32919
269; 239; 32907
270; 239; 32930
271; 239; 33071
272; 239; 33273
273; 239; 33323
274; 239; 33266
275; 239; 33070
276; 239; 32868
277; 239; 32817
278; 239; 32849
279; 239; 32868
280; 239; 32872
281; 239; 32945
282; 239; 33087
283; 239; 33167
284; 239; 33101
285; 239; 32961
286; 239; 32872
287; 239; 32865
288; 239; 32913
289; 239; 32960
290; 239; 32997
291; 239; 33024
292; 239; 33018
293; 239; 32975
294; 239; 32965
295; 239; 33070
296; 239; 33327
297; 239; 33545
298; 239; 33625
299; 239; 33611
300; 239; 33661
301; 239; 33714
302; 239; 33673
303; 239; 33570
304; 239; 33539
305; 239; 33628
306; 239; 33725
307; 239; 33723
308; 239; 33662
309; 239; 33651
310; 239; 33700
311; 239; 33728
312; 239; 33708
313; 239; 33677
314; 239; 33686
315; 239; 33758
316; 239; 33844
317; 239; 33837
318; 239; 33707
319; 239; 33596
320; 239; 33646
321; 239; 33759
251; 240; 32799
252; 240; 32814
253; 240; 32852
254; 240; 32875
255; 240; 32852
256; 240; 32841
257; 240; 32879
258; 240; 32934
259; 240; 32953
260; 240; 32912
261; 240; 32858
262; 240; 32841
263; 240; 32845
264; 240; 32871
265; 240; 32962
266; 240; 33019
267; 240; 33026
268; 240; 32969
269; 240; 32867
270; 240; 32822
271; 240; 32820
272; 240; 32931
273; 240; 33165
274; 240; 33274
275; 240; 33268
276; 240; 33182
277; 240; 32989
278; 240; 32892
279; 240; 32863
280; 240; 32868
281; 240; 32889
282; 240; 32926
283; 240; 32961
284; 240; 32955
285; 240; 32891
286; 240; 32838
287; 240; 32873
288; 240; 32850
289; 240; 32923
290; 240; 33041
291; 240; 33107
292; 240; 33085
293; 240; 32989
294; 240; 32917
295; 240; 32948
296; 240; 33081
297; 240; 33294
298; 240; 33455
299; 240; 33570
300; 240; 33659
301; 240; 33727
302; 240; 33690
303; 240; 33616
304; 240; 33612
305; 240; 33711
306; 240; 33796
307; 240; 33767
308; 240; 33673
309; 240; 33623
310; 240; 33626
311; 240; 33626
312; 240; 33616
313; 240; 33621
314; 240; 33661
315; 240; 33758
316; 240; 33867
317; 240; 33881
318; 240; 33764
319; 240; 33635
320; 240; 33638
321; 240; 33719
251; 241; 32824
252; 241; 32835
253; 241; 32886
254; 241; 32933
255; 241; 32917
256; 241; 32880
257; 241; 32887
258; 241; 32929
259; 241; 32945
260; 241; 32916
261; 241; 32868
262; 241; 32826
263; 241; 32830
264; 241; 32887
265; 241; 32968
266; 241; 33018
267; 241; 33024
268; 241; 32990
269; 241; 32924
270; 241; 32804
271; 241; 32842
272; 241; 32898
273; 241; 32846
274; 241; 33028
275; 241; 33261
276; 241; 33355
277; 241; 33302
278; 241; 33033
279; 241; 32885
280; 241; 32866
281; 241; 32868
282; 241; 32838
283; 241; 32830
284; 241; 32859
285; 241; 32847
286; 241; 32841
287; 241; 32873
288; 241; 32852
289; 241; 32878
290; 241; 33012
291; 241; 33092
292; 241; 33069
293; 241; 32968
294; 241; 32907
295; 241; 32911
296; 241; 32966
297; 241; 33070
298; 241; 33205
299; 241; 33329
300; 241; 33464
301; 241; 33594
302; 241; 33655
303; 241; 33706
304; 241; 33776
305; 241; 33865
306; 241; 33889
307; 241; 33804
308; 241; 33685
309; 241; 33619
310; 241; 33600
311; 241; 33577
312; 241; 33551
313; 241; 33542
314; 241; 33562
315; 241; 33631
316; 241; 33729
317; 241; 33778
318; 241; 33743
319; 241; 33673
320; 241; 33653
321; 241; 33693
251; 242; 32858
252; 242; 32866
253; 242; 32919
254; 242; 32973
255; 242; 32965
256; 242; 32907
257; 242; 32888
258; 242; 32906
259; 242; 32894
260; 242; 32870
261; 242; 32853
262; 242; 32834
263; 242; 32852
264; 242; 32905
265; 242; 32946
266; 242; 32962
267; 242; 32961
268; 242; 32986
269; 242; 33028
270; 242; 33004
271; 242; 32925
272; 242; 32858
273; 242; 32859
274; 242; 32851
275; 242; 33066
276; 242; 33382
277; 242; 33463
278; 242; 33308
279; 242; 32983
280; 242; 32864
281; 242; 32848
282; 242; 32835
283; 242; 32834
284; 242; 32845
285; 242; 32831
286; 242; 32832
287; 242; 32831
288; 242; 32813
289; 242; 32836
290; 242; 32901
291; 242; 32957
292; 242; 32962
293; 242; 32932
294; 242; 32929
295; 242; 32941
296; 242; 32952
297; 242; 32978
298; 242; 33027
299; 242; 33134
300; 242; 33277
301; 242; 33451
302; 242; 33671
303; 242; 33835
304; 242; 33942
305; 242; 33985
306; 242; 33954
307; 242; 33835
308; 242; 33745
309; 242; 33720
310; 242; 33714
311; 242; 33678
312; 242; 33607
313; 242; 33527
314; 242; 33482
315; 242; 33508
316; 242; 33590
317; 242; 33676
318; 242; 33725
319; 242; 33714
320; 242; 33673
321; 242; 33658
251; 243; 32860
252; 243; 32862
253; 243; 32906
254; 243; 32937
255; 243; 32936
256; 243; 32882
257; 243; 32832
258; 243; 32835
259; 243; 32848
260; 243; 32838
261; 243; 32827
262; 243; 32839
263; 243; 32890
264; 243; 32946
265; 243; 32976
266; 243; 32966
267; 243; 32954
268; 243; 32999
269; 243; 33109
270; 243; 33174
271; 243; 33090
272; 243; 32913
273; 243; 32851
274; 243; 32828
275; 243; 32887
276; 243; 33220
277; 243; 33478
278; 243; 33463
279; 243; 33247
280; 243; 32934
281; 243; 32839
282; 243; 32850
283; 243; 32884
284; 243; 32886
285; 243; 32866
286; 243; 32880
287; 243; 32893
288; 243; 32865
289; 243; 32826
290; 243; 32835
291; 243; 32851
292; 243; 32863
293; 243; 32886
294; 243; 32941
295; 243; 32980
296; 243; 32947
297; 243; 32909
298; 243; 32941
299; 243; 33115
300; 243; 33351
301; 243; 33527
302; 243; 33676
303; 243; 33828
304; 243; 33942
305; 243; 33959
306; 243; 33882
307; 243; 33785
308; 243; 33775
309; 243; 33817
310; 243; 33831
311; 243; 33783
312; 243; 33662
313; 243; 33501
314; 243; 33427
315; 243; 33461
316; 243; 33572
317; 243; 33695
318; 243; 33768
319; 243; 33760
320; 243; 33693
321; 243; 33633
251; 244; 32840
252; 244; 32839
253; 244; 32860
254; 244; 32868
255; 244; 32897
256; 244; 32883
257; 244; 32828
258; 244; 32804
259; 244; 32831
260; 244; 32864
261; 244; 32869
262; 244; 32879
263; 244; 32937
264; 244; 33019
265; 244; 33061
266; 244; 33032
267; 244; 32982
268; 244; 32991
269; 244; 33081
270; 244; 33154
271; 244; 33110
272; 244; 32969
273; 244; 32853
274; 244; 32809
275; 244; 32813
276; 244; 32981
277; 244; 33301
278; 244; 33468
279; 244; 33453
280; 244; 33139
281; 244; 32854
282; 244; 32816
283; 244; 32873
284; 244; 32931
285; 244; 32929
286; 244; 32926
287; 244; 32937
288; 244; 32911
289; 244; 32864
290; 244; 32861
291; 244; 32862
292; 244; 32848
293; 244; 32847
294; 244; 32885
295; 244; 32942
296; 244; 32932
297; 244; 32895
298; 244; 32999
299; 244; 33292
300; 244; 33452
301; 244; 33474
302; 244; 33440
303; 244; 33525
304; 244; 33641
305; 244; 33667
306; 244; 33616
307; 244; 33608
308; 244; 33689
309; 244; 33773
310; 244; 33774
311; 244; 33677
312; 244; 33478
313; 244; 33368
314; 244; 33364
315; 244; 33474
316; 244; 33637
317; 244; 33754
318; 244; 33789
319; 244; 33763
320; 244; 33705
321; 244; 33660
251; 245; 32835
252; 245; 32816
253; 245; 32832
254; 245; 32860
255; 245; 32895
256; 245; 32891
257; 245; 32838
258; 245; 32810
259; 245; 32852
260; 245; 32911
261; 245; 32923
262; 245; 32915
263; 245; 32959
264; 245; 33048
265; 245; 33093
266; 245; 33050
267; 245; 32969
268; 245; 32926
269; 245; 32953
270; 245; 33001
271; 245; 33002
272; 245; 32945
273; 245; 32868
274; 245; 32834
275; 245; 32825
276; 245; 32841
277; 245; 33039
278; 245; 33377
279; 245; 33509
280; 245; 33408
281; 245; 32997
282; 245; 32794
283; 245; 32831
284; 245; 32905
285; 245; 32937
286; 245; 32914
287; 245; 32906
288; 245; 32913
289; 245; 32920
290; 245; 32940
291; 245; 32954
292; 245; 32901
293; 245; 32826
294; 245; 32814
295; 245; 32876
296; 245; 32965
297; 245; 33058
298; 245; 33240
299; 245; 33412
300; 245; 33430
301; 245; 33215
302; 245; 32964
303; 245; 33014
304; 245; 33180
305; 245; 33255
306; 245; 33247
307; 245; 33296
308; 245; 33426
309; 245; 33511
310; 245; 33495
311; 245; 33387
312; 245; 33316
313; 245; 33297
314; 245; 33379
315; 245; 33559
316; 245; 33713
317; 245; 33755
318; 245; 33727
319; 245; 33703
320; 245; 33704
321; 245; 33722
251; 246; 32854
252; 246; 32836
253; 246; 32875
254; 246; 32912
255; 246; 32911
256; 246; 32891
257; 246; 32864
258; 246; 32860
259; 246; 32892
260; 246; 32922
261; 246; 32915
262; 246; 32905
263; 246; 32939
264; 246; 32998
265; 246; 33019
266; 246; 32989
267; 246; 32942
268; 246; 32905
269; 246; 32887
270; 246; 32906
271; 246; 32953
272; 246; 32940
273; 246; 32878
274; 246; 32859
275; 246; 32859
276; 246; 32846
277; 246; 32898
278; 246; 33201
279; 246; 33547
280; 246; 33562
281; 246; 33245
282; 246; 32860
283; 246; 32796
284; 246; 32837
285; 246; 32891
286; 246; 32870
287; 246; 32855
288; 246; 32885
289; 246; 32917
290; 246; 32955
291; 246; 33004
292; 246; 32978
293; 246; 32864
294; 246; 32796
295; 246; 32837
296; 246; 32993
297; 246; 33276
298; 246; 33458
299; 246; 33503
300; 246; 33405
301; 246; 33002
302; 246; 32779
303; 246; 32826
304; 246; 32954
305; 246; 33003
306; 246; 33012
307; 246; 33081
308; 246; 33165
309; 246; 33188
310; 246; 33191
311; 246; 33246
312; 246; 33296
313; 246; 33349
314; 246; 33494
315; 246; 33677
316; 246; 33773
317; 246; 33740
318; 246; 33679
319; 246; 33675
320; 246; 33714
321; 246; 33742
251; 247; 32941
252; 247; 32922
253; 247; 32944
254; 247; 32944
255; 247; 32915
256; 247; 32905
257; 247; 32920
258; 247; 32925
259; 247; 32915
260; 247; 32899
261; 247; 32886
262; 247; 32898
263; 247; 32930
264; 247; 32952
265; 247; 32944
266; 247; 32934
267; 247; 32932
268; 247; 32912
269; 247; 32885
270; 247; 32914
271; 247; 33005
272; 247; 33013
273; 247; 32920
274; 247; 32867
275; 247; 32892
276; 247; 32898
277; 247; 32892
278; 247; 33064
279; 247; 33443
280; 247; 33557
281; 247; 33427
282; 247; 33039
283; 247; 32803
284; 247; 32811
285; 247; 32846
286; 247; 32840
287; 247; 32837
288; 247; 32839
289; 247; 32853
290; 247; 32872
291; 247; 32943
292; 247; 33001
293; 247; 32978
294; 247; 32865
295; 247; 32851
296; 247; 32939
297; 247; 33188
298; 247; 33448
299; 247; 33531
300; 247; 33378
301; 247; 33082
302; 247; 32904
303; 247; 32945
304; 247; 32980
305; 247; 32963
306; 247; 32965
307; 247; 33020
308; 247; 33032
309; 247; 32973
310; 247; 33032
311; 247; 33182
312; 247; 33379
313; 247; 33452
314; 247; 33559
315; 247; 33684
316; 247; 33748
317; 247; 33735
318; 247; 33725
319; 247; 33747
320; 247; 33753
321; 247; 33715
251; 248; 33019
252; 248; 32996
253; 248; 32979
254; 248; 32946
255; 248; 32913
256; 248; 32916
257; 248; 32940
258; 248; 32937
259; 248; 32908
260; 248; 32883
261; 248; 32878
262; 248; 32902
263; 248; 32941
264; 248; 32957
265; 248; 32939
266; 248; 32930
267; 248; 32926
268; 248; 32886
269; 248; 32851
270; 248; 32911
271; 248; 33049
272; 248; 33095
273; 248; 32987
274; 248; 32886
275; 248; 32912
276; 248; 32951
277; 248; 32931
278; 248; 32972
279; 248; 33301
280; 248; 33581
281; 248; 33580
282; 248; 33310
283; 248; 32947
284; 248; 32838
285; 248; 32832
286; 248; 32826
287; 248; 32836
288; 248; 32808
289; 248; 32808
290; 248; 32814
291; 248; 32846
292; 248; 32977
293; 248; 33081
294; 248; 33083
295; 248; 32946
296; 248; 32915
297; 248; 33002
298; 248; 33154
299; 248; 33235
300; 248; 33200
301; 248; 33121
302; 248; 33090
303; 248; 33070
304; 248; 33002
305; 248; 32941
306; 248; 32973
307; 248; 33019
308; 248; 32963
309; 248; 32885
310; 248; 32938
311; 248; 33215
312; 248; 33481
313; 248; 33518
314; 248; 33521
315; 248; 33558
316; 248; 33622
317; 248; 33690
318; 248; 33769
319; 248; 33821
320; 248; 33786
321; 248; 33701
251; 249; 33002
252; 249; 33021
253; 249; 33022
254; 249; 32993
255; 249; 32954
256; 249; 32939
257; 249; 32934
258; 249; 32922
259; 249; 32917
260; 249; 32914
261; 249; 32893
262; 249; 32881
263; 249; 32908
264; 249; 32939
265; 249; 32943
266; 249; 32928
267; 249; 32898
268; 249; 32837
269; 249; 32812
270; 249; 32842
271; 249; 32980
272; 249; 33066
273; 249; 32994
274; 249; 32896
275; 249; 32916
276; 249; 32974
277; 249; 32965
278; 249; 32955
279; 249; 33184
280; 249; 33563
281; 249; 33681
282; 249; 33516
283; 249; 33161
284; 249; 32905
285; 249; 32845
286; 249; 32818
287; 249; 32818
288; 249; 32813
289; 249; 32819
290; 249; 32824
291; 249; 32796
292; 249; 32916
293; 249; 33198
294; 249; 33318
295; 249; 33213
296; 249; 33103
297; 249; 33093
298; 249; 33071
299; 249; 32992
300; 249; 32929
301; 249; 32974
302; 249; 33022
303; 249; 32964
304; 249; 32862
305; 249; 32858
306; 249; 32950
307; 249; 32998
308; 249; 32916
309; 249; 32856
310; 249; 32975
311; 249; 33358
312; 249; 33628
313; 249; 33662
314; 249; 33540
315; 249; 33514
316; 249; 33553
317; 249; 33623
318; 249; 33710
319; 249; 33773
320; 249; 33770
321; 249; 33739
251; 250; 32961
252; 250; 33045
253; 250; 33109
254; 250; 33109
255; 250; 33061
256; 250; 33008
257; 250; 32971
258; 250; 32972
259; 250; 33013
260; 250; 33028
261; 250; 32958
262; 250; 32875
263; 250; 32860
264; 250; 32879
265; 250; 32909
266; 250; 32907
267; 250; 32874
268; 250; 32833
269; 250; 32815
270; 250; 32802
271; 250; 32871
272; 250; 32950
273; 250; 32941
274; 250; 32915
275; 250; 32953
276; 250; 33028
277; 250; 33049
278; 250; 33061
279; 250; 33208
280; 250; 33540
281; 250; 33667
282; 250; 33602
283; 250; 33342
284; 250; 33028
285; 250; 32893
286; 250; 32846
287; 250; 32840
288; 250; 32845
289; 250; 32840
290; 250; 32839
291; 250; 32847
292; 250; 33053
293; 250; 33318
294; 250; 33449
295; 250; 33505
296; 250; 33538
297; 250; 33564
298; 250; 33421
299; 250; 33175
300; 250; 32999
301; 250; 32987
302; 250; 32977
303; 250; 32859
304; 250; 32768
305; 250; 32792
306; 250; 32903
307; 250; 32938
308; 250; 32852
309; 250; 32840
310; 250; 32975
311; 250; 33356
312; 250; 33673
313; 250; 33742
314; 250; 33690
315; 250; 33633
316; 250; 33612
317; 250; 33618
318; 250; 33631
319; 250; 33666
320; 250; 33718
321; 250; 33762
251; 251; 32978
252; 251; 33078
253; 251; 33179
254; 251; 33208
255; 251; 33162
256; 251; 33092
257; 251; 33065
258; 251; 33111
259; 251; 33188
260; 251; 33202
261; 251; 33095
262; 251; 32961
263; 251; 32908
264; 251; 32902
265; 251; 32922
266; 251; 32926
267; 251; 32920
268; 251; 32925
269; 251; 32897
270; 251; 32865
271; 251; 32866
272; 251; 32905
273; 251; 32941
274; 251; 32992
275; 251; 33064
276; 251; 33149
277; 251; 33192
278; 251; 33210
279; 251; 33278
280; 251; 33461
281; 251; 33579
282; 251; 33560
283; 251; 33420
284; 251; 33142
285; 251; 32963
286; 251; 32925
287; 251; 32906
288; 251; 32879
289; 251; 32861
290; 251; 32879
291; 251; 33001
292; 251; 33198
293; 251; 33312
294; 251; 33369
295; 251; 33458
296; 251; 33692
297; 251; 33922
298; 251; 33930
299; 251; 33728
300; 251; 33545
301; 251; 33471
302; 251; 33427
303; 251; 33297
304; 251; 33148
305; 251; 33076
306; 251; 33057
307; 251; 32984
308; 251; 32849
309; 251; 32806
310; 251; 32848
311; 251; 33007
312; 251; 33344
313; 251; 33604
314; 251; 33693
315; 251; 33664
316; 251; 33645
317; 251; 33663
318; 251; 33654
319; 251; 33650
320; 251; 33677
321; 251; 33705
251; 252; 33065
252; 252; 33115
253; 252; 33193
254; 252; 33228
255; 252; 33196
256; 252; 33159
257; 252; 33184
258; 252; 33267
259; 252; 33340
260; 252; 33325
261; 252; 33215
262; 252; 33113
263; 252; 33097
264; 252; 33108
265; 252; 33074
266; 252; 33024
267; 252; 33018
268; 252; 33041
269; 252; 33017
270; 252; 32967
271; 252; 32959
272; 252; 32990
273; 252; 33035
274; 252; 33103
275; 252; 33182
276; 252; 33251
277; 252; 33283
278; 252; 33293
279; 252; 33320
280; 252; 33378
281; 252; 33474
282; 252; 33540
283; 252; 33482
284; 252; 33205
285; 252; 33006
286; 252; 32959
287; 252; 32927
288; 252; 32895
289; 252; 32883
290; 252; 32939
291; 252; 33052
292; 252; 33147
293; 252; 33108
294; 252; 32978
295; 252; 33011
296; 252; 33320
297; 252; 33754
298; 252; 33985
299; 252; 33958
300; 252; 33906
301; 252; 33979
302; 252; 34068
303; 252; 34051
304; 252; 33912
305; 252; 33735
306; 252; 33572
307; 252; 33390
308; 252; 33183
309; 252; 32919
310; 252; 32768
311; 252; 32775
312; 252; 32863
313; 252; 33128
314; 252; 33314
315; 252; 33405
316; 252; 33506
317; 252; 33685
318; 252; 33759
319; 252; 33746
320; 252; 33683
321; 252; 33627
251; 253; 33181
252; 253; 33173
253; 253; 33218
254; 253; 33250
255; 253; 33241
256; 253; 33245
257; 253; 33305
258; 253; 33382
259; 253; 33399
260; 253; 33323
261; 253; 33227
262; 253; 33236
263; 253; 33354
264; 253; 33423
265; 253; 33333
266; 253; 33185
267; 253; 33116
268; 253; 33105
269; 253; 33076
270; 253; 33067
271; 253; 33110
272; 253; 33156
273; 253; 33162
274; 253; 33169
275; 253; 33211
276; 253; 33262
277; 253; 33297
278; 253; 33314
279; 253; 33327
280; 253; 33363
281; 253; 33472
282; 253; 33611
283; 253; 33561
284; 253; 33238
285; 253; 32982
286; 253; 32917
287; 253; 32894
288; 253; 32880
289; 253; 32881
290; 253; 32923
291; 253; 32942
292; 253; 32890
293; 253; 32834
294; 253; 32798
295; 253; 32773
296; 253; 32889
297; 253; 33255
298; 253; 33590
299; 253; 33694
300; 253; 33703
301; 253; 33847
302; 253; 34119
303; 253; 34300
304; 253; 34261
305; 253; 34151
306; 253; 34049
307; 253; 33972
308; 253; 33800
309; 253; 33446
310; 253; 33066
311; 253; 32924
312; 253; 32883
313; 253; 33007
314; 253; 33141
315; 253; 33259
316; 253; 33414
317; 253; 33654
318; 253; 33842
319; 253; 33890
320; 253; 33746
321; 253; 33657
251; 254; 33279
252; 254; 33261
253; 254; 33306
254; 254; 33355
255; 254; 33371
256; 254; 33388
257; 254; 33440
258; 254; 33482
259; 254; 33432
260; 254; 33303
261; 254; 33228
262; 254; 33329
263; 254; 33547
264; 254; 33664
265; 254; 33566
266; 254; 33371
267; 254; 33230
268; 254; 33161
269; 254; 33139
270; 254; 33208
271; 254; 33318
272; 254; 33340
273; 254; 33259
274; 254; 33182
275; 254; 33194
276; 254; 33262
277; 254; 33336
278; 254; 33384
279; 254; 33397
280; 254; 33424
281; 254; 33553
282; 254; 33667
283; 254; 33640
284; 254; 33306
285; 254; 32993
286; 254; 32898
287; 254; 32876
288; 254; 32871
289; 254; 32894
290; 254; 32917
291; 254; 32852
292; 254; 32787
293; 254; 32805
294; 254; 32866
295; 254; 32860
296; 254; 32911
297; 254; 33121
298; 254; 33338
299; 254; 33294
300; 254; 33123
301; 254; 33120
302; 254; 33420
303; 254; 33793
304; 254; 33917
305; 254; 33931
306; 254; 34011
307; 254; 34144
308; 254; 34151
309; 254; 34029
310; 254; 33803
311; 254; 33572
312; 254; 33412
313; 254; 33346
314; 254; 33342
315; 254; 33429
316; 254; 33567
317; 254; 33755
318; 254; 33912
319; 254; 33967
320; 254; 33969
321; 254; 33939
