114; 153; 33629
115; 153; 33574
116; 153; 33475
117; 153; 33416
118; 153; 33379
119; 153; 33438
113; 154; 33485
114; 154; 33834
115; 154; 33743
116; 154; 33555
117; 154; 33248
118; 154; 33293
119; 154; 33893
120; 154; 34322
113; 155; 33481
114; 155; 33841
115; 155; 33820
116; 155; 33602
117; 155; 33099
118; 155; 33169
119; 155; 34050
120; 155; 34482
113; 156; 33390
114; 156; 33820
115; 156; 33901
116; 156; 33719
117; 156; 33234
118; 156; 33103
119; 156; 33584
114; 157; 33615
115; 157; 33756
116; 157; 33626
117; 157; 33311
118; 157; 33100
