299; 155; 34171
300; 155; 34201
301; 155; 34200
302; 155; 34292
303; 155; 34373
304; 155; 34312
305; 155; 34245
306; 155; 34275
307; 155; 34224
308; 155; 33917
309; 155; 33519
310; 155; 33162
311; 155; 32956
312; 155; 32926
313; 155; 32943
314; 155; 33010
315; 155; 33155
316; 155; 33310
317; 155; 33579
318; 155; 33918
319; 155; 34129
320; 155; 34155
321; 155; 34082
322; 155; 34063
323; 155; 34093
324; 155; 34082
325; 155; 34079
326; 155; 34027
327; 155; 33750
328; 155; 33350
329; 155; 33092
330; 155; 33018
331; 155; 32995
332; 155; 33071
333; 155; 33362
334; 155; 33693
335; 155; 33786
336; 155; 33710
337; 155; 33651
338; 155; 33562
339; 155; 33329
340; 155; 33146
341; 155; 33133
342; 155; 33157
343; 155; 33140
344; 155; 33155
345; 155; 33242
346; 155; 33248
347; 155; 33115
348; 155; 33047
349; 155; 33118
299; 156; 33911
300; 156; 34142
301; 156; 34289
302; 156; 34379
303; 156; 34388
304; 156; 34304
305; 156; 34216
306; 156; 34094
307; 156; 33861
308; 156; 33613
309; 156; 33438
310; 156; 33267
311; 156; 33075
312; 156; 32952
313; 156; 32946
314; 156; 33026
315; 156; 33184
316; 156; 33400
317; 156; 33752
318; 156; 34146
319; 156; 34319
320; 156; 34231
321; 156; 34029
322; 156; 33899
323; 156; 33886
324; 156; 33944
325; 156; 34089
326; 156; 34132
327; 156; 33870
328; 156; 33459
329; 156; 33158
330; 156; 33065
331; 156; 33089
332; 156; 33213
333; 156; 33518
334; 156; 33884
335; 156; 34032
336; 156; 33956
337; 156; 33824
338; 156; 33626
339; 156; 33336
340; 156; 33155
341; 156; 33170
342; 156; 33188
343; 156; 33132
344; 156; 33101
345; 156; 33119
346; 156; 33087
347; 156; 32936
348; 156; 32863
349; 156; 32937
299; 157; 33584
300; 157; 33843
301; 157; 34026
302; 157; 34183
303; 157; 34364
304; 157; 34458
305; 157; 34377
306; 157; 34082
307; 157; 33695
308; 157; 33498
309; 157; 33492
310; 157; 33435
311; 157; 33237
312; 157; 33094
313; 157; 33141
314; 157; 33312
315; 157; 33445
316; 157; 33556
317; 157; 33776
318; 157; 34028
319; 157; 34125
320; 157; 34041
321; 157; 33862
322; 157; 33705
323; 157; 33669
324; 157; 33764
325; 157; 33970
326; 157; 34119
327; 157; 34020
328; 157; 33752
329; 157; 33528
330; 157; 33414
331; 157; 33386
332; 157; 33504
333; 157; 33803
334; 157; 34129
335; 157; 34227
336; 157; 34053
337; 157; 33774
338; 157; 33498
339; 157; 33275
340; 157; 33151
341; 157; 33184
342; 157; 33220
343; 157; 33146
344; 157; 33061
345; 157; 33019
346; 157; 32976
347; 157; 32912
348; 157; 32869
349; 157; 32937
299; 158; 33534
300; 158; 33679
301; 158; 33778
302; 158; 33959
303; 158; 34243
304; 158; 34412
305; 158; 34295
306; 158; 33945
307; 158; 33613
308; 158; 33513
309; 158; 33571
310; 158; 33490
311; 158; 33286
312; 158; 33246
313; 158; 33460
314; 158; 33752
315; 158; 33840
316; 158; 33753
317; 158; 33661
318; 158; 33629
319; 158; 33669
320; 158; 33801
321; 158; 33956
322; 158; 33991
323; 158; 33947
324; 158; 33913
325; 158; 33915
326; 158; 33972
327; 158; 34011
328; 158; 34005
329; 158; 33995
330; 158; 33923
331; 158; 33819
332; 158; 33856
333; 158; 34052
334; 158; 34226
335; 158; 34180
336; 158; 33912
337; 158; 33594
338; 158; 33356
339; 158; 33228
340; 158; 33179
341; 158; 33189
342; 158; 33181
343; 158; 33101
344; 158; 33012
345; 158; 32980
346; 158; 32923
347; 158; 32945
348; 158; 32978
349; 158; 33025
299; 159; 33774
300; 159; 33809
301; 159; 33766
302; 159; 33822
303; 159; 33986
304; 159; 34059
305; 159; 33883
306; 159; 33596
307; 159; 33446
308; 159; 33503
309; 159; 33598
310; 159; 33469
311; 159; 33276
312; 159; 33342
313; 159; 33668
314; 159; 33988
315; 159; 34082
316; 159; 33974
317; 159; 33744
318; 159; 33484
319; 159; 33422
320; 159; 33694
321; 159; 34114
322; 159; 34360
323; 159; 34324
324; 159; 34105
325; 159; 33814
326; 159; 33634
327; 159; 33676
328; 159; 33887
329; 159; 34101
330; 159; 34144
331; 159; 34057
332; 159; 34046
333; 159; 34114
334; 159; 34100
335; 159; 33930
336; 159; 33673
337; 159; 33452
338; 159; 33333
339; 159; 33283
340; 159; 33229
341; 159; 33143
342; 159; 33056
343; 159; 32996
344; 159; 32990
345; 159; 33018
346; 159; 32978
347; 159; 32965
348; 159; 32991
349; 159; 33033
299; 160; 33847
300; 160; 33878
301; 160; 33778
302; 160; 33712
303; 160; 33741
304; 160; 33713
305; 160; 33542
306; 160; 33328
307; 160; 33285
308; 160; 33420
309; 160; 33508
310; 160; 33401
311; 160; 33264
312; 160; 33286
313; 160; 33463
314; 160; 33726
315; 160; 33969
316; 160; 34068
317; 160; 33950
318; 160; 33711
319; 160; 33578
320; 160; 33703
321; 160; 33984
322; 160; 34170
323; 160; 34133
324; 160; 33909
325; 160; 33579
326; 160; 33301
327; 160; 33302
328; 160; 33599
329; 160; 33935
330; 160; 34078
331; 160; 34065
332; 160; 34069
333; 160; 34071
334; 160; 33949
335; 160; 33721
336; 160; 33499
337; 160; 33361
338; 160; 33372
339; 160; 33426
340; 160; 33323
341; 160; 33119
342; 160; 32965
343; 160; 32927
344; 160; 32990
345; 160; 33039
346; 160; 33027
347; 160; 32979
348; 160; 32941
349; 160; 32973
299; 161; 33664
300; 161; 33728
301; 161; 33669
302; 161; 33601
303; 161; 33615
304; 161; 33622
305; 161; 33529
306; 161; 33357
307; 161; 33327
308; 161; 33398
309; 161; 33397
310; 161; 33316
311; 161; 33214
312; 161; 33142
313; 161; 33110
314; 161; 33230
315; 161; 33520
316; 161; 33835
317; 161; 33953
318; 161; 33880
319; 161; 33807
320; 161; 33812
321; 161; 33812
322; 161; 33754
323; 161; 33691
324; 161; 33584
325; 161; 33377
326; 161; 33207
327; 161; 33264
328; 161; 33567
329; 161; 33928
330; 161; 34103
331; 161; 34113
332; 161; 34126
333; 161; 34120
334; 161; 33967
335; 161; 33682
336; 161; 33402
337; 161; 33229
338; 161; 33218
339; 161; 33292
340; 161; 33258
341; 161; 33118
342; 161; 33007
343; 161; 32972
344; 161; 33009
345; 161; 33029
346; 161; 32985
347; 161; 32949
348; 161; 32956
349; 161; 32996
299; 162; 33487
300; 162; 33510
301; 162; 33530
302; 162; 33557
303; 162; 33612
304; 162; 33638
305; 162; 33576
306; 162; 33511
307; 162; 33523
308; 162; 33518
309; 162; 33431
310; 162; 33293
311; 162; 33169
312; 162; 33078
313; 162; 32990
314; 162; 32980
315; 162; 33092
316; 162; 33339
317; 162; 33572
318; 162; 33720
319; 162; 33823
320; 162; 33899
321; 162; 33880
322; 162; 33733
323; 162; 33601
324; 162; 33517
325; 162; 33382
326; 162; 33342
327; 162; 33496
328; 162; 33783
329; 162; 34110
330; 162; 34315
331; 162; 34337
332; 162; 34284
333; 162; 34216
334; 162; 34060
335; 162; 33778
336; 162; 33435
337; 162; 33165
338; 162; 33079
339; 162; 33116
340; 162; 33139
341; 162; 33102
342; 162; 33072
343; 162; 33071
344; 162; 33080
345; 162; 33081
346; 162; 33036
347; 162; 33003
348; 162; 33041
349; 162; 33082
299; 163; 33436
300; 163; 33389
301; 163; 33465
302; 163; 33567
303; 163; 33608
304; 163; 33560
305; 163; 33511
306; 163; 33538
307; 163; 33592
308; 163; 33630
309; 163; 33540
310; 163; 33350
311; 163; 33200
312; 163; 33149
313; 163; 33093
314; 163; 32985
315; 163; 32940
316; 163; 33001
317; 163; 33172
318; 163; 33376
319; 163; 33557
320; 163; 33785
321; 163; 33969
322; 163; 33936
323; 163; 33771
324; 163; 33621
325; 163; 33506
326; 163; 33490
327; 163; 33623
328; 163; 33864
329; 163; 34146
330; 163; 34407
331; 163; 34520
332; 163; 34438
333; 163; 34299
334; 163; 34171
335; 163; 33982
336; 163; 33696
337; 163; 33412
338; 163; 33261
339; 163; 33211
340; 163; 33170
341; 163; 33137
342; 163; 33151
343; 163; 33208
344; 163; 33252
345; 163; 33272
346; 163; 33265
347; 163; 33217
348; 163; 33178
349; 163; 33170
299; 164; 33251
300; 164; 33287
301; 164; 33431
302; 164; 33530
303; 164; 33490
304; 164; 33408
305; 164; 33399
306; 164; 33455
307; 164; 33567
308; 164; 33660
309; 164; 33582
310; 164; 33404
311; 164; 33228
312; 164; 33168
313; 164; 33171
314; 164; 33107
315; 164; 33061
316; 164; 33106
317; 164; 33195
318; 164; 33222
319; 164; 33260
320; 164; 33502
321; 164; 33796
322; 164; 33889
323; 164; 33792
324; 164; 33666
325; 164; 33600
326; 164; 33575
327; 164; 33611
328; 164; 33753
329; 164; 34014
330; 164; 34355
331; 164; 34589
332; 164; 34575
333; 164; 34440
334; 164; 34345
335; 164; 34258
336; 164; 34115
337; 164; 33956
338; 164; 33818
339; 164; 33662
340; 164; 33494
341; 164; 33411
342; 164; 33421
343; 164; 33442
344; 164; 33434
345; 164; 33436
346; 164; 33431
347; 164; 33334
348; 164; 33219
349; 164; 33164
299; 165; 32991
300; 165; 33201
301; 165; 33385
302; 165; 33423
303; 165; 33317
304; 165; 33271
305; 165; 33336
306; 165; 33421
307; 165; 33492
308; 165; 33531
309; 165; 33525
310; 165; 33436
311; 165; 33239
312; 165; 33102
313; 165; 33107
314; 165; 33181
315; 165; 33285
316; 165; 33379
317; 165; 33408
318; 165; 33288
319; 165; 33206
320; 165; 33366
321; 165; 33596
322; 165; 33708
323; 165; 33713
324; 165; 33726
325; 165; 33789
326; 165; 33836
327; 165; 33815
328; 165; 33803
329; 165; 33965
330; 165; 34314
331; 165; 34621
332; 165; 34708
333; 165; 34629
334; 165; 34556
335; 165; 34548
336; 165; 34543
337; 165; 34489
338; 165; 34343
339; 165; 34095
340; 165; 33847
341; 165; 33730
342; 165; 33713
343; 165; 33644
344; 165; 33490
345; 165; 33371
346; 165; 33314
347; 165; 33209
348; 165; 33085
349; 165; 33039
299; 166; 33067
300; 166; 33269
301; 166; 33393
302; 166; 33335
303; 166; 33200
304; 166; 33182
305; 166; 33313
306; 166; 33402
307; 166; 33369
308; 166; 33364
309; 166; 33451
310; 166; 33450
311; 166; 33292
312; 166; 33139
313; 166; 33117
314; 166; 33225
315; 166; 33374
316; 166; 33477
317; 166; 33534
318; 166; 33465
319; 166; 33413
320; 166; 33534
321; 166; 33671
322; 166; 33710
323; 166; 33747
324; 166; 33879
325; 166; 34061
326; 166; 34203
327; 166; 34251
328; 166; 34203
329; 166; 34159
330; 166; 34288
331; 166; 34550
332; 166; 34732
333; 166; 34735
334; 166; 34666
335; 166; 34681
336; 166; 34722
337; 166; 34617
338; 166; 34335
339; 166; 33998
340; 166; 33740
341; 166; 33605
342; 166; 33553
343; 166; 33484
344; 166; 33327
345; 166; 33168
346; 166; 33135
347; 166; 33128
348; 166; 33004
349; 166; 32911
299; 167; 33488
300; 167; 33456
301; 167; 33459
302; 167; 33385
303; 167; 33273
304; 167; 33278
305; 167; 33374
306; 167; 33376
307; 167; 33274
308; 167; 33226
309; 167; 33291
310; 167; 33358
311; 167; 33309
312; 167; 33246
313; 167; 33232
314; 167; 33214
315; 167; 33240
316; 167; 33382
317; 167; 33560
318; 167; 33614
319; 167; 33608
320; 167; 33674
321; 167; 33732
322; 167; 33716
323; 167; 33753
324; 167; 33930
325; 167; 34139
326; 167; 34287
327; 167; 34407
328; 167; 34460
329; 167; 34357
330; 167; 34279
331; 167; 34422
332; 167; 34632
333; 167; 34646
334; 167; 34482
335; 167; 34385
336; 167; 34352
337; 167; 34164
338; 167; 33822
339; 167; 33503
340; 167; 33336
341; 167; 33241
342; 167; 33178
343; 167; 33143
344; 167; 33124
345; 167; 33060
346; 167; 33100
347; 167; 33210
348; 167; 33159
349; 167; 33008
299; 168; 33790
300; 168; 33597
301; 168; 33562
302; 168; 33579
303; 168; 33559
304; 168; 33545
305; 168; 33519
306; 168; 33377
307; 168; 33173
308; 168; 33068
309; 168; 33051
310; 168; 33107
311; 168; 33151
312; 168; 33257
313; 168; 33322
314; 168; 33231
315; 168; 33151
316; 168; 33264
317; 168; 33515
318; 168; 33611
319; 168; 33532
320; 168; 33497
321; 168; 33537
322; 168; 33565
323; 168; 33647
324; 168; 33827
325; 168; 33993
326; 168; 34073
327; 168; 34194
328; 168; 34375
329; 168; 34418
330; 168; 34342
331; 168; 34372
332; 168; 34466
333; 168; 34349
334; 168; 34017
335; 168; 33778
336; 168; 33694
337; 168; 33609
338; 168; 33490
339; 168; 33339
340; 168; 33278
341; 168; 33244
342; 168; 33180
343; 168; 33166
344; 168; 33132
345; 168; 33090
346; 168; 33157
347; 168; 33312
348; 168; 33348
349; 168; 33193
299; 169; 33689
300; 169; 33610
301; 169; 33686
302; 169; 33778
303; 169; 33758
304; 169; 33669
305; 169; 33599
306; 169; 33450
307; 169; 33193
308; 169; 33009
309; 169; 32952
310; 169; 32935
311; 169; 32991
312; 169; 33170
313; 169; 33329
314; 169; 33265
315; 169; 33146
316; 169; 33210
317; 169; 33414
318; 169; 33457
319; 169; 33328
320; 169; 33296
321; 169; 33395
322; 169; 33532
323; 169; 33688
324; 169; 33857
325; 169; 33947
326; 169; 33946
327; 169; 34035
328; 169; 34281
329; 169; 34437
330; 169; 34404
331; 169; 34332
332; 169; 34223
333; 169; 33962
334; 169; 33609
335; 169; 33479
336; 169; 33480
337; 169; 33611
338; 169; 33776
339; 169; 33918
340; 169; 34021
341; 169; 33994
342; 169; 33811
343; 169; 33632
344; 169; 33468
345; 169; 33306
346; 169; 33265
347; 169; 33389
348; 169; 33378
349; 169; 33222
299; 170; 33345
300; 170; 33440
301; 170; 33611
302; 170; 33695
303; 170; 33631
304; 170; 33533
305; 170; 33523
306; 170; 33486
307; 170; 33305
308; 170; 33086
309; 170; 32968
310; 170; 32919
311; 170; 32944
312; 170; 33083
313; 170; 33275
314; 170; 33300
315; 170; 33202
316; 170; 33202
317; 170; 33316
318; 170; 33354
319; 170; 33303
320; 170; 33342
321; 170; 33515
322; 170; 33722
323; 170; 33883
324; 170; 33979
325; 170; 33988
326; 170; 33973
327; 170; 34047
328; 170; 34205
329; 170; 34281
330; 170; 34159
331; 170; 33968
332; 170; 33871
333; 170; 33795
334; 170; 33673
335; 170; 33772
336; 170; 34011
337; 170; 34323
338; 170; 34586
339; 170; 34815
340; 170; 34899
341; 170; 34762
342; 170; 34545
343; 170; 34385
344; 170; 34248
345; 170; 34056
346; 170; 33801
347; 170; 33564
348; 170; 33378
349; 170; 33187
299; 171; 33088
300; 171; 33146
301; 171; 33268
302; 171; 33336
303; 171; 33306
304; 171; 33282
305; 171; 33355
306; 171; 33432
307; 171; 33358
308; 171; 33198
309; 171; 33104
310; 171; 33070
311; 171; 33071
312; 171; 33132
313; 171; 33262
314; 171; 33347
315; 171; 33307
316; 171; 33256
317; 171; 33323
318; 171; 33431
319; 171; 33491
320; 171; 33536
321; 171; 33633
322; 171; 33750
323; 171; 33826
324; 171; 33811
325; 171; 33727
326; 171; 33740
327; 171; 33842
328; 171; 33873
329; 171; 33722
330; 171; 33503
331; 171; 33425
332; 171; 33609
333; 171; 34012
334; 171; 34476
335; 171; 34712
336; 171; 34734
337; 171; 34623
338; 171; 34742
339; 171; 34904
340; 171; 34954
341; 171; 34797
342; 171; 34610
343; 171; 34607
344; 171; 34709
345; 171; 34759
346; 171; 34559
347; 171; 34115
348; 171; 33628
349; 171; 33300
299; 172; 33047
300; 172; 32947
301; 172; 33006
302; 172; 33063
303; 172; 33139
304; 172; 33185
305; 172; 33240
306; 172; 33341
307; 172; 33354
308; 172; 33266
309; 172; 33213
310; 172; 33212
311; 172; 33189
312; 172; 33140
313; 172; 33196
314; 172; 33380
315; 172; 33500
316; 172; 33473
317; 172; 33463
318; 172; 33496
319; 172; 33534
320; 172; 33525
321; 172; 33511
322; 172; 33525
323; 172; 33463
324; 172; 33294
325; 172; 33146
326; 172; 33098
327; 172; 33243
328; 172; 33359
329; 172; 33304
330; 172; 33204
331; 172; 33247
332; 172; 33793
333; 172; 34613
334; 172; 34983
335; 172; 34947
336; 172; 34739
337; 172; 34471
338; 172; 34461
339; 172; 34617
340; 172; 34665
341; 172; 34544
342; 172; 34494
343; 172; 34588
344; 172; 34724
345; 172; 34807
346; 172; 34761
347; 172; 34605
348; 172; 34201
349; 172; 33698
299; 173; 33147
300; 173; 33022
301; 173; 32975
302; 173; 33080
303; 173; 33225
304; 173; 33252
305; 173; 33244
306; 173; 33322
307; 173; 33381
308; 173; 33336
309; 173; 33279
310; 173; 33260
311; 173; 33219
312; 173; 33174
313; 173; 33294
314; 173; 33588
315; 173; 33805
316; 173; 33758
317; 173; 33558
318; 173; 33388
319; 173; 33366
320; 173; 33409
321; 173; 33474
322; 173; 33545
323; 173; 33528
324; 173; 33363
325; 173; 33141
326; 173; 33054
327; 173; 33122
328; 173; 33185
329; 173; 33153
330; 173; 33136
331; 173; 33493
332; 173; 34341
333; 173; 34878
334; 173; 34872
335; 173; 34647
336; 173; 34447
337; 173; 34314
338; 173; 34327
339; 173; 34407
340; 173; 34415
341; 173; 34394
342; 173; 34457
343; 173; 34532
344; 173; 34558
345; 173; 34582
346; 173; 34673
347; 173; 34755
348; 173; 34652
349; 173; 34181
299; 174; 33249
300; 174; 33255
301; 174; 33221
302; 174; 33213
303; 174; 33236
304; 174; 33237
305; 174; 33276
306; 174; 33393
307; 174; 33467
308; 174; 33440
309; 174; 33390
310; 174; 33336
311; 174; 33263
312; 174; 33278
313; 174; 33506
314; 174; 33844
315; 174; 34014
316; 174; 33846
317; 174; 33503
318; 174; 33329
319; 174; 33421
320; 174; 33626
321; 174; 33842
322; 174; 34004
323; 174; 34059
324; 174; 33938
325; 174; 33691
326; 174; 33438
327; 174; 33267
328; 174; 33158
329; 174; 33103
330; 174; 33242
331; 174; 33932
332; 174; 34631
333; 174; 34752
334; 174; 34556
335; 174; 34350
336; 174; 34348
337; 174; 34397
338; 174; 34429
339; 174; 34424
340; 174; 34365
341; 174; 34370
342; 174; 34487
343; 174; 34557
344; 174; 34524
345; 174; 34503
346; 174; 34621
347; 174; 34821
348; 174; 34884
349; 174; 34599
299; 175; 33282
300; 175; 33396
301; 175; 33366
302; 175; 33237
303; 175; 33170
304; 175; 33240
305; 175; 33396
306; 175; 33558
307; 175; 33576
308; 175; 33519
309; 175; 33517
310; 175; 33481
311; 175; 33372
312; 175; 33377
313; 175; 33603
314; 175; 33867
315; 175; 33901
316; 175; 33695
317; 175; 33544
318; 175; 33632
319; 175; 33894
320; 175; 34168
321; 175; 34333
322; 175; 34406
323; 175; 34478
324; 175; 34462
325; 175; 34249
326; 175; 33896
327; 175; 33492
328; 175; 33181
329; 175; 33075
330; 175; 33411
331; 175; 34217
332; 175; 34608
333; 175; 34591
334; 175; 34410
335; 175; 34321
336; 175; 34392
337; 175; 34466
338; 175; 34480
339; 175; 34442
340; 175; 34376
341; 175; 34397
342; 175; 34517
343; 175; 34590
344; 175; 34582
345; 175; 34601
346; 175; 34703
347; 175; 34839
348; 175; 34898
349; 175; 34775
299; 176; 33272
300; 176; 33436
301; 176; 33418
302; 176; 33293
303; 176; 33268
304; 176; 33415
305; 176; 33662
306; 176; 33795
307; 176; 33674
308; 176; 33507
309; 176; 33538
310; 176; 33605
311; 176; 33554
312; 176; 33518
313; 176; 33610
314; 176; 33708
315; 176; 33687
316; 176; 33661
317; 176; 33854
318; 176; 34191
319; 176; 34480
320; 176; 34571
321; 176; 34448
322; 176; 34297
323; 176; 34336
324; 176; 34518
325; 176; 34561
326; 176; 34290
327; 176; 33729
328; 176; 33221
329; 176; 33134
330; 176; 33638
331; 176; 34432
332; 176; 34554
333; 176; 34434
334; 176; 34378
335; 176; 34423
336; 176; 34431
337; 176; 34410
338; 176; 34438
339; 176; 34465
340; 176; 34449
341; 176; 34466
342; 176; 34529
343; 176; 34552
344; 176; 34543
345; 176; 34587
346; 176; 34669
347; 176; 34728
348; 176; 34771
349; 176; 34744
299; 177; 33230
300; 177; 33426
301; 177; 33521
302; 177; 33512
303; 177; 33550
304; 177; 33742
305; 177; 33961
306; 177; 33993
307; 177; 33783
308; 177; 33546
309; 177; 33537
310; 177; 33687
311; 177; 33741
312; 177; 33692
313; 177; 33638
314; 177; 33608
315; 177; 33678
316; 177; 33922
317; 177; 34298
318; 177; 34635
319; 177; 34735
320; 177; 34533
321; 177; 34203
322; 177; 33978
323; 177; 34021
324; 177; 34314
325; 177; 34618
326; 177; 34579
327; 177; 34044
328; 177; 33409
329; 177; 33315
330; 177; 33970
331; 177; 34699
332; 177; 34627
333; 177; 34376
334; 177; 34377
335; 177; 34510
336; 177; 34488
337; 177; 34407
338; 177; 34441
339; 177; 34497
340; 177; 34465
341; 177; 34446
342; 177; 34493
343; 177; 34499
344; 177; 34467
345; 177; 34506
346; 177; 34596
347; 177; 34644
348; 177; 34659
349; 177; 34657
299; 178; 33158
300; 178; 33398
301; 178; 33635
302; 178; 33778
303; 178; 33836
304; 178; 33942
305; 178; 34086
306; 178; 34077
307; 178; 33892
308; 178; 33726
309; 178; 33720
310; 178; 33816
311; 178; 33866
312; 178; 33829
313; 178; 33749
314; 178; 33705
315; 178; 33833
316; 178; 34186
317; 178; 34596
318; 178; 34815
319; 178; 34716
320; 178; 34383
321; 178; 34059
322; 178; 33950
323; 178; 34061
324; 178; 34297
325; 178; 34593
326; 178; 34718
327; 178; 34376
328; 178; 33735
329; 178; 33531
330; 178; 34093
331; 178; 34808
332; 178; 34759
333; 178; 34436
334; 178; 34388
335; 178; 34521
336; 178; 34522
337; 178; 34433
338; 178; 34419
339; 178; 34425
340; 178; 34368
341; 178; 34364
342; 178; 34460
343; 178; 34519
344; 178; 34525
345; 178; 34588
346; 178; 34685
347; 178; 34699
348; 178; 34645
349; 178; 34656
299; 179; 33095
300; 179; 33395
301; 179; 33726
302; 179; 33932
303; 179; 33925
304; 179; 33874
305; 179; 33955
306; 179; 34039
307; 179; 33999
308; 179; 33948
309; 179; 33965
310; 179; 33930
311; 179; 33888
312; 179; 33885
313; 179; 33882
314; 179; 33850
315; 179; 33890
316; 179; 34156
317; 179; 34533
318; 179; 34757
319; 179; 34706
320; 179; 34479
321; 179; 34285
322; 179; 34260
323; 179; 34322
324; 179; 34378
325; 179; 34499
326; 179; 34680
327; 179; 34559
328; 179; 34016
329; 179; 33701
330; 179; 34034
331; 179; 34660
332; 179; 34672
333; 179; 34463
334; 179; 34407
335; 179; 34495
336; 179; 34474
337; 179; 34367
338; 179; 34313
339; 179; 34329
340; 179; 34366
341; 179; 34428
342; 179; 34522
343; 179; 34592
344; 179; 34655
345; 179; 34764
346; 179; 34836
347; 179; 34751
348; 179; 34619
349; 179; 34690
299; 180; 33111
300; 180; 33486
301; 180; 33879
302; 180; 34023
303; 180; 33903
304; 180; 33752
305; 180; 33767
306; 180; 33909
307; 180; 34013
308; 180; 34054
309; 180; 34050
310; 180; 33917
311; 180; 33795
312; 180; 33815
313; 180; 33881
314; 180; 33819
315; 180; 33725
316; 180; 33889
317; 180; 34275
318; 180; 34614
319; 180; 34722
320; 180; 34651
321; 180; 34574
322; 180; 34556
323; 180; 34513
324; 180; 34411
325; 180; 34402
326; 180; 34570
327; 180; 34553
328; 180; 34167
329; 180; 33907
330; 180; 34036
331; 180; 34431
332; 180; 34497
333; 180; 34380
334; 180; 34386
335; 180; 34481
336; 180; 34444
337; 180; 34305
338; 180; 34245
339; 180; 34359
340; 180; 34572
341; 180; 34704
342; 180; 34700
343; 180; 34662
344; 180; 34699
345; 180; 34807
346; 180; 34843
347; 180; 34701
348; 180; 34557
349; 180; 34670
299; 181; 33220
300; 181; 33625
301; 181; 34011
302; 181; 34113
303; 181; 33975
304; 181; 33779
305; 181; 33739
306; 181; 33823
307; 181; 33883
308; 181; 33899
309; 181; 33877
310; 181; 33757
311; 181; 33638
312; 181; 33658
313; 181; 33702
314; 181; 33598
315; 181; 33499
316; 181; 33677
317; 181; 34082
318; 181; 34447
319; 181; 34580
320; 181; 34566
321; 181; 34543
322; 181; 34529
323; 181; 34464
324; 181; 34362
325; 181; 34366
326; 181; 34503
327; 181; 34477
328; 181; 34206
329; 181; 34059
330; 181; 34221
331; 181; 34396
332; 181; 34354
333; 181; 34260
334; 181; 34356
335; 181; 34538
336; 181; 34518
337; 181; 34352
338; 181; 34306
339; 181; 34482
340; 181; 34751
341; 181; 34879
342; 181; 34795
343; 181; 34664
344; 181; 34646
345; 181; 34714
346; 181; 34731
347; 181; 34647
348; 181; 34594
349; 181; 34691
299; 182; 33291
300; 182; 33634
301; 182; 33918
302; 182; 34055
303; 182; 34083
304; 182; 33924
305; 182; 33798
306; 182; 33762
307; 182; 33709
308; 182; 33679
309; 182; 33665
310; 182; 33604
311; 182; 33525
312; 182; 33507
313; 182; 33491
314; 182; 33421
315; 182; 33431
316; 182; 33663
317; 182; 34032
318; 182; 34284
319; 182; 34320
320; 182; 34281
321; 182; 34280
322; 182; 34304
323; 182; 34315
324; 182; 34333
325; 182; 34427
326; 182; 34526
327; 182; 34417
328; 182; 34145
329; 182; 34072
330; 182; 34304
331; 182; 34487
332; 182; 34396
333; 182; 34263
334; 182; 34356
335; 182; 34521
336; 182; 34504
337; 182; 34397
338; 182; 34423
339; 182; 34583
340; 182; 34732
341; 182; 34757
342; 182; 34672
343; 182; 34594
344; 182; 34602
345; 182; 34646
346; 182; 34650
347; 182; 34654
348; 182; 34728
349; 182; 34784
299; 183; 33270
300; 183; 33517
301; 183; 33678
302; 183; 33865
303; 183; 34082
304; 183; 34051
305; 183; 33800
306; 183; 33620
307; 183; 33543
308; 183; 33608
309; 183; 33723
310; 183; 33754
311; 183; 33655
312; 183; 33515
313; 183; 33441
314; 183; 33435
315; 183; 33514
316; 183; 33734
317; 183; 34007
318; 183; 34163
319; 183; 34159
320; 183; 34094
321; 183; 34086
322; 183; 34166
323; 183; 34307
324; 183; 34464
325; 183; 34613
326; 183; 34644
327; 183; 34399
328; 183; 34010
329; 183; 33900
330; 183; 34199
331; 183; 34522
332; 183; 34517
333; 183; 34359
334; 183; 34346
335; 183; 34391
336; 183; 34362
337; 183; 34356
338; 183; 34477
339; 183; 34607
340; 183; 34619
341; 183; 34546
342; 183; 34504
343; 183; 34550
344; 183; 34639
345; 183; 34667
346; 183; 34617
347; 183; 34630
348; 183; 34785
349; 183; 34828
299; 184; 33284
300; 184; 33490
301; 184; 33597
302; 184; 33812
303; 184; 34070
304; 184; 34086
305; 184; 33819
306; 184; 33541
307; 184; 33490
308; 184; 33675
309; 184; 33942
310; 184; 34077
311; 184; 33992
312; 184; 33798
313; 184; 33651
314; 184; 33641
315; 184; 33686
316; 184; 33774
317; 184; 33919
318; 184; 34049
319; 184; 34063
320; 184; 33995
321; 184; 34019
322; 184; 34202
323; 184; 34460
324; 184; 34688
325; 184; 34839
326; 184; 34790
327; 184; 34399
328; 184; 33847
329; 184; 33637
330; 184; 33956
331; 184; 34444
332; 184; 34586
333; 184; 34447
334; 184; 34378
335; 184; 34395
336; 184; 34368
337; 184; 34346
338; 184; 34411
339; 184; 34483
340; 184; 34485
341; 184; 34458
342; 184; 34496
343; 184; 34621
344; 184; 34744
345; 184; 34728
346; 184; 34571
347; 184; 34523
348; 184; 34735
349; 184; 34840
299; 185; 33387
300; 185; 33604
301; 185; 33714
302; 185; 33896
303; 185; 34049
304; 185; 34007
305; 185; 33858
306; 185; 33689
307; 185; 33612
308; 185; 33738
309; 185; 33975
310; 185; 34139
311; 185; 34136
312; 185; 34043
313; 185; 33969
314; 185; 33959
315; 185; 33899
316; 185; 33812
317; 185; 33835
318; 185; 33901
319; 185; 33866
320; 185; 33797
321; 185; 33928
322; 185; 34260
323; 185; 34547
324; 185; 34707
325; 185; 34827
326; 185; 34766
327; 185; 34329
328; 185; 33728
329; 185; 33482
330; 185; 33761
331; 185; 34353
332; 185; 34645
333; 185; 34552
334; 185; 34482
335; 185; 34530
336; 185; 34535
337; 185; 34421
338; 185; 34291
339; 185; 34272
340; 185; 34358
341; 185; 34466
342; 185; 34565
343; 185; 34669
344; 185; 34766
345; 185; 34741
346; 185; 34566
347; 185; 34496
348; 185; 34733
349; 185; 34890
299; 186; 33387
300; 186; 33620
301; 186; 33748
302; 186; 33858
303; 186; 33866
304; 186; 33811
305; 186; 33859
306; 186; 33903
307; 186; 33838
308; 186; 33780
309; 186; 33840
310; 186; 33985
311; 186; 34087
312; 186; 34127
313; 186; 34175
314; 186; 34199
315; 186; 34092
316; 186; 33947
317; 186; 33881
318; 186; 33794
319; 186; 33612
320; 186; 33536
321; 186; 33789
322; 186; 34197
323; 186; 34387
324; 186; 34388
325; 186; 34485
326; 186; 34515
327; 186; 34140
328; 186; 33642
329; 186; 33521
330; 186; 33746
331; 186; 34300
332; 186; 34715
333; 186; 34702
334; 186; 34601
335; 186; 34577
336; 186; 34570
337; 186; 34466
338; 186; 34284
339; 186; 34236
340; 186; 34376
341; 186; 34515
342; 186; 34536
343; 186; 34528
344; 186; 34613
345; 186; 34703
346; 186; 34674
347; 186; 34649
348; 186; 34766
349; 186; 34753
299; 187; 33152
300; 187; 33364
301; 187; 33534
302; 187; 33639
303; 187; 33620
304; 187; 33590
305; 187; 33727
306; 187; 33916
307; 187; 33949
308; 187; 33846
309; 187; 33812
310; 187; 33930
311; 187; 34073
312; 187; 34157
313; 187; 34205
314; 187; 34208
315; 187; 34149
316; 187; 34094
317; 187; 34026
318; 187; 33836
319; 187; 33574
320; 187; 33440
321; 187; 33673
322; 187; 33989
323; 187; 34035
324; 187; 33952
325; 187; 34055
326; 187; 34159
327; 187; 33880
328; 187; 33506
329; 187; 33544
330; 187; 33722
331; 187; 34121
332; 187; 34611
333; 187; 34771
334; 187; 34682
335; 187; 34518
336; 187; 34420
337; 187; 34406
338; 187; 34411
339; 187; 34469
340; 187; 34574
341; 187; 34586
342; 187; 34456
343; 187; 34364
344; 187; 34505
345; 187; 34752
346; 187; 34857
347; 187; 34809
348; 187; 34639
349; 187; 34327
299; 188; 32930
300; 188; 33024
301; 188; 33233
302; 188; 33427
303; 188; 33509
304; 188; 33484
305; 188; 33539
306; 188; 33706
307; 188; 33894
308; 188; 33952
309; 188; 33936
310; 188; 33993
311; 188; 34098
312; 188; 34151
313; 188; 34135
314; 188; 34085
315; 188; 34078
316; 188; 34152
317; 188; 34182
318; 188; 34024
319; 188; 33748
320; 188; 33558
321; 188; 33617
322; 188; 33727
323; 188; 33701
324; 188; 33659
325; 188; 33756
326; 188; 33846
327; 188; 33652
328; 188; 33386
329; 188; 33420
330; 188; 33493
331; 188; 33730
332; 188; 34228
333; 188; 34642
334; 188; 34747
335; 188; 34576
336; 188; 34376
337; 188; 34357
338; 188; 34482
339; 188; 34617
340; 188; 34669
341; 188; 34588
342; 188; 34447
343; 188; 34446
344; 188; 34675
345; 188; 34908
346; 188; 34900
347; 188; 34665
348; 188; 34317
349; 188; 33956
299; 189; 32914
300; 189; 32908
301; 189; 33043
302; 189; 33342
303; 189; 33582
304; 189; 33556
305; 189; 33416
306; 189; 33449
307; 189; 33762
308; 189; 34005
309; 189; 34025
310; 189; 33973
311; 189; 33996
312; 189; 34061
313; 189; 34066
314; 189; 34002
315; 189; 33984
316; 189; 34059
317; 189; 34132
318; 189; 34075
319; 189; 33890
320; 189; 33724
321; 189; 33654
322; 189; 33609
323; 189; 33545
324; 189; 33526
325; 189; 33594
326; 189; 33661
327; 189; 33575
328; 189; 33415
329; 189; 33318
330; 189; 33275
331; 189; 33423
332; 189; 33831
333; 189; 34360
334; 189; 34683
335; 189; 34675
336; 189; 34518
337; 189; 34454
338; 189; 34506
339; 189; 34559
340; 189; 34588
341; 189; 34601
342; 189; 34621
343; 189; 34728
344; 189; 34885
345; 189; 34852
346; 189; 34538
347; 189; 34153
348; 189; 33907
349; 189; 33715
299; 190; 32997
300; 190; 32924
301; 190; 33028
302; 190; 33363
303; 190; 33680
304; 190; 33647
305; 190; 33368
306; 190; 33298
307; 190; 33570
308; 190; 33858
309; 190; 33907
310; 190; 33838
311; 190; 33859
312; 190; 33979
313; 190; 34061
314; 190; 34020
315; 190; 33952
316; 190; 33939
317; 190; 33967
318; 190; 33967
319; 190; 33924
320; 190; 33859
321; 190; 33795
322; 190; 33726
323; 190; 33651
324; 190; 33586
325; 190; 33579
326; 190; 33640
327; 190; 33669
328; 190; 33563
329; 190; 33364
330; 190; 33295
331; 190; 33445
332; 190; 33684
333; 190; 33962
334; 190; 34239
335; 190; 34437
336; 190; 34556
337; 190; 34624
338; 190; 34615
339; 190; 34559
340; 190; 34586
341; 190; 34718
342; 190; 34820
343; 190; 34806
344; 190; 34692
345; 190; 34383
346; 190; 33938
347; 190; 33660
348; 190; 33645
349; 190; 33657
299; 191; 33009
300; 191; 32992
301; 191; 33087
302; 191; 33359
303; 191; 33608
304; 191; 33557
305; 191; 33315
306; 191; 33244
307; 191; 33337
308; 191; 33552
309; 191; 33669
310; 191; 33762
311; 191; 33917
312; 191; 34051
313; 191; 34118
314; 191; 34064
315; 191; 33952
316; 191; 33887
317; 191; 33881
318; 191; 33906
319; 191; 33957
320; 191; 33986
321; 191; 33967
322; 191; 33938
323; 191; 33900
324; 191; 33845
325; 191; 33803
326; 191; 33817
327; 191; 33836
328; 191; 33728
329; 191; 33570
330; 191; 33566
331; 191; 33686
332; 191; 33742
333; 191; 33696
334; 191; 33693
335; 191; 33913
336; 191; 34287
337; 191; 34569
338; 191; 34628
339; 191; 34585
340; 191; 34646
341; 191; 34745
342; 191; 34673
343; 191; 34405
344; 191; 34139
345; 191; 33924
346; 191; 33717
347; 191; 33628
348; 191; 33756
349; 191; 33911
299; 192; 32937
300; 192; 33001
301; 192; 33099
302; 192; 33232
303; 192; 33356
304; 192; 33352
305; 192; 33216
306; 192; 33144
307; 192; 33165
308; 192; 33313
309; 192; 33468
310; 192; 33788
311; 192; 34092
312; 192; 34186
313; 192; 34157
314; 192; 34066
315; 192; 33953
316; 192; 33905
317; 192; 33900
318; 192; 33936
319; 192; 34032
320; 192; 34099
321; 192; 34067
322; 192; 34026
323; 192; 34000
324; 192; 33994
325; 192; 34017
326; 192; 34034
327; 192; 34000
328; 192; 33880
329; 192; 33768
330; 192; 33736
331; 192; 33720
332; 192; 33676
333; 192; 33602
334; 192; 33551
335; 192; 33678
336; 192; 33951
337; 192; 34176
338; 192; 34264
339; 192; 34297
340; 192; 34379
341; 192; 34401
342; 192; 34201
343; 192; 33870
344; 192; 33697
345; 192; 33745
346; 192; 33833
347; 192; 33914
348; 192; 34074
349; 192; 34182
299; 193; 32985
300; 193; 33071
301; 193; 33078
302; 193; 33033
303; 193; 33077
304; 193; 33170
305; 193; 33216
306; 193; 33220
307; 193; 33151
308; 193; 33158
309; 193; 33325
310; 193; 33716
311; 193; 34062
312; 193; 34176
313; 193; 34115
314; 193; 34019
315; 193; 33960
316; 193; 33916
317; 193; 33897
318; 193; 33937
319; 193; 34041
320; 193; 34108
321; 193; 34063
322; 193; 33981
323; 193; 33961
324; 193; 34007
325; 193; 34038
326; 193; 34032
327; 193; 33992
328; 193; 33927
329; 193; 33868
330; 193; 33791
331; 193; 33648
332; 193; 33528
333; 193; 33541
334; 193; 33643
335; 193; 33781
336; 193; 33854
337; 193; 33830
338; 193; 33783
339; 193; 33807
340; 193; 33903
341; 193; 33931
342; 193; 33793
343; 193; 33589
344; 193; 33564
345; 193; 33771
346; 193; 34004
347; 193; 34156
348; 193; 34223
349; 193; 34187
299; 194; 33228
300; 194; 33264
301; 194; 33143
302; 194; 32958
303; 194; 32961
304; 194; 33083
305; 194; 33211
306; 194; 33207
307; 194; 33150
308; 194; 33154
309; 194; 33246
310; 194; 33432
311; 194; 33690
312; 194; 33918
313; 194; 33982
314; 194; 33944
315; 194; 33886
316; 194; 33838
317; 194; 33799
318; 194; 33824
319; 194; 33950
320; 194; 34025
321; 194; 33982
322; 194; 33956
323; 194; 34020
324; 194; 34070
325; 194; 34009
326; 194; 33910
327; 194; 33879
328; 194; 33911
329; 194; 33934
330; 194; 33907
331; 194; 33802
332; 194; 33715
333; 194; 33739
334; 194; 33802
335; 194; 33823
336; 194; 33816
337; 194; 33745
338; 194; 33624
339; 194; 33580
340; 194; 33638
341; 194; 33701
342; 194; 33680
343; 194; 33625
344; 194; 33728
345; 194; 33946
346; 194; 34096
347; 194; 34154
348; 194; 34109
349; 194; 34029
299; 195; 33339
300; 195; 33401
301; 195; 33289
302; 195; 33098
303; 195; 33090
304; 195; 33155
305; 195; 33144
306; 195; 33088
307; 195; 33153
308; 195; 33284
309; 195; 33270
310; 195; 33173
311; 195; 33234
312; 195; 33534
313; 195; 33748
314; 195; 33788
315; 195; 33740
316; 195; 33687
317; 195; 33647
318; 195; 33709
319; 195; 33875
320; 195; 33946
321; 195; 33875
322; 195; 33888
323; 195; 34056
324; 195; 34114
325; 195; 33989
326; 195; 33840
327; 195; 33820
328; 195; 33893
329; 195; 33962
330; 195; 34008
331; 195; 34017
332; 195; 34055
333; 195; 34054
334; 195; 33965
335; 195; 33827
336; 195; 33741
337; 195; 33701
338; 195; 33623
339; 195; 33567
340; 195; 33604
341; 195; 33744
342; 195; 33897
343; 195; 33966
344; 195; 33999
345; 195; 34051
346; 195; 34089
347; 195; 34070
348; 195; 34007
349; 195; 33956
299; 196; 33193
300; 196; 33375
301; 196; 33392
302; 196; 33284
303; 196; 33318
304; 196; 33314
305; 196; 33184
306; 196; 33059
307; 196; 33151
308; 196; 33347
309; 196; 33304
310; 196; 33100
311; 196; 33094
312; 196; 33281
313; 196; 33484
314; 196; 33494
315; 196; 33451
316; 196; 33406
317; 196; 33440
318; 196; 33627
319; 196; 33877
320; 196; 33938
321; 196; 33803
322; 196; 33780
323; 196; 33919
324; 196; 33992
325; 196; 33903
326; 196; 33809
327; 196; 33834
328; 196; 33895
329; 196; 33887
330; 196; 33903
331; 196; 34041
332; 196; 34166
333; 196; 34109
334; 196; 33956
335; 196; 33865
336; 196; 33854
337; 196; 33797
338; 196; 33662
339; 196; 33557
340; 196; 33592
341; 196; 33777
342; 196; 33969
343; 196; 34035
344; 196; 34030
345; 196; 34071
346; 196; 34129
347; 196; 34100
348; 196; 34019
349; 196; 33974
299; 197; 33061
300; 197; 33328
301; 197; 33442
302; 197; 33370
303; 197; 33372
304; 197; 33339
305; 197; 33312
306; 197; 33237
307; 197; 33175
308; 197; 33253
309; 197; 33238
310; 197; 33166
311; 197; 33192
312; 197; 33243
313; 197; 33268
314; 197; 33196
315; 197; 33154
316; 197; 33117
317; 197; 33189
318; 197; 33414
319; 197; 33738
320; 197; 33882
321; 197; 33805
322; 197; 33781
323; 197; 33872
324; 197; 33903
325; 197; 33846
326; 197; 33839
327; 197; 33933
328; 197; 33962
329; 197; 33890
330; 197; 33897
331; 197; 34018
332; 197; 34077
333; 197; 33991
334; 197; 33894
335; 197; 33916
336; 197; 34026
337; 197; 34008
338; 197; 33818
339; 197; 33621
340; 197; 33582
341; 197; 33720
342; 197; 33876
343; 197; 33929
344; 197; 33943
345; 197; 34049
346; 197; 34153
347; 197; 34093
348; 197; 33952
349; 197; 33910
299; 198; 33084
300; 198; 33330
301; 198; 33433
302; 198; 33274
303; 198; 33107
304; 198; 33128
305; 198; 33314
306; 198; 33369
307; 198; 33239
308; 198; 33136
309; 198; 33131
310; 198; 33272
311; 198; 33401
312; 198; 33365
313; 198; 33215
314; 198; 33094
315; 198; 33085
316; 198; 33074
317; 198; 33067
318; 198; 33175
319; 198; 33396
320; 198; 33587
321; 198; 33679
322; 198; 33761
323; 198; 33879
324; 198; 33923
325; 198; 33882
326; 198; 33880
327; 198; 33971
328; 198; 34041
329; 198; 34066
330; 198; 34097
331; 198; 34098
332; 198; 34040
333; 198; 33953
334; 198; 33900
335; 198; 33935
336; 198; 34029
337; 198; 34040
338; 198; 33912
339; 198; 33732
340; 198; 33650
341; 198; 33724
342; 198; 33828
343; 198; 33874
344; 198; 33896
345; 198; 33984
346; 198; 34052
347; 198; 33948
348; 198; 33798
349; 198; 33801
299; 199; 33135
300; 199; 33233
301; 199; 33303
302; 199; 33214
303; 199; 33063
304; 199; 33036
305; 199; 33197
306; 199; 33296
307; 199; 33229
308; 199; 33109
309; 199; 33103
310; 199; 33264
311; 199; 33407
312; 199; 33384
313; 199; 33215
314; 199; 33113
315; 199; 33169
316; 199; 33219
317; 199; 33154
318; 199; 33118
319; 199; 33133
320; 199; 33202
321; 199; 33345
322; 199; 33479
323; 199; 33628
324; 199; 33746
325; 199; 33736
326; 199; 33665
327; 199; 33697
328; 199; 33833
329; 199; 33985
330; 199; 34078
331; 199; 34078
332; 199; 34020
333; 199; 33966
334; 199; 33934
335; 199; 33925
336; 199; 33915
337; 199; 33882
338; 199; 33807
339; 199; 33675
340; 199; 33602
341; 199; 33684
342; 199; 33797
343; 199; 33847
344; 199; 33868
345; 199; 33900
346; 199; 33906
347; 199; 33840
348; 199; 33788
349; 199; 33846
299; 200; 33073
300; 200; 33046
301; 200; 33109
302; 200; 33153
303; 200; 33115
304; 200; 33045
305; 200; 33094
306; 200; 33164
307; 200; 33173
308; 200; 33160
309; 200; 33154
310; 200; 33165
311; 200; 33207
312; 200; 33225
313; 200; 33140
314; 200; 33088
315; 200; 33168
316; 200; 33248
317; 200; 33170
318; 200; 33045
319; 200; 32998
320; 200; 33064
321; 200; 33095
322; 200; 33074
323; 200; 33127
324; 200; 33244
325; 200; 33287
326; 200; 33218
327; 200; 33206
328; 200; 33366
329; 200; 33497
330; 200; 33562
331; 200; 33665
332; 200; 33771
333; 200; 33835
334; 200; 33854
335; 200; 33849
336; 200; 33797
337; 200; 33714
338; 200; 33637
339; 200; 33563
340; 200; 33503
341; 200; 33500
342; 200; 33558
343; 200; 33654
344; 200; 33747
345; 200; 33771
346; 200; 33738
347; 200; 33757
348; 200; 33860
349; 200; 33973
299; 201; 33043
300; 201; 33070
301; 201; 33147
302; 201; 33130
303; 201; 33060
304; 201; 32969
305; 201; 33020
306; 201; 33075
307; 201; 33136
308; 201; 33236
309; 201; 33234
310; 201; 33118
311; 201; 33058
312; 201; 33074
313; 201; 33049
314; 201; 33005
315; 201; 33012
316; 201; 33060
317; 201; 33065
318; 201; 33065
319; 201; 33133
320; 201; 33199
321; 201; 33130
322; 201; 32994
323; 201; 32956
324; 201; 32960
325; 201; 33012
326; 201; 33039
327; 201; 33042
328; 201; 33111
329; 201; 33048
330; 201; 32993
331; 201; 33096
332; 201; 33320
333; 201; 33480
334; 201; 33568
335; 201; 33620
336; 201; 33615
337; 201; 33536
338; 201; 33474
339; 201; 33491
340; 201; 33520
341; 201; 33473
342; 201; 33409
343; 201; 33461
344; 201; 33596
345; 201; 33641
346; 201; 33588
347; 201; 33619
348; 201; 33761
349; 201; 33893
299; 202; 33186
300; 202; 33339
301; 202; 33420
302; 202; 33299
303; 202; 33046
304; 202; 32962
305; 202; 32968
306; 202; 33022
307; 202; 33136
308; 202; 33317
309; 202; 33340
310; 202; 33162
311; 202; 33018
312; 202; 33025
313; 202; 33036
314; 202; 32981
315; 202; 32929
316; 202; 32924
317; 202; 33009
318; 202; 33184
319; 202; 33316
320; 202; 33349
321; 202; 33288
322; 202; 33195
323; 202; 33171
324; 202; 33179
325; 202; 33186
326; 202; 33185
327; 202; 33294
328; 202; 33342
329; 202; 33132
330; 202; 32910
331; 202; 32928
332; 202; 33002
333; 202; 32995
334; 202; 33074
335; 202; 33218
336; 202; 33230
337; 202; 33290
338; 202; 33369
339; 202; 33428
340; 202; 33476
341; 202; 33467
342; 202; 33401
343; 202; 33413
344; 202; 33506
345; 202; 33539
346; 202; 33476
347; 202; 33453
348; 202; 33545
349; 202; 33679
299; 203; 33427
300; 203; 33676
301; 203; 33645
302; 203; 33332
303; 203; 33049
304; 203; 32926
305; 203; 32973
306; 203; 33057
307; 203; 33166
308; 203; 33353
309; 203; 33417
310; 203; 33275
311; 203; 33098
312; 203; 33037
313; 203; 33057
314; 203; 33040
315; 203; 32960
316; 203; 32928
317; 203; 33038
318; 203; 33274
319; 203; 33361
320; 203; 33320
321; 203; 33293
322; 203; 33337
323; 203; 33439
324; 203; 33511
325; 203; 33496
326; 203; 33442
327; 203; 33490
328; 203; 33531
329; 203; 33396
330; 203; 33188
331; 203; 33113
332; 203; 33099
333; 203; 33020
334; 203; 32953
335; 203; 32971
336; 203; 32998
337; 203; 33140
338; 203; 33266
339; 203; 33256
340; 203; 33233
341; 203; 33259
342; 203; 33269
343; 203; 33317
344; 203; 33400
345; 203; 33456
346; 203; 33415
347; 203; 33335
348; 203; 33357
349; 203; 33523
