178; 194; 33096
179; 194; 33009
180; 194; 32939
181; 194; 32942
182; 194; 32961
183; 194; 32971
184; 194; 32980
185; 194; 32975
186; 194; 32949
187; 194; 32966
188; 194; 33059
189; 194; 33069
190; 194; 32949
191; 194; 32883
192; 194; 32979
193; 194; 33203
194; 194; 33350
195; 194; 33384
196; 194; 33358
197; 194; 33365
198; 194; 33446
199; 194; 33512
200; 194; 33494
201; 194; 33478
202; 194; 33541
203; 194; 33611
204; 194; 33613
205; 194; 33589
206; 194; 33593
207; 194; 33599
208; 194; 33556
209; 194; 33515
210; 194; 33553
211; 194; 33639
212; 194; 33673
213; 194; 33641
214; 194; 33612
215; 194; 33605
216; 194; 33596
217; 194; 33611
218; 194; 33662
219; 194; 33707
220; 194; 33766
221; 194; 33894
222; 194; 34044
223; 194; 34136
224; 194; 34192
225; 194; 34239
178; 195; 33160
179; 195; 33182
180; 195; 33101
181; 195; 32990
182; 195; 32947
183; 195; 32954
184; 195; 32982
185; 195; 32975
186; 195; 32947
187; 195; 32938
188; 195; 33003
189; 195; 33059
190; 195; 33003
191; 195; 32938
192; 195; 32966
193; 195; 33100
194; 195; 33272
195; 195; 33364
196; 195; 33356
197; 195; 33375
198; 195; 33466
199; 195; 33514
200; 195; 33469
201; 195; 33448
202; 195; 33514
203; 195; 33575
204; 195; 33586
205; 195; 33593
206; 195; 33593
207; 195; 33565
208; 195; 33534
209; 195; 33536
210; 195; 33571
211; 195; 33622
212; 195; 33655
213; 195; 33627
214; 195; 33566
215; 195; 33565
216; 195; 33664
217; 195; 33760
218; 195; 33700
219; 195; 33534
220; 195; 33513
221; 195; 33711
222; 195; 33918
223; 195; 33981
224; 195; 34021
225; 195; 34153
178; 196; 33139
179; 196; 33312
180; 196; 33318
181; 196; 33121
182; 196; 32962
183; 196; 32930
184; 196; 32974
185; 196; 32995
186; 196; 32982
187; 196; 32951
188; 196; 32940
189; 196; 32996
190; 196; 33019
191; 196; 33022
192; 196; 33039
193; 196; 33087
194; 196; 33208
195; 196; 33323
196; 196; 33373
197; 196; 33421
198; 196; 33497
199; 196; 33517
200; 196; 33466
201; 196; 33443
202; 196; 33473
203; 196; 33489
204; 196; 33510
205; 196; 33563
206; 196; 33577
207; 196; 33537
208; 196; 33533
209; 196; 33571
210; 196; 33604
211; 196; 33636
212; 196; 33660
213; 196; 33618
214; 196; 33536
215; 196; 33552
216; 196; 33718
217; 196; 33848
218; 196; 33726
219; 196; 33454
220; 196; 33362
221; 196; 33541
222; 196; 33753
223; 196; 33833
224; 196; 33889
225; 196; 34046
178; 197; 33031
179; 197; 33229
180; 197; 33337
181; 197; 33176
182; 197; 32977
183; 197; 32931
184; 197; 32987
185; 197; 33028
186; 197; 33018
187; 197; 32966
188; 197; 32921
189; 197; 32958
190; 197; 33026
191; 197; 33051
192; 197; 33055
193; 197; 33056
194; 197; 33138
195; 197; 33278
196; 197; 33395
197; 197; 33470
198; 197; 33518
199; 197; 33514
200; 197; 33482
201; 197; 33484
202; 197; 33485
203; 197; 33452
204; 197; 33471
205; 197; 33551
206; 197; 33581
207; 197; 33556
208; 197; 33562
209; 197; 33588
210; 197; 33597
211; 197; 33623
212; 197; 33654
213; 197; 33618
214; 197; 33547
215; 197; 33558
216; 197; 33658
217; 197; 33732
218; 197; 33681
219; 197; 33542
220; 197; 33445
221; 197; 33486
222; 197; 33623
223; 197; 33765
224; 197; 33876
225; 197; 33981
178; 198; 32934
179; 198; 33016
180; 198; 33151
181; 198; 33121
182; 198; 32988
183; 198; 32949
184; 198; 33015
185; 198; 33051
186; 198; 33019
187; 198; 32954
188; 198; 32927
189; 198; 32971
190; 198; 33030
191; 198; 33023
192; 198; 32994
193; 198; 32989
194; 198; 33071
195; 198; 33235
196; 198; 33384
197; 198; 33470
198; 198; 33504
199; 198; 33504
200; 198; 33508
201; 198; 33537
202; 198; 33530
203; 198; 33472
204; 198; 33461
205; 198; 33522
206; 198; 33570
207; 198; 33577
208; 198; 33586
209; 198; 33588
210; 198; 33573
211; 198; 33586
212; 198; 33620
213; 198; 33618
214; 198; 33595
215; 198; 33575
216; 198; 33540
217; 198; 33555
218; 198; 33680
219; 198; 33786
220; 198; 33713
221; 198; 33574
222; 198; 33604
223; 198; 33795
224; 198; 33947
225; 198; 33978
178; 199; 32993
179; 199; 32904
180; 199; 32986
181; 199; 33066
182; 199; 33058
183; 199; 32985
184; 199; 32992
185; 199; 33052
186; 199; 33044
187; 199; 32980
188; 199; 32966
189; 199; 33002
190; 199; 33016
191; 199; 32984
192; 199; 32963
193; 199; 32996
194; 199; 33075
195; 199; 33202
196; 199; 33333
197; 199; 33428
198; 199; 33476
199; 199; 33493
200; 199; 33515
201; 199; 33549
202; 199; 33544
203; 199; 33489
204; 199; 33463
205; 199; 33502
206; 199; 33544
207; 199; 33558
208; 199; 33573
209; 199; 33583
210; 199; 33578
211; 199; 33575
212; 199; 33583
213; 199; 33603
214; 199; 33625
215; 199; 33585
216; 199; 33486
217; 199; 33513
218; 199; 33762
219; 199; 33973
220; 199; 33892
221; 199; 33691
222; 199; 33690
223; 199; 33866
224; 199; 33978
225; 199; 33965
178; 200; 33088
179; 200; 32929
180; 200; 32961
181; 200; 33061
182; 200; 33125
183; 200; 33009
184; 200; 32941
185; 200; 33024
186; 200; 33075
187; 200; 33023
188; 200; 33003
189; 200; 33019
190; 200; 32997
191; 200; 32974
192; 200; 33002
193; 200; 33079
194; 200; 33137
195; 200; 33199
196; 200; 33292
197; 200; 33388
198; 200; 33456
199; 200; 33488
200; 200; 33506
201; 200; 33535
202; 200; 33544
203; 200; 33509
204; 200; 33475
205; 200; 33499
206; 200; 33535
207; 200; 33531
208; 200; 33531
209; 200; 33559
210; 200; 33585
211; 200; 33583
212; 200; 33566
213; 200; 33576
214; 200; 33604
215; 200; 33574
216; 200; 33511
217; 200; 33569
218; 200; 33769
219; 200; 33891
220; 200; 33820
221; 200; 33736
222; 200; 33794
223; 200; 33889
224; 200; 33892
225; 200; 33875
178; 201; 33145
179; 201; 32981
180; 201; 32921
181; 201; 33065
182; 201; 33181
183; 201; 33058
184; 201; 32933
185; 201; 32975
186; 201; 33049
187; 201; 33029
188; 201; 33004
189; 201; 33010
190; 201; 32987
191; 201; 32987
192; 201; 33045
193; 201; 33126
194; 201; 33168
195; 201; 33209
196; 201; 33278
197; 201; 33353
198; 201; 33426
199; 201; 33479
200; 201; 33507
201; 201; 33530
202; 201; 33547
203; 201; 33529
204; 201; 33496
205; 201; 33508
206; 201; 33546
207; 201; 33540
208; 201; 33509
209; 201; 33519
210; 201; 33560
211; 201; 33577
212; 201; 33564
213; 201; 33559
214; 201; 33563
215; 201; 33548
216; 201; 33540
217; 201; 33588
218; 201; 33650
219; 201; 33649
220; 201; 33631
221; 201; 33700
222; 201; 33809
223; 201; 33824
224; 201; 33755
225; 201; 33756
178; 202; 33160
179; 202; 33045
180; 202; 32921
181; 202; 33061
182; 202; 33232
183; 202; 33150
184; 202; 32976
185; 202; 32956
186; 202; 33003
187; 202; 33005
188; 202; 32979
189; 202; 32993
190; 202; 32975
191; 202; 32973
192; 202; 33018
193; 202; 33071
194; 202; 33112
195; 202; 33186
196; 202; 33276
197; 202; 33324
198; 202; 33379
199; 202; 33467
200; 202; 33520
201; 202; 33534
202; 202; 33554
203; 202; 33561
204; 202; 33532
205; 202; 33523
206; 202; 33557
207; 202; 33560
208; 202; 33517
209; 202; 33508
210; 202; 33551
211; 202; 33580
212; 202; 33569
213; 202; 33548
214; 202; 33533
215; 202; 33532
216; 202; 33549
217; 202; 33567
218; 202; 33550
219; 202; 33514
220; 202; 33532
221; 202; 33624
222; 202; 33705
223; 202; 33709
224; 202; 33683
225; 202; 33711
178; 203; 33148
179; 203; 33131
180; 203; 32995
181; 203; 33044
182; 203; 33250
183; 203; 33275
184; 203; 33101
185; 203; 32980
186; 203; 32969
187; 203; 32977
188; 203; 32970
189; 203; 32975
190; 203; 32953
191; 203; 32964
192; 203; 32992
193; 203; 33003
194; 203; 33025
195; 203; 33132
196; 203; 33277
197; 203; 33331
198; 203; 33359
199; 203; 33463
200; 203; 33529
201; 203; 33516
202; 203; 33538
203; 203; 33595
204; 203; 33591
205; 203; 33557
206; 203; 33562
207; 203; 33563
208; 203; 33530
209; 203; 33533
210; 203; 33583
211; 203; 33606
212; 203; 33577
213; 203; 33547
214; 203; 33547
215; 203; 33564
216; 203; 33582
217; 203; 33584
218; 203; 33563
219; 203; 33544
220; 203; 33541
221; 203; 33539
222; 203; 33547
223; 203; 33595
224; 203; 33673
225; 203; 33734
178; 204; 33129
179; 204; 33232
180; 204; 33116
181; 204; 33019
182; 204; 33172
183; 204; 33293
184; 204; 33189
185; 204; 33014
186; 204; 32961
187; 204; 32970
188; 204; 32962
189; 204; 32960
190; 204; 32941
191; 204; 32968
192; 204; 33007
193; 204; 32998
194; 204; 32973
195; 204; 33077
196; 204; 33294
197; 204; 33398
198; 204; 33400
199; 204; 33472
200; 204; 33529
201; 204; 33492
202; 204; 33508
203; 204; 33608
204; 204; 33643
205; 204; 33594
206; 204; 33560
207; 204; 33546
208; 204; 33532
209; 204; 33560
210; 204; 33613
211; 204; 33620
212; 204; 33586
213; 204; 33575
214; 204; 33602
215; 204; 33626
216; 204; 33627
217; 204; 33615
218; 204; 33603
219; 204; 33597
220; 204; 33568
221; 204; 33491
222; 204; 33437
223; 204; 33497
224; 204; 33625
225; 204; 33708
178; 205; 33107
179; 205; 33350
180; 205; 33299
181; 205; 33048
182; 205; 33045
183; 205; 33207
184; 205; 33186
185; 205; 33022
186; 205; 32966
187; 205; 32985
188; 205; 32957
189; 205; 32940
190; 205; 32929
191; 205; 32966
192; 205; 33040
193; 205; 33035
194; 205; 32950
195; 205; 33035
196; 205; 33333
197; 205; 33517
198; 205; 33490
199; 205; 33486
200; 205; 33526
201; 205; 33496
202; 205; 33489
203; 205; 33572
204; 205; 33627
205; 205; 33600
206; 205; 33568
207; 205; 33559
208; 205; 33556
209; 205; 33577
210; 205; 33606
211; 205; 33600
212; 205; 33589
213; 205; 33608
214; 205; 33634
215; 205; 33642
216; 205; 33630
217; 205; 33605
218; 205; 33589
219; 205; 33592
220; 205; 33581
221; 205; 33514
222; 205; 33435
223; 205; 33432
224; 205; 33510
225; 205; 33579
178; 206; 33117
179; 206; 33465
180; 206; 33469
181; 206; 33134
182; 206; 33008
183; 206; 33148
184; 206; 33148
185; 206; 33015
186; 206; 32976
187; 206; 32995
188; 206; 32981
189; 206; 32961
190; 206; 32936
191; 206; 32968
192; 206; 33065
193; 206; 33063
194; 206; 32940
195; 206; 33005
196; 206; 33363
197; 206; 33624
198; 206; 33573
199; 206; 33492
200; 206; 33518
201; 206; 33522
202; 206; 33508
203; 206; 33551
204; 206; 33591
205; 206; 33583
206; 206; 33584
207; 206; 33602
208; 206; 33600
209; 206; 33589
210; 206; 33584
211; 206; 33579
212; 206; 33586
213; 206; 33604
214; 206; 33598
215; 206; 33584
216; 206; 33589
217; 206; 33589
218; 206; 33565
219; 206; 33554
220; 206; 33567
221; 206; 33554
222; 206; 33486
223; 206; 33406
224; 206; 33374
225; 206; 33401
178; 207; 33177
179; 207; 33556
180; 207; 33561
181; 207; 33193
182; 207; 33028
183; 207; 33141
184; 207; 33138
185; 207; 33014
186; 207; 32974
187; 207; 32997
188; 207; 33004
189; 207; 33002
190; 207; 32966
191; 207; 32954
192; 207; 33039
193; 207; 33055
194; 207; 32941
195; 207; 32986
196; 207; 33349
197; 207; 33664
198; 207; 33631
199; 207; 33507
200; 207; 33503
201; 207; 33532
202; 207; 33552
203; 207; 33599
204; 207; 33617
205; 207; 33581
206; 207; 33574
207; 207; 33609
208; 207; 33619
209; 207; 33600
210; 207; 33592
211; 207; 33601
212; 207; 33609
213; 207; 33598
214; 207; 33559
215; 207; 33531
216; 207; 33559
217; 207; 33604
218; 207; 33585
219; 207; 33527
220; 207; 33499
221; 207; 33498
222; 207; 33460
223; 207; 33358
224; 207; 33263
225; 207; 33263
178; 208; 33294
179; 208; 33639
180; 208; 33575
181; 208; 33186
182; 208; 33030
183; 208; 33114
184; 208; 33113
185; 208; 32982
186; 208; 32925
187; 208; 32976
188; 208; 33014
189; 208; 33019
190; 208; 32979
191; 208; 32935
192; 208; 32991
193; 208; 33033
194; 208; 32955
195; 208; 32988
196; 208; 33313
197; 208; 33637
198; 208; 33677
199; 208; 33564
200; 208; 33504
201; 208; 33510
202; 208; 33568
203; 208; 33655
204; 208; 33658
205; 208; 33567
206; 208; 33518
207; 208; 33567
208; 208; 33617
209; 208; 33628
210; 208; 33638
211; 208; 33653
212; 208; 33652
213; 208; 33626
214; 208; 33582
215; 208; 33546
216; 208; 33572
217; 208; 33639
218; 208; 33628
219; 208; 33519
220; 208; 33420
221; 208; 33389
222; 208; 33356
223; 208; 33262
224; 208; 33171
225; 208; 33175
178; 209; 33371
179; 209; 33625
180; 209; 33478
181; 209; 33106
182; 209; 32996
183; 209; 33055
184; 209; 33054
185; 209; 32970
186; 209; 32931
187; 209; 32966
188; 209; 33014
189; 209; 33020
190; 209; 32973
191; 209; 32937
192; 209; 32978
193; 209; 33037
194; 209; 33016
195; 209; 33019
196; 209; 33245
197; 209; 33553
198; 209; 33698
199; 209; 33648
200; 209; 33551
201; 209; 33506
202; 209; 33543
203; 209; 33627
204; 209; 33628
205; 209; 33527
206; 209; 33475
207; 209; 33550
208; 209; 33641
209; 209; 33667
210; 209; 33672
211; 209; 33678
212; 209; 33661
213; 209; 33635
214; 209; 33610
215; 209; 33581
216; 209; 33599
217; 209; 33668
218; 209; 33663
219; 209; 33533
220; 209; 33400
221; 209; 33333
222; 209; 33263
223; 209; 33156
224; 209; 33083
225; 209; 33089
178; 210; 33283
179; 210; 33408
180; 210; 33258
181; 210; 33017
182; 210; 32976
183; 210; 33013
184; 210; 33000
185; 210; 32956
186; 210; 32954
187; 210; 32976
188; 210; 33003
189; 210; 33018
190; 210; 32981
191; 210; 32947
192; 210; 32990
193; 210; 33057
194; 210; 33060
195; 210; 33031
196; 210; 33172
197; 210; 33465
198; 210; 33681
199; 210; 33701
200; 210; 33621
201; 210; 33556
202; 210; 33542
203; 210; 33571
204; 210; 33572
205; 210; 33517
206; 210; 33505
207; 210; 33595
208; 210; 33678
209; 210; 33673
210; 210; 33653
211; 210; 33648
212; 210; 33616
213; 210; 33578
214; 210; 33573
215; 210; 33582
216; 210; 33620
217; 210; 33684
218; 210; 33679
219; 210; 33566
220; 210; 33439
221; 210; 33338
222; 210; 33195
223; 210; 33053
224; 210; 33014
225; 210; 33048
178; 211; 33123
179; 211; 33099
180; 211; 33026
181; 211; 33007
182; 211; 33021
183; 211; 33011
184; 211; 32992
185; 211; 32941
186; 211; 32934
187; 211; 32980
188; 211; 32989
189; 211; 32990
190; 211; 33001
191; 211; 32990
192; 211; 33008
193; 211; 33052
194; 211; 33052
195; 211; 33035
196; 211; 33160
197; 211; 33437
198; 211; 33652
199; 211; 33691
200; 211; 33656
201; 211; 33618
202; 211; 33569
203; 211; 33550
204; 211; 33575
205; 211; 33578
206; 211; 33577
207; 211; 33635
208; 211; 33678
209; 211; 33640
210; 211; 33603
211; 211; 33604
212; 211; 33568
213; 211; 33505
214; 211; 33501
215; 211; 33551
216; 211; 33613
217; 211; 33666
218; 211; 33658
219; 211; 33572
220; 211; 33468
221; 211; 33340
222; 211; 33127
223; 211; 32951
224; 211; 32962
225; 211; 33056
178; 212; 33031
179; 212; 32941
180; 212; 32928
181; 212; 33035
182; 212; 33080
183; 212; 33040
184; 212; 32999
185; 212; 32950
186; 212; 32934
187; 212; 32966
188; 212; 32948
189; 212; 32953
190; 212; 33005
191; 212; 33022
192; 212; 33013
193; 212; 33031
194; 212; 33036
195; 212; 33057
196; 212; 33206
197; 212; 33469
198; 212; 33642
199; 212; 33665
200; 212; 33672
201; 212; 33660
202; 212; 33571
203; 212; 33528
204; 212; 33604
205; 212; 33650
206; 212; 33610
207; 212; 33607
208; 212; 33641
209; 212; 33621
210; 212; 33591
211; 212; 33602
212; 212; 33574
213; 212; 33493
214; 212; 33462
215; 212; 33508
216; 212; 33564
217; 212; 33596
218; 212; 33583
219; 212; 33517
220; 212; 33431
221; 212; 33297
222; 212; 33080
223; 212; 32916
224; 212; 32958
225; 212; 33095
178; 213; 33003
179; 213; 32941
180; 213; 32944
181; 213; 32999
182; 213; 33042
183; 213; 33030
184; 213; 33003
185; 213; 32977
186; 213; 32981
187; 213; 32989
188; 213; 32941
189; 213; 32946
190; 213; 33007
191; 213; 33035
192; 213; 33027
193; 213; 33043
194; 213; 33055
195; 213; 33075
196; 213; 33226
197; 213; 33488
198; 213; 33648
199; 213; 33676
200; 213; 33707
201; 213; 33680
202; 213; 33531
203; 213; 33466
204; 213; 33588
205; 213; 33664
206; 213; 33585
207; 213; 33549
208; 213; 33615
209; 213; 33640
210; 213; 33618
211; 213; 33623
212; 213; 33616
213; 213; 33551
214; 213; 33500
215; 213; 33509
216; 213; 33532
217; 213; 33533
218; 213; 33505
219; 213; 33444
220; 213; 33355
221; 213; 33226
222; 213; 33061
223; 213; 32959
224; 213; 33029
225; 213; 33161
178; 214; 33005
179; 214; 32975
180; 214; 32949
181; 214; 32931
182; 214; 32954
183; 214; 32994
184; 214; 32994
185; 214; 32997
186; 214; 33035
187; 214; 33026
188; 214; 32963
189; 214; 32957
190; 214; 33005
191; 214; 33021
192; 214; 33028
193; 214; 33062
194; 214; 33078
195; 214; 33085
196; 214; 33215
197; 214; 33467
198; 214; 33644
199; 214; 33700
200; 214; 33730
201; 214; 33682
202; 214; 33512
203; 214; 33428
204; 214; 33548
205; 214; 33642
206; 214; 33571
207; 214; 33530
208; 214; 33609
209; 214; 33657
210; 214; 33633
211; 214; 33633
212; 214; 33660
213; 214; 33646
214; 214; 33608
215; 214; 33593
216; 214; 33594
217; 214; 33584
218; 214; 33547
219; 214; 33453
220; 214; 33295
221; 214; 33123
222; 214; 33020
223; 214; 33028
224; 214; 33122
225; 214; 33194
178; 215; 32999
179; 215; 32973
180; 215; 32950
181; 215; 32939
182; 215; 32955
183; 215; 32979
184; 215; 32973
185; 215; 32984
186; 215; 33023
187; 215; 33025
188; 215; 32989
189; 215; 32990
190; 215; 33014
191; 215; 33002
192; 215; 32998
193; 215; 33033
194; 215; 33062
195; 215; 33093
196; 215; 33206
197; 215; 33407
198; 215; 33591
199; 215; 33672
200; 215; 33686
201; 215; 33651
202; 215; 33551
203; 215; 33484
204; 215; 33551
205; 215; 33641
206; 215; 33629
207; 215; 33597
208; 215; 33637
209; 215; 33666
210; 215; 33632
211; 215; 33622
212; 215; 33668
213; 215; 33705
214; 215; 33701
215; 215; 33693
216; 215; 33695
217; 215; 33693
218; 215; 33649
219; 215; 33497
220; 215; 33236
221; 215; 33014
222; 215; 32982
223; 215; 33093
224; 215; 33202
225; 215; 33199
178; 216; 32971
179; 216; 32956
180; 216; 32973
181; 216; 32985
182; 216; 32994
183; 216; 32979
184; 216; 32968
185; 216; 32985
186; 216; 32994
187; 216; 33003
188; 216; 33028
189; 216; 33060
190; 216; 33054
191; 216; 33016
192; 216; 32995
193; 216; 33005
194; 216; 33037
195; 216; 33102
196; 216; 33188
197; 216; 33305
198; 216; 33478
199; 216; 33592
200; 216; 33596
201; 216; 33589
202; 216; 33605
203; 216; 33585
204; 216; 33581
205; 216; 33652
206; 216; 33718
207; 216; 33716
208; 216; 33706
209; 216; 33706
210; 216; 33664
211; 216; 33615
212; 216; 33624
213; 216; 33671
214; 216; 33699
215; 216; 33702
216; 216; 33693
217; 216; 33657
218; 216; 33563
219; 216; 33376
220; 216; 33128
221; 216; 32991
222; 216; 33052
223; 216; 33191
224; 216; 33259
225; 216; 33187
178; 217; 32954
179; 217; 32968
180; 217; 32998
181; 217; 32988
182; 217; 32973
183; 217; 32984
184; 217; 33002
185; 217; 32997
186; 217; 32972
187; 217; 32987
188; 217; 33059
189; 217; 33111
190; 217; 33079
191; 217; 33035
192; 217; 33017
193; 217; 33000
194; 217; 33026
195; 217; 33118
196; 217; 33172
197; 217; 33215
198; 217; 33373
199; 217; 33516
200; 217; 33507
201; 217; 33501
202; 217; 33592
203; 217; 33618
204; 217; 33561
205; 217; 33607
206; 217; 33732
207; 217; 33765
208; 217; 33735
209; 217; 33737
210; 217; 33711
211; 217; 33626
212; 217; 33576
213; 217; 33605
214; 217; 33652
215; 217; 33660
216; 217; 33611
217; 217; 33487
218; 217; 33294
219; 217; 33092
220; 217; 32983
221; 217; 33018
222; 217; 33138
223; 217; 33245
224; 217; 33244
225; 217; 33154
178; 218; 32982
179; 218; 32987
180; 218; 32991
181; 218; 32958
182; 218; 32929
183; 218; 32972
184; 218; 33018
185; 218; 33013
186; 218; 32972
187; 218; 32992
188; 218; 33061
189; 218; 33084
190; 218; 33043
191; 218; 33029
192; 218; 33052
193; 218; 33038
194; 218; 33035
195; 218; 33119
196; 218; 33180
197; 218; 33204
198; 218; 33338
199; 218; 33482
200; 218; 33452
201; 218; 33400
202; 218; 33483
203; 218; 33543
204; 218; 33496
205; 218; 33531
206; 218; 33656
207; 218; 33692
208; 218; 33661
209; 218; 33688
210; 218; 33715
211; 218; 33662
212; 218; 33613
213; 218; 33628
214; 218; 33668
215; 218; 33678
216; 218; 33613
217; 218; 33439
218; 218; 33179
219; 218; 32987
220; 218; 32993
221; 218; 33107
222; 218; 33225
223; 218; 33238
224; 218; 33177
225; 218; 33121
178; 219; 33014
179; 219; 33004
180; 219; 32992
181; 219; 32977
182; 219; 32961
183; 219; 32982
184; 219; 33010
185; 219; 33013
186; 219; 32987
187; 219; 32993
188; 219; 33035
189; 219; 33024
190; 219; 32971
191; 219; 32988
192; 219; 33055
193; 219; 33041
194; 219; 32991
195; 219; 33065
196; 219; 33177
197; 219; 33214
198; 219; 33299
199; 219; 33444
200; 219; 33440
201; 219; 33322
202; 219; 33319
203; 219; 33410
204; 219; 33462
205; 219; 33530
206; 219; 33614
207; 219; 33608
208; 219; 33567
209; 219; 33609
210; 219; 33683
211; 219; 33707
212; 219; 33717
213; 219; 33734
214; 219; 33743
215; 219; 33744
216; 219; 33721
217; 219; 33617
218; 219; 33410
219; 219; 33207
220; 219; 33162
221; 219; 33246
222; 219; 33305
223; 219; 33245
224; 219; 33156
225; 219; 33151
178; 220; 33016
179; 220; 33012
180; 220; 33007
181; 220; 32987
182; 220; 32974
183; 220; 32974
184; 220; 32983
185; 220; 32990
186; 220; 32990
187; 220; 32990
188; 220; 33015
189; 220; 33009
190; 220; 32934
191; 220; 32954
192; 220; 33059
193; 220; 33029
194; 220; 32929
195; 220; 32995
196; 220; 33128
197; 220; 33152
198; 220; 33198
199; 220; 33381
200; 220; 33442
201; 220; 33257
202; 220; 33140
203; 220; 33260
204; 220; 33451
205; 220; 33588
206; 220; 33641
207; 220; 33603
208; 220; 33562
209; 220; 33601
210; 220; 33672
211; 220; 33728
212; 220; 33786
213; 220; 33814
214; 220; 33785
215; 220; 33753
216; 220; 33766
217; 220; 33786
218; 220; 33728
219; 220; 33567
220; 220; 33406
221; 220; 33361
222; 220; 33376
223; 220; 33322
224; 220; 33231
225; 220; 33229
178; 221; 32989
179; 221; 32996
180; 221; 32995
181; 221; 32969
182; 221; 32958
183; 221; 32938
184; 221; 32927
185; 221; 32960
186; 221; 32986
187; 221; 33005
188; 221; 33028
189; 221; 33020
190; 221; 32960
191; 221; 32998
192; 221; 33109
193; 221; 33057
194; 221; 32923
195; 221; 32984
196; 221; 33106
197; 221; 33070
198; 221; 33086
199; 221; 33318
200; 221; 33412
201; 221; 33182
202; 221; 33028
203; 221; 33190
204; 221; 33444
205; 221; 33591
206; 221; 33638
207; 221; 33622
208; 221; 33617
209; 221; 33657
210; 221; 33684
211; 221; 33699
212; 221; 33765
213; 221; 33815
214; 221; 33763
215; 221; 33692
216; 221; 33700
217; 221; 33772
218; 221; 33827
219; 221; 33758
220; 221; 33551
221; 221; 33386
222; 221; 33374
223; 221; 33379
224; 221; 33308
225; 221; 33268
178; 222; 32969
179; 222; 32991
180; 222; 32996
181; 222; 32986
182; 222; 32980
183; 222; 32958
184; 222; 32931
185; 222; 32976
186; 222; 33040
187; 222; 33054
188; 222; 33053
189; 222; 33012
190; 222; 32971
191; 222; 33055
192; 222; 33184
193; 222; 33115
194; 222; 32970
195; 222; 33032
196; 222; 33132
197; 222; 33068
198; 222; 33078
199; 222; 33279
200; 222; 33332
201; 222; 33189
202; 222; 33209
203; 222; 33426
204; 222; 33557
205; 222; 33563
206; 222; 33585
207; 222; 33608
208; 222; 33636
209; 222; 33683
210; 222; 33677
211; 222; 33651
212; 222; 33717
213; 222; 33785
214; 222; 33734
215; 222; 33655
216; 222; 33643
217; 222; 33686
218; 222; 33750
219; 222; 33738
220; 222; 33553
221; 222; 33336
222; 222; 33291
223; 222; 33332
224; 222; 33295
225; 222; 33244
178; 223; 32959
179; 223; 32984
180; 223; 33009
181; 223; 33021
182; 223; 33005
183; 223; 32981
184; 223; 32965
185; 223; 33017
186; 223; 33119
187; 223; 33114
188; 223; 33030
189; 223; 32950
190; 223; 32973
191; 223; 33144
192; 223; 33290
193; 223; 33161
194; 223; 32970
195; 223; 33014
196; 223; 33115
197; 223; 33081
198; 223; 33099
199; 223; 33233
200; 223; 33298
201; 223; 33421
202; 223; 33751
203; 223; 33953
204; 223; 33795
205; 223; 33591
206; 223; 33578
207; 223; 33606
208; 223; 33629
209; 223; 33678
210; 223; 33670
211; 223; 33645
212; 223; 33720
213; 223; 33792
214; 223; 33743
215; 223; 33684
216; 223; 33676
217; 223; 33669
218; 223; 33687
219; 223; 33690
220; 223; 33537
221; 223; 33308
222; 223; 33223
223; 223; 33258
224; 223; 33256
225; 223; 33211
178; 224; 32926
179; 224; 32952
180; 224; 32980
181; 224; 32992
182; 224; 32988
183; 224; 32973
184; 224; 32991
185; 224; 33069
186; 224; 33156
187; 224; 33125
188; 224; 32999
189; 224; 32932
190; 224; 33050
191; 224; 33307
192; 224; 33417
193; 224; 33184
194; 224; 32946
195; 224; 32969
196; 224; 33029
197; 224; 33018
198; 224; 33057
199; 224; 33182
200; 224; 33372
201; 224; 33773
202; 224; 34247
203; 224; 34299
204; 224; 33920
205; 224; 33646
206; 224; 33631
207; 224; 33628
208; 224; 33633
209; 224; 33705
210; 224; 33721
211; 224; 33698
212; 224; 33756
213; 224; 33806
214; 224; 33754
215; 224; 33719
216; 224; 33732
217; 224; 33718
218; 224; 33714
219; 224; 33707
220; 224; 33567
221; 224; 33346
222; 224; 33233
223; 224; 33245
224; 224; 33262
225; 224; 33217
178; 225; 32941
179; 225; 32928
180; 225; 32941
181; 225; 32944
182; 225; 32945
183; 225; 32967
184; 225; 33020
185; 225; 33098
186; 225; 33126
187; 225; 33060
188; 225; 32987
189; 225; 33039
190; 225; 33270
191; 225; 33529
192; 225; 33510
193; 225; 33190
194; 225; 32953
195; 225; 32976
196; 225; 32995
197; 225; 32967
198; 225; 33006
199; 225; 33166
200; 225; 33463
201; 225; 33920
202; 225; 34251
203; 225; 34139
204; 225; 33800
205; 225; 33651
206; 225; 33659
207; 225; 33620
208; 225; 33628
209; 225; 33734
210; 225; 33769
211; 225; 33724
212; 225; 33733
213; 225; 33757
214; 225; 33723
215; 225; 33703
216; 225; 33734
217; 225; 33759
218; 225; 33780
219; 225; 33752
220; 225; 33590
221; 225; 33373
222; 225; 33254
223; 225; 33265
224; 225; 33292
225; 225; 33256
178; 226; 32933
179; 226; 32904
180; 226; 32937
181; 226; 32953
182; 226; 32960
183; 226; 33006
184; 226; 33058
185; 226; 33091
186; 226; 33053
187; 226; 32983
188; 226; 32992
189; 226; 33187
190; 226; 33521
191; 226; 33694
192; 226; 33526
193; 226; 33190
194; 226; 32992
195; 226; 32976
196; 226; 32971
197; 226; 32972
198; 226; 33018
199; 226; 33176
200; 226; 33494
201; 226; 33812
202; 226; 33894
203; 226; 33744
204; 226; 33630
205; 226; 33664
206; 226; 33672
207; 226; 33602
208; 226; 33622
209; 226; 33723
210; 226; 33732
211; 226; 33661
212; 226; 33644
213; 226; 33682
214; 226; 33694
215; 226; 33692
216; 226; 33719
217; 226; 33770
218; 226; 33819
219; 226; 33782
220; 226; 33599
221; 226; 33372
222; 226; 33251
223; 226; 33276
224; 226; 33307
225; 226; 33282
178; 227; 32931
179; 227; 32903
180; 227; 32949
181; 227; 33024
182; 227; 33066
183; 227; 33075
184; 227; 33076
185; 227; 33055
186; 227; 32991
187; 227; 32947
188; 227; 33024
189; 227; 33330
190; 227; 33685
191; 227; 33724
192; 227; 33430
193; 227; 33116
194; 227; 32995
195; 227; 32977
196; 227; 32930
197; 227; 32939
198; 227; 33015
199; 227; 33157
200; 227; 33466
201; 227; 33685
202; 227; 33638
203; 227; 33534
204; 227; 33600
205; 227; 33724
206; 227; 33710
207; 227; 33633
208; 227; 33652
209; 227; 33696
210; 227; 33638
211; 227; 33559
212; 227; 33574
213; 227; 33669
214; 227; 33745
215; 227; 33762
216; 227; 33757
217; 227; 33786
218; 227; 33844
219; 227; 33825
220; 227; 33649
221; 227; 33415
222; 227; 33281
223; 227; 33285
224; 227; 33304
225; 227; 33291
178; 228; 32982
179; 228; 32977
180; 228; 33017
181; 228; 33087
182; 228; 33108
183; 228; 33085
184; 228; 33047
185; 228; 32989
186; 228; 32951
187; 228; 33010
188; 228; 33216
189; 228; 33560
190; 228; 33799
191; 228; 33656
192; 228; 33261
193; 228; 32992
194; 228; 32946
195; 228; 32934
196; 228; 32886
197; 228; 32921
198; 228; 33012
199; 228; 33137
200; 228; 33443
201; 228; 33686
202; 228; 33635
203; 228; 33550
204; 228; 33653
205; 228; 33770
206; 228; 33739
207; 228; 33680
208; 228; 33693
209; 228; 33674
210; 228; 33565
211; 228; 33493
212; 228; 33542
213; 228; 33674
214; 228; 33795
215; 228; 33843
216; 228; 33824
217; 228; 33807
218; 228; 33856
219; 228; 33892
220; 228; 33776
221; 228; 33551
222; 228; 33380
223; 228; 33325
224; 228; 33318
225; 228; 33315
