168; 226; 33145
169; 226; 33329
170; 226; 33485
171; 226; 33559
172; 226; 33630
173; 226; 33685
174; 226; 33593
175; 226; 33404
176; 226; 33320
177; 226; 33390
178; 226; 33485
179; 226; 33514
180; 226; 33525
181; 226; 33579
182; 226; 33642
183; 226; 33652
184; 226; 33646
185; 226; 33603
186; 226; 33472
187; 226; 33445
188; 226; 33733
189; 226; 34173
190; 226; 34404
191; 226; 34377
192; 226; 34330
193; 226; 34337
194; 226; 34316
195; 226; 34324
196; 226; 34419
197; 226; 34492
198; 226; 34474
199; 226; 34470
200; 226; 34467
201; 226; 34272
202; 226; 33883
203; 226; 33615
204; 226; 33699
205; 226; 34006
206; 226; 34278
207; 226; 34385
208; 226; 34334
209; 226; 34225
210; 226; 34144
211; 226; 34089
212; 226; 33978
213; 226; 33695
214; 226; 33338
215; 226; 33199
216; 226; 33410
217; 226; 33840
218; 226; 34251
219; 226; 34531
168; 227; 33032
169; 227; 33102
170; 227; 33259
171; 227; 33404
172; 227; 33540
173; 227; 33636
174; 227; 33589
175; 227; 33437
176; 227; 33366
177; 227; 33427
178; 227; 33497
179; 227; 33487
180; 227; 33467
181; 227; 33537
182; 227; 33647
183; 227; 33665
184; 227; 33621
185; 227; 33554
186; 227; 33421
187; 227; 33378
188; 227; 33656
189; 227; 34137
190; 227; 34419
191; 227; 34376
192; 227; 34249
193; 227; 34196
194; 227; 34186
195; 227; 34211
196; 227; 34288
197; 227; 34353
198; 227; 34369
199; 227; 34414
200; 227; 34463
201; 227; 34348
202; 227; 34041
203; 227; 33774
204; 227; 33732
205; 227; 33890
206; 227; 34152
207; 227; 34374
208; 227; 34415
209; 227; 34311
210; 227; 34220
211; 227; 34185
212; 227; 34068
213; 227; 33741
214; 227; 33335
215; 227; 33183
216; 227; 33407
217; 227; 33811
218; 227; 34156
219; 227; 34399
168; 228; 32962
169; 228; 33054
170; 228; 33154
171; 228; 33327
172; 228; 33474
173; 228; 33567
174; 228; 33580
175; 228; 33525
176; 228; 33490
177; 228; 33500
178; 228; 33483
179; 228; 33444
180; 228; 33462
181; 228; 33558
182; 228; 33635
183; 228; 33587
184; 228; 33494
185; 228; 33439
186; 228; 33390
187; 228; 33427
188; 228; 33694
189; 228; 34125
190; 228; 34413
191; 228; 34402
192; 228; 34271
193; 228; 34216
194; 228; 34252
195; 228; 34303
196; 228; 34324
197; 228; 34308
198; 228; 34278
199; 228; 34290
200; 228; 34339
201; 228; 34317
202; 228; 34133
203; 228; 33882
204; 228; 33712
205; 228; 33704
206; 228; 33901
207; 228; 34176
208; 228; 34316
209; 228; 34272
210; 228; 34185
211; 228; 34137
212; 228; 33999
213; 228; 33666
214; 228; 33308
215; 228; 33210
216; 228; 33442
217; 228; 33801
218; 228; 34090
219; 228; 34330
168; 229; 32962
169; 229; 33030
170; 229; 33150
171; 229; 33349
172; 229; 33494
173; 229; 33525
174; 229; 33547
175; 229; 33593
176; 229; 33599
177; 229; 33517
178; 229; 33390
179; 229; 33356
180; 229; 33448
181; 229; 33571
182; 229; 33613
183; 229; 33525
184; 229; 33414
185; 229; 33378
186; 229; 33425
187; 229; 33576
188; 229; 33838
189; 229; 34160
190; 229; 34391
191; 229; 34412
192; 229; 34324
193; 229; 34294
194; 229; 34348
195; 229; 34403
196; 229; 34406
197; 229; 34371
198; 229; 34312
199; 229; 34255
200; 229; 34242
201; 229; 34244
202; 229; 34145
203; 229; 33918
204; 229; 33696
205; 229; 33614
206; 229; 33733
207; 229; 33974
208; 229; 34151
209; 229; 34166
210; 229; 34085
211; 229; 34002
212; 229; 33856
213; 229; 33574
214; 229; 33306
215; 229; 33265
216; 229; 33487
217; 229; 33816
218; 229; 34091
219; 229; 34338
168; 230; 33129
169; 230; 33019
170; 230; 33104
171; 230; 33329
172; 230; 33495
173; 230; 33501
174; 230; 33519
175; 230; 33612
176; 230; 33621
177; 230; 33467
178; 230; 33303
179; 230; 33295
180; 230; 33400
181; 230; 33503
182; 230; 33540
183; 230; 33494
184; 230; 33414
185; 230; 33392
186; 230; 33479
187; 230; 33668
188; 230; 33915
189; 230; 34164
190; 230; 34337
191; 230; 34371
192; 230; 34324
193; 230; 34315
194; 230; 34355
195; 230; 34377
196; 230; 34383
197; 230; 34402
198; 230; 34379
199; 230; 34281
200; 230; 34197
201; 230; 34178
202; 230; 34119
203; 230; 33938
204; 230; 33742
205; 230; 33664
206; 230; 33742
207; 230; 33915
208; 230; 34056
209; 230; 34091
210; 230; 34044
211; 230; 33950
212; 230; 33791
213; 230; 33565
214; 230; 33379
215; 230; 33348
216; 230; 33518
217; 230; 33826
218; 230; 34128
219; 230; 34374
168; 231; 33282
169; 231; 33070
170; 231; 32997
171; 231; 33169
172; 231; 33379
173; 231; 33452
174; 231; 33515
175; 231; 33621
176; 231; 33604
177; 231; 33436
178; 231; 33323
179; 231; 33347
180; 231; 33393
181; 231; 33399
182; 231; 33417
183; 231; 33450
184; 231; 33452
185; 231; 33435
186; 231; 33460
187; 231; 33587
188; 231; 33823
189; 231; 34086
190; 231; 34259
191; 231; 34290
192; 231; 34243
193; 231; 34227
194; 231; 34237
195; 231; 34227
196; 231; 34249
197; 231; 34331
198; 231; 34370
199; 231; 34289
200; 231; 34174
201; 231; 34133
202; 231; 34105
203; 231; 33994
204; 231; 33840
205; 231; 33761
206; 231; 33821
207; 231; 33950
208; 231; 34041
209; 231; 34080
210; 231; 34081
211; 231; 34001
212; 231; 33821
213; 231; 33615
214; 231; 33464
215; 231; 33396
216; 231; 33487
217; 231; 33784
218; 231; 34154
219; 231; 34436
168; 232; 33441
169; 232; 33193
170; 232; 32973
171; 232; 33008
172; 232; 33193
173; 232; 33354
174; 232; 33501
175; 232; 33646
176; 232; 33614
177; 232; 33451
178; 232; 33387
179; 232; 33437
180; 232; 33436
181; 232; 33352
182; 232; 33330
183; 232; 33421
184; 232; 33510
185; 232; 33507
186; 232; 33443
187; 232; 33465
188; 232; 33677
189; 232; 33985
190; 232; 34196
191; 232; 34208
192; 232; 34104
193; 232; 34044
194; 232; 34057
195; 232; 34090
196; 232; 34159
197; 232; 34273
198; 232; 34346
199; 232; 34310
200; 232; 34209
201; 232; 34155
202; 232; 34157
203; 232; 34092
204; 232; 33920
205; 232; 33784
206; 232; 33823
207; 232; 33975
208; 232; 34089
209; 232; 34142
210; 232; 34151
211; 232; 34050
212; 232; 33832
213; 232; 33624
214; 232; 33488
215; 232; 33392
216; 232; 33420
217; 232; 33697
218; 232; 34125
219; 232; 34476
168; 233; 33536
169; 233; 33345
170; 233; 33123
171; 233; 33054
172; 233; 33118
173; 233; 33301
174; 233; 33493
175; 233; 33654
176; 233; 33628
177; 233; 33478
178; 233; 33417
179; 233; 33454
180; 233; 33446
181; 233; 33380
182; 233; 33372
183; 233; 33468
184; 233; 33589
185; 233; 33619
186; 233; 33524
187; 233; 33455
188; 233; 33594
189; 233; 33896
190; 233; 34142
191; 233; 34160
192; 233; 34008
193; 233; 33906
194; 233; 33958
195; 233; 34102
196; 233; 34237
197; 233; 34315
198; 233; 34342
199; 233; 34326
200; 233; 34280
201; 233; 34258
202; 233; 34263
203; 233; 34169
204; 233; 33911
205; 233; 33695
206; 233; 33743
207; 233; 33977
208; 233; 34163
209; 233; 34226
210; 233; 34204
211; 233; 34054
212; 233; 33805
213; 233; 33602
214; 233; 33495
215; 233; 33424
216; 233; 33430
217; 233; 33638
218; 233; 34026
219; 233; 34412
168; 234; 33509
169; 234; 33452
170; 234; 33338
171; 234; 33272
172; 234; 33250
173; 234; 33343
174; 234; 33488
175; 234; 33616
176; 234; 33625
177; 234; 33520
178; 234; 33425
179; 234; 33397
180; 234; 33418
181; 234; 33459
182; 234; 33500
183; 234; 33546
184; 234; 33629
185; 234; 33712
186; 234; 33681
187; 234; 33580
188; 234; 33611
189; 234; 33843
190; 234; 34115
191; 234; 34201
192; 234; 34080
193; 234; 33968
194; 234; 34043
195; 234; 34260
196; 234; 34414
197; 234; 34392
198; 234; 34305
199; 234; 34281
200; 234; 34318
201; 234; 34353
202; 234; 34330
203; 234; 34168
204; 234; 33845
205; 234; 33594
206; 234; 33675
207; 234; 33981
208; 234; 34208
209; 234; 34273
210; 234; 34238
211; 234; 34069
212; 234; 33815
213; 234; 33619
214; 234; 33541
215; 234; 33541
216; 234; 33559
217; 234; 33653
218; 234; 33898
219; 234; 34250
168; 235; 33442
169; 235; 33521
170; 235; 33514
171; 235; 33470
172; 235; 33416
173; 235; 33409
174; 235; 33448
175; 235; 33528
176; 235; 33595
177; 235; 33570
178; 235; 33457
179; 235; 33365
180; 235; 33393
181; 235; 33498
182; 235; 33563
183; 235; 33547
184; 235; 33568
185; 235; 33695
186; 235; 33782
187; 235; 33732
188; 235; 33695
189; 235; 33846
190; 235; 34129
191; 235; 34319
192; 235; 34293
193; 235; 34181
194; 235; 34206
195; 235; 34399
196; 235; 34532
197; 235; 34439
198; 235; 34269
199; 235; 34254
200; 235; 34368
201; 235; 34426
202; 235; 34358
203; 235; 34160
204; 235; 33853
205; 235; 33625
206; 235; 33703
207; 235; 33990
208; 235; 34192
209; 235; 34254
210; 235; 34248
211; 235; 34118
212; 235; 33878
213; 235; 33664
214; 235; 33595
215; 235; 33651
216; 235; 33695
217; 235; 33705
218; 235; 33818
219; 235; 34116
168; 236; 33437
169; 236; 33559
170; 236; 33586
171; 236; 33526
172; 236; 33463
173; 236; 33420
174; 236; 33398
175; 236; 33454
176; 236; 33556
177; 236; 33594
178; 236; 33509
179; 236; 33386
180; 236; 33364
181; 236; 33444
182; 236; 33516
183; 236; 33505
184; 236; 33500
185; 236; 33601
186; 236; 33738
187; 236; 33777
188; 236; 33766
189; 236; 33872
190; 236; 34120
191; 236; 34365
192; 236; 34438
193; 236; 34348
194; 236; 34296
195; 236; 34411
196; 236; 34543
197; 236; 34506
198; 236; 34392
199; 236; 34409
200; 236; 34512
201; 236; 34511
202; 236; 34393
203; 236; 34220
204; 236; 33999
205; 236; 33813
206; 236; 33826
207; 236; 34004
208; 236; 34139
209; 236; 34171
210; 236; 34165
211; 236; 34083
212; 236; 33893
213; 236; 33690
214; 236; 33617
215; 236; 33685
216; 236; 33741
217; 236; 33723
218; 236; 33793
219; 236; 34089
168; 237; 33488
169; 237; 33578
170; 237; 33583
171; 237; 33503
172; 237; 33445
173; 237; 33427
174; 237; 33420
175; 237; 33457
176; 237; 33524
177; 237; 33555
178; 237; 33524
179; 237; 33437
180; 237; 33350
181; 237; 33348
182; 237; 33436
183; 237; 33528
184; 237; 33559
185; 237; 33561
186; 237; 33613
187; 237; 33691
188; 237; 33753
189; 237; 33853
190; 237; 34045
191; 237; 34300
192; 237; 34464
193; 237; 34444
194; 237; 34368
195; 237; 34403
196; 237; 34521
197; 237; 34593
198; 237; 34611
199; 237; 34647
200; 237; 34650
201; 237; 34528
202; 237; 34350
203; 237; 34222
204; 237; 34109
205; 237; 33977
206; 237; 33929
207; 237; 34012
208; 237; 34090
209; 237; 34046
210; 237; 33953
211; 237; 33883
212; 237; 33787
213; 237; 33665
214; 237; 33619
215; 237; 33688
216; 237; 33750
217; 237; 33734
218; 237; 33793
219; 237; 34095
168; 238; 33540
169; 238; 33587
170; 238; 33577
171; 238; 33506
172; 238; 33455
173; 238; 33456
174; 238; 33477
175; 238; 33480
176; 238; 33455
177; 238; 33442
178; 238; 33488
179; 238; 33496
180; 238; 33394
181; 238; 33324
182; 238; 33424
183; 238; 33608
184; 238; 33685
185; 238; 33611
186; 238; 33543
187; 238; 33572
188; 238; 33674
189; 238; 33821
190; 238; 34036
191; 238; 34319
192; 238; 34527
193; 238; 34565
194; 238; 34521
195; 238; 34505
196; 238; 34544
197; 238; 34608
198; 238; 34680
199; 238; 34722
200; 238; 34641
201; 238; 34411
202; 238; 34167
203; 238; 34046
204; 238; 34016
205; 238; 33958
206; 238; 33900
207; 238; 33943
208; 238; 33995
209; 238; 33897
210; 238; 33719
211; 238; 33652
212; 238; 33666
213; 238; 33630
214; 238; 33598
215; 238; 33670
216; 238; 33768
217; 238; 33780
218; 238; 33805
219; 238; 34067
168; 239; 33541
169; 239; 33542
170; 239; 33539
171; 239; 33507
172; 239; 33466
173; 239; 33462
174; 239; 33485
175; 239; 33462
176; 239; 33379
177; 239; 33344
178; 239; 33434
179; 239; 33517
180; 239; 33455
181; 239; 33379
182; 239; 33455
183; 239; 33615
184; 239; 33689
185; 239; 33626
186; 239; 33563
187; 239; 33577
188; 239; 33657
189; 239; 33853
190; 239; 34179
191; 239; 34501
192; 239; 34651
193; 239; 34652
194; 239; 34646
195; 239; 34658
196; 239; 34637
197; 239; 34601
198; 239; 34615
199; 239; 34642
200; 239; 34550
201; 239; 34297
202; 239; 34018
203; 239; 33866
204; 239; 33857
205; 239; 33857
206; 239; 33810
207; 239; 33810
208; 239; 33843
209; 239; 33764
210; 239; 33609
211; 239; 33578
212; 239; 33656
213; 239; 33639
214; 239; 33550
215; 239; 33592
216; 239; 33748
217; 239; 33827
218; 239; 33853
219; 239; 34068
168; 240; 33515
169; 240; 33475
170; 240; 33460
171; 240; 33448
172; 240; 33405
173; 240; 33384
174; 240; 33416
175; 240; 33420
176; 240; 33369
177; 240; 33330
178; 240; 33396
179; 240; 33486
180; 240; 33468
181; 240; 33429
182; 240; 33475
183; 240; 33533
184; 240; 33542
185; 240; 33545
186; 240; 33605
187; 240; 33667
188; 240; 33679
189; 240; 33813
190; 240; 34226
191; 240; 34626
192; 240; 34695
193; 240; 34569
194; 240; 34555
195; 240; 34669
196; 240; 34702
197; 240; 34616
198; 240; 34556
199; 240; 34559
200; 240; 34513
201; 240; 34341
202; 240; 34089
203; 240; 33890
204; 240; 33844
205; 240; 33862
206; 240; 33826
207; 240; 33807
208; 240; 33822
209; 240; 33749
210; 240; 33630
211; 240; 33644
212; 240; 33746
213; 240; 33700
214; 240; 33534
215; 240; 33520
216; 240; 33697
217; 240; 33847
218; 240; 33918
219; 240; 34083
168; 241; 33465
169; 241; 33411
170; 241; 33388
171; 241; 33383
172; 241; 33346
173; 241; 33307
174; 241; 33356
175; 241; 33450
176; 241; 33486
177; 241; 33463
178; 241; 33469
179; 241; 33499
180; 241; 33492
181; 241; 33490
182; 241; 33517
183; 241; 33465
184; 241; 33376
185; 241; 33447
186; 241; 33639
187; 241; 33683
188; 241; 33527
189; 241; 33511
190; 241; 33962
191; 241; 34524
192; 241; 34628
193; 241; 34399
194; 241; 34322
195; 241; 34497
196; 241; 34622
197; 241; 34566
198; 241; 34489
199; 241; 34505
200; 241; 34532
201; 241; 34449
202; 241; 34234
203; 241; 34005
204; 241; 33921
205; 241; 33965
206; 241; 34007
207; 241; 34023
208; 241; 33972
209; 241; 33811
210; 241; 33665
211; 241; 33688
212; 241; 33803
213; 241; 33771
214; 241; 33610
215; 241; 33560
216; 241; 33680
217; 241; 33825
218; 241; 33939
219; 241; 34085
168; 242; 33378
169; 242; 33370
170; 242; 33386
171; 242; 33410
172; 242; 33394
173; 242; 33354
174; 242; 33400
175; 242; 33522
176; 242; 33585
177; 242; 33563
178; 242; 33551
179; 242; 33569
180; 242; 33593
181; 242; 33619
182; 242; 33603
183; 242; 33452
184; 242; 33297
185; 242; 33401
186; 242; 33672
187; 242; 33659
188; 242; 33282
189; 242; 33094
190; 242; 33529
191; 242; 34257
192; 242; 34538
193; 242; 34344
194; 242; 34217
195; 242; 34361
196; 242; 34496
197; 242; 34445
198; 242; 34383
199; 242; 34447
200; 242; 34521
201; 242; 34435
202; 242; 34178
203; 242; 33930
204; 242; 33862
205; 242; 33977
206; 242; 34138
207; 242; 34199
208; 242; 34079
209; 242; 33846
210; 242; 33670
211; 242; 33654
212; 242; 33731
213; 242; 33744
214; 242; 33680
215; 242; 33652
216; 242; 33700
217; 242; 33784
218; 242; 33912
219; 242; 34090
168; 243; 33299
169; 243; 33367
170; 243; 33447
171; 243; 33496
172; 243; 33478
173; 243; 33430
174; 243; 33431
175; 243; 33488
176; 243; 33527
177; 243; 33524
178; 243; 33547
179; 243; 33601
180; 243; 33642
181; 243; 33669
182; 243; 33636
183; 243; 33479
184; 243; 33334
185; 243; 33418
186; 243; 33659
187; 243; 33604
188; 243; 33140
189; 243; 32862
190; 243; 33213
191; 243; 33935
192; 243; 34373
193; 243; 34362
194; 243; 34322
195; 243; 34450
196; 243; 34516
197; 243; 34403
198; 243; 34331
199; 243; 34408
200; 243; 34441
201; 243; 34256
202; 243; 33925
203; 243; 33678
204; 243; 33655
205; 243; 33836
206; 243; 34062
207; 243; 34134
208; 243; 34007
209; 243; 33806
210; 243; 33665
211; 243; 33623
212; 243; 33635
213; 243; 33660
214; 243; 33687
215; 243; 33707
216; 243; 33701
217; 243; 33718
218; 243; 33866
219; 243; 34128
168; 244; 33286
169; 244; 33398
170; 244; 33507
171; 244; 33535
172; 244; 33498
173; 244; 33457
174; 244; 33442
175; 244; 33442
176; 244; 33429
177; 244; 33420
178; 244; 33458
179; 244; 33507
180; 244; 33529
181; 244; 33561
182; 244; 33582
183; 244; 33516
184; 244; 33434
185; 244; 33489
186; 244; 33604
187; 244; 33485
188; 244; 33088
189; 244; 32857
190; 244; 33101
191; 244; 33613
192; 244; 34023
193; 244; 34209
194; 244; 34381
195; 244; 34583
196; 244; 34606
197; 244; 34436
198; 244; 34317
199; 244; 34322
200; 244; 34253
201; 244; 34001
202; 244; 33694
203; 244; 33506
204; 244; 33531
205; 244; 33743
206; 244; 33955
207; 244; 33981
208; 244; 33845
209; 244; 33701
210; 244; 33643
211; 244; 33634
212; 244; 33630
213; 244; 33665
214; 244; 33727
215; 244; 33717
216; 244; 33605
217; 244; 33575
218; 244; 33786
219; 244; 34146
168; 245; 33349
169; 245; 33436
170; 245; 33508
171; 245; 33494
172; 245; 33449
173; 245; 33437
174; 245; 33452
175; 245; 33468
176; 245; 33455
177; 245; 33435
178; 245; 33438
179; 245; 33440
180; 245; 33436
181; 245; 33474
182; 245; 33535
183; 245; 33541
184; 245; 33506
185; 245; 33516
186; 245; 33506
187; 245; 33334
188; 245; 33071
189; 245; 32976
190; 245; 33135
191; 245; 33353
192; 245; 33555
193; 245; 33831
194; 245; 34196
195; 245; 34471
196; 245; 34467
197; 245; 34288
198; 245; 34158
199; 245; 34087
200; 245; 33952
201; 245; 33755
202; 245; 33589
203; 245; 33521
204; 245; 33602
205; 245; 33811
206; 245; 33971
207; 245; 33927
208; 245; 33742
209; 245; 33591
210; 245; 33565
211; 245; 33610
212; 245; 33673
213; 245; 33768
214; 245; 33818
215; 245; 33687
216; 245; 33446
217; 245; 33399
218; 245; 33672
219; 245; 34105
168; 246; 33389
169; 246; 33428
170; 246; 33455
171; 246; 33432
172; 246; 33410
173; 246; 33434
174; 246; 33483
175; 246; 33511
176; 246; 33493
177; 246; 33472
178; 246; 33484
179; 246; 33498
180; 246; 33504
181; 246; 33536
182; 246; 33563
183; 246; 33565
184; 246; 33558
185; 246; 33530
186; 246; 33427
187; 246; 33236
188; 246; 33105
189; 246; 33158
190; 246; 33266
191; 246; 33230
192; 246; 33197
193; 246; 33428
194; 246; 33831
195; 246; 34076
196; 246; 34026
197; 246; 33867
198; 246; 33778
199; 246; 33710
200; 246; 33598
201; 246; 33527
202; 246; 33547
203; 246; 33628
204; 246; 33758
205; 246; 33920
206; 246; 34006
207; 246; 33904
208; 246; 33676
209; 246; 33481
210; 246; 33423
211; 246; 33498
212; 246; 33648
213; 246; 33799
214; 246; 33813
215; 246; 33622
216; 246; 33387
217; 246; 33366
218; 246; 33625
219; 246; 34066
168; 247; 33349
169; 247; 33404
170; 247; 33434
171; 247; 33429
172; 247; 33430
173; 247; 33467
174; 247; 33528
175; 247; 33546
176; 247; 33508
177; 247; 33469
178; 247; 33502
179; 247; 33587
180; 247; 33658
181; 247; 33669
182; 247; 33614
183; 247; 33573
184; 247; 33591
185; 247; 33576
186; 247; 33429
187; 247; 33215
188; 247; 33158
189; 247; 33290
190; 247; 33347
191; 247; 33175
192; 247; 33027
193; 247; 33163
194; 247; 33476
195; 247; 33668
196; 247; 33620
197; 247; 33470
198; 247; 33360
199; 247; 33286
200; 247; 33218
201; 247; 33246
202; 247; 33422
203; 247; 33652
204; 247; 33846
205; 247; 33969
206; 247; 33982
207; 247; 33849
208; 247; 33612
209; 247; 33381
210; 247; 33273
211; 247; 33326
212; 247; 33496
213; 247; 33640
214; 247; 33620
215; 247; 33501
216; 247; 33441
217; 247; 33515
218; 247; 33736
219; 247; 34117
168; 248; 33373
169; 248; 33439
170; 248; 33479
171; 248; 33491
172; 248; 33493
173; 248; 33526
174; 248; 33612
175; 248; 33647
176; 248; 33588
177; 248; 33511
178; 248; 33539
179; 248; 33670
180; 248; 33787
181; 248; 33769
182; 248; 33653
183; 248; 33588
184; 248; 33605
185; 248; 33561
186; 248; 33356
187; 248; 33127
188; 248; 33093
189; 248; 33193
190; 248; 33189
191; 248; 33061
192; 248; 33009
193; 248; 33135
194; 248; 33339
195; 248; 33465
196; 248; 33433
197; 248; 33284
198; 248; 33109
199; 248; 32970
200; 248; 32890
201; 248; 32924
202; 248; 33149
203; 248; 33488
204; 248; 33780
205; 248; 33932
206; 248; 33929
207; 248; 33796
208; 248; 33565
209; 248; 33302
210; 248; 33139
211; 248; 33160
212; 248; 33307
213; 248; 33410
214; 248; 33378
215; 248; 33366
216; 248; 33496
217; 248; 33703
218; 248; 33933
219; 248; 34241
168; 249; 33539
169; 249; 33549
170; 249; 33569
171; 249; 33567
172; 249; 33549
173; 249; 33594
174; 249; 33703
175; 249; 33750
176; 249; 33693
177; 249; 33615
178; 249; 33639
179; 249; 33765
180; 249; 33871
181; 249; 33844
182; 249; 33725
183; 249; 33642
184; 249; 33599
185; 249; 33446
186; 249; 33144
187; 249; 32925
188; 249; 32932
189; 249; 32967
190; 249; 32926
191; 249; 32990
192; 249; 33244
193; 249; 33462
194; 249; 33506
195; 249; 33432
196; 249; 33321
197; 249; 33165
198; 249; 32995
199; 249; 32874
200; 249; 32825
201; 249; 32831
202; 249; 32952
203; 249; 33255
204; 249; 33614
205; 249; 33848
206; 249; 33875
207; 249; 33747
208; 249; 33529
209; 249; 33274
210; 249; 33089
211; 249; 33075
212; 249; 33199
213; 249; 33301
214; 249; 33287
215; 249; 33309
216; 249; 33509
217; 249; 33802
218; 249; 34085
219; 249; 34383
168; 250; 33698
169; 250; 33681
170; 250; 33652
171; 250; 33620
172; 250; 33612
173; 250; 33671
174; 250; 33744
175; 250; 33745
176; 250; 33698
177; 250; 33686
178; 250; 33740
179; 250; 33825
180; 250; 33881
181; 250; 33869
182; 250; 33787
183; 250; 33677
184; 250; 33537
185; 250; 33268
186; 250; 32935
187; 250; 32810
188; 250; 32871
189; 250; 32880
190; 250; 32891
191; 250; 33177
192; 250; 33712
193; 250; 34016
194; 250; 33872
195; 250; 33508
196; 250; 33203
197; 250; 32993
198; 250; 32881
199; 250; 32862
200; 250; 32906
201; 250; 33009
202; 250; 33099
203; 250; 33253
204; 250; 33552
205; 250; 33826
206; 250; 33888
207; 250; 33754
208; 250; 33536
209; 250; 33307
210; 250; 33131
211; 250; 33085
212; 250; 33190
213; 250; 33322
214; 250; 33345
215; 250; 33368
216; 250; 33559
217; 250; 33872
218; 250; 34212
219; 250; 34544
168; 251; 33690
169; 251; 33678
170; 251; 33656
171; 251; 33665
172; 251; 33711
173; 251; 33763
174; 251; 33759
175; 251; 33685
176; 251; 33643
177; 251; 33699
178; 251; 33778
179; 251; 33793
180; 251; 33788
181; 251; 33809
182; 251; 33788
183; 251; 33669
184; 251; 33442
185; 251; 33094
186; 251; 32873
187; 251; 32862
188; 251; 32853
189; 251; 32957
190; 251; 33156
191; 251; 33584
192; 251; 34125
193; 251; 34375
194; 251; 34132
195; 251; 33618
196; 251; 33108
197; 251; 32864
198; 251; 32866
199; 251; 32869
200; 251; 33051
201; 251; 33348
202; 251; 33500
203; 251; 33564
204; 251; 33717
205; 251; 33912
206; 251; 33952
207; 251; 33787
208; 251; 33528
209; 251; 33285
210; 251; 33115
211; 251; 33092
212; 251; 33238
213; 251; 33409
214; 251; 33462
215; 251; 33503
216; 251; 33696
217; 251; 34012
218; 251; 34373
219; 251; 34712
168; 252; 33574
169; 252; 33583
170; 252; 33626
171; 252; 33689
172; 252; 33763
173; 252; 33813
174; 252; 33782
175; 252; 33692
176; 252; 33662
177; 252; 33732
178; 252; 33793
179; 252; 33766
180; 252; 33727
181; 252; 33731
182; 252; 33729
183; 252; 33621
184; 252; 33356
185; 252; 33020
186; 252; 32864
187; 252; 32867
188; 252; 32863
189; 252; 33094
190; 252; 33495
191; 252; 33971
192; 252; 34319
193; 252; 34379
194; 252; 34156
195; 252; 33732
196; 252; 33168
197; 252; 32866
198; 252; 32891
199; 252; 32894
200; 252; 33206
201; 252; 33652
202; 252; 33863
203; 252; 33890
204; 252; 33899
205; 252; 33951
206; 252; 33935
207; 252; 33759
208; 252; 33463
209; 252; 33166
210; 252; 32996
211; 252; 33067
212; 252; 33330
213; 252; 33544
214; 252; 33591
215; 252; 33637
216; 252; 33851
217; 252; 34173
218; 252; 34517
219; 252; 34834
168; 253; 33542
169; 253; 33531
170; 253; 33581
171; 253; 33660
172; 253; 33733
173; 253; 33781
174; 253; 33786
175; 253; 33763
176; 253; 33763
177; 253; 33804
178; 253; 33858
179; 253; 33885
180; 253; 33859
181; 253; 33776
182; 253; 33692
183; 253; 33548
184; 253; 33282
185; 253; 32996
186; 253; 32827
187; 253; 32799
188; 253; 32846
189; 253; 33135
190; 253; 33682
191; 253; 34174
192; 253; 34328
193; 253; 34223
194; 253; 34075
195; 253; 33829
196; 253; 33338
197; 253; 32920
198; 253; 32819
199; 253; 32937
200; 253; 33362
201; 253; 33797
202; 253; 33971
203; 253; 33922
204; 253; 33806
205; 253; 33738
206; 253; 33698
207; 253; 33579
208; 253; 33321
209; 253; 33027
210; 253; 32919
211; 253; 33126
212; 253; 33494
213; 253; 33704
214; 253; 33693
215; 253; 33711
216; 253; 33926
217; 253; 34243
218; 253; 34581
219; 253; 34888
168; 254; 33724
169; 254; 33665
170; 254; 33630
171; 254; 33653
172; 254; 33704
173; 254; 33744
174; 254; 33780
175; 254; 33834
176; 254; 33867
177; 254; 33869
178; 254; 33919
179; 254; 34038
180; 254; 34074
181; 254; 33937
182; 254; 33720
183; 254; 33471
184; 254; 33193
185; 254; 32983
186; 254; 32910
187; 254; 32893
188; 254; 32899
189; 254; 33167
190; 254; 33722
191; 254; 34187
192; 254; 34267
193; 254; 34132
194; 254; 34038
195; 254; 33860
196; 254; 33409
197; 254; 32951
198; 254; 32809
199; 254; 33000
200; 254; 33420
201; 254; 33757
202; 254; 33840
203; 254; 33711
204; 254; 33520
205; 254; 33397
206; 254; 33366
207; 254; 33322
208; 254; 33173
209; 254; 33006
210; 254; 33036
211; 254; 33350
212; 254; 33721
213; 254; 33853
214; 254; 33766
215; 254; 33757
216; 254; 33959
217; 254; 34268
218; 254; 34616
219; 254; 34892
168; 255; 33858
169; 255; 33826
170; 255; 33727
171; 255; 33709
172; 255; 33760
173; 255; 33783
174; 255; 33808
175; 255; 33911
176; 255; 33998
177; 255; 33986
178; 255; 33989
179; 255; 34097
180; 255; 34151
181; 255; 34005
182; 255; 33724
183; 255; 33419
184; 255; 33157
185; 255; 33035
186; 255; 33065
187; 255; 33073
188; 255; 33039
189; 255; 33223
190; 255; 33649
191; 255; 34006
192; 255; 34086
193; 255; 34006
194; 255; 33917
195; 255; 33705
196; 255; 33268
197; 255; 32883
198; 255; 32809
199; 255; 32989
200; 255; 33316
201; 255; 33541
202; 255; 33621
203; 255; 33567
204; 255; 33425
205; 255; 33289
206; 255; 33239
207; 255; 33204
208; 255; 33141
209; 255; 33131
210; 255; 33294
211; 255; 33630
212; 255; 33895
213; 255; 33916
214; 255; 33789
215; 255; 33774
216; 255; 33978
217; 255; 34330
218; 255; 34704
219; 255; 34891
168; 256; 33710
169; 256; 33770
170; 256; 33738
171; 256; 33768
172; 256; 33839
173; 256; 33827
174; 256; 33814
175; 256; 33949
176; 256; 34123
177; 256; 34155
178; 256; 34100
179; 256; 34110
180; 256; 34107
181; 256; 33941
182; 256; 33659
183; 256; 33385
184; 256; 33204
185; 256; 33172
186; 256; 33222
187; 256; 33190
188; 256; 33100
189; 256; 33194
190; 256; 33505
191; 256; 33770
192; 256; 33814
193; 256; 33733
194; 256; 33626
195; 256; 33419
196; 256; 33087
197; 256; 32825
198; 256; 32827
199; 256; 33002
200; 256; 33180
201; 256; 33311
202; 256; 33495
203; 256; 33664
204; 256; 33630
205; 256; 33444
206; 256; 33304
207; 256; 33209
208; 256; 33178
209; 256; 33283
210; 256; 33534
211; 256; 33812
212; 256; 33920
213; 256; 33850
214; 256; 33735
215; 256; 33723
216; 256; 33936
217; 256; 34380
218; 256; 34819
219; 256; 34946
168; 257; 33352
169; 257; 33445
170; 257; 33549
171; 257; 33685
172; 257; 33767
173; 257; 33697
174; 257; 33631
175; 257; 33763
176; 257; 33990
177; 257; 34120
178; 257; 34142
179; 257; 34142
180; 257; 34058
181; 257; 33804
182; 257; 33497
183; 257; 33286
184; 257; 33225
185; 257; 33273
186; 257; 33302
187; 257; 33183
188; 257; 33023
189; 257; 33071
190; 257; 33322
191; 257; 33499
192; 257; 33438
193; 257; 33271
194; 257; 33176
195; 257; 33113
196; 257; 32984
197; 257; 32884
198; 257; 32945
199; 257; 33096
200; 257; 33185
201; 257; 33310
202; 257; 33620
203; 257; 33910
204; 257; 33827
205; 257; 33498
206; 257; 33292
207; 257; 33222
208; 257; 33233
209; 257; 33419
210; 257; 33709
211; 257; 33894
212; 257; 33865
213; 257; 33744
214; 257; 33647
215; 257; 33617
216; 257; 33820
217; 257; 34349
218; 257; 34902
219; 257; 35082
168; 258; 33099
169; 258; 33152
170; 258; 33286
171; 258; 33455
172; 258; 33535
173; 258; 33459
174; 258; 33377
175; 258; 33430
176; 258; 33556
177; 258; 33720
178; 258; 33933
179; 258; 34071
180; 258; 33945
181; 258; 33598
182; 258; 33279
183; 258; 33128
184; 258; 33137
185; 258; 33218
186; 258; 33224
187; 258; 33072
188; 258; 32939
189; 258; 33002
190; 258; 33145
191; 258; 33119
192; 258; 32922
193; 258; 32875
194; 258; 32906
195; 258; 32891
196; 258; 32911
197; 258; 32924
198; 258; 32978
199; 258; 33125
200; 258; 33293
201; 258; 33548
202; 258; 33907
203; 258; 34012
204; 258; 33626
205; 258; 33287
206; 258; 33368
207; 258; 33497
208; 258; 33560
209; 258; 33644
210; 258; 33799
211; 258; 33897
212; 258; 33843
213; 258; 33727
214; 258; 33607
215; 258; 33514
216; 258; 33694
217; 258; 34302
218; 258; 34989
219; 258; 35258
168; 259; 33035
169; 259; 33086
170; 259; 33184
171; 259; 33205
172; 259; 33281
173; 259; 33314
174; 259; 33351
175; 259; 33353
176; 259; 33290
177; 259; 33329
178; 259; 33599
179; 259; 33835
180; 259; 33717
181; 259; 33384
182; 259; 33147
183; 259; 33052
184; 259; 33034
185; 259; 33039
186; 259; 32997
187; 259; 32941
188; 259; 32968
189; 259; 33018
190; 259; 32937
191; 259; 32869
192; 259; 33027
193; 259; 33106
194; 259; 33016
195; 259; 32893
196; 259; 32937
197; 259; 32931
198; 259; 32916
199; 259; 33146
200; 259; 33484
201; 259; 33802
202; 259; 33970
203; 259; 33711
204; 259; 33235
205; 259; 33294
206; 259; 33736
207; 259; 33965
208; 259; 33997
209; 259; 33862
210; 259; 33791
211; 259; 33828
212; 259; 33831
213; 259; 33773
214; 259; 33637
215; 259; 33505
216; 259; 33694
217; 259; 34341
218; 259; 35081
219; 259; 35382
168; 260; 33133
169; 260; 33059
170; 260; 33093
171; 260; 33036
172; 260; 33018
173; 260; 33252
174; 260; 33451
175; 260; 33538
176; 260; 33401
177; 260; 33311
178; 260; 33482
179; 260; 33662
180; 260; 33555
181; 260; 33299
182; 260; 33151
183; 260; 33103
184; 260; 33040
185; 260; 32920
186; 260; 32837
187; 260; 32883
188; 260; 32977
189; 260; 32972
190; 260; 32869
191; 260; 33006
192; 260; 33162
193; 260; 32980
194; 260; 32859
195; 260; 32956
196; 260; 32908
197; 260; 32894
198; 260; 33050
199; 260; 33510
200; 260; 33904
201; 260; 34000
202; 260; 33760
203; 260; 33234
204; 260; 32939
205; 260; 33439
206; 260; 34043
207; 260; 34181
208; 260; 34099
209; 260; 33898
210; 260; 33794
211; 260; 33808
212; 260; 33806
213; 260; 33747
214; 260; 33646
215; 260; 33611
216; 260; 33858
217; 260; 34448
218; 260; 35101
219; 260; 35382
168; 261; 33267
169; 261; 33147
170; 261; 33028
171; 261; 32957
172; 261; 32971
173; 261; 33192
174; 261; 33294
175; 261; 33497
176; 261; 33554
177; 261; 33543
178; 261; 33641
179; 261; 33695
180; 261; 33535
181; 261; 33294
182; 261; 33158
183; 261; 33128
184; 261; 33090
185; 261; 32941
186; 261; 32822
187; 261; 32876
188; 261; 32971
189; 261; 32934
190; 261; 32891
191; 261; 32999
192; 261; 32959
193; 261; 33083
194; 261; 33415
195; 261; 33397
196; 261; 33062
197; 261; 32979
198; 261; 33357
199; 261; 34051
200; 261; 34459
201; 261; 34257
202; 261; 33680
203; 261; 33143
204; 261; 32940
205; 261; 33349
206; 261; 33887
207; 261; 33945
208; 261; 33878
209; 261; 33858
210; 261; 33892
211; 261; 33922
212; 261; 33820
213; 261; 33637
214; 261; 33572
215; 261; 33758
216; 261; 34121
217; 261; 34544
218; 261; 34982
219; 261; 35244
168; 262; 33326
169; 262; 33269
170; 262; 33189
171; 262; 33161
172; 262; 33185
173; 262; 33142
174; 262; 33009
175; 262; 33125
176; 262; 33500
177; 262; 33762
178; 262; 33892
179; 262; 33818
180; 262; 33515
181; 262; 33211
182; 262; 33095
183; 262; 33072
184; 262; 33055
185; 262; 32944
186; 262; 32873
187; 262; 32934
188; 262; 32961
189; 262; 32864
190; 262; 32860
191; 262; 32915
192; 262; 33046
193; 262; 33385
194; 262; 33568
195; 262; 33402
196; 262; 33120
197; 262; 32857
198; 262; 33275
199; 262; 34116
200; 262; 34624
201; 262; 34439
202; 262; 33910
203; 262; 33563
204; 262; 33420
205; 262; 33409
206; 262; 33492
207; 262; 33551
208; 262; 33683
209; 262; 33837
210; 262; 34012
211; 262; 34080
212; 262; 33887
213; 262; 33613
214; 262; 33591
215; 262; 33913
216; 262; 34302
217; 262; 34519
218; 262; 34748
219; 262; 35035
168; 263; 33252
169; 263; 33236
170; 263; 33241
171; 263; 33276
172; 263; 33252
173; 263; 33049
174; 263; 32858
175; 263; 32914
176; 263; 33317
177; 263; 33804
178; 263; 33979
179; 263; 33776
180; 263; 33346
181; 263; 33041
182; 263; 33031
183; 263; 33066
184; 263; 32993
185; 263; 32846
186; 263; 32867
187; 263; 33012
188; 263; 32987
189; 263; 32851
190; 263; 32843
191; 263; 32875
192; 263; 33100
193; 263; 33187
194; 263; 33161
195; 263; 33061
196; 263; 32954
197; 263; 32964
198; 263; 33034
199; 263; 33584
200; 263; 34156
201; 263; 34162
202; 263; 33998
203; 263; 33995
204; 263; 33975
205; 263; 33767
206; 263; 33560
207; 263; 33564
208; 263; 33720
209; 263; 33916
210; 263; 34120
211; 263; 34173
212; 263; 34007
213; 263; 33821
214; 263; 33870
215; 263; 34136
216; 263; 34345
217; 263; 34413
218; 263; 34594
219; 263; 34905
168; 264; 33114
169; 264; 33072
170; 264; 33066
171; 264; 33177
172; 264; 33318
173; 264; 33252
174; 264; 33013
175; 264; 32923
176; 264; 33237
177; 264; 33732
178; 264; 33874
179; 264; 33572
180; 264; 33123
181; 264; 32888
182; 264; 32988
183; 264; 33165
184; 264; 33112
185; 264; 32881
186; 264; 32817
187; 264; 32957
188; 264; 32989
189; 264; 32847
190; 264; 32812
191; 264; 32917
192; 264; 33012
193; 264; 32902
194; 264; 32882
195; 264; 32920
196; 264; 32937
197; 264; 32870
198; 264; 32859
199; 264; 33354
200; 264; 33646
201; 264; 33614
202; 264; 33657
203; 264; 33939
204; 264; 34116
205; 264; 34019
206; 264; 33863
207; 264; 33866
208; 264; 34011
209; 264; 34136
210; 264; 34192
211; 264; 34229
212; 264; 34243
213; 264; 34271
214; 264; 34364
215; 264; 34459
216; 264; 34455
217; 264; 34476
218; 264; 34669
219; 264; 34879
168; 265; 33107
169; 265; 33107
170; 265; 33108
171; 265; 33146
172; 265; 33277
173; 265; 33320
174; 265; 33146
175; 265; 33004
176; 265; 33231
177; 265; 33668
178; 265; 33764
179; 265; 33437
180; 265; 33052
181; 265; 32886
182; 265; 32970
183; 265; 33263
184; 265; 33409
185; 265; 33232
186; 265; 32995
187; 265; 32944
188; 265; 32951
189; 265; 32896
190; 265; 32918
191; 265; 33076
192; 265; 33123
193; 265; 32934
194; 265; 32789
195; 265; 32862
196; 265; 33015
197; 265; 33162
198; 265; 33425
199; 265; 33730
200; 265; 33712
201; 265; 33478
202; 265; 33376
203; 265; 33627
204; 265; 33907
205; 265; 33976
206; 265; 33997
207; 265; 34158
208; 265; 34322
209; 265; 34285
210; 265; 34236
211; 265; 34343
212; 265; 34560
213; 265; 34768
214; 265; 34870
215; 265; 34839
216; 265; 34722
217; 265; 34676
218; 265; 34742
219; 265; 34738
168; 266; 33228
169; 266; 33219
170; 266; 33193
171; 266; 33089
172; 266; 33052
173; 266; 33099
174; 266; 33088
175; 266; 33075
176; 266; 33280
177; 266; 33645
178; 266; 33788
179; 266; 33519
180; 266; 33140
181; 266; 32909
182; 266; 32902
183; 266; 33221
184; 266; 33635
185; 266; 33676
186; 266; 33335
187; 266; 33015
188; 266; 32928
189; 266; 32983
190; 266; 33126
191; 266; 33340
192; 266; 33444
193; 266; 33325
194; 266; 33127
195; 266; 33158
196; 266; 33404
197; 266; 33677
198; 266; 33995
199; 266; 34271
200; 266; 34269
201; 266; 33930
202; 266; 33585
203; 266; 33595
204; 266; 33760
205; 266; 33833
206; 266; 33972
207; 266; 34299
208; 266; 34487
209; 266; 34377
210; 266; 34326
211; 266; 34470
212; 266; 34726
213; 266; 34944
214; 266; 35015
215; 266; 34946
216; 266; 34790
217; 266; 34625
218; 266; 34504
219; 266; 34394
168; 267; 33290
169; 267; 33195
170; 267; 33137
171; 267; 33047
172; 267; 32997
173; 267; 33006
174; 267; 33050
175; 267; 33108
176; 267; 33225
177; 267; 33561
178; 267; 33880
179; 267; 33773
180; 267; 33337
181; 267; 32928
182; 267; 32798
183; 267; 33020
184; 267; 33499
185; 267; 33706
186; 267; 33448
187; 267; 33092
188; 267; 33006
189; 267; 33163
190; 267; 33380
191; 267; 33568
192; 267; 33655
193; 267; 33540
194; 267; 33259
195; 267; 33127
196; 267; 33306
197; 267; 33632
198; 267; 34097
199; 267; 34666
200; 267; 34907
201; 267; 34575
202; 267; 34076
203; 267; 33875
204; 267; 33839
205; 267; 33819
206; 267; 33990
207; 267; 34385
208; 267; 34591
209; 267; 34481
210; 267; 34406
211; 267; 34497
212; 267; 34661
213; 267; 34766
214; 267; 34752
215; 267; 34640
216; 267; 34449
217; 267; 34207
218; 267; 34075
219; 267; 34101
168; 268; 33235
169; 268; 33126
170; 268; 33086
171; 268; 33098
172; 268; 33158
173; 268; 33217
174; 268; 33198
175; 268; 33091
176; 268; 33084
177; 268; 33479
178; 268; 33994
179; 268; 34027
180; 268; 33545
181; 268; 32989
182; 268; 32788
183; 268; 32891
184; 268; 33161
185; 268; 33347
186; 268; 33272
187; 268; 33107
188; 268; 33105
189; 268; 33320
190; 268; 33548
191; 268; 33639
192; 268; 33589
193; 268; 33363
194; 268; 33030
195; 268; 32885
196; 268; 32958
197; 268; 33311
198; 268; 34170
199; 268; 35083
200; 268; 35460
201; 268; 35041
202; 268; 34408
203; 268; 34104
204; 268; 33981
205; 268; 33963
206; 268; 34205
207; 268; 34580
208; 268; 34690
209; 268; 34508
210; 268; 34408
211; 268; 34509
212; 268; 34645
213; 268; 34672
214; 268; 34554
215; 268; 34334
216; 268; 34054
217; 268; 33812
218; 268; 33830
219; 268; 34019
168; 269; 33151
169; 269; 33103
170; 269; 33098
171; 269; 33136
172; 269; 33265
173; 269; 33406
174; 269; 33325
175; 269; 33051
176; 269; 32988
177; 269; 33415
178; 269; 34055
179; 269; 34128
180; 269; 33601
181; 269; 33000
182; 269; 32822
183; 269; 32903
184; 269; 33021
185; 269; 33068
186; 269; 33058
187; 269; 33028
188; 269; 33086
189; 269; 33297
190; 269; 33499
191; 269; 33515
192; 269; 33336
193; 269; 33043
194; 269; 32873
195; 269; 32912
196; 269; 32881
197; 269; 33366
198; 269; 34389
199; 269; 35347
200; 269; 35645
201; 269; 35119
202; 269; 34414
203; 269; 34107
204; 269; 34084
205; 269; 34198
206; 269; 34512
207; 269; 34790
208; 269; 34728
209; 269; 34489
210; 269; 34451
211; 269; 34656
212; 269; 34844
213; 269; 34835
214; 269; 34639
215; 269; 34341
216; 269; 34022
217; 269; 33840
218; 269; 33897
219; 269; 34024
168; 270; 33093
169; 270; 33123
170; 270; 33136
171; 270; 33146
172; 270; 33252
173; 270; 33395
174; 270; 33303
175; 270; 32983
176; 270; 32951
177; 270; 33313
178; 270; 33948
179; 270; 34040
180; 270; 33519
181; 270; 32966
182; 270; 32867
183; 270; 32994
184; 270; 33053
185; 270; 32990
186; 270; 32963
187; 270; 32998
188; 270; 33065
189; 270; 33178
190; 270; 33281
191; 270; 33266
192; 270; 33097
193; 270; 32889
194; 270; 32798
195; 270; 32863
196; 270; 33084
197; 270; 33558
198; 270; 34257
199; 270; 34921
200; 270; 35105
201; 270; 34707
202; 270; 34196
203; 270; 34025
204; 270; 34186
205; 270; 34434
206; 270; 34682
207; 270; 34810
208; 270; 34691
209; 270; 34551
210; 270; 34615
211; 270; 34802
212; 270; 34885
213; 270; 34781
214; 270; 34586
215; 270; 34386
216; 270; 34202
217; 270; 34113
218; 270; 34082
219; 270; 34027
168; 271; 33007
169; 271; 33096
170; 271; 33137
171; 271; 33102
172; 271; 33169
173; 271; 33338
174; 271; 33299
175; 271; 32956
176; 271; 32929
177; 271; 33127
178; 271; 33713
179; 271; 33929
180; 271; 33550
181; 271; 33046
182; 271; 32887
183; 271; 32985
184; 271; 33008
185; 271; 32893
186; 271; 32853
187; 271; 33014
188; 271; 33083
189; 271; 33059
190; 271; 33028
191; 271; 33016
192; 271; 32977
193; 271; 32932
194; 271; 32947
195; 271; 33031
196; 271; 33203
197; 271; 33399
198; 271; 33662
199; 271; 33993
200; 271; 34158
201; 271; 34039
202; 271; 33875
203; 271; 33970
204; 271; 34289
205; 271; 34549
206; 271; 34643
207; 271; 34658
208; 271; 34649
209; 271; 34705
210; 271; 34753
211; 271; 34640
212; 271; 34398
213; 271; 34224
214; 271; 34217
215; 271; 34298
216; 271; 34350
217; 271; 34353
218; 271; 34258
219; 271; 34077
168; 272; 32988
169; 272; 33135
170; 272; 33233
171; 272; 33189
172; 272; 33193
173; 272; 33368
174; 272; 33396
175; 272; 33084
176; 272; 32901
177; 272; 33006
178; 272; 33549
179; 272; 33948
180; 272; 33758
181; 272; 33274
182; 272; 32934
183; 272; 32902
184; 272; 32954
185; 272; 32982
186; 272; 32916
187; 272; 32860
188; 272; 32974
189; 272; 32912
190; 272; 32861
191; 272; 32867
192; 272; 32859
193; 272; 32901
194; 272; 32970
195; 272; 33046
196; 272; 33117
197; 272; 33152
198; 272; 33205
199; 272; 33328
200; 272; 33472
201; 272; 33585
202; 272; 33685
203; 272; 33958
204; 272; 34319
205; 272; 34495
206; 272; 34512
207; 272; 34548
208; 272; 34674
209; 272; 34797
210; 272; 34681
211; 272; 34249
212; 272; 33787
213; 272; 33671
214; 272; 33929
215; 272; 34283
216; 272; 34526
217; 272; 34637
218; 272; 34570
219; 272; 34314
168; 273; 33088
169; 273; 33179
170; 273; 33259
171; 273; 33245
172; 273; 33242
173; 273; 33338
174; 273; 33372
175; 273; 33152
176; 273; 33023
177; 273; 33064
178; 273; 33390
179; 273; 33899
180; 273; 33881
181; 273; 33423
182; 273; 32955
183; 273; 32807
184; 273; 32904
185; 273; 33086
186; 273; 33144
187; 273; 33006
188; 273; 32926
189; 273; 32944
190; 273; 32996
191; 273; 32956
192; 273; 32864
193; 273; 32879
194; 273; 32883
195; 273; 32861
196; 273; 32925
197; 273; 33092
198; 273; 33133
199; 273; 33088
200; 273; 33068
201; 273; 33322
202; 273; 33690
203; 273; 34021
204; 273; 34275
205; 273; 34365
206; 273; 34403
207; 273; 34532
208; 273; 34684
209; 273; 34653
210; 273; 34354
211; 273; 33966
212; 273; 33730
213; 273; 33774
214; 273; 34097
215; 273; 34454
216; 273; 34733
217; 273; 34973
218; 273; 35072
219; 273; 34878
168; 274; 33148
169; 274; 33171
170; 274; 33239
171; 274; 33248
172; 274; 33191
173; 274; 33183
174; 274; 33187
175; 274; 33106
176; 274; 33188
177; 274; 33191
178; 274; 33167
179; 274; 33617
180; 274; 33760
181; 274; 33373
182; 274; 32898
183; 274; 32844
184; 274; 32878
185; 274; 33009
186; 274; 33190
187; 274; 33181
188; 274; 33086
189; 274; 33102
190; 274; 33157
191; 274; 33099
192; 274; 32996
193; 274; 33039
194; 274; 33086
195; 274; 32961
196; 274; 32867
197; 274; 33027
198; 274; 33013
199; 274; 32887
200; 274; 32860
201; 274; 33144
202; 274; 33725
203; 274; 34087
204; 274; 34207
205; 274; 34183
206; 274; 34205
207; 274; 34353
208; 274; 34426
209; 274; 34210
210; 274; 33843
211; 274; 33725
212; 274; 33920
213; 274; 34162
214; 274; 34355
215; 274; 34475
216; 274; 34666
217; 274; 35038
218; 274; 35429
219; 274; 35522
168; 275; 33148
169; 275; 33110
170; 275; 33174
171; 275; 33236
172; 275; 33193
173; 275; 33149
174; 275; 33123
175; 275; 33066
176; 275; 33114
177; 275; 33170
178; 275; 32985
179; 275; 33284
180; 275; 33590
181; 275; 33307
182; 275; 32848
183; 275; 32973
184; 275; 32926
185; 275; 32877
186; 275; 32945
187; 275; 33062
188; 275; 33085
189; 275; 33100
190; 275; 33121
191; 275; 33078
192; 275; 33011
193; 275; 33040
194; 275; 33055
195; 275; 32971
196; 275; 32949
197; 275; 32931
198; 275; 32872
199; 275; 32891
200; 275; 32889
201; 275; 33106
202; 275; 33700
203; 275; 34007
204; 275; 34049
205; 275; 33990
206; 275; 33924
207; 275; 33874
208; 275; 33806
209; 275; 33638
210; 275; 33436
211; 275; 33543
212; 275; 33959
213; 275; 34170
214; 275; 34061
215; 275; 34007
216; 275; 34229
217; 275; 34697
218; 275; 35292
219; 275; 35712
168; 276; 33265
169; 276; 33172
170; 276; 33196
171; 276; 33291
172; 276; 33312
173; 276; 33294
174; 276; 33264
175; 276; 33085
176; 276; 32895
177; 276; 32982
178; 276; 32912
179; 276; 33278
180; 276; 33681
181; 276; 33466
182; 276; 32944
183; 276; 32972
184; 276; 32941
185; 276; 32886
186; 276; 32884
187; 276; 32834
188; 276; 32903
189; 276; 32924
190; 276; 32946
191; 276; 32928
192; 276; 32894
193; 276; 32894
194; 276; 32902
195; 276; 32922
196; 276; 32973
197; 276; 32923
198; 276; 32858
199; 276; 32884
200; 276; 32863
201; 276; 33010
202; 276; 33506
203; 276; 33749
204; 276; 33783
205; 276; 33727
206; 276; 33535
207; 276; 33294
208; 276; 33192
209; 276; 33090
210; 276; 33249
211; 276; 33488
212; 276; 33435
213; 276; 33241
214; 276; 33395
215; 276; 33699
216; 276; 34020
217; 276; 34371
218; 276; 34875
219; 276; 35419
168; 277; 33548
169; 277; 33432
170; 277; 33411
171; 277; 33472
172; 277; 33513
173; 277; 33557
174; 277; 33581
175; 277; 33409
176; 277; 33030
177; 277; 32890
178; 277; 32962
179; 277; 33473
180; 277; 33897
181; 277; 33765
182; 277; 33218
183; 277; 32861
184; 277; 32889
185; 277; 33070
186; 277; 33065
187; 277; 32920
188; 277; 32857
189; 277; 32823
190; 277; 32819
191; 277; 32820
192; 277; 32849
193; 277; 32843
194; 277; 32907
195; 277; 32968
196; 277; 32950
197; 277; 32860
198; 277; 32810
199; 277; 32958
200; 277; 33000
201; 277; 32948
202; 277; 33118
203; 277; 33485
204; 277; 33556
205; 277; 33512
206; 277; 33431
207; 277; 33221
208; 277; 32962
209; 277; 33130
210; 277; 33435
211; 277; 33414
212; 277; 33064
213; 277; 32897
214; 277; 33415
215; 277; 33965
216; 277; 34287
217; 277; 34492
218; 277; 34786
219; 277; 35242
168; 278; 33784
169; 278; 33748
170; 278; 33722
171; 278; 33702
172; 278; 33636
173; 278; 33617
174; 278; 33637
175; 278; 33525
176; 278; 33237
177; 278; 33073
178; 278; 33095
179; 278; 33518
180; 278; 33970
181; 278; 34020
182; 278; 33618
183; 278; 33158
184; 278; 33101
185; 278; 33273
186; 278; 33266
187; 278; 33096
188; 278; 33040
189; 278; 33079
190; 278; 33053
191; 278; 33001
192; 278; 32944
193; 278; 32858
194; 278; 32987
195; 278; 33134
196; 278; 32945
197; 278; 32824
198; 278; 32904
199; 278; 32862
200; 278; 33047
201; 278; 32960
202; 278; 32964
203; 278; 33469
204; 278; 33492
205; 278; 33323
206; 278; 33290
207; 278; 33324
208; 278; 33478
209; 278; 33905
210; 278; 33996
211; 278; 33544
212; 278; 33220
213; 278; 33294
214; 278; 33828
215; 278; 34176
216; 278; 34597
217; 278; 34912
218; 278; 35118
219; 278; 35423
168; 279; 33715
169; 279; 33865
170; 279; 33937
171; 279; 33878
172; 279; 33648
173; 279; 33466
174; 279; 33476
175; 279; 33473
176; 279; 33263
177; 279; 33107
178; 279; 33042
179; 279; 33361
180; 279; 33935
181; 279; 34217
182; 279; 33905
183; 279; 33293
184; 279; 33040
185; 279; 33180
186; 279; 33282
187; 279; 33209
188; 279; 33232
189; 279; 33375
190; 279; 33412
191; 279; 33365
192; 279; 33278
193; 279; 33061
194; 279; 32843
195; 279; 32914
196; 279; 32920
197; 279; 33269
198; 279; 33366
199; 279; 33087
200; 279; 32940
201; 279; 33094
202; 279; 33483
203; 279; 33728
204; 279; 33427
205; 279; 33055
206; 279; 33111
207; 279; 33609
208; 279; 34300
209; 279; 34626
210; 279; 34337
211; 279; 33717
212; 279; 33589
213; 279; 33670
214; 279; 33821
215; 279; 34066
216; 279; 34729
217; 279; 35242
218; 279; 35384
219; 279; 35482
