303; 230; 33202
304; 230; 33326
305; 230; 33384
306; 230; 33489
307; 230; 33600
308; 230; 33577
309; 230; 33360
302; 231; 33284
303; 231; 33464
304; 231; 33489
305; 231; 33466
306; 231; 33522
307; 231; 33640
308; 231; 33718
309; 231; 33644
302; 232; 33493
303; 232; 33598
304; 232; 33560
305; 232; 33515
306; 232; 33521
307; 232; 33582
308; 232; 33687
309; 232; 33718
301; 233; 33284
302; 233; 33543
303; 233; 33592
304; 233; 33564
305; 233; 33568
306; 233; 33556
307; 233; 33526
308; 233; 33558
309; 233; 33592
301; 234; 33327
302; 234; 33494
303; 234; 33482
304; 234; 33486
305; 234; 33540
306; 234; 33530
307; 234; 33451
308; 234; 33427
309; 234; 33445
300; 235; 33111
301; 235; 33399
302; 235; 33438
303; 235; 33359
304; 235; 33387
305; 235; 33454
306; 235; 33426
307; 235; 33349
308; 235; 33360
309; 235; 33411
300; 236; 33254
301; 236; 33445
302; 236; 33390
303; 236; 33325
304; 236; 33404
305; 236; 33451
306; 236; 33355
307; 236; 33287
308; 236; 33377
309; 236; 33480
300; 237; 33288
301; 237; 33411
302; 237; 33361
303; 237; 33398
304; 237; 33533
305; 237; 33519
306; 237; 33345
307; 237; 33295
308; 237; 33441
300; 238; 33263
301; 238; 33361
302; 238; 33391
303; 238; 33511
304; 238; 33615
305; 238; 33514
306; 238; 33336
307; 238; 33347
301; 239; 33364
302; 239; 33454
303; 239; 33559
304; 239; 33558
305; 239; 33426
306; 239; 33355
301; 240; 33394
302; 240; 33445
303; 240; 33466
304; 240; 33424
305; 240; 33412
301; 241; 33435
302; 241; 33358
303; 241; 33281
