363; 143; 33921
364; 143; 34101
365; 143; 34122
366; 143; 33977
367; 143; 33862
368; 143; 33767
369; 143; 33580
370; 143; 33521
363; 144; 33998
364; 144; 33966
365; 144; 33781
366; 144; 33519
367; 144; 33274
368; 144; 33207
369; 144; 33238
370; 144; 33402
361; 145; 34014
362; 145; 34119
363; 145; 33831
364; 145; 33336
365; 145; 33137
366; 145; 33056
367; 145; 33086
368; 145; 33099
369; 145; 33122
370; 145; 33212
360; 146; 34110
361; 146; 34051
362; 146; 33750
363; 146; 33130
364; 146; 32940
365; 146; 33052
366; 146; 33252
367; 146; 33380
368; 146; 33397
369; 146; 33262
359; 147; 34223
360; 147; 33934
361; 147; 33482
362; 147; 33053
363; 147; 32949
364; 147; 33111
365; 147; 33517
366; 147; 33771
367; 147; 33861
368; 147; 33858
369; 147; 33764
357; 148; 34103
358; 148; 33962
359; 148; 33581
360; 148; 33244
361; 148; 33056
362; 148; 32996
363; 148; 33271
364; 148; 33659
365; 148; 33855
366; 148; 33786
367; 148; 33789
368; 148; 33892
356; 149; 34067
357; 149; 33813
358; 149; 33338
359; 149; 33017
360; 149; 33118
361; 149; 33241
362; 149; 33411
363; 149; 33688
364; 149; 33878
365; 149; 33788
366; 149; 33591
367; 149; 33621
356; 150; 33382
357; 150; 33349
358; 150; 33234
359; 150; 33190
360; 150; 33432
361; 150; 33547
362; 150; 33540
363; 150; 33648
364; 150; 33716
365; 150; 33598
366; 150; 33548
367; 150; 33855
354; 151; 33005
355; 151; 32917
356; 151; 33053
357; 151; 33277
358; 151; 33533
359; 151; 33677
360; 151; 33730
361; 151; 33612
362; 151; 33473
363; 151; 33442
364; 151; 33492
365; 151; 33537
352; 152; 33056
353; 152; 33007
354; 152; 32974
355; 152; 32968
356; 152; 33075
357; 152; 33289
358; 152; 33569
359; 152; 33735
360; 152; 33719
361; 152; 33603
362; 152; 33457
363; 152; 33392
364; 152; 33406
365; 152; 33610
351; 153; 33031
352; 153; 33037
353; 153; 33172
354; 153; 33335
355; 153; 33420
356; 153; 33405
357; 153; 33417
358; 153; 33482
359; 153; 33588
360; 153; 33619
361; 153; 33561
362; 153; 33466
363; 153; 33422
351; 154; 33245
352; 154; 33350
353; 154; 33520
354; 154; 33595
355; 154; 33662
356; 154; 33679
357; 154; 33592
358; 154; 33508
359; 154; 33514
360; 154; 33513
361; 154; 33457
362; 154; 33429
352; 155; 33522
353; 155; 33529
354; 155; 33506
355; 155; 33552
356; 155; 33635
357; 155; 33613
358; 155; 33522
359; 155; 33471
360; 155; 33443
353; 156; 33484
354; 156; 33387
355; 156; 33330
356; 156; 33408
357; 156; 33437
358; 156; 33389
359; 156; 33416
353; 157; 33605
354; 157; 33557
355; 157; 33357
356; 157; 33272
357; 157; 33294
358; 157; 33342
359; 157; 33598
