170; 298; 33155
171; 298; 33456
172; 298; 33707
173; 298; 33664
174; 298; 33504
175; 298; 33463
176; 298; 33597
177; 298; 33667
178; 298; 33538
179; 298; 33404
180; 298; 33483
181; 298; 33612
182; 298; 33504
183; 298; 33170
184; 298; 33096
185; 298; 33226
186; 298; 33524
187; 298; 33721
188; 298; 33859
189; 298; 33861
190; 298; 33722
191; 298; 33572
192; 298; 33609
193; 298; 33563
194; 298; 33319
195; 298; 33159
196; 298; 33552
197; 298; 34620
198; 298; 35895
199; 298; 36718
200; 298; 36870
201; 298; 36660
202; 298; 36457
203; 298; 36502
204; 298; 36581
205; 298; 36590
206; 298; 36568
207; 298; 36552
208; 298; 36525
209; 298; 36469
210; 298; 36401
211; 298; 36376
212; 298; 36408
213; 298; 36411
214; 298; 36316
215; 298; 36213
216; 298; 36202
217; 298; 36221
218; 298; 36186
219; 298; 36164
220; 298; 36229
221; 298; 36307
222; 298; 36315
223; 298; 36283
224; 298; 36263
225; 298; 36256
226; 298; 36263
227; 298; 36294
228; 298; 36332
229; 298; 36340
230; 298; 36295
231; 298; 36207
232; 298; 36133
233; 298; 36122
234; 298; 36136
235; 298; 36141
170; 299; 33410
171; 299; 33635
172; 299; 33712
173; 299; 33633
174; 299; 33489
175; 299; 33492
176; 299; 33623
177; 299; 33668
178; 299; 33545
179; 299; 33429
180; 299; 33504
181; 299; 33617
182; 299; 33431
183; 299; 33036
184; 299; 32989
185; 299; 33342
186; 299; 33659
187; 299; 33637
188; 299; 33576
189; 299; 33707
190; 299; 33814
191; 299; 33858
192; 299; 33913
193; 299; 33932
194; 299; 33753
195; 299; 33417
196; 299; 33331
197; 299; 33834
198; 299; 34848
199; 299; 35973
200; 299; 36681
201; 299; 36864
202; 299; 36776
203; 299; 36650
204; 299; 36592
205; 299; 36571
206; 299; 36559
207; 299; 36559
208; 299; 36522
209; 299; 36472
210; 299; 36465
211; 299; 36511
212; 299; 36557
213; 299; 36529
214; 299; 36409
215; 299; 36284
216; 299; 36250
217; 299; 36283
218; 299; 36310
219; 299; 36349
220; 299; 36420
221; 299; 36457
222; 299; 36410
223; 299; 36327
224; 299; 36274
225; 299; 36272
226; 299; 36317
227; 299; 36387
228; 299; 36431
229; 299; 36412
230; 299; 36335
231; 299; 36235
232; 299; 36179
233; 299; 36199
234; 299; 36243
235; 299; 36266
170; 300; 33379
171; 300; 33498
172; 300; 33487
173; 300; 33454
174; 300; 33462
175; 300; 33527
176; 300; 33620
177; 300; 33636
178; 300; 33570
179; 300; 33523
180; 300; 33568
181; 300; 33621
182; 300; 33381
183; 300; 32958
184; 300; 32892
185; 300; 33310
186; 300; 33695
187; 300; 33570
188; 300; 33432
189; 300; 33623
190; 300; 33916
191; 300; 33968
192; 300; 33974
193; 300; 33946
194; 300; 33796
195; 300; 33523
196; 300; 33262
197; 300; 33289
198; 300; 33717
199; 300; 34559
200; 300; 35609
201; 300; 36434
202; 300; 36875
203; 300; 36976
204; 300; 36850
205; 300; 36635
206; 300; 36555
207; 300; 36567
208; 300; 36575
209; 300; 36568
210; 300; 36598
211; 300; 36677
212; 300; 36734
213; 300; 36708
214; 300; 36598
215; 300; 36468
216; 300; 36396
217; 300; 36412
218; 300; 36473
219; 300; 36531
220; 300; 36565
221; 300; 36552
222; 300; 36493
223; 300; 36417
224; 300; 36364
225; 300; 36362
226; 300; 36403
227; 300; 36451
228; 300; 36467
229; 300; 36436
230; 300; 36361
231; 300; 36281
232; 300; 36267
233; 300; 36341
234; 300; 36419
235; 300; 36430
170; 301; 33215
171; 301; 33226
172; 301; 33265
173; 301; 33381
174; 301; 33487
175; 301; 33515
176; 301; 33504
177; 301; 33503
178; 301; 33516
179; 301; 33535
180; 301; 33557
181; 301; 33552
182; 301; 33426
183; 301; 33089
184; 301; 32945
185; 301; 33202
186; 301; 33573
187; 301; 33482
188; 301; 33366
189; 301; 33500
190; 301; 33763
191; 301; 33831
192; 301; 33732
193; 301; 33647
194; 301; 33506
195; 301; 33325
196; 301; 33188
197; 301; 33061
198; 301; 33066
199; 301; 33378
200; 301; 34144
201; 301; 35236
202; 301; 36225
203; 301; 36868
204; 301; 37071
205; 301; 36945
206; 301; 36750
207; 301; 36650
208; 301; 36629
209; 301; 36611
210; 301; 36602
211; 301; 36642
212; 301; 36718
213; 301; 36762
214; 301; 36764
215; 301; 36713
216; 301; 36641
217; 301; 36598
218; 301; 36587
219; 301; 36581
220; 301; 36565
221; 301; 36549
222; 301; 36531
223; 301; 36499
224; 301; 36464
225; 301; 36459
226; 301; 36481
227; 301; 36506
228; 301; 36525
229; 301; 36521
230; 301; 36470
231; 301; 36398
232; 301; 36384
233; 301; 36448
234; 301; 36500
235; 301; 36475
170; 302; 33117
171; 302; 33050
172; 302; 33200
173; 302; 33441
174; 302; 33506
175; 302; 33409
176; 302; 33314
177; 302; 33344
178; 302; 33423
179; 302; 33448
180; 302; 33445
181; 302; 33460
182; 302; 33440
183; 302; 33281
184; 302; 33099
185; 302; 33143
186; 302; 33396
187; 302; 33431
188; 302; 33403
189; 302; 33433
190; 302; 33489
191; 302; 33548
192; 302; 33568
193; 302; 33528
194; 302; 33383
195; 302; 33236
196; 302; 33200
197; 302; 33168
198; 302; 33105
199; 302; 33061
200; 302; 33280
201; 302; 33910
202; 302; 34864
203; 302; 35899
204; 302; 36659
205; 302; 36998
206; 302; 37006
207; 302; 36951
208; 302; 36855
209; 302; 36715
210; 302; 36577
211; 302; 36514
212; 302; 36568
213; 302; 36671
214; 302; 36784
215; 302; 36859
216; 302; 36846
217; 302; 36784
218; 302; 36697
219; 302; 36628
220; 302; 36604
221; 302; 36620
222; 302; 36637
223; 302; 36615
224; 302; 36564
225; 302; 36527
226; 302; 36516
227; 302; 36535
228; 302; 36586
229; 302; 36631
230; 302; 36618
231; 302; 36565
232; 302; 36532
233; 302; 36533
234; 302; 36514
235; 302; 36456
170; 303; 33045
171; 303; 33007
172; 303; 33217
173; 303; 33452
174; 303; 33426
175; 303; 33281
176; 303; 33250
177; 303; 33346
178; 303; 33417
179; 303; 33400
180; 303; 33383
181; 303; 33411
182; 303; 33412
183; 303; 33295
184; 303; 33127
185; 303; 33121
186; 303; 33231
187; 303; 33365
188; 303; 33433
189; 303; 33433
190; 303; 33441
191; 303; 33536
192; 303; 33600
193; 303; 33601
194; 303; 33509
195; 303; 33344
196; 303; 33282
197; 303; 33321
198; 303; 33375
199; 303; 33331
200; 303; 33255
201; 303; 33278
202; 303; 33656
203; 303; 34425
204; 303; 35436
205; 303; 36286
206; 303; 36814
207; 303; 37093
208; 303; 37210
209; 303; 37176
210; 303; 37029
211; 303; 36861
212; 303; 36790
213; 303; 36773
214; 303; 36798
215; 303; 36862
216; 303; 36881
217; 303; 36833
218; 303; 36731
219; 303; 36674
220; 303; 36691
221; 303; 36755
222; 303; 36802
223; 303; 36782
224; 303; 36710
225; 303; 36641
226; 303; 36600
227; 303; 36596
228; 303; 36624
229; 303; 36654
230; 303; 36654
231; 303; 36641
232; 303; 36631
233; 303; 36611
234; 303; 36569
235; 303; 36532
170; 304; 33029
171; 304; 33075
172; 304; 33271
173; 304; 33397
174; 304; 33336
175; 304; 33257
176; 304; 33345
177; 304; 33493
178; 304; 33514
179; 304; 33454
180; 304; 33463
181; 304; 33543
182; 304; 33473
183; 304; 33191
184; 304; 33028
185; 304; 33027
186; 304; 33114
187; 304; 33195
188; 304; 33247
189; 304; 33284
190; 304; 33397
191; 304; 33481
192; 304; 33510
193; 304; 33508
194; 304; 33485
195; 304; 33390
196; 304; 33308
197; 304; 33331
198; 304; 33445
199; 304; 33523
200; 304; 33513
201; 304; 33337
202; 304; 33185
203; 304; 33386
204; 304; 34021
205; 304; 34885
206; 304; 35731
207; 304; 36431
208; 304; 37000
209; 304; 37377
210; 304; 37497
211; 304; 37434
212; 304; 37351
213; 304; 37238
214; 304; 37115
215; 304; 36981
216; 304; 36877
217; 304; 36767
218; 304; 36657
219; 304; 36618
220; 304; 36658
221; 304; 36736
222; 304; 36806
223; 304; 36817
224; 304; 36795
225; 304; 36775
226; 304; 36765
227; 304; 36743
228; 304; 36703
229; 304; 36663
230; 304; 36644
231; 304; 36646
232; 304; 36659
233; 304; 36644
234; 304; 36619
235; 304; 36640
170; 305; 33107
171; 305; 33222
172; 305; 33353
173; 305; 33401
174; 305; 33360
175; 305; 33340
176; 305; 33442
177; 305; 33574
178; 305; 33567
179; 305; 33513
180; 305; 33596
181; 305; 33723
182; 305; 33619
183; 305; 33209
184; 305; 32940
185; 305; 32937
186; 305; 32999
187; 305; 33096
188; 305; 33164
189; 305; 33196
190; 305; 33173
191; 305; 33122
192; 305; 33038
193; 305; 33021
194; 305; 33129
195; 305; 33272
196; 305; 33258
197; 305; 33158
198; 305; 33185
199; 305; 33370
200; 305; 33524
201; 305; 33489
202; 305; 33305
203; 305; 33166
204; 305; 33272
205; 305; 33654
206; 305; 34176
207; 305; 34832
208; 305; 35647
209; 305; 36399
210; 305; 36869
211; 305; 37062
212; 305; 37163
213; 305; 37250
214; 305; 37283
215; 305; 37237
216; 305; 37161
217; 305; 37009
218; 305; 36878
219; 305; 36797
220; 305; 36745
221; 305; 36701
222; 305; 36697
223; 305; 36715
224; 305; 36760
225; 305; 36827
226; 305; 36874
227; 305; 36849
228; 305; 36766
229; 305; 36723
230; 305; 36750
231; 305; 36784
232; 305; 36774
233; 305; 36700
234; 305; 36647
235; 305; 36662
170; 306; 33121
171; 306; 33273
172; 306; 33385
173; 306; 33416
174; 306; 33401
175; 306; 33380
176; 306; 33415
177; 306; 33496
178; 306; 33510
179; 306; 33493
180; 306; 33602
181; 306; 33754
182; 306; 33718
183; 306; 33315
184; 306; 32977
185; 306; 32913
186; 306; 32945
187; 306; 33045
188; 306; 33167
189; 306; 33223
190; 306; 33131
191; 306; 32938
192; 306; 32860
193; 306; 32860
194; 306; 33009
195; 306; 33140
196; 306; 33130
197; 306; 33031
198; 306; 32960
199; 306; 33028
200; 306; 33274
201; 306; 33480
202; 306; 33511
203; 306; 33420
204; 306; 33304
205; 306; 33271
206; 306; 33243
207; 306; 33394
208; 306; 33831
209; 306; 34475
210; 306; 35033
211; 306; 35408
212; 306; 35754
213; 306; 36164
214; 306; 36601
215; 306; 37004
216; 306; 37312
217; 306; 37474
218; 306; 37485
219; 306; 37404
220; 306; 37270
221; 306; 37115
222; 306; 36976
223; 306; 36922
224; 306; 36942
225; 306; 36976
226; 306; 36948
227; 306; 36829
228; 306; 36723
229; 306; 36733
230; 306; 36853
231; 306; 36977
232; 306; 36990
233; 306; 36912
234; 306; 36807
235; 306; 36741
170; 307; 33002
171; 307; 33132
172; 307; 33255
173; 307; 33334
174; 307; 33366
175; 307; 33338
176; 307; 33319
177; 307; 33378
178; 307; 33428
179; 307; 33429
180; 307; 33502
181; 307; 33665
182; 307; 33685
183; 307; 33399
184; 307; 33074
185; 307; 32983
186; 307; 32985
187; 307; 33040
188; 307; 33155
189; 307; 33235
190; 307; 33180
191; 307; 33068
192; 307; 33141
193; 307; 33331
194; 307; 33342
195; 307; 33197
196; 307; 33075
197; 307; 33056
198; 307; 33033
199; 307; 33029
200; 307; 33145
201; 307; 33368
202; 307; 33529
203; 307; 33581
204; 307; 33612
205; 307; 33546
206; 307; 33316
207; 307; 33165
208; 307; 33018
209; 307; 33189
210; 307; 33503
211; 307; 33799
212; 307; 34116
213; 307; 34533
214; 307; 35088
215; 307; 35808
216; 307; 36519
217; 307; 37039
218; 307; 37269
219; 307; 37306
220; 307; 37291
221; 307; 37293
222; 307; 37323
223; 307; 37368
224; 307; 37382
225; 307; 37308
226; 307; 37253
227; 307; 37056
228; 307; 36835
229; 307; 36747
230; 307; 36810
231; 307; 36875
232; 307; 36941
233; 307; 36977
234; 307; 37011
235; 307; 36993
170; 308; 32984
171; 308; 33029
172; 308; 33131
173; 308; 33274
174; 308; 33372
175; 308; 33369
176; 308; 33325
177; 308; 33356
178; 308; 33412
179; 308; 33403
180; 308; 33430
181; 308; 33565
182; 308; 33614
183; 308; 33464
184; 308; 33196
185; 308; 33082
186; 308; 33013
187; 308; 32984
188; 308; 33044
189; 308; 33149
190; 308; 33206
191; 308; 33338
192; 308; 33714
193; 308; 33897
194; 308; 33628
195; 308; 33179
196; 308; 33044
197; 308; 33273
198; 308; 33420
199; 308; 33310
200; 308; 33253
201; 308; 33318
202; 308; 33441
203; 308; 33529
204; 308; 33634
205; 308; 33691
206; 308; 33672
207; 308; 33494
208; 308; 33327
209; 308; 33246
210; 308; 33287
211; 308; 33325
212; 308; 33375
213; 308; 33450
214; 308; 33667
215; 308; 34137
216; 308; 34749
217; 308; 35248
218; 308; 35527
219; 308; 35677
220; 308; 35881
221; 308; 36165
222; 308; 36471
223; 308; 36737
224; 308; 36923
225; 308; 37055
226; 308; 37180
227; 308; 37278
228; 308; 37259
229; 308; 37145
230; 308; 36939
231; 308; 36800
232; 308; 36779
233; 308; 36861
234; 308; 36976
235; 308; 37030
170; 309; 33198
171; 309; 33169
172; 309; 33217
173; 309; 33395
174; 309; 33538
175; 309; 33536
176; 309; 33451
177; 309; 33426
178; 309; 33462
179; 309; 33450
180; 309; 33465
181; 309; 33598
182; 309; 33709
183; 309; 33626
184; 309; 33357
185; 309; 33084
186; 309; 32926
187; 309; 32857
188; 309; 32886
189; 309; 33026
190; 309; 33223
191; 309; 33538
192; 309; 33863
193; 309; 33896
194; 309; 33467
195; 309; 32996
196; 309; 33074
197; 309; 33557
198; 309; 33784
199; 309; 33593
200; 309; 33289
201; 309; 33261
202; 309; 33362
203; 309; 33446
204; 309; 33499
205; 309; 33565
206; 309; 33641
207; 309; 33644
208; 309; 33706
209; 309; 33736
210; 309; 33718
211; 309; 33598
212; 309; 33384
213; 309; 33248
214; 309; 33115
215; 309; 33207
216; 309; 33377
217; 309; 33508
218; 309; 33578
219; 309; 33695
220; 309; 33928
221; 309; 34191
222; 309; 34438
223; 309; 34701
224; 309; 34991
225; 309; 35382
226; 309; 35899
227; 309; 36542
228; 309; 37109
229; 309; 37403
230; 309; 37400
231; 309; 37269
232; 309; 37104
233; 309; 36979
234; 309; 36958
235; 309; 36989
170; 310; 33336
171; 310; 33339
172; 310; 33376
173; 310; 33544
174; 310; 33684
175; 310; 33670
176; 310; 33574
177; 310; 33525
178; 310; 33540
179; 310; 33546
180; 310; 33573
181; 310; 33687
182; 310; 33800
183; 310; 33761
184; 310; 33447
185; 310; 33067
186; 310; 32880
187; 310; 32835
188; 310; 32910
189; 310; 33086
190; 310; 33322
191; 310; 33466
192; 310; 33489
193; 310; 33339
194; 310; 33045
195; 310; 32948
196; 310; 33234
197; 310; 33744
198; 310; 33882
199; 310; 33683
200; 310; 33303
201; 310; 33233
202; 310; 33323
203; 310; 33381
204; 310; 33322
205; 310; 33261
206; 310; 33324
207; 310; 33460
208; 310; 33673
209; 310; 33825
210; 310; 33835
211; 310; 33694
212; 310; 33517
213; 310; 33432
214; 310; 33431
215; 310; 33451
216; 310; 33435
217; 310; 33383
218; 310; 33266
219; 310; 33184
220; 310; 33168
221; 310; 33129
222; 310; 33049
223; 310; 33069
224; 310; 33209
225; 310; 33459
226; 310; 33907
227; 310; 34633
228; 310; 35576
229; 310; 36453
230; 310; 37091
231; 310; 37418
232; 310; 37476
233; 310; 37397
234; 310; 37353
235; 310; 37359
170; 311; 33139
171; 311; 33253
172; 311; 33348
173; 311; 33478
174; 311; 33595
175; 311; 33637
176; 311; 33649
177; 311; 33651
178; 311; 33661
179; 311; 33667
180; 311; 33674
181; 311; 33742
182; 311; 33803
183; 311; 33703
184; 311; 33357
185; 311; 33028
186; 311; 32957
187; 311; 33030
188; 311; 33123
189; 311; 33211
190; 311; 33253
191; 311; 33145
192; 311; 32946
193; 311; 32834
194; 311; 32882
195; 311; 33051
196; 311; 33368
197; 311; 33691
198; 311; 33798
199; 311; 33598
200; 311; 33302
201; 311; 33277
202; 311; 33358
203; 311; 33374
204; 311; 33280
205; 311; 33236
206; 311; 33273
207; 311; 33399
208; 311; 33601
209; 311; 33814
210; 311; 33834
211; 311; 33745
212; 311; 33734
213; 311; 33882
214; 311; 34055
215; 311; 34186
216; 311; 34302
217; 311; 34355
218; 311; 34192
219; 311; 33876
220; 311; 33585
221; 311; 33421
222; 311; 33348
223; 311; 33340
224; 311; 33271
225; 311; 33088
226; 311; 32945
227; 311; 33104
228; 311; 33617
229; 311; 34394
230; 311; 35277
231; 311; 36050
232; 311; 36601
233; 311; 37040
234; 311; 37397
235; 311; 37624
170; 312; 32899
171; 312; 33058
172; 312; 33190
173; 312; 33278
174; 312; 33376
175; 312; 33548
176; 312; 33742
177; 312; 33809
178; 312; 33788
179; 312; 33734
180; 312; 33716
181; 312; 33778
182; 312; 33784
183; 312; 33559
184; 312; 33168
185; 312; 32924
186; 312; 32965
187; 312; 33157
188; 312; 33243
189; 312; 33235
190; 312; 33089
191; 312; 32848
192; 312; 32786
193; 312; 32803
194; 312; 32893
195; 312; 33145
196; 312; 33378
197; 312; 33542
198; 312; 33562
199; 312; 33417
200; 312; 33288
201; 312; 33315
202; 312; 33397
203; 312; 33370
204; 312; 33263
205; 312; 33275
206; 312; 33463
207; 312; 33683
208; 312; 33873
209; 312; 33905
210; 312; 33889
211; 312; 33958
212; 312; 34094
213; 312; 34198
214; 312; 34286
215; 312; 34318
216; 312; 34406
217; 312; 34512
218; 312; 34445
219; 312; 34199
220; 312; 33987
221; 312; 34022
222; 312; 34317
223; 312; 34572
224; 312; 34467
225; 312; 34014
226; 312; 33462
227; 312; 33153
228; 312; 33118
229; 312; 33006
230; 312; 33330
231; 312; 33859
232; 312; 34567
233; 312; 35410
234; 312; 36199
235; 312; 36679
170; 313; 32874
171; 313; 32957
172; 313; 33093
173; 313; 33191
174; 313; 33372
175; 313; 33630
176; 313; 33823
177; 313; 33890
178; 313; 33809
179; 313; 33691
180; 313; 33687
181; 313; 33796
182; 313; 33813
183; 313; 33540
184; 313; 33055
185; 313; 32824
186; 313; 32849
187; 313; 33035
188; 313; 33211
189; 313; 33243
190; 313; 33119
191; 313; 32931
192; 313; 32892
193; 313; 32879
194; 313; 32887
195; 313; 33031
196; 313; 33345
197; 313; 33591
198; 313; 33559
199; 313; 33294
200; 313; 33219
201; 313; 33289
202; 313; 33364
203; 313; 33255
204; 313; 33158
205; 313; 33224
206; 313; 33439
207; 313; 33717
208; 313; 33891
209; 313; 33851
210; 313; 33809
211; 313; 33938
212; 313; 34047
213; 313; 34004
214; 313; 33849
215; 313; 33621
216; 313; 33500
217; 313; 33546
218; 313; 33678
219; 313; 33752
220; 313; 33830
221; 313; 34069
222; 313; 34536
223; 313; 34860
224; 313; 34744
225; 313; 34376
226; 313; 34091
227; 313; 33917
228; 313; 33653
229; 313; 33233
230; 313; 32934
231; 313; 32966
232; 313; 33353
233; 313; 33889
234; 313; 34387
235; 313; 34749
170; 314; 33022
171; 314; 32995
172; 314; 33088
173; 314; 33264
174; 314; 33514
175; 314; 33683
176; 314; 33785
177; 314; 33824
178; 314; 33729
179; 314; 33597
180; 314; 33619
181; 314; 33792
182; 314; 33875
183; 314; 33602
184; 314; 33044
185; 314; 32795
186; 314; 32818
187; 314; 32862
188; 314; 33030
189; 314; 33319
190; 314; 33409
191; 314; 33265
192; 314; 33095
193; 314; 32975
194; 314; 32867
195; 314; 32962
196; 314; 33455
197; 314; 33828
198; 314; 33706
199; 314; 33322
200; 314; 33232
201; 314; 33233
202; 314; 33100
203; 314; 32924
204; 314; 32873
205; 314; 32954
206; 314; 33075
207; 314; 33239
208; 314; 33378
209; 314; 33405
210; 314; 33418
211; 314; 33462
212; 314; 33427
213; 314; 33304
214; 314; 33183
215; 314; 33065
216; 314; 32952
217; 314; 32993
218; 314; 33223
219; 314; 33430
220; 314; 33515
221; 314; 33628
222; 314; 33841
223; 314; 33880
224; 314; 33675
225; 314; 33558
226; 314; 33758
227; 314; 34047
228; 314; 34110
229; 314; 33943
230; 314; 33757
231; 314; 33741
232; 314; 33769
233; 314; 33641
234; 314; 33478
235; 314; 33436
170; 315; 33137
171; 315; 33084
172; 315; 33094
173; 315; 33206
174; 315; 33460
175; 315; 33613
176; 315; 33681
177; 315; 33739
178; 315; 33695
179; 315; 33583
180; 315; 33606
181; 315; 33794
182; 315; 33861
183; 315; 33578
184; 315; 33090
185; 315; 32835
186; 315; 32828
187; 315; 32802
188; 315; 32946
189; 315; 33336
190; 315; 33476
191; 315; 33367
192; 315; 33174
193; 315; 33082
194; 315; 32994
195; 315; 33120
196; 315; 33540
197; 315; 33795
198; 315; 33619
199; 315; 33379
200; 315; 33369
201; 315; 33264
202; 315; 32954
203; 315; 32768
204; 315; 32768
205; 315; 32843
206; 315; 32909
207; 315; 32966
208; 315; 33071
209; 315; 33148
210; 315; 33131
211; 315; 33061
212; 315; 32951
213; 315; 32895
214; 315; 32986
215; 315; 33123
216; 315; 33219
217; 315; 33295
218; 315; 33335
219; 315; 33346
220; 315; 33238
221; 315; 33165
222; 315; 33100
223; 315; 32962
224; 315; 32816
225; 315; 32846
226; 315; 33128
227; 315; 33471
228; 315; 33708
229; 315; 33860
230; 315; 34138
231; 315; 34464
232; 315; 34531
233; 315; 34205
234; 315; 33748
235; 315; 33445
170; 316; 33067
171; 316; 33056
172; 316; 32997
173; 316; 33034
174; 316; 33208
175; 316; 33462
176; 316; 33633
177; 316; 33764
178; 316; 33801
179; 316; 33705
180; 316; 33705
181; 316; 33852
182; 316; 33838
183; 316; 33470
184; 316; 33110
185; 316; 32985
186; 316; 32897
187; 316; 32856
188; 316; 33091
189; 316; 33489
190; 316; 33531
191; 316; 33204
192; 316; 33044
193; 316; 33104
194; 316; 33211
195; 316; 33327
196; 316; 33418
197; 316; 33368
198; 316; 33185
199; 316; 33220
200; 316; 33470
201; 316; 33558
202; 316; 33350
203; 316; 33175
204; 316; 33189
205; 316; 33225
206; 316; 33196
207; 316; 33183
208; 316; 33221
209; 316; 33230
210; 316; 33135
211; 316; 33040
212; 316; 32998
213; 316; 33054
214; 316; 33207
215; 316; 33368
216; 316; 33441
217; 316; 33404
218; 316; 33326
219; 316; 33125
220; 316; 32972
221; 316; 32930
222; 316; 32952
223; 316; 32923
224; 316; 32907
225; 316; 32933
226; 316; 33010
227; 316; 33049
228; 316; 33104
229; 316; 33302
230; 316; 33750
231; 316; 34300
232; 316; 34630
233; 316; 34627
234; 316; 34418
235; 316; 34130
170; 317; 32955
171; 317; 32978
172; 317; 32946
173; 317; 32949
174; 317; 33072
175; 317; 33341
176; 317; 33568
177; 317; 33778
178; 317; 33847
179; 317; 33802
180; 317; 33783
181; 317; 33878
182; 317; 33784
183; 317; 33353
184; 317; 33093
185; 317; 33069
186; 317; 33032
187; 317; 33085
188; 317; 33542
189; 317; 33953
190; 317; 33843
191; 317; 33338
192; 317; 33010
193; 317; 33062
194; 317; 33197
195; 317; 33303
196; 317; 33254
197; 317; 33054
198; 317; 32957
199; 317; 33180
200; 317; 33719
201; 317; 34147
202; 317; 34232
203; 317; 34151
204; 317; 34033
205; 317; 33860
206; 317; 33670
207; 317; 33532
208; 317; 33453
209; 317; 33357
210; 317; 33226
211; 317; 33139
212; 317; 33191
213; 317; 33350
214; 317; 33384
215; 317; 33360
216; 317; 33363
217; 317; 33332
218; 317; 33195
219; 317; 33014
220; 317; 32950
221; 317; 32985
222; 317; 33098
223; 317; 33166
224; 317; 33202
225; 317; 33205
226; 317; 33144
227; 317; 33053
228; 317; 33047
229; 317; 33175
230; 317; 33465
231; 317; 33864
232; 317; 34309
233; 317; 34635
234; 317; 34782
235; 317; 34697
170; 318; 32960
171; 318; 32993
172; 318; 32972
173; 318; 32992
174; 318; 33121
175; 318; 33333
176; 318; 33455
177; 318; 33617
178; 318; 33734
179; 318; 33734
180; 318; 33699
181; 318; 33708
182; 318; 33586
183; 318; 33261
184; 318; 33072
185; 318; 33045
186; 318; 33024
187; 318; 33211
188; 318; 33854
189; 318; 34395
190; 318; 34355
191; 318; 33811
192; 318; 33227
193; 318; 32998
194; 318; 32977
195; 318; 33077
196; 318; 33148
197; 318; 33102
198; 318; 33089
199; 318; 33488
200; 318; 34192
201; 318; 34644
202; 318; 34676
203; 318; 34450
204; 318; 34130
205; 318; 33856
206; 318; 33671
207; 318; 33558
208; 318; 33436
209; 318; 33363
210; 318; 33304
211; 318; 33215
212; 318; 33251
213; 318; 33330
214; 318; 33325
215; 318; 33256
216; 318; 33245
217; 318; 33240
218; 318; 33131
219; 318; 33024
220; 318; 33019
221; 318; 33123
222; 318; 33225
223; 318; 33267
224; 318; 33292
225; 318; 33275
226; 318; 33221
227; 318; 33191
228; 318; 33230
229; 318; 33340
230; 318; 33432
231; 318; 33625
232; 318; 33932
233; 318; 34335
234; 318; 34656
235; 318; 34812
170; 319; 33025
171; 319; 33078
172; 319; 33043
173; 319; 33045
174; 319; 33202
175; 319; 33326
176; 319; 33365
177; 319; 33370
178; 319; 33426
179; 319; 33457
180; 319; 33401
181; 319; 33343
182; 319; 33297
183; 319; 33209
184; 319; 33073
185; 319; 33020
186; 319; 32992
187; 319; 33121
188; 319; 33671
189; 319; 34265
190; 319; 34397
191; 319; 34042
192; 319; 33496
193; 319; 33094
194; 319; 32903
195; 319; 32944
196; 319; 33053
197; 319; 33135
198; 319; 33319
199; 319; 33900
200; 319; 34489
201; 319; 34615
202; 319; 34230
203; 319; 33676
204; 319; 33350
205; 319; 33249
206; 319; 33246
207; 319; 33292
208; 319; 33356
209; 319; 33365
210; 319; 33436
211; 319; 33430
212; 319; 33338
213; 319; 33291
214; 319; 33248
215; 319; 33249
216; 319; 33292
217; 319; 33263
218; 319; 33090
219; 319; 32983
220; 319; 33012
221; 319; 33116
222; 319; 33176
223; 319; 33204
224; 319; 33217
225; 319; 33216
226; 319; 33209
227; 319; 33222
228; 319; 33245
229; 319; 33260
230; 319; 33272
231; 319; 33376
232; 319; 33570
233; 319; 33803
234; 319; 34051
235; 319; 34346
170; 320; 33058
171; 320; 33130
172; 320; 33112
173; 320; 33082
174; 320; 33156
175; 320; 33269
176; 320; 33279
177; 320; 33210
178; 320; 33200
179; 320; 33244
180; 320; 33233
181; 320; 33189
182; 320; 33213
183; 320; 33257
184; 320; 33173
185; 320; 33069
186; 320; 33017
187; 320; 33044
188; 320; 33289
189; 320; 33633
190; 320; 33895
191; 320; 33900
192; 320; 33747
193; 320; 33456
194; 320; 33191
195; 320; 33039
196; 320; 32994
197; 320; 33019
198; 320; 33290
199; 320; 33931
200; 320; 34360
201; 320; 34123
202; 320; 33409
203; 320; 32953
204; 320; 32997
205; 320; 33144
206; 320; 33171
207; 320; 33190
208; 320; 33369
209; 320; 33617
210; 320; 33781
211; 320; 33757
212; 320; 33565
213; 320; 33360
214; 320; 33298
215; 320; 33344
216; 320; 33454
217; 320; 33402
218; 320; 33156
219; 320; 32999
220; 320; 33010
221; 320; 33089
222; 320; 33098
223; 320; 33085
224; 320; 33075
225; 320; 33101
226; 320; 33172
227; 320; 33256
228; 320; 33247
229; 320; 33160
230; 320; 33133
231; 320; 33244
232; 320; 33395
233; 320; 33419
234; 320; 33438
235; 320; 33605
170; 321; 33158
171; 321; 33217
172; 321; 33208
173; 321; 33152
174; 321; 33167
175; 321; 33225
176; 321; 33210
177; 321; 33124
178; 321; 33101
179; 321; 33162
180; 321; 33204
181; 321; 33218
182; 321; 33285
183; 321; 33365
184; 321; 33319
185; 321; 33175
186; 321; 33137
187; 321; 33163
188; 321; 33210
189; 321; 33305
190; 321; 33509
191; 321; 33827
192; 321; 33986
193; 321; 33919
194; 321; 33731
195; 321; 33465
196; 321; 33194
197; 321; 33015
198; 321; 33182
199; 321; 33699
200; 321; 34064
201; 321; 33770
202; 321; 33152
203; 321; 33072
204; 321; 33481
205; 321; 33760
206; 321; 33533
207; 321; 33221
208; 321; 33437
209; 321; 33954
210; 321; 34023
211; 321; 33825
212; 321; 33566
213; 321; 33424
214; 321; 33405
215; 321; 33502
216; 321; 33606
217; 321; 33614
218; 321; 33474
219; 321; 33318
220; 321; 33246
221; 321; 33194
222; 321; 33114
223; 321; 33036
224; 321; 33011
225; 321; 33075
226; 321; 33339
227; 321; 33642
228; 321; 33720
229; 321; 33569
230; 321; 33461
231; 321; 33555
232; 321; 33649
233; 321; 33507
234; 321; 33287
235; 321; 33282
170; 322; 33306
171; 322; 33333
172; 322; 33343
173; 322; 33311
174; 322; 33275
175; 322; 33250
176; 322; 33211
177; 322; 33137
178; 322; 33089
179; 322; 33119
180; 322; 33170
181; 322; 33204
182; 322; 33281
183; 322; 33401
184; 322; 33410
185; 322; 33327
186; 322; 33292
187; 322; 33414
188; 322; 33536
189; 322; 33596
190; 322; 33721
191; 322; 34002
192; 322; 34164
193; 322; 34156
194; 322; 34074
195; 322; 33980
196; 322; 33765
197; 322; 33447
198; 322; 33359
199; 322; 33624
200; 322; 33917
201; 322; 33779
202; 322; 33373
203; 322; 33429
204; 322; 33962
205; 322; 34146
206; 322; 33722
207; 322; 33259
208; 322; 33535
209; 322; 34144
210; 322; 34060
211; 322; 33666
212; 322; 33473
213; 322; 33479
214; 322; 33561
215; 322; 33594
216; 322; 33637
217; 322; 33700
218; 322; 33734
219; 322; 33661
220; 322; 33551
221; 322; 33390
222; 322; 33191
223; 322; 33092
224; 322; 33115
225; 322; 33311
226; 322; 33736
227; 322; 34224
228; 322; 34481
229; 322; 34391
230; 322; 34203
231; 322; 34179
232; 322; 34211
233; 322; 34014
234; 322; 33672
235; 322; 33552
170; 323; 33418
171; 323; 33400
172; 323; 33399
173; 323; 33424
174; 323; 33383
175; 323; 33290
176; 323; 33252
177; 323; 33250
178; 323; 33207
179; 323; 33154
180; 323; 33123
181; 323; 33064
182; 323; 33055
183; 323; 33260
184; 323; 33461
185; 323; 33467
186; 323; 33422
187; 323; 33650
188; 323; 33977
189; 323; 34140
190; 323; 34152
191; 323; 34164
192; 323; 34169
193; 323; 34146
194; 323; 34122
195; 323; 34194
196; 323; 34236
197; 323; 34069
198; 323; 33749
199; 323; 33693
200; 323; 33854
201; 323; 33845
202; 323; 33484
203; 323; 33330
204; 323; 33625
205; 323; 33844
206; 323; 33517
207; 323; 33291
208; 323; 33731
209; 323; 34308
210; 323; 34156
211; 323; 33736
212; 323; 33691
213; 323; 33869
214; 323; 33821
215; 323; 33602
216; 323; 33549
217; 323; 33644
218; 323; 33731
219; 323; 33731
220; 323; 33639
221; 323; 33439
222; 323; 33295
223; 323; 33307
224; 323; 33456
225; 323; 33691
226; 323; 33956
227; 323; 34282
228; 323; 34628
229; 323; 34823
230; 323; 34791
231; 323; 34700
232; 323; 34670
233; 323; 34554
234; 323; 34213
235; 323; 33924
170; 324; 33393
171; 324; 33330
172; 324; 33309
173; 324; 33383
174; 324; 33380
175; 324; 33269
176; 324; 33235
177; 324; 33304
178; 324; 33332
179; 324; 33295
180; 324; 33251
181; 324; 33125
182; 324; 33033
183; 324; 33210
184; 324; 33542
185; 324; 33592
186; 324; 33533
187; 324; 33768
188; 324; 34205
189; 324; 34466
190; 324; 34410
191; 324; 34211
192; 324; 34095
193; 324; 34049
194; 324; 34031
195; 324; 34045
196; 324; 34219
197; 324; 34271
198; 324; 34032
199; 324; 33673
200; 324; 33670
201; 324; 33753
202; 324; 33508
203; 324; 33040
204; 324; 33009
205; 324; 33202
206; 324; 33220
207; 324; 33362
208; 324; 33922
209; 324; 34342
210; 324; 34296
211; 324; 34188
212; 324; 34396
213; 324; 34382
214; 324; 33911
215; 324; 33460
216; 324; 33399
217; 324; 33608
218; 324; 33777
219; 324; 33820
220; 324; 33745
221; 324; 33602
222; 324; 33534
223; 324; 33646
224; 324; 33845
225; 324; 33945
226; 324; 33885
227; 324; 33804
228; 324; 34026
229; 324; 34535
230; 324; 34954
231; 324; 35048
232; 324; 35035
233; 324; 34984
234; 324; 34686
235; 324; 34215
170; 325; 33316
171; 325; 33205
172; 325; 33178
173; 325; 33276
174; 325; 33316
175; 325; 33232
176; 325; 33189
177; 325; 33244
178; 325; 33318
179; 325; 33476
180; 325; 33675
181; 325; 33716
182; 325; 33546
183; 325; 33510
184; 325; 33632
185; 325; 33628
186; 325; 33583
187; 325; 33766
188; 325; 34200
189; 325; 34480
190; 325; 34443
191; 325; 34286
192; 325; 34107
193; 325; 33980
194; 325; 33845
195; 325; 33743
196; 325; 33880
197; 325; 34102
198; 325; 34051
199; 325; 33629
200; 325; 33475
201; 325; 33620
202; 325; 33609
203; 325; 33242
204; 325; 32947
205; 325; 32960
206; 325; 33138
207; 325; 33490
208; 325; 33929
209; 325; 34187
210; 325; 34305
211; 325; 34640
212; 325; 34918
213; 325; 34595
214; 325; 33742
215; 325; 33247
216; 325; 33357
217; 325; 33786
218; 325; 34067
219; 325; 34084
220; 325; 34011
221; 325; 33957
222; 325; 33970
223; 325; 34044
224; 325; 34138
225; 325; 34146
226; 325; 33919
227; 325; 33523
228; 325; 33437
229; 325; 33965
230; 325; 34725
231; 325; 35052
232; 325; 35033
233; 325; 35001
234; 325; 34887
235; 325; 34559
170; 326; 33367
171; 326; 33206
172; 326; 33124
173; 326; 33191
174; 326; 33283
175; 326; 33300
176; 326; 33283
177; 326; 33264
178; 326; 33261
179; 326; 33476
180; 326; 33881
181; 326; 34138
182; 326; 34091
183; 326; 33871
184; 326; 33685
185; 326; 33589
186; 326; 33593
187; 326; 33758
188; 326; 34021
189; 326; 34166
190; 326; 34281
191; 326; 34340
192; 326; 34271
193; 326; 34111
194; 326; 33872
195; 326; 33726
196; 326; 33792
197; 326; 34023
198; 326; 34041
199; 326; 33648
200; 326; 33379
201; 326; 33442
202; 326; 33604
203; 326; 33586
204; 326; 33313
205; 326; 33145
206; 326; 33318
207; 326; 33663
208; 326; 33897
209; 326; 34045
210; 326; 34329
211; 326; 34820
212; 326; 35064
213; 326; 34633
214; 326; 33726
215; 326; 33256
216; 326; 33431
217; 326; 33920
218; 326; 34131
219; 326; 34069
220; 326; 34010
221; 326; 34116
222; 326; 34259
223; 326; 34304
224; 326; 34300
225; 326; 34319
226; 326; 34133
227; 326; 33647
228; 326; 33372
229; 326; 33661
230; 326; 34304
231; 326; 34568
232; 326; 34361
233; 326; 34279
234; 326; 34503
235; 326; 34632
170; 327; 33550
171; 327; 33346
172; 327; 33155
173; 327; 33134
174; 327; 33259
175; 327; 33414
176; 327; 33485
177; 327; 33435
178; 327; 33357
179; 327; 33420
180; 327; 33715
181; 327; 33955
182; 327; 34003
183; 327; 33861
184; 327; 33629
185; 327; 33522
186; 327; 33579
187; 327; 33770
188; 327; 33835
189; 327; 33720
190; 327; 33787
191; 327; 34121
192; 327; 34351
193; 327; 34356
194; 327; 34258
195; 327; 34166
196; 327; 34138
197; 327; 34098
198; 327; 33969
199; 327; 33617
200; 327; 33286
201; 327; 33236
202; 327; 33446
203; 327; 33554
204; 327; 33463
205; 327; 33402
206; 327; 33549
207; 327; 33761
208; 327; 33904
209; 327; 34062
210; 327; 34443
211; 327; 34862
212; 327; 35043
213; 327; 34715
214; 327; 33991
215; 327; 33503
216; 327; 33480
217; 327; 33711
218; 327; 33819
219; 327; 33710
220; 327; 33707
221; 327; 33981
222; 327; 34254
223; 327; 34318
224; 327; 34301
225; 327; 34319
226; 327; 34169
227; 327; 33773
228; 327; 33526
229; 327; 33747
230; 327; 34091
231; 327; 34003
232; 327; 33587
233; 327; 33454
234; 327; 33890
235; 327; 34332
170; 328; 33695
171; 328; 33511
172; 328; 33269
173; 328; 33149
174; 328; 33217
175; 328; 33383
176; 328; 33487
177; 328; 33485
178; 328; 33484
179; 328; 33524
180; 328; 33507
181; 328; 33414
182; 328; 33421
183; 328; 33508
184; 328; 33537
185; 328; 33489
186; 328; 33562
187; 328; 33747
188; 328; 33757
189; 328; 33572
190; 328; 33453
191; 328; 33662
192; 328; 34053
193; 328; 34283
194; 328; 34355
195; 328; 34349
196; 328; 34217
197; 328; 33941
198; 328; 33641
199; 328; 33369
200; 328; 33206
201; 328; 33134
202; 328; 33222
203; 328; 33345
204; 328; 33383
205; 328; 33430
206; 328; 33571
207; 328; 33695
208; 328; 33763
209; 328; 34064
210; 328; 34434
211; 328; 34644
212; 328; 34653
213; 328; 34497
214; 328; 34131
215; 328; 33703
216; 328; 33533
217; 328; 33578
218; 328; 33587
219; 328; 33535
220; 328; 33577
221; 328; 33812
222; 328; 34099
223; 328; 34211
224; 328; 34211
225; 328; 34119
226; 328; 33865
227; 328; 33717
228; 328; 33773
229; 328; 34136
230; 328; 34255
231; 328; 33892
232; 328; 33510
233; 328; 33561
234; 328; 33994
235; 328; 34290
170; 329; 33669
171; 329; 33608
172; 329; 33462
173; 329; 33306
174; 329; 33240
175; 329; 33247
176; 329; 33245
177; 329; 33264
178; 329; 33409
179; 329; 33606
180; 329; 33581
181; 329; 33271
182; 329; 33128
183; 329; 33290
184; 329; 33539
185; 329; 33538
186; 329; 33502
187; 329; 33643
188; 329; 33790
189; 329; 33731
190; 329; 33525
191; 329; 33427
192; 329; 33510
193; 329; 33652
194; 329; 33783
195; 329; 33820
196; 329; 33705
197; 329; 33403
198; 329; 33151
199; 329; 33068
200; 329; 33149
201; 329; 33206
202; 329; 33224
203; 329; 33213
204; 329; 33206
205; 329; 33254
206; 329; 33347
207; 329; 33411
208; 329; 33504
209; 329; 33840
210; 329; 34123
211; 329; 34083
212; 329; 33902
213; 329; 33866
214; 329; 33899
215; 329; 33866
216; 329; 33908
217; 329; 34035
218; 329; 34039
219; 329; 33891
220; 329; 33803
221; 329; 33855
222; 329; 33975
223; 329; 34143
224; 329; 34191
225; 329; 34032
226; 329; 33703
227; 329; 33740
228; 329; 34247
229; 329; 34637
230; 329; 34480
231; 329; 34058
232; 329; 34039
233; 329; 34421
234; 329; 34727
235; 329; 34733
170; 330; 33546
171; 330; 33623
172; 330; 33630
173; 330; 33521
174; 330; 33373
175; 330; 33231
176; 330; 33130
177; 330; 33091
178; 330; 33223
179; 330; 33541
180; 330; 33663
181; 330; 33474
182; 330; 33209
183; 330; 33277
184; 330; 33641
185; 330; 33688
186; 330; 33511
187; 330; 33513
188; 330; 33754
189; 330; 33889
190; 330; 33788
191; 330; 33479
192; 330; 33264
193; 330; 33127
194; 330; 33086
195; 330; 33081
196; 330; 33056
197; 330; 32981
198; 330; 32916
199; 330; 32981
200; 330; 33141
201; 330; 33272
202; 330; 33285
203; 330; 33204
204; 330; 33160
205; 330; 33191
206; 330; 33228
207; 330; 33235
208; 330; 33310
209; 330; 33538
210; 330; 33704
211; 330; 33549
212; 330; 33413
213; 330; 33568
214; 330; 33971
215; 330; 34362
216; 330; 34680
217; 330; 34886
218; 330; 34892
219; 330; 34657
220; 330; 34306
221; 330; 34034
222; 330; 33967
223; 330; 34133
224; 330; 34284
225; 330; 34129
226; 330; 33834
227; 330; 34030
228; 330; 34701
229; 330; 34946
230; 330; 34544
231; 330; 34134
232; 330; 34354
233; 330; 34780
234; 330; 34933
235; 330; 34843
170; 331; 33484
171; 331; 33588
172; 331; 33656
173; 331; 33624
174; 331; 33522
175; 331; 33392
176; 331; 33295
177; 331; 33211
178; 331; 33213
179; 331; 33373
180; 331; 33566
181; 331; 33519
182; 331; 33254
183; 331; 33239
184; 331; 33600
185; 331; 33735
186; 331; 33605
187; 331; 33465
188; 331; 33604
189; 331; 33840
190; 331; 33832
191; 331; 33624
192; 331; 33313
193; 331; 33073
194; 331; 32925
195; 331; 32872
196; 331; 32872
197; 331; 32909
198; 331; 32951
199; 331; 33010
200; 331; 33102
201; 331; 33180
202; 331; 33197
203; 331; 33183
204; 331; 33215
205; 331; 33298
206; 331; 33335
207; 331; 33301
208; 331; 33296
209; 331; 33347
210; 331; 33411
211; 331; 33446
212; 331; 33629
213; 331; 34105
214; 331; 34673
215; 331; 35029
216; 331; 35210
217; 331; 35354
218; 331; 35396
219; 331; 35176
220; 331; 34686
221; 331; 34147
222; 331; 33966
223; 331; 34152
224; 331; 34324
225; 331; 34174
226; 331; 33787
227; 331; 33959
228; 331; 34632
229; 331; 34860
230; 331; 34422
231; 331; 34005
232; 331; 34076
233; 331; 34308
234; 331; 34315
235; 331; 34274
170; 332; 33577
171; 332; 33571
172; 332; 33577
173; 332; 33587
174; 332; 33562
175; 332; 33540
176; 332; 33585
177; 332; 33561
178; 332; 33399
179; 332; 33324
180; 332; 33417
181; 332; 33444
182; 332; 33240
183; 332; 33153
184; 332; 33295
185; 332; 33592
186; 332; 33605
187; 332; 33461
188; 332; 33477
189; 332; 33619
190; 332; 33687
191; 332; 33615
192; 332; 33464
193; 332; 33262
194; 332; 33080
195; 332; 32974
196; 332; 32956
197; 332; 32985
198; 332; 33002
199; 332; 33022
200; 332; 33044
201; 332; 33064
202; 332; 33089
203; 332; 33139
204; 332; 33231
205; 332; 33349
206; 332; 33404
207; 332; 33341
208; 332; 33235
209; 332; 33182
210; 332; 33281
211; 332; 33674
212; 332; 34308
213; 332; 34971
214; 332; 35292
215; 332; 35250
216; 332; 35203
217; 332; 35363
218; 332; 35469
219; 332; 35205
220; 332; 34591
221; 332; 33981
222; 332; 33819
223; 332; 34136
224; 332; 34334
225; 332; 34092
226; 332; 33524
227; 332; 33492
228; 332; 34055
229; 332; 34411
230; 332; 34222
231; 332; 33866
232; 332; 33751
233; 332; 33733
234; 332; 33662
235; 332; 33644
170; 333; 33732
171; 333; 33627
172; 333; 33556
173; 333; 33559
174; 333; 33568
175; 333; 33584
176; 333; 33665
177; 333; 33724
178; 333; 33649
179; 333; 33475
180; 333; 33512
181; 333; 33592
182; 333; 33440
183; 333; 33152
184; 333; 33109
185; 333; 33193
186; 333; 33330
187; 333; 33398
188; 333; 33450
189; 333; 33541
190; 333; 33599
191; 333; 33573
192; 333; 33491
193; 333; 33358
194; 333; 33209
195; 333; 33140
196; 333; 33115
197; 333; 33086
198; 333; 33061
199; 333; 33071
200; 333; 33088
201; 333; 33103
202; 333; 33133
203; 333; 33168
204; 333; 33199
205; 333; 33233
206; 333; 33254
207; 333; 33208
208; 333; 33096
209; 333; 33051
210; 333; 33343
211; 333; 34028
212; 333; 34843
213; 333; 35378
214; 333; 35397
215; 333; 35159
216; 333; 35129
217; 333; 35332
218; 333; 35332
219; 333; 34785
220; 333; 34050
221; 333; 33655
222; 333; 33726
223; 333; 34114
224; 333; 34323
225; 333; 34029
226; 333; 33444
227; 333; 33301
228; 333; 33678
229; 333; 34069
230; 333; 33999
231; 333; 33706
232; 333; 33544
233; 333; 33490
234; 333; 33455
235; 333; 33432
170; 334; 33793
171; 334; 33718
172; 334; 33637
173; 334; 33607
174; 334; 33602
175; 334; 33619
176; 334; 33694
177; 334; 33765
178; 334; 33732
179; 334; 33671
180; 334; 33755
181; 334; 33895
182; 334; 33845
183; 334; 33509
184; 334; 33191
185; 334; 33097
186; 334; 33180
187; 334; 33308
188; 334; 33448
189; 334; 33567
190; 334; 33636
191; 334; 33639
192; 334; 33587
193; 334; 33459
194; 334; 33279
195; 334; 33194
196; 334; 33142
197; 334; 33110
198; 334; 33125
199; 334; 33176
200; 334; 33197
201; 334; 33186
202; 334; 33204
203; 334; 33233
204; 334; 33209
205; 334; 33145
206; 334; 33110
207; 334; 33110
208; 334; 33091
209; 334; 33231
210; 334; 33657
211; 334; 34335
212; 334; 35010
213; 334; 35405
214; 334; 35344
215; 334; 35225
216; 334; 35300
217; 334; 35407
218; 334; 34960
219; 334; 34134
220; 334; 33589
221; 334; 33580
222; 334; 33844
223; 334; 34128
224; 334; 34196
225; 334; 33997
226; 334; 33686
227; 334; 33630
228; 334; 33849
229; 334; 33950
230; 334; 33809
231; 334; 33552
232; 334; 33445
233; 334; 33434
234; 334; 33448
235; 334; 33457
170; 335; 33797
171; 335; 33792
172; 335; 33733
173; 335; 33652
174; 335; 33601
175; 335; 33626
176; 335; 33696
177; 335; 33723
178; 335; 33682
179; 335; 33677
180; 335; 33816
181; 335; 33962
182; 335; 34018
183; 335; 33909
184; 335; 33678
185; 335; 33437
186; 335; 33329
187; 335; 33336
188; 335; 33435
189; 335; 33539
190; 335; 33625
191; 335; 33692
192; 335; 33742
193; 335; 33708
194; 335; 33527
195; 335; 33283
196; 335; 33094
197; 335; 33048
198; 335; 33103
199; 335; 33200
200; 335; 33201
201; 335; 33124
202; 335; 33123
203; 335; 33211
204; 335; 33244
205; 335; 33175
206; 335; 33118
207; 335; 33160
208; 335; 33297
209; 335; 33599
210; 335; 33968
211; 335; 34412
212; 335; 34882
213; 335; 35208
214; 335; 35298
215; 335; 35329
216; 335; 35356
217; 335; 35071
218; 335; 34334
219; 335; 33690
220; 335; 33608
221; 335; 33821
222; 335; 34091
223; 335; 34094
224; 335; 33988
225; 335; 33894
226; 335; 33877
227; 335; 33944
228; 335; 33977
229; 335; 33835
230; 335; 33591
231; 335; 33453
232; 335; 33420
233; 335; 33411
234; 335; 33463
235; 335; 33549
170; 336; 33892
171; 336; 33877
172; 336; 33775
173; 336; 33611
174; 336; 33494
175; 336; 33530
176; 336; 33625
177; 336; 33633
178; 336; 33559
179; 336; 33559
180; 336; 33706
181; 336; 33847
182; 336; 33937
183; 336; 33963
184; 336; 33958
185; 336; 33853
186; 336; 33722
187; 336; 33617
188; 336; 33581
189; 336; 33554
190; 336; 33577
191; 336; 33670
192; 336; 33825
193; 336; 33918
194; 336; 33816
195; 336; 33529
196; 336; 33165
197; 336; 32959
198; 336; 32965
199; 336; 33080
200; 336; 33090
201; 336; 32984
202; 336; 32953
203; 336; 33080
204; 336; 33203
205; 336; 33193
206; 336; 33142
207; 336; 33192
208; 336; 33381
209; 336; 33609
210; 336; 33838
211; 336; 34089
212; 336; 34369
213; 336; 34632
214; 336; 34832
215; 336; 34954
216; 336; 34849
217; 336; 34356
218; 336; 33802
219; 336; 33646
220; 336; 33799
221; 336; 34081
222; 336; 34098
223; 336; 33977
224; 336; 33791
225; 336; 33696
226; 336; 33765
227; 336; 33850
228; 336; 33735
229; 336; 33469
230; 336; 33345
231; 336; 33377
232; 336; 33413
233; 336; 33481
234; 336; 33675
235; 336; 33853
170; 337; 34034
171; 337; 33941
172; 337; 33740
173; 337; 33523
174; 337; 33423
175; 337; 33436
176; 337; 33550
177; 337; 33606
178; 337; 33562
179; 337; 33570
180; 337; 33663
181; 337; 33725
182; 337; 33745
183; 337; 33756
184; 337; 33770
185; 337; 33841
186; 337; 33986
187; 337; 34167
188; 337; 34130
189; 337; 33947
190; 337; 33781
191; 337; 33740
192; 337; 33838
193; 337; 33939
194; 337; 33953
195; 337; 33800
196; 337; 33443
197; 337; 33077
198; 337; 32918
199; 337; 32965
200; 337; 33003
201; 337; 32945
202; 337; 32890
203; 337; 32947
204; 337; 33084
205; 337; 33129
206; 337; 33099
207; 337; 33092
208; 337; 33161
209; 337; 33309
210; 337; 33472
211; 337; 33612
212; 337; 33726
213; 337; 33837
214; 337; 34012
215; 337; 34202
216; 337; 34165
217; 337; 33848
218; 337; 33600
219; 337; 33706
220; 337; 33995
221; 337; 34027
222; 337; 33905
223; 337; 33765
224; 337; 33664
225; 337; 33551
226; 337; 33502
227; 337; 33476
228; 337; 33317
229; 337; 33161
230; 337; 33208
231; 337; 33330
232; 337; 33456
233; 337; 33722
234; 337; 34149
235; 337; 34294
170; 338; 34090
171; 338; 33974
172; 338; 33817
173; 338; 33682
174; 338; 33536
175; 338; 33457
176; 338; 33542
177; 338; 33639
178; 338; 33661
179; 338; 33654
180; 338; 33653
181; 338; 33635
182; 338; 33560
183; 338; 33450
184; 338; 33481
185; 338; 33769
186; 338; 34291
187; 338; 34804
188; 338; 34886
189; 338; 34647
190; 338; 34290
191; 338; 33983
192; 338; 33835
193; 338; 33866
194; 338; 33999
195; 338; 34035
196; 338; 33836
197; 338; 33474
198; 338; 33153
199; 338; 33016
200; 338; 33032
201; 338; 33046
202; 338; 32992
203; 338; 32971
204; 338; 33028
205; 338; 33084
206; 338; 33081
207; 338; 33054
208; 338; 33071
209; 338; 33242
210; 338; 33447
211; 338; 33566
212; 338; 33526
213; 338; 33411
214; 338; 33454
215; 338; 33677
216; 338; 33820
217; 338; 33707
218; 338; 33646
219; 338; 33813
220; 338; 33978
221; 338; 33915
222; 338; 33711
223; 338; 33626
224; 338; 33560
225; 338; 33459
226; 338; 33384
227; 338; 33331
228; 338; 33220
229; 338; 33189
230; 338; 33331
231; 338; 33450
232; 338; 33567
233; 338; 34022
234; 338; 34641
235; 338; 34721
170; 339; 34113
171; 339; 34054
172; 339; 34070
173; 339; 34120
174; 339; 34071
175; 339; 33821
176; 339; 33629
177; 339; 33645
178; 339; 33670
179; 339; 33640
180; 339; 33580
181; 339; 33545
182; 339; 33495
183; 339; 33423
184; 339; 33448
185; 339; 33913
186; 339; 34787
187; 339; 35382
188; 339; 35369
189; 339; 35138
190; 339; 34822
191; 339; 34272
192; 339; 33810
193; 339; 33736
194; 339; 33967
195; 339; 34138
196; 339; 34124
197; 339; 33919
198; 339; 33658
199; 339; 33387
200; 339; 33278
201; 339; 33271
202; 339; 33250
203; 339; 33155
204; 339; 33116
205; 339; 33141
206; 339; 33148
207; 339; 33134
208; 339; 33231
209; 339; 33483
210; 339; 33778
211; 339; 33865
212; 339; 33688
213; 339; 33431
214; 339; 33338
215; 339; 33484
216; 339; 33684
217; 339; 33641
218; 339; 33569
219; 339; 33738
220; 339; 33929
221; 339; 33856
222; 339; 33597
223; 339; 33470
224; 339; 33415
225; 339; 33383
226; 339; 33365
227; 339; 33361
228; 339; 33365
229; 339; 33522
230; 339; 33694
231; 339; 33613
232; 339; 33588
233; 339; 34145
234; 339; 34926
235; 339; 35028
170; 340; 34175
171; 340; 34157
172; 340; 34214
173; 340; 34350
174; 340; 34408
175; 340; 34226
176; 340; 33895
177; 340; 33672
178; 340; 33624
179; 340; 33590
180; 340; 33526
181; 340; 33499
182; 340; 33486
183; 340; 33469
184; 340; 33598
185; 340; 34247
186; 340; 35287
187; 340; 35704
188; 340; 35431
189; 340; 35223
190; 340; 35081
191; 340; 34516
192; 340; 33863
193; 340; 33690
194; 340; 33872
195; 340; 34099
196; 340; 34121
197; 340; 34156
198; 340; 34127
199; 340; 33940
200; 340; 33643
201; 340; 33524
202; 340; 33455
203; 340; 33408
204; 340; 33364
205; 340; 33387
206; 340; 33377
207; 340; 33336
208; 340; 33405
209; 340; 33648
210; 340; 33882
211; 340; 33940
212; 340; 33810
213; 340; 33527
214; 340; 33425
215; 340; 33580
216; 340; 33694
217; 340; 33550
218; 340; 33487
219; 340; 33669
220; 340; 33885
221; 340; 33731
222; 340; 33381
223; 340; 33292
224; 340; 33363
225; 340; 33392
226; 340; 33384
227; 340; 33387
228; 340; 33509
229; 340; 33752
230; 340; 33819
231; 340; 33534
232; 340; 33395
233; 340; 33969
234; 340; 34858
235; 340; 34993
170; 341; 34261
171; 341; 34215
172; 341; 34194
173; 341; 34266
174; 341; 34348
175; 341; 34332
176; 341; 34148
177; 341; 33900
178; 341; 33782
179; 341; 33724
180; 341; 33615
181; 341; 33517
182; 341; 33479
183; 341; 33493
184; 341; 33749
185; 341; 34494
186; 341; 35529
187; 341; 35724
188; 341; 35368
189; 341; 35218
190; 341; 35232
191; 341; 34763
192; 341; 34037
193; 341; 33707
194; 341; 33778
195; 341; 33919
196; 341; 33935
197; 341; 34136
198; 341; 34351
199; 341; 34316
200; 341; 33995
201; 341; 33629
202; 341; 33485
203; 341; 33491
204; 341; 33631
205; 341; 33748
206; 341; 33729
207; 341; 33574
208; 341; 33441
209; 341; 33454
210; 341; 33619
211; 341; 33706
212; 341; 33632
213; 341; 33553
214; 341; 33703
215; 341; 34081
216; 341; 34136
217; 341; 33744
218; 341; 33506
219; 341; 33689
220; 341; 33807
221; 341; 33490
222; 341; 33180
223; 341; 33259
224; 341; 33479
225; 341; 33532
226; 341; 33451
227; 341; 33372
228; 341; 33410
229; 341; 33649
230; 341; 33682
231; 341; 33348
232; 341; 33224
233; 341; 33668
234; 341; 34324
235; 341; 34378
170; 342; 34340
171; 342; 34258
172; 342; 34156
173; 342; 34141
174; 342; 34216
175; 342; 34276
176; 342; 34234
177; 342; 34152
178; 342; 34124
179; 342; 34103
180; 342; 33912
181; 342; 33661
182; 342; 33491
183; 342; 33526
184; 342; 33833
185; 342; 34538
186; 342; 35492
187; 342; 35735
188; 342; 35519
189; 342; 35355
190; 342; 35362
191; 342; 34979
192; 342; 34302
193; 342; 33914
194; 342; 33846
195; 342; 33837
196; 342; 33859
197; 342; 33970
198; 342; 34287
199; 342; 34349
200; 342; 34130
201; 342; 33746
202; 342; 33512
203; 342; 33535
204; 342; 33741
205; 342; 33868
206; 342; 33878
207; 342; 33659
208; 342; 33418
209; 342; 33301
210; 342; 33347
211; 342; 33479
212; 342; 33542
213; 342; 33608
214; 342; 34091
215; 342; 34637
216; 342; 34678
217; 342; 34143
218; 342; 33683
219; 342; 33704
220; 342; 33678
221; 342; 33316
222; 342; 33194
223; 342; 33432
224; 342; 33662
225; 342; 33703
226; 342; 33595
227; 342; 33410
228; 342; 33336
229; 342; 33392
230; 342; 33504
231; 342; 33399
232; 342; 33341
233; 342; 33494
234; 342; 33647
235; 342; 33577
170; 343; 34395
171; 343; 34331
172; 343; 34241
173; 343; 34210
174; 343; 34242
175; 343; 34259
176; 343; 34223
177; 343; 34199
178; 343; 34238
179; 343; 34287
180; 343; 34204
181; 343; 33988
182; 343; 33749
183; 343; 33706
184; 343; 33929
185; 343; 34455
186; 343; 35237
187; 343; 35673
188; 343; 35597
189; 343; 35470
190; 343; 35381
191; 343; 35146
192; 343; 34749
193; 343; 34490
194; 343; 34313
195; 343; 34123
196; 343; 33984
197; 343; 34019
198; 343; 34139
199; 343; 34218
200; 343; 34174
201; 343; 33936
202; 343; 33716
203; 343; 33676
204; 343; 33764
205; 343; 33766
206; 343; 33617
207; 343; 33493
208; 343; 33398
209; 343; 33312
210; 343; 33293
211; 343; 33410
212; 343; 33538
213; 343; 33709
214; 343; 34195
215; 343; 34719
216; 343; 34744
217; 343; 34207
218; 343; 33717
219; 343; 33618
220; 343; 33473
221; 343; 33311
222; 343; 33368
223; 343; 33552
224; 343; 33669
225; 343; 33747
226; 343; 33778
227; 343; 33617
228; 343; 33350
229; 343; 33318
230; 343; 33463
231; 343; 33569
232; 343; 33511
233; 343; 33424
234; 343; 33255
235; 343; 33260
170; 344; 34390
171; 344; 34371
172; 344; 34346
173; 344; 34367
174; 344; 34386
175; 344; 34318
176; 344; 34206
177; 344; 34159
178; 344; 34199
179; 344; 34266
180; 344; 34301
181; 344; 34288
182; 344; 34206
183; 344; 34065
184; 344; 34073
185; 344; 34264
186; 344; 34724
187; 344; 35287
188; 344; 35560
189; 344; 35496
190; 344; 35341
191; 344; 35226
192; 344; 35278
193; 344; 35291
194; 344; 35112
195; 344; 34716
196; 344; 34370
197; 344; 34184
198; 344; 34147
199; 344; 34192
200; 344; 34247
201; 344; 34192
202; 344; 34027
203; 344; 33933
204; 344; 33846
205; 344; 33546
206; 344; 33224
207; 344; 33201
208; 344; 33370
209; 344; 33362
210; 344; 33294
211; 344; 33381
212; 344; 33616
213; 344; 33742
214; 344; 33933
215; 344; 34229
216; 344; 34249
217; 344; 33921
218; 344; 33635
219; 344; 33511
220; 344; 33415
221; 344; 33407
222; 344; 33521
223; 344; 33530
224; 344; 33482
225; 344; 33636
226; 344; 33882
227; 344; 33830
228; 344; 33529
229; 344; 33395
230; 344; 33510
231; 344; 33595
232; 344; 33494
233; 344; 33246
234; 344; 33166
235; 344; 33373
170; 345; 34336
171; 345; 34328
172; 345; 34331
173; 345; 34384
174; 345; 34435
175; 345; 34388
176; 345; 34274
177; 345; 34198
178; 345; 34187
179; 345; 34222
180; 345; 34295
181; 345; 34385
182; 345; 34446
183; 345; 34377
184; 345; 34178
185; 345; 34100
186; 345; 34336
187; 345; 34869
188; 345; 35404
189; 345; 35524
190; 345; 35426
191; 345; 35383
192; 345; 35610
193; 345; 35817
194; 345; 35727
195; 345; 35310
196; 345; 34776
197; 345; 34397
198; 345; 34193
199; 345; 34216
200; 345; 34340
201; 345; 34380
202; 345; 34195
203; 345; 34024
204; 345; 33922
205; 345; 33643
206; 345; 33249
207; 345; 33191
208; 345; 33368
209; 345; 33372
210; 345; 33283
211; 345; 33387
212; 345; 33711
213; 345; 33783
214; 345; 33738
215; 345; 33779
216; 345; 33845
217; 345; 33766
218; 345; 33611
219; 345; 33502
220; 345; 33477
221; 345; 33574
222; 345; 33646
223; 345; 33518
224; 345; 33383
225; 345; 33550
226; 345; 33846
227; 345; 33879
228; 345; 33674
229; 345; 33569
230; 345; 33623
231; 345; 33610
232; 345; 33421
233; 345; 33251
234; 345; 33293
235; 345; 33637
170; 346; 34322
171; 346; 34336
172; 346; 34317
173; 346; 34320
174; 346; 34379
175; 346; 34425
176; 346; 34399
177; 346; 34338
178; 346; 34286
179; 346; 34254
180; 346; 34265
181; 346; 34335
182; 346; 34415
183; 346; 34402
184; 346; 34265
185; 346; 34154
186; 346; 34307
187; 346; 34768
188; 346; 35322
189; 346; 35592
190; 346; 35558
191; 346; 35513
192; 346; 35621
193; 346; 35877
194; 346; 35898
195; 346; 35619
196; 346; 35161
197; 346; 34698
198; 346; 34353
199; 346; 34234
200; 346; 34395
201; 346; 34514
202; 346; 34297
203; 346; 33954
204; 346; 33901
205; 346; 33890
206; 346; 33648
207; 346; 33411
208; 346; 33400
209; 346; 33364
210; 346; 33326
211; 346; 33576
212; 346; 33903
213; 346; 33908
214; 346; 33745
215; 346; 33780
216; 346; 33907
217; 346; 33855
218; 346; 33601
219; 346; 33499
220; 346; 33552
221; 346; 33684
222; 346; 33731
223; 346; 33637
224; 346; 33552
225; 346; 33618
226; 346; 33749
227; 346; 33770
228; 346; 33715
229; 346; 33712
230; 346; 33742
231; 346; 33712
232; 346; 33587
233; 346; 33477
234; 346; 33554
235; 346; 33883
170; 347; 34364
171; 347; 34455
172; 347; 34444
173; 347; 34368
174; 347; 34370
175; 347; 34434
176; 347; 34455
177; 347; 34417
178; 347; 34363
179; 347; 34312
180; 347; 34279
181; 347; 34292
182; 347; 34346
183; 347; 34389
184; 347; 34378
185; 347; 34334
186; 347; 34467
187; 347; 34825
188; 347; 35233
189; 347; 35581
190; 347; 35739
191; 347; 35694
192; 347; 35640
193; 347; 35754
194; 347; 35845
195; 347; 35777
196; 347; 35528
197; 347; 35194
198; 347; 34715
199; 347; 34382
200; 347; 34462
201; 347; 34669
202; 347; 34537
203; 347; 34059
204; 347; 33872
205; 347; 33970
206; 347; 33944
207; 347; 33672
208; 347; 33401
209; 347; 33335
210; 347; 33582
211; 347; 34055
212; 347; 34344
213; 347; 34168
214; 347; 33848
215; 347; 33882
216; 347; 34011
217; 347; 33907
218; 347; 33535
219; 347; 33430
220; 347; 33524
221; 347; 33637
222; 347; 33691
223; 347; 33750
224; 347; 33793
225; 347; 33746
226; 347; 33661
227; 347; 33624
228; 347; 33665
229; 347; 33714
230; 347; 33718
231; 347; 33708
232; 347; 33679
233; 347; 33665
234; 347; 33747
235; 347; 34088
170; 348; 34390
171; 348; 34539
172; 348; 34573
173; 348; 34485
174; 348; 34422
175; 348; 34421
176; 348; 34410
177; 348; 34369
178; 348; 34338
179; 348; 34331
180; 348; 34333
181; 348; 34346
182; 348; 34372
183; 348; 34412
184; 348; 34448
185; 348; 34476
186; 348; 34547
187; 348; 34687
188; 348; 35034
189; 348; 35515
190; 348; 35927
191; 348; 36062
192; 348; 35957
193; 348; 35848
194; 348; 35867
195; 348; 35867
196; 348; 35834
197; 348; 35653
198; 348; 35178
199; 348; 34588
200; 348; 34460
201; 348; 34696
202; 348; 34754
203; 348; 34420
204; 348; 33992
205; 348; 33938
206; 348; 33957
207; 348; 33755
208; 348; 33413
209; 348; 33395
210; 348; 33982
211; 348; 34747
212; 348; 35013
213; 348; 34646
214; 348; 34054
215; 348; 33928
216; 348; 33994
217; 348; 33890
218; 348; 33537
219; 348; 33435
220; 348; 33480
221; 348; 33518
222; 348; 33579
223; 348; 33761
224; 348; 33893
225; 348; 33788
226; 348; 33595
227; 348; 33527
228; 348; 33551
229; 348; 33460
230; 348; 33398
231; 348; 33481
232; 348; 33614
233; 348; 33670
234; 348; 33854
235; 348; 34286
170; 349; 34415
171; 349; 34516
172; 349; 34547
173; 349; 34490
174; 349; 34421
175; 349; 34386
176; 349; 34367
177; 349; 34342
178; 349; 34328
179; 349; 34331
180; 349; 34351
181; 349; 34384
182; 349; 34409
183; 349; 34428
184; 349; 34432
185; 349; 34412
186; 349; 34368
187; 349; 34409
188; 349; 34682
189; 349; 35287
190; 349; 35925
191; 349; 36284
192; 349; 36255
193; 349; 36069
194; 349; 35918
195; 349; 35884
196; 349; 35939
197; 349; 35906
198; 349; 35493
199; 349; 34760
200; 349; 34284
201; 349; 34318
202; 349; 34565
203; 349; 34564
204; 349; 34290
205; 349; 34018
206; 349; 33969
207; 349; 33852
208; 349; 33538
209; 349; 33566
210; 349; 34416
211; 349; 35386
212; 349; 35668
213; 349; 35131
214; 349; 34277
215; 349; 33860
216; 349; 33890
217; 349; 33826
218; 349; 33648
219; 349; 33520
220; 349; 33487
221; 349; 33456
222; 349; 33522
223; 349; 33728
224; 349; 33853
225; 349; 33739
226; 349; 33568
227; 349; 33503
228; 349; 33425
229; 349; 33235
230; 349; 33162
231; 349; 33326
232; 349; 33572
233; 349; 33758
234; 349; 34054
235; 349; 34592
170; 350; 34483
171; 350; 34497
172; 350; 34493
173; 350; 34459
174; 350; 34405
175; 350; 34381
176; 350; 34410
177; 350; 34446
178; 350; 34435
179; 350; 34382
180; 350; 34340
181; 350; 34350
182; 350; 34399
183; 350; 34450
184; 350; 34461
185; 350; 34391
186; 350; 34290
187; 350; 34230
188; 350; 34387
189; 350; 34876
190; 350; 35583
191; 350; 36114
192; 350; 36253
193; 350; 36106
194; 350; 35926
195; 350; 35884
196; 350; 35962
197; 350; 35997
198; 350; 35732
199; 350; 35024
200; 350; 34287
201; 350; 33993
202; 350; 34103
203; 350; 34379
204; 350; 34417
205; 350; 34231
206; 350; 34121
207; 350; 34080
208; 350; 33843
209; 350; 33829
210; 350; 34592
211; 350; 35559
212; 350; 35828
213; 350; 35163
214; 350; 34191
215; 350; 33683
216; 350; 33609
217; 350; 33657
218; 350; 33611
219; 350; 33549
220; 350; 33465
221; 350; 33409
222; 350; 33472
223; 350; 33635
224; 350; 33726
225; 350; 33671
226; 350; 33587
227; 350; 33535
228; 350; 33426
229; 350; 33281
230; 350; 33289
231; 350; 33442
232; 350; 33661
233; 350; 33879
234; 350; 34234
235; 350; 34771
170; 351; 34495
171; 351; 34510
172; 351; 34530
173; 351; 34553
174; 351; 34524
175; 351; 34475
176; 351; 34500
177; 351; 34566
178; 351; 34568
179; 351; 34496
180; 351; 34417
181; 351; 34389
182; 351; 34441
183; 351; 34538
184; 351; 34584
185; 351; 34520
186; 351; 34397
187; 351; 34301
188; 351; 34320
189; 351; 34594
190; 351; 35135
191; 351; 35763
192; 351; 36101
193; 351; 36088
194; 351; 35994
195; 351; 35977
196; 351; 36026
197; 351; 36044
198; 351; 35924
199; 351; 35480
200; 351; 34660
201; 351; 34014
202; 351; 33927
203; 351; 34251
204; 351; 34492
205; 351; 34404
206; 351; 34286
207; 351; 34312
208; 351; 34193
209; 351; 34053
210; 351; 34234
211; 351; 34800
212; 351; 34923
213; 351; 34434
214; 351; 33768
215; 351; 33438
216; 351; 33404
217; 351; 33447
218; 351; 33494
219; 351; 33483
220; 351; 33392
221; 351; 33309
222; 351; 33332
223; 351; 33439
224; 351; 33544
225; 351; 33599
226; 351; 33586
227; 351; 33519
228; 351; 33510
229; 351; 33687
230; 351; 33851
231; 351; 33770
232; 351; 33598
233; 351; 33631
234; 351; 33985
235; 351; 34603
170; 352; 34427
171; 352; 34465
172; 352; 34535
173; 352; 34638
174; 352; 34664
175; 352; 34598
176; 352; 34563
177; 352; 34586
178; 352; 34598
179; 352; 34588
180; 352; 34570
181; 352; 34539
182; 352; 34537
183; 352; 34603
184; 352; 34653
185; 352; 34614
186; 352; 34539
187; 352; 34489
188; 352; 34462
189; 352; 34529
190; 352; 34868
191; 352; 35450
192; 352; 35942
193; 352; 36151
194; 352; 36143
195; 352; 36112
196; 352; 36062
197; 352; 35968
198; 352; 35894
199; 352; 35805
200; 352; 35410
201; 352; 34796
202; 352; 34500
203; 352; 34619
204; 352; 34718
205; 352; 34554
206; 352; 34403
207; 352; 34431
208; 352; 34407
209; 352; 34124
210; 352; 33857
211; 352; 33739
212; 352; 33659
213; 352; 33565
214; 352; 33510
215; 352; 33503
216; 352; 33454
217; 352; 33430
218; 352; 33454
219; 352; 33452
220; 352; 33354
221; 352; 33243
222; 352; 33210
223; 352; 33268
224; 352; 33409
225; 352; 33555
226; 352; 33545
227; 352; 33403
228; 352; 33532
229; 352; 34093
230; 352; 34395
231; 352; 34116
232; 352; 33551
233; 352; 33393
234; 352; 33722
235; 352; 34328
170; 353; 34443
171; 353; 34401
172; 353; 34426
173; 353; 34523
174; 353; 34588
175; 353; 34583
176; 353; 34572
177; 353; 34568
178; 353; 34575
179; 353; 34616
180; 353; 34642
181; 353; 34592
182; 353; 34539
183; 353; 34564
184; 353; 34612
185; 353; 34609
186; 353; 34591
187; 353; 34595
188; 353; 34585
189; 353; 34551
190; 353; 34652
191; 353; 35057
192; 353; 35646
193; 353; 36064
194; 353; 36193
195; 353; 36151
196; 353; 35993
197; 353; 35808
198; 353; 35730
199; 353; 35824
200; 353; 35939
201; 353; 35850
202; 353; 35666
203; 353; 35457
204; 353; 35132
205; 353; 34728
206; 353; 34495
207; 353; 34495
208; 353; 34516
209; 353; 34359
210; 353; 33931
211; 353; 33471
212; 353; 33196
213; 353; 33298
214; 353; 33569
215; 353; 33740
216; 353; 33638
217; 353; 33510
218; 353; 33474
219; 353; 33455
220; 353; 33375
221; 353; 33302
222; 353; 33267
223; 353; 33272
224; 353; 33391
225; 353; 33564
226; 353; 33547
227; 353; 33310
228; 353; 33400
229; 353; 34041
230; 353; 34522
231; 353; 34368
232; 353; 33944
233; 353; 33799
234; 353; 34079
235; 353; 34515
170; 354; 34570
171; 354; 34444
172; 354; 34373
173; 354; 34373
174; 354; 34392
175; 354; 34431
176; 354; 34505
177; 354; 34580
178; 354; 34636
179; 354; 34661
180; 354; 34623
181; 354; 34496
182; 354; 34414
183; 354; 34468
184; 354; 34568
185; 354; 34630
186; 354; 34660
187; 354; 34672
188; 354; 34639
189; 354; 34555
190; 354; 34489
191; 354; 34665
192; 354; 35171
193; 354; 35784
194; 354; 36098
195; 354; 36074
196; 354; 35898
197; 354; 35730
198; 354; 35707
199; 354; 35827
200; 354; 35984
201; 354; 36081
202; 354; 36104
203; 354; 35910
204; 354; 35455
205; 354; 34911
206; 354; 34565
207; 354; 34475
208; 354; 34539
209; 354; 34673
210; 354; 34551
211; 354; 34082
212; 354; 33615
213; 354; 33471
214; 354; 33638
215; 354; 33747
216; 354; 33641
217; 354; 33513
218; 354; 33464
219; 354; 33440
220; 354; 33412
221; 354; 33431
222; 354; 33439
223; 354; 33376
224; 354; 33388
225; 354; 33537
226; 354; 33580
227; 354; 33358
228; 354; 33266
229; 354; 33587
230; 354; 34032
231; 354; 34260
232; 354; 34444
233; 354; 34749
234; 354; 35026
235; 354; 35099
170; 355; 34632
171; 355; 34577
172; 355; 34516
173; 355; 34442
174; 355; 34355
175; 355; 34324
176; 355; 34362
177; 355; 34487
178; 355; 34623
179; 355; 34715
180; 355; 34662
181; 355; 34466
182; 355; 34384
183; 355; 34447
184; 355; 34568
185; 355; 34681
186; 355; 34761
187; 355; 34768
188; 355; 34710
189; 355; 34630
190; 355; 34534
191; 355; 34545
192; 355; 34864
193; 355; 35441
194; 355; 35880
195; 355; 35996
196; 355; 35905
197; 355; 35805
198; 355; 35831
199; 355; 35912
200; 355; 35921
201; 355; 35912
202; 355; 36026
203; 355; 36061
204; 355; 35735
205; 355; 35138
206; 355; 34566
207; 355; 34300
208; 355; 34429
209; 355; 34839
210; 355; 35092
211; 355; 34852
212; 355; 34275
213; 355; 33753
214; 355; 33563
215; 355; 33516
216; 355; 33481
217; 355; 33454
218; 355; 33453
219; 355; 33444
220; 355; 33453
221; 355; 33514
222; 355; 33521
223; 355; 33386
224; 355; 33283
225; 355; 33379
226; 355; 33527
227; 355; 33472
228; 355; 33344
229; 355; 33291
230; 355; 33423
231; 355; 33795
232; 355; 34454
233; 355; 35089
234; 355; 35365
235; 355; 35197
170; 356; 34632
171; 356; 34677
172; 356; 34694
173; 356; 34651
174; 356; 34512
175; 356; 34349
176; 356; 34267
177; 356; 34216
178; 356; 34309
179; 356; 34545
180; 356; 34669
181; 356; 34611
182; 356; 34581
183; 356; 34572
184; 356; 34582
185; 356; 34657
186; 356; 34775
187; 356; 34821
188; 356; 34795
189; 356; 34793
190; 356; 34795
191; 356; 34729
192; 356; 34730
193; 356; 34995
194; 356; 35492
195; 356; 35891
196; 356; 36016
197; 356; 35969
198; 356; 35950
199; 356; 36005
200; 356; 36006
201; 356; 36005
202; 356; 36194
203; 356; 36279
204; 356; 35910
205; 356; 35159
206; 356; 34408
207; 356; 34087
208; 356; 34263
209; 356; 34762
210; 356; 35099
211; 356; 35022
212; 356; 34551
213; 356; 33981
214; 356; 33528
215; 356; 33376
216; 356; 33406
217; 356; 33470
218; 356; 33501
219; 356; 33494
220; 356; 33490
221; 356; 33499
222; 356; 33457
223; 356; 33325
224; 356; 33209
225; 356; 33242
226; 356; 33383
227; 356; 33476
228; 356; 33476
229; 356; 33404
230; 356; 33354
231; 356; 33560
232; 356; 34030
233; 356; 34504
234; 356; 34628
235; 356; 34536
170; 357; 34716
171; 357; 34699
172; 357; 34684
173; 357; 34703
174; 357; 34687
175; 357; 34538
176; 357; 34272
177; 357; 34079
178; 357; 34013
179; 357; 34119
180; 357; 34347
181; 357; 34614
182; 357; 34786
183; 357; 34778
184; 357; 34634
185; 357; 34593
186; 357; 34694
187; 357; 34786
188; 357; 34829
189; 357; 34917
190; 357; 35009
191; 357; 34902
192; 357; 34606
193; 357; 34525
194; 357; 34870
195; 357; 35535
196; 357; 36004
197; 357; 36075
198; 357; 35949
199; 357; 35958
200; 357; 36152
201; 357; 36384
202; 357; 36488
203; 357; 36297
204; 357; 35627
205; 357; 34712
206; 357; 34048
207; 357; 33873
208; 357; 34170
209; 357; 34576
210; 357; 34721
211; 357; 34634
212; 357; 34379
213; 357; 33989
214; 357; 33540
215; 357; 33357
216; 357; 33417
217; 357; 33505
218; 357; 33528
219; 357; 33529
220; 357; 33508
221; 357; 33445
222; 357; 33388
223; 357; 33365
224; 357; 33346
225; 357; 33326
226; 357; 33343
227; 357; 33415
228; 357; 33509
229; 357; 33563
230; 357; 33597
231; 357; 33649
232; 357; 33719
233; 357; 33703
234; 357; 33649
235; 357; 33867
170; 358; 34829
171; 358; 34675
172; 358; 34561
173; 358; 34582
174; 358; 34683
175; 358; 34733
176; 358; 34585
177; 358; 34239
178; 358; 33993
179; 358; 33984
180; 358; 34019
181; 358; 34229
182; 358; 34594
183; 358; 34808
184; 358; 34704
185; 358; 34601
186; 358; 34620
187; 358; 34681
188; 358; 34750
189; 358; 34895
190; 358; 35026
191; 358; 34964
192; 358; 34579
193; 358; 34297
194; 358; 34358
195; 358; 34888
196; 358; 35542
197; 358; 35773
198; 358; 35597
199; 358; 35462
200; 358; 35701
201; 358; 36099
202; 358; 36164
203; 358; 35695
204; 358; 34877
205; 358; 34107
206; 358; 33671
207; 358; 33640
208; 358; 34034
209; 358; 34409
210; 358; 34374
211; 358; 34207
212; 358; 34106
213; 358; 33902
214; 358; 33486
215; 358; 33296
216; 358; 33365
217; 358; 33439
218; 358; 33465
219; 358; 33523
220; 358; 33538
221; 358; 33449
222; 358; 33413
223; 358; 33509
224; 358; 33574
225; 358; 33499
226; 358; 33381
227; 358; 33350
228; 358; 33421
229; 358; 33498
230; 358; 33553
231; 358; 33612
232; 358; 33581
233; 358; 33345
234; 358; 33230
235; 358; 33629
170; 359; 34842
171; 359; 34659
172; 359; 34530
173; 359; 34537
174; 359; 34648
175; 359; 34753
176; 359; 34773
177; 359; 34677
178; 359; 34434
179; 359; 34091
180; 359; 33913
181; 359; 33935
182; 359; 34136
183; 359; 34497
184; 359; 34686
185; 359; 34659
186; 359; 34594
187; 359; 34542
188; 359; 34563
189; 359; 34732
190; 359; 34964
191; 359; 35007
192; 359; 34786
193; 359; 34401
194; 359; 34253
195; 359; 34337
196; 359; 34773
197; 359; 35020
198; 359; 34806
199; 359; 34475
200; 359; 34492
201; 359; 34827
202; 359; 34955
203; 359; 34633
204; 359; 34213
205; 359; 33847
206; 359; 33577
207; 359; 33500
208; 359; 33810
209; 359; 34267
210; 359; 34326
211; 359; 34238
212; 359; 34218
213; 359; 33971
214; 359; 33494
215; 359; 33267
216; 359; 33320
217; 359; 33361
218; 359; 33388
219; 359; 33513
220; 359; 33589
221; 359; 33499
222; 359; 33450
223; 359; 33552
224; 359; 33611
225; 359; 33523
226; 359; 33384
227; 359; 33332
228; 359; 33300
229; 359; 33211
230; 359; 33190
231; 359; 33299
232; 359; 33418
233; 359; 33313
234; 359; 33214
235; 359; 33668
