185; 235; 34647
186; 235; 34340
187; 235; 33814
188; 235; 33600
189; 235; 33769
190; 235; 34139
185; 236; 34456
186; 236; 33798
187; 236; 33285
188; 236; 33216
189; 236; 33441
190; 236; 33736
185; 237; 34262
186; 237; 33460
187; 237; 33125
188; 237; 33216
189; 237; 33346
190; 237; 33498
185; 238; 34130
186; 238; 33448
187; 238; 33284
188; 238; 33460
189; 238; 33521
190; 238; 33532
186; 239; 33645
187; 239; 33609
188; 239; 33867
189; 239; 33918
190; 239; 33798
186; 240; 33971
187; 240; 33886
188; 240; 34023
189; 240; 34175
