204; 238; 33458
205; 238; 33541
206; 238; 33646
207; 238; 33372
204; 239; 33748
205; 239; 33988
206; 239; 34041
207; 239; 33812
208; 239; 33385
204; 240; 34048
205; 240; 34264
206; 240; 34360
207; 240; 34200
208; 240; 33825
209; 240; 33431
204; 241; 34115
205; 241; 34296
206; 241; 34413
207; 241; 34418
208; 241; 34216
209; 241; 33700
203; 242; 33993
204; 242; 34070
205; 242; 34212
206; 242; 34426
207; 242; 34552
208; 242; 34429
209; 242; 33896
203; 243; 33960
204; 243; 34081
205; 243; 34291
206; 243; 34563
207; 243; 34689
208; 243; 34505
209; 243; 33941
202; 244; 33775
203; 244; 33999
204; 244; 34214
205; 244; 34528
206; 244; 34822
207; 244; 34814
208; 244; 34498
209; 244; 33937
202; 245; 33926
203; 245; 34119
204; 245; 34385
205; 245; 34747
206; 245; 34932
207; 245; 34818
208; 245; 34407
209; 245; 33984
201; 246; 33922
202; 246; 34101
203; 246; 34231
204; 246; 34517
205; 246; 34864
206; 246; 34954
207; 246; 34668
208; 246; 34247
201; 247; 34216
202; 247; 34328
203; 247; 34321
204; 247; 34545
205; 247; 34867
206; 247; 34871
207; 247; 34540
208; 247; 34110
202; 248; 34649
203; 248; 34417
204; 248; 34386
205; 248; 34600
206; 248; 34657
207; 248; 34384
203; 249; 34568
204; 249; 34068
205; 249; 33990
206; 249; 34162
207; 249; 34073
