99; 129; 32818
100; 129; 32894
101; 129; 33053
102; 129; 33292
103; 129; 33540
104; 129; 33507
105; 129; 33178
106; 129; 32888
107; 129; 32883
108; 129; 32983
109; 129; 33066
110; 129; 33046
111; 129; 32969
112; 129; 32910
113; 129; 32836
114; 129; 32858
115; 129; 32871
116; 129; 32782
117; 129; 32793
118; 129; 32825
119; 129; 32852
120; 129; 32875
121; 129; 32888
122; 129; 32968
123; 129; 33113
124; 129; 33205
125; 129; 33282
99; 130; 32893
100; 130; 33000
101; 130; 33110
102; 130; 33390
103; 130; 33657
104; 130; 33533
105; 130; 33096
106; 130; 32885
107; 130; 33072
108; 130; 33172
109; 130; 33219
110; 130; 33184
111; 130; 33094
112; 130; 32955
113; 130; 32817
114; 130; 32878
115; 130; 32928
116; 130; 32810
117; 130; 32801
118; 130; 32817
119; 130; 32828
120; 130; 32853
121; 130; 32854
122; 130; 32946
123; 130; 33120
124; 130; 33165
125; 130; 33208
99; 131; 32915
100; 131; 33033
101; 131; 33129
102; 131; 33418
103; 131; 33673
104; 131; 33444
105; 131; 33028
106; 131; 33030
107; 131; 33269
108; 131; 33292
109; 131; 33296
110; 131; 33264
111; 131; 33184
112; 131; 32988
113; 131; 32816
114; 131; 32932
115; 131; 33012
116; 131; 32865
117; 131; 32799
118; 131; 32805
119; 131; 32811
120; 131; 32824
121; 131; 32837
122; 131; 32946
123; 131; 33105
124; 131; 33125
125; 131; 33146
99; 132; 32898
100; 132; 32986
101; 132; 33070
102; 132; 33332
103; 132; 33602
104; 132; 33407
105; 132; 33117
106; 132; 33188
107; 132; 33286
108; 132; 33242
109; 132; 33210
110; 132; 33177
111; 132; 33135
112; 132; 32995
113; 132; 32863
114; 132; 32985
115; 132; 33069
116; 132; 32915
117; 132; 32800
118; 132; 32794
119; 132; 32802
120; 132; 32800
121; 132; 32808
122; 132; 32911
123; 132; 33074
124; 132; 33121
125; 132; 33112
99; 133; 32880
100; 133; 32942
101; 133; 33024
102; 133; 33219
103; 133; 33480
104; 133; 33440
105; 133; 33216
106; 133; 33177
107; 133; 33199
108; 133; 33162
109; 133; 33139
110; 133; 33100
111; 133; 33057
112; 133; 32996
113; 133; 32912
114; 133; 32957
115; 133; 32984
116; 133; 32870
117; 133; 32813
118; 133; 32841
119; 133; 32832
120; 133; 32796
121; 133; 32799
122; 133; 32923
123; 133; 33124
124; 133; 33163
125; 133; 33072
99; 134; 32849
100; 134; 32894
101; 134; 32992
102; 134; 33144
103; 134; 33357
104; 134; 33413
105; 134; 33212
106; 134; 33116
107; 134; 33155
108; 134; 33146
109; 134; 33191
110; 134; 33173
111; 134; 33079
112; 134; 33033
113; 134; 32990
114; 134; 32951
115; 134; 32903
116; 134; 32834
117; 134; 32849
118; 134; 32914
119; 134; 32899
120; 134; 32841
121; 134; 32898
122; 134; 33114
123; 134; 33263
124; 134; 33182
125; 134; 33014
99; 135; 32840
100; 135; 32855
101; 135; 32943
102; 135; 33105
103; 135; 33291
104; 135; 33336
105; 135; 33166
106; 135; 33101
107; 135; 33133
108; 135; 33155
109; 135; 33271
110; 135; 33301
111; 135; 33155
112; 135; 33092
113; 135; 33090
114; 135; 33009
115; 135; 32920
116; 135; 32859
117; 135; 32852
118; 135; 32917
119; 135; 32921
120; 135; 32893
121; 135; 33072
122; 135; 33326
123; 135; 33291
124; 135; 33093
125; 135; 32954
99; 136; 32877
100; 136; 32893
101; 136; 32926
102; 136; 33054
103; 136; 33261
104; 136; 33282
105; 136; 33138
106; 136; 33104
107; 136; 33135
108; 136; 33158
109; 136; 33280
110; 136; 33381
111; 136; 33237
112; 136; 33161
113; 136; 33189
114; 136; 33102
115; 136; 32980
116; 136; 32865
117; 136; 32787
118; 136; 32848
119; 136; 32893
120; 136; 32938
121; 136; 33200
122; 136; 33356
123; 136; 33140
124; 136; 32958
125; 136; 32908
99; 137; 32905
100; 137; 32970
101; 137; 33001
102; 137; 33027
103; 137; 33189
104; 137; 33250
105; 137; 33142
106; 137; 33128
107; 137; 33188
108; 137; 33165
109; 137; 33223
110; 137; 33385
111; 137; 33318
112; 137; 33244
113; 137; 33321
114; 137; 33345
115; 137; 33247
116; 137; 33045
117; 137; 32852
118; 137; 32827
119; 137; 32876
120; 137; 33041
121; 137; 33319
122; 137; 33309
123; 137; 33008
124; 137; 32904
125; 137; 32911
99; 138; 32867
100; 138; 32977
101; 138; 33062
102; 138; 33012
103; 138; 33067
104; 138; 33182
105; 138; 33139
106; 138; 33132
107; 138; 33207
108; 138; 33205
109; 138; 33191
110; 138; 33295
111; 138; 33321
112; 138; 33298
113; 138; 33389
114; 138; 33552
115; 138; 33605
116; 138; 33457
117; 138; 33193
118; 138; 32971
119; 138; 32895
120; 138; 33096
121; 138; 33366
122; 138; 33282
123; 138; 32989
124; 138; 32928
125; 138; 32968
99; 139; 32851
100; 139; 32990
101; 139; 33130
102; 139; 33090
103; 139; 33056
104; 139; 33136
105; 139; 33137
106; 139; 33120
107; 139; 33173
108; 139; 33240
109; 139; 33246
110; 139; 33236
111; 139; 33314
112; 139; 33343
113; 139; 33360
114; 139; 33515
115; 139; 33680
116; 139; 33707
117; 139; 33555
118; 139; 33239
119; 139; 32983
120; 139; 33043
121; 139; 33257
122; 139; 33222
123; 139; 33002
124; 139; 32954
125; 139; 33006
99; 140; 32882
100; 140; 33051
101; 140; 33244
102; 140; 33267
103; 140; 33220
104; 140; 33222
105; 140; 33171
106; 140; 33118
107; 140; 33136
108; 140; 33189
109; 140; 33284
110; 140; 33293
111; 140; 33399
112; 140; 33426
113; 140; 33351
114; 140; 33411
115; 140; 33544
116; 140; 33658
117; 140; 33706
118; 140; 33521
119; 140; 33182
120; 140; 33015
121; 140; 33110
122; 140; 33130
123; 140; 32978
124; 140; 32926
125; 140; 32990
99; 141; 32874
100; 141; 33046
101; 141; 33281
102; 141; 33395
103; 141; 33382
104; 141; 33323
105; 141; 33211
106; 141; 33146
107; 141; 33138
108; 141; 33117
109; 141; 33247
110; 141; 33407
111; 141; 33589
112; 141; 33580
113; 141; 33451
114; 141; 33466
115; 141; 33529
116; 141; 33590
117; 141; 33700
118; 141; 33670
119; 141; 33373
120; 141; 33067
121; 141; 33039
122; 141; 33071
123; 141; 32952
124; 141; 32876
125; 141; 32960
99; 142; 32833
100; 142; 32959
101; 142; 33187
102; 142; 33389
103; 142; 33416
104; 142; 33307
105; 142; 33214
106; 142; 33202
107; 142; 33173
108; 142; 33103
109; 142; 33229
110; 142; 33494
111; 142; 33749
112; 142; 33728
113; 142; 33597
114; 142; 33604
115; 142; 33622
116; 142; 33618
117; 142; 33644
118; 142; 33612
119; 142; 33404
120; 142; 33108
121; 142; 33005
122; 142; 33038
123; 142; 32957
124; 142; 32854
125; 142; 32933
99; 143; 32841
100; 143; 32928
101; 143; 33090
102; 143; 33300
103; 143; 33367
104; 143; 33230
105; 143; 33179
106; 143; 33242
107; 143; 33207
108; 143; 33158
109; 143; 33340
110; 143; 33592
111; 143; 33793
112; 143; 33785
113; 143; 33723
114; 143; 33737
115; 143; 33712
116; 143; 33678
117; 143; 33624
118; 143; 33525
119; 143; 33416
120; 143; 33199
121; 143; 33016
122; 143; 33011
123; 143; 32959
124; 143; 32847
125; 143; 32912
99; 144; 32857
100; 144; 32919
101; 144; 32992
102; 144; 33161
103; 144; 33336
104; 144; 33239
105; 144; 33162
106; 144; 33262
107; 144; 33246
108; 144; 33255
109; 144; 33524
110; 144; 33737
111; 144; 33833
112; 144; 33833
113; 144; 33825
114; 144; 33845
115; 144; 33793
116; 144; 33737
117; 144; 33663
118; 144; 33555
119; 144; 33499
120; 144; 33305
121; 144; 33051
122; 144; 33009
123; 144; 32965
124; 144; 32879
125; 144; 32957
99; 145; 32836
100; 145; 32865
101; 145; 32875
102; 145; 33012
103; 145; 33324
104; 145; 33363
105; 145; 33254
106; 145; 33328
107; 145; 33304
108; 145; 33313
109; 145; 33576
110; 145; 33787
111; 145; 33899
112; 145; 33918
113; 145; 33881
114; 145; 33903
115; 145; 33882
116; 145; 33807
117; 145; 33714
118; 145; 33587
119; 145; 33441
120; 145; 33187
121; 145; 32999
122; 145; 33039
123; 145; 33024
124; 145; 32995
125; 145; 33097
99; 146; 32847
100; 146; 32860
101; 146; 32842
102; 146; 32924
103; 146; 33224
104; 146; 33403
105; 146; 33378
106; 146; 33420
107; 146; 33354
108; 146; 33322
109; 146; 33464
110; 146; 33642
111; 146; 33896
112; 146; 34019
113; 146; 33942
114; 146; 33950
115; 146; 33995
116; 146; 33926
117; 146; 33815
118; 146; 33648
119; 146; 33317
120; 146; 32957
121; 146; 32904
122; 146; 33063
123; 146; 33100
124; 146; 33145
125; 146; 33238
99; 147; 32873
100; 147; 32880
101; 147; 32858
102; 147; 32892
103; 147; 33064
104; 147; 33258
105; 147; 33381
106; 147; 33488
107; 147; 33397
108; 147; 33317
109; 147; 33326
110; 147; 33380
111; 147; 33765
112; 147; 34144
113; 147; 34123
114; 147; 34041
115; 147; 34105
116; 147; 34105
117; 147; 34055
118; 147; 33909
119; 147; 33398
120; 147; 32881
121; 147; 32869
122; 147; 33045
123; 147; 33131
124; 147; 33264
125; 147; 33270
99; 148; 32844
100; 148; 32850
101; 148; 32847
102; 148; 32891
103; 148; 32996
104; 148; 33103
105; 148; 33281
106; 148; 33484
107; 148; 33400
108; 148; 33249
109; 148; 33142
110; 148; 33092
111; 148; 33450
112; 148; 34091
113; 148; 34312
114; 148; 34207
115; 148; 34259
116; 148; 34357
117; 148; 34365
118; 148; 34170
119; 148; 33496
120; 148; 32903
121; 148; 32920
122; 148; 33027
123; 148; 33123
124; 148; 33329
125; 148; 33227
99; 149; 32820
100; 149; 32833
101; 149; 32842
102; 149; 32902
103; 149; 33021
104; 149; 33044
105; 149; 33171
106; 149; 33459
107; 149; 33460
108; 149; 33242
109; 149; 33005
110; 149; 32912
111; 149; 33092
112; 149; 33694
113; 149; 34171
114; 149; 34279
115; 149; 34385
116; 149; 34518
117; 149; 34458
118; 149; 34074
119; 149; 33369
120; 149; 32954
121; 149; 33057
122; 149; 33064
123; 149; 33099
124; 149; 33303
125; 149; 33204
99; 150; 32841
100; 150; 32849
101; 150; 32839
102; 150; 32913
103; 150; 33074
104; 150; 33040
105; 150; 33104
106; 150; 33521
107; 150; 33670
108; 150; 33353
109; 150; 32988
110; 150; 32892
111; 150; 32930
112; 150; 33220
113; 150; 33654
114; 150; 33947
115; 150; 34117
116; 150; 34210
117; 150; 34086
118; 150; 33677
119; 150; 33185
120; 150; 33018
121; 150; 33137
122; 150; 33124
123; 150; 33112
124; 150; 33198
125; 150; 33142
99; 151; 32848
100; 151; 32855
101; 151; 32834
102; 151; 32954
103; 151; 33160
104; 151; 33098
105; 151; 33107
106; 151; 33540
107; 151; 33713
108; 151; 33317
109; 151; 32951
110; 151; 32835
111; 151; 32863
112; 151; 32960
113; 151; 33189
114; 151; 33402
115; 151; 33511
116; 151; 33543
117; 151; 33477
118; 151; 33320
119; 151; 33122
120; 151; 33005
121; 151; 33076
122; 151; 33198
123; 151; 33216
124; 151; 33100
125; 151; 32993
99; 152; 32840
100; 152; 32852
101; 152; 32851
102; 152; 32979
103; 152; 33167
104; 152; 33193
105; 152; 33223
106; 152; 33400
107; 152; 33412
108; 152; 33106
109; 152; 32829
110; 152; 32768
111; 152; 32853
112; 152; 32960
113; 152; 33067
114; 152; 33119
115; 152; 33126
116; 152; 33120
117; 152; 33131
118; 152; 33191
119; 152; 33130
120; 152; 32956
121; 152; 33019
122; 152; 33265
123; 152; 33277
124; 152; 33016
125; 152; 32880
99; 153; 32835
100; 153; 32850
101; 153; 32862
102; 153; 32928
103; 153; 33043
104; 153; 33235
105; 153; 33381
106; 153; 33302
107; 153; 33119
108; 153; 32947
109; 153; 32826
110; 153; 32923
111; 153; 33098
112; 153; 33109
113; 153; 33053
114; 153; 33028
115; 153; 33042
116; 153; 33083
117; 153; 33144
118; 153; 33201
119; 153; 33106
120; 153; 32955
121; 153; 33028
122; 153; 33207
123; 153; 33130
124; 153; 32912
125; 153; 32852
99; 154; 32824
100; 154; 32856
101; 154; 32861
102; 154; 32893
103; 154; 32963
104; 154; 33185
105; 154; 33369
106; 154; 33283
107; 154; 33080
108; 154; 32927
109; 154; 32953
110; 154; 33255
111; 154; 33412
112; 154; 33188
113; 154; 32979
114; 154; 32937
115; 154; 32974
116; 154; 33110
117; 154; 33238
118; 154; 33190
119; 154; 33007
120; 154; 32957
121; 154; 33036
122; 154; 33050
123; 154; 32922
124; 154; 32852
125; 154; 32848
99; 155; 32821
100; 155; 32869
101; 155; 32870
102; 155; 32915
103; 155; 32963
104; 155; 33077
105; 155; 33196
106; 155; 33204
107; 155; 33092
108; 155; 32950
109; 155; 33080
110; 155; 33448
111; 155; 33470
112; 155; 33169
113; 155; 33004
114; 155; 32968
115; 155; 32948
116; 155; 33063
117; 155; 33223
118; 155; 33128
119; 155; 32923
120; 155; 32965
121; 155; 33038
122; 155; 32944
123; 155; 32867
124; 155; 32871
125; 155; 32858
99; 156; 32818
100; 156; 32862
101; 156; 32883
102; 156; 32932
103; 156; 32949
104; 156; 32988
105; 156; 33073
106; 156; 33124
107; 156; 33075
108; 156; 33001
109; 156; 33167
110; 156; 33429
111; 156; 33409
112; 156; 33237
113; 156; 33100
114; 156; 33023
115; 156; 33020
116; 156; 33023
117; 156; 33119
118; 156; 33094
119; 156; 32964
120; 156; 33001
121; 156; 33019
122; 156; 32905
123; 156; 32917
124; 156; 32906
125; 156; 32866
99; 157; 32808
100; 157; 32846
101; 157; 32885
102; 157; 32931
103; 157; 32929
104; 157; 32949
105; 157; 33020
106; 157; 33058
107; 157; 33040
108; 157; 33033
109; 157; 33150
110; 157; 33319
111; 157; 33403
112; 157; 33330
113; 157; 33084
114; 157; 32969
115; 157; 33079
116; 157; 33060
117; 157; 33078
118; 157; 33121
119; 157; 33034
120; 157; 32996
121; 157; 32973
122; 157; 32921
123; 157; 32983
124; 157; 32933
125; 157; 32864
