215; 305; 33920
216; 305; 33711
217; 305; 33564
218; 305; 33544
219; 305; 33648
214; 306; 34211
215; 306; 34114
216; 306; 33862
217; 306; 33589
218; 306; 33447
219; 306; 33574
220; 306; 34133
221; 306; 34641
222; 306; 34520
214; 307; 34363
215; 307; 34228
216; 307; 34000
217; 307; 33755
218; 307; 33642
219; 307; 33775
220; 307; 34216
221; 307; 34615
222; 307; 34348
213; 308; 34448
214; 308; 34436
215; 308; 34218
216; 308; 34015
217; 308; 33964
218; 308; 34004
219; 308; 34108
220; 308; 34308
221; 308; 34367
222; 308; 33879
214; 309; 34455
215; 309; 34130
216; 309; 33931
217; 309; 33939
218; 309; 34106
219; 309; 34254
220; 309; 34293
221; 309; 34082
222; 309; 33460
214; 310; 34371
215; 310; 34056
216; 310; 33763
217; 310; 33722
218; 310; 34004
219; 310; 34258
220; 310; 34313
221; 310; 33955
222; 310; 33305
214; 311; 34256
215; 311; 34051
216; 311; 33667
217; 311; 33557
218; 311; 33838
219; 311; 34158
220; 311; 34236
221; 311; 33843
214; 312; 34208
215; 312; 34125
216; 312; 33726
217; 312; 33560
218; 312; 33778
219; 312; 34064
220; 312; 34078
221; 312; 33537
216; 313; 33939
217; 313; 33808
218; 313; 33904
219; 313; 34051
219; 314; 33886
