315; 152; 33392
316; 152; 33290
317; 152; 33223
318; 152; 33190
319; 152; 33226
320; 152; 33340
321; 152; 33424
322; 152; 33424
323; 152; 33368
324; 152; 33323
325; 152; 33305
326; 152; 33281
327; 152; 33282
328; 152; 33337
329; 152; 33428
330; 152; 33478
331; 152; 33462
332; 152; 33415
333; 152; 33367
334; 152; 33292
335; 152; 33190
336; 152; 33125
337; 152; 33079
338; 152; 33003
339; 152; 32947
340; 152; 32985
341; 152; 33028
342; 152; 32991
343; 152; 33013
344; 152; 33143
345; 152; 33223
346; 152; 33217
347; 152; 33214
348; 152; 33288
349; 152; 33379
350; 152; 33341
351; 152; 33210
352; 152; 33199
353; 152; 33305
354; 152; 33462
355; 152; 33478
356; 152; 33199
357; 152; 33058
358; 152; 33057
359; 152; 33083
360; 152; 33111
361; 152; 33093
362; 152; 33010
363; 152; 32934
364; 152; 32953
365; 152; 33087
366; 152; 33311
367; 152; 33229
368; 152; 33048
369; 152; 33083
370; 152; 33182
371; 152; 33133
315; 153; 33471
316; 153; 33447
317; 153; 33377
318; 153; 33259
319; 153; 33157
320; 153; 33184
321; 153; 33328
322; 153; 33446
323; 153; 33419
324; 153; 33368
325; 153; 33401
326; 153; 33448
327; 153; 33477
328; 153; 33493
329; 153; 33504
330; 153; 33511
331; 153; 33498
332; 153; 33449
333; 153; 33363
334; 153; 33278
335; 153; 33256
336; 153; 33258
337; 153; 33162
338; 153; 33017
339; 153; 32973
340; 153; 33032
341; 153; 33001
342; 153; 32891
343; 153; 32969
344; 153; 33239
345; 153; 33363
346; 153; 33236
347; 153; 33175
348; 153; 33281
349; 153; 33391
350; 153; 33371
351; 153; 33212
352; 153; 33170
353; 153; 33282
354; 153; 33417
355; 153; 33452
356; 153; 33313
357; 153; 33128
358; 153; 33091
359; 153; 33163
360; 153; 33220
361; 153; 33201
362; 153; 33080
363; 153; 33016
364; 153; 33011
365; 153; 33057
366; 153; 33365
367; 153; 33399
368; 153; 33189
369; 153; 33154
370; 153; 33230
371; 153; 33194
315; 154; 33516
316; 154; 33574
317; 154; 33532
318; 154; 33410
319; 154; 33241
320; 154; 33167
321; 154; 33272
322; 154; 33349
323; 154; 33290
324; 154; 33254
325; 154; 33357
326; 154; 33498
327; 154; 33573
328; 154; 33558
329; 154; 33514
330; 154; 33501
331; 154; 33517
332; 154; 33488
333; 154; 33360
334; 154; 33244
335; 154; 33293
336; 154; 33400
337; 154; 33259
338; 154; 33022
339; 154; 32969
340; 154; 33023
341; 154; 33001
342; 154; 32961
343; 154; 33129
344; 154; 33407
345; 154; 33423
346; 154; 33161
347; 154; 33098
348; 154; 33216
349; 154; 33305
350; 154; 33308
351; 154; 33211
352; 154; 33147
353; 154; 33219
354; 154; 33353
355; 154; 33423
356; 154; 33356
357; 154; 33219
358; 154; 33167
359; 154; 33236
360; 154; 33318
361; 154; 33354
362; 154; 33344
363; 154; 33269
364; 154; 33158
365; 154; 33192
366; 154; 33426
367; 154; 33462
368; 154; 33285
369; 154; 33243
370; 154; 33307
371; 154; 33288
315; 155; 33335
316; 155; 33438
317; 155; 33460
318; 155; 33440
319; 155; 33400
320; 155; 33399
321; 155; 33443
322; 155; 33355
323; 155; 33195
324; 155; 33138
325; 155; 33242
326; 155; 33425
327; 155; 33551
328; 155; 33562
329; 155; 33516
330; 155; 33514
331; 155; 33597
332; 155; 33630
333; 155; 33479
334; 155; 33309
335; 155; 33351
336; 155; 33506
337; 155; 33404
338; 155; 33124
339; 155; 33016
340; 155; 33042
341; 155; 33064
342; 155; 33096
343; 155; 33249
344; 155; 33402
345; 155; 33300
346; 155; 33081
347; 155; 33036
348; 155; 33127
349; 155; 33223
350; 155; 33253
351; 155; 33202
352; 155; 33092
353; 155; 33047
354; 155; 33154
355; 155; 33310
356; 155; 33355
357; 155; 33312
358; 155; 33297
359; 155; 33342
360; 155; 33400
361; 155; 33455
362; 155; 33559
363; 155; 33614
364; 155; 33542
365; 155; 33527
366; 155; 33597
367; 155; 33513
368; 155; 33347
369; 155; 33354
370; 155; 33462
371; 155; 33435
315; 156; 33154
316; 156; 33184
317; 156; 33229
318; 156; 33316
319; 156; 33466
320; 156; 33600
321; 156; 33654
322; 156; 33554
323; 156; 33375
324; 156; 33254
325; 156; 33275
326; 156; 33434
327; 156; 33590
328; 156; 33632
329; 156; 33581
330; 156; 33563
331; 156; 33633
332; 156; 33659
333; 156; 33517
334; 156; 33359
335; 156; 33384
336; 156; 33546
337; 156; 33584
338; 156; 33413
339; 156; 33275
340; 156; 33268
341; 156; 33278
342; 156; 33223
343; 156; 33199
344; 156; 33224
345; 156; 33160
346; 156; 33046
347; 156; 33024
348; 156; 33125
349; 156; 33232
350; 156; 33294
351; 156; 33267
352; 156; 33064
353; 156; 32977
354; 156; 33001
355; 156; 33225
356; 156; 33386
357; 156; 33405
358; 156; 33447
359; 156; 33503
360; 156; 33508
361; 156; 33518
362; 156; 33665
363; 156; 33897
364; 156; 33918
365; 156; 33805
366; 156; 33773
367; 156; 33730
368; 156; 33649
369; 156; 33656
370; 156; 33725
371; 156; 33612
315; 157; 33130
316; 157; 33118
317; 157; 33126
318; 157; 33205
319; 157; 33373
320; 157; 33536
321; 157; 33657
322; 157; 33692
323; 157; 33627
324; 157; 33488
325; 157; 33457
326; 157; 33593
327; 157; 33736
328; 157; 33756
329; 157; 33668
330; 157; 33570
331; 157; 33478
332; 157; 33351
333; 157; 33219
334; 157; 33186
335; 157; 33296
336; 157; 33522
337; 157; 33713
338; 157; 33719
339; 157; 33626
340; 157; 33592
341; 157; 33564
342; 157; 33419
343; 157; 33262
344; 157; 33218
345; 157; 33231
346; 157; 33225
347; 157; 33245
348; 157; 33302
349; 157; 33375
350; 157; 33461
351; 157; 33433
352; 157; 33200
353; 157; 33031
354; 157; 33012
355; 157; 33178
356; 157; 33375
357; 157; 33439
358; 157; 33518
359; 157; 33617
360; 157; 33639
361; 157; 33611
362; 157; 33714
363; 157; 33917
364; 157; 33896
365; 157; 33750
366; 157; 33744
367; 157; 33855
368; 157; 33941
369; 157; 33974
370; 157; 33967
371; 157; 33783
315; 158; 33191
316; 158; 33232
317; 158; 33181
318; 158; 33134
319; 158; 33163
320; 158; 33234
321; 158; 33396
322; 158; 33549
323; 158; 33542
324; 158; 33479
325; 158; 33574
326; 158; 33826
327; 158; 33966
328; 158; 33892
329; 158; 33721
330; 158; 33534
331; 158; 33266
332; 158; 32998
333; 158; 32931
334; 158; 33033
335; 158; 33209
336; 158; 33462
337; 158; 33673
338; 158; 33728
339; 158; 33679
340; 158; 33661
341; 158; 33661
342; 158; 33581
343; 158; 33483
344; 158; 33485
345; 158; 33578
346; 158; 33645
347; 158; 33586
348; 158; 33476
349; 158; 33500
350; 158; 33621
351; 158; 33572
352; 158; 33320
353; 158; 33067
354; 158; 33069
355; 158; 33193
356; 158; 33322
357; 158; 33392
358; 158; 33472
359; 158; 33583
360; 158; 33609
361; 158; 33546
362; 158; 33541
363; 158; 33616
364; 158; 33581
365; 158; 33474
366; 158; 33500
367; 158; 33684
368; 158; 33886
369; 158; 33989
370; 158; 33995
371; 158; 33865
315; 159; 33236
316; 159; 33266
317; 159; 33144
318; 159; 32988
319; 159; 32915
320; 159; 32948
321; 159; 33044
322; 159; 33072
323; 159; 33076
324; 159; 33223
325; 159; 33616
326; 159; 34033
327; 159; 34101
328; 159; 33878
329; 159; 33651
330; 159; 33481
331; 159; 33207
332; 159; 32930
333; 159; 32918
334; 159; 33151
335; 159; 33383
336; 159; 33516
337; 159; 33533
338; 159; 33481
339; 159; 33433
340; 159; 33445
341; 159; 33483
342; 159; 33517
343; 159; 33582
344; 159; 33725
345; 159; 33907
346; 159; 33960
347; 159; 33780
348; 159; 33557
349; 159; 33521
350; 159; 33608
351; 159; 33571
352; 159; 33373
353; 159; 33222
354; 159; 33254
355; 159; 33343
356; 159; 33362
357; 159; 33342
358; 159; 33327
359; 159; 33354
360; 159; 33321
361; 159; 33225
362; 159; 33229
363; 159; 33300
364; 159; 33293
365; 159; 33233
366; 159; 33286
367; 159; 33479
368; 159; 33679
369; 159; 33778
370; 159; 33772
371; 159; 33707
315; 160; 33239
316; 160; 33163
317; 160; 32997
318; 160; 32858
319; 160; 32859
320; 160; 32886
321; 160; 32934
322; 160; 32900
323; 160; 32920
324; 160; 33212
325; 160; 33881
326; 160; 34141
327; 160; 33989
328; 160; 33618
329; 160; 33401
330; 160; 33315
331; 160; 33161
332; 160; 33035
333; 160; 33137
334; 160; 33432
335; 160; 33670
336; 160; 33688
337; 160; 33528
338; 160; 33358
339; 160; 33303
340; 160; 33331
341; 160; 33334
342; 160; 33363
343; 160; 33488
344; 160; 33681
345; 160; 33855
346; 160; 33901
347; 160; 33741
348; 160; 33536
349; 160; 33495
350; 160; 33525
351; 160; 33488
352; 160; 33422
353; 160; 33417
354; 160; 33476
355; 160; 33478
356; 160; 33429
357; 160; 33346
358; 160; 33229
359; 160; 33147
360; 160; 33060
361; 160; 33017
362; 160; 33125
363; 160; 33222
364; 160; 33166
365; 160; 33079
366; 160; 33144
367; 160; 33343
368; 160; 33482
369; 160; 33476
370; 160; 33408
371; 160; 33386
315; 161; 33231
316; 161; 33103
317; 161; 32978
318; 161; 32882
319; 161; 32906
320; 161; 32975
321; 161; 32987
322; 161; 32941
323; 161; 33045
324; 161; 33578
325; 161; 34184
326; 161; 34223
327; 161; 33827
328; 161; 33378
329; 161; 33155
330; 161; 33058
331; 161; 32940
332; 161; 32994
333; 161; 33269
334; 161; 33612
335; 161; 33862
336; 161; 33904
337; 161; 33767
338; 161; 33580
339; 161; 33489
340; 161; 33464
341; 161; 33370
342; 161; 33314
343; 161; 33389
344; 161; 33503
345; 161; 33569
346; 161; 33616
347; 161; 33562
348; 161; 33388
349; 161; 33343
350; 161; 33408
351; 161; 33425
352; 161; 33411
353; 161; 33427
354; 161; 33466
355; 161; 33471
356; 161; 33462
357; 161; 33405
358; 161; 33292
359; 161; 33211
360; 161; 33119
361; 161; 33071
362; 161; 33138
363; 161; 33217
364; 161; 33141
365; 161; 33012
366; 161; 33023
367; 161; 33150
368; 161; 33192
369; 161; 33129
370; 161; 33105
371; 161; 33166
315; 162; 33205
316; 162; 33137
317; 162; 33078
318; 162; 33041
319; 162; 33090
320; 162; 33133
321; 162; 33089
322; 162; 33055
323; 162; 33295
324; 162; 33953
325; 162; 34376
326; 162; 34313
327; 162; 33895
328; 162; 33445
329; 162; 33143
330; 162; 32988
331; 162; 32957
332; 162; 33016
333; 162; 33274
334; 162; 33731
335; 162; 34036
336; 162; 34158
337; 162; 34149
338; 162; 34033
339; 162; 33812
340; 162; 33556
341; 162; 33356
342; 162; 33303
343; 162; 33363
344; 162; 33400
345; 162; 33380
346; 162; 33390
347; 162; 33397
348; 162; 33266
349; 162; 33172
350; 162; 33239
351; 162; 33336
352; 162; 33340
353; 162; 33280
354; 162; 33281
355; 162; 33348
356; 162; 33386
357; 162; 33356
358; 162; 33302
359; 162; 33244
360; 162; 33129
361; 162; 33038
362; 162; 33065
363; 162; 33117
364; 162; 33115
365; 162; 33054
366; 162; 32996
367; 162; 32989
368; 162; 32960
369; 162; 32930
370; 162; 32952
371; 162; 33098
315; 163; 33167
316; 163; 33159
317; 163; 33116
318; 163; 33107
319; 163; 33165
320; 163; 33193
321; 163; 33149
322; 163; 33141
323; 163; 33400
324; 163; 34039
325; 163; 34441
326; 163; 34455
327; 163; 34111
328; 163; 33659
329; 163; 33305
330; 163; 33089
331; 163; 33014
332; 163; 33065
333; 163; 33378
334; 163; 33894
335; 163; 34240
336; 163; 34417
337; 163; 34493
338; 163; 34373
339; 163; 34034
340; 163; 33491
341; 163; 33205
342; 163; 33180
343; 163; 33266
344; 163; 33300
345; 163; 33266
346; 163; 33228
347; 163; 33272
348; 163; 33252
349; 163; 33160
350; 163; 33184
351; 163; 33311
352; 163; 33368
353; 163; 33224
354; 163; 33111
355; 163; 33180
356; 163; 33239
357; 163; 33212
358; 163; 33171
359; 163; 33132
360; 163; 33046
361; 163; 32946
362; 163; 32931
363; 163; 32978
364; 163; 33071
365; 163; 33145
366; 163; 33074
367; 163; 32934
368; 163; 32901
369; 163; 32915
370; 163; 32989
371; 163; 33187
315; 164; 33140
316; 164; 33178
317; 164; 33130
318; 164; 33093
319; 164; 33135
320; 164; 33188
321; 164; 33194
322; 164; 33223
323; 164; 33422
324; 164; 33974
325; 164; 34430
326; 164; 34495
327; 164; 34223
328; 164; 33739
329; 164; 33415
330; 164; 33279
331; 164; 33228
332; 164; 33294
333; 164; 33577
334; 164; 33970
335; 164; 34306
336; 164; 34546
337; 164; 34608
338; 164; 34491
339; 164; 34081
340; 164; 33490
341; 164; 33134
342; 164; 33031
343; 164; 33093
344; 164; 33138
345; 164; 33108
346; 164; 33017
347; 164; 33106
348; 164; 33250
349; 164; 33265
350; 164; 33305
351; 164; 33427
352; 164; 33517
353; 164; 33342
354; 164; 33095
355; 164; 33048
356; 164; 33096
357; 164; 33108
358; 164; 33077
359; 164; 33044
360; 164; 33086
361; 164; 33070
362; 164; 32993
363; 164; 32938
364; 164; 32953
365; 164; 33080
366; 164; 33160
367; 164; 33031
368; 164; 32949
369; 164; 32986
370; 164; 33160
371; 164; 33313
315; 165; 33160
316; 165; 33246
317; 165; 33228
318; 165; 33168
319; 165; 33158
320; 165; 33186
321; 165; 33203
322; 165; 33255
323; 165; 33414
324; 165; 33856
325; 165; 34313
326; 165; 34434
327; 165; 34186
328; 165; 33741
329; 165; 33534
330; 165; 33586
331; 165; 33660
332; 165; 33664
333; 165; 33724
334; 165; 33903
335; 165; 34197
336; 165; 34508
337; 165; 34609
338; 165; 34463
339; 165; 34170
340; 165; 33689
341; 165; 33192
342; 165; 32959
343; 165; 32957
344; 165; 33051
345; 165; 33015
346; 165; 32909
347; 165; 32992
348; 165; 33186
349; 165; 33303
350; 165; 33391
351; 165; 33495
352; 165; 33551
353; 165; 33425
354; 165; 33199
355; 165; 33067
356; 165; 33060
357; 165; 33102
358; 165; 33177
359; 165; 33201
360; 165; 33289
361; 165; 33410
362; 165; 33354
363; 165; 33077
364; 165; 32958
365; 165; 32964
366; 165; 33084
367; 165; 33170
368; 165; 33143
369; 165; 33167
370; 165; 33208
371; 165; 33227
315; 166; 33176
316; 166; 33284
317; 166; 33323
318; 166; 33249
319; 166; 33178
320; 166; 33145
321; 166; 33141
322; 166; 33215
323; 166; 33360
324; 166; 33726
325; 166; 34165
326; 166; 34314
327; 166; 34141
328; 166; 33855
329; 166; 33811
330; 166; 33974
331; 166; 34066
332; 166; 33971
333; 166; 33839
334; 166; 33852
335; 166; 34072
336; 166; 34404
337; 166; 34590
338; 166; 34518
339; 166; 34259
340; 166; 33811
341; 166; 33226
342; 166; 32877
343; 166; 32894
344; 166; 33101
345; 166; 33162
346; 166; 33057
347; 166; 33040
348; 166; 33111
349; 166; 33161
350; 166; 33243
351; 166; 33333
352; 166; 33387
353; 166; 33358
354; 166; 33270
355; 166; 33201
356; 166; 33171
357; 166; 33159
358; 166; 33268
359; 166; 33459
360; 166; 33607
361; 166; 33694
362; 166; 33564
363; 166; 33176
364; 166; 33065
365; 166; 33089
366; 166; 33012
367; 166; 33058
368; 166; 33194
369; 166; 33254
370; 166; 33159
371; 166; 33095
315; 167; 33104
316; 167; 33207
317; 167; 33268
318; 167; 33209
319; 167; 33142
320; 167; 33073
321; 167; 33073
322; 167; 33190
323; 167; 33314
324; 167; 33654
325; 167; 34089
326; 167; 34260
327; 167; 34204
328; 167; 34104
329; 167; 34165
330; 167; 34295
331; 167; 34296
332; 167; 34161
333; 167; 34029
334; 167; 34011
335; 167; 34135
336; 167; 34374
337; 167; 34572
338; 167; 34557
339; 167; 34271
340; 167; 33755
341; 167; 33143
342; 167; 32839
343; 167; 32930
344; 167; 33212
345; 167; 33352
346; 167; 33242
347; 167; 33150
348; 167; 33091
349; 167; 33010
350; 167; 32999
351; 167; 33029
352; 167; 33091
353; 167; 33148
354; 167; 33221
355; 167; 33337
356; 167; 33353
357; 167; 33221
358; 167; 33203
359; 167; 33480
360; 167; 33708
361; 167; 33643
362; 167; 33390
363; 167; 33136
364; 167; 33029
365; 167; 33124
366; 167; 33086
367; 167; 32978
368; 167; 33088
369; 167; 33259
370; 167; 33293
371; 167; 33271
315; 168; 32988
316; 168; 33056
317; 168; 33113
318; 168; 33116
319; 168; 33082
320; 168; 33031
321; 168; 33037
322; 168; 33126
323; 168; 33259
324; 168; 33664
325; 168; 34083
326; 168; 34271
327; 168; 34330
328; 168; 34406
329; 168; 34514
330; 168; 34500
331; 168; 34306
332; 168; 34142
333; 168; 34154
334; 168; 34282
335; 168; 34388
336; 168; 34468
337; 168; 34549
338; 168; 34531
339; 168; 34262
340; 168; 33763
341; 168; 33192
342; 168; 32955
343; 168; 33023
344; 168; 33277
345; 168; 33347
346; 168; 33205
347; 168; 33124
348; 168; 33089
349; 168; 33034
350; 168; 32975
351; 168; 32951
352; 168; 32930
353; 168; 32926
354; 168; 33107
355; 168; 33423
356; 168; 33507
357; 168; 33254
358; 168; 33201
359; 168; 33580
360; 168; 33835
361; 168; 33599
362; 168; 33226
363; 168; 33139
364; 168; 33117
365; 168; 32996
366; 168; 33017
367; 168; 32995
368; 168; 33111
369; 168; 33379
370; 168; 33637
371; 168; 33730
315; 169; 32960
316; 169; 32992
317; 169; 33036
318; 169; 33023
319; 169; 33018
320; 169; 33071
321; 169; 33088
322; 169; 33064
323; 169; 33190
324; 169; 33583
325; 169; 33967
326; 169; 34136
327; 169; 34347
328; 169; 34615
329; 169; 34726
330; 169; 34614
331; 169; 34141
332; 169; 33920
333; 169; 34102
334; 169; 34458
335; 169; 34668
336; 169; 34668
337; 169; 34562
338; 169; 34422
339; 169; 34191
340; 169; 33752
341; 169; 33275
342; 169; 33063
343; 169; 33118
344; 169; 33274
345; 169; 33211
346; 169; 33085
347; 169; 33037
348; 169; 33073
349; 169; 33172
350; 169; 33182
351; 169; 33149
352; 169; 33066
353; 169; 32941
354; 169; 33064
355; 169; 33393
356; 169; 33482
357; 169; 33300
358; 169; 33448
359; 169; 34000
360; 169; 34262
361; 169; 33857
362; 169; 33342
363; 169; 33283
364; 169; 33329
365; 169; 33054
366; 169; 32940
367; 169; 32996
368; 169; 33197
369; 169; 33486
370; 169; 33858
371; 169; 34071
315; 170; 32992
316; 170; 32994
317; 170; 33011
318; 170; 32970
319; 170; 33056
320; 170; 33188
321; 170; 33189
322; 170; 33112
323; 170; 33117
324; 170; 33314
325; 170; 33633
326; 170; 33783
327; 170; 34058
328; 170; 34476
329; 170; 34735
330; 170; 34568
331; 170; 34056
332; 170; 33852
333; 170; 34036
334; 170; 34500
335; 170; 34790
336; 170; 34763
337; 170; 34527
338; 170; 34227
339; 170; 33912
340; 170; 33511
341; 170; 33225
342; 170; 33066
343; 170; 33142
344; 170; 33241
345; 170; 33131
346; 170; 33072
347; 170; 33060
348; 170; 33088
349; 170; 33240
350; 170; 33322
351; 170; 33320
352; 170; 33267
353; 170; 33183
354; 170; 33179
355; 170; 33261
356; 170; 33242
357; 170; 33259
358; 170; 33690
359; 170; 34328
360; 170; 34476
361; 170; 33971
362; 170; 33458
363; 170; 33409
364; 170; 33379
365; 170; 33137
366; 170; 33064
367; 170; 33155
368; 170; 33299
369; 170; 33423
370; 170; 33662
371; 170; 33938
315; 171; 32987
316; 171; 32951
317; 171; 32981
318; 171; 32996
319; 171; 33129
320; 171; 33270
321; 171; 33263
322; 171; 33165
323; 171; 33095
324; 171; 33154
325; 171; 33220
326; 171; 33288
327; 171; 33465
328; 171; 33861
329; 171; 34248
330; 171; 34355
331; 171; 34149
332; 171; 33990
333; 171; 34164
334; 171; 34495
335; 171; 34665
336; 171; 34532
337; 171; 34222
338; 171; 33850
339; 171; 33430
340; 171; 33298
341; 171; 33226
342; 171; 33123
343; 171; 33140
344; 171; 33226
345; 171; 33193
346; 171; 33098
347; 171; 33081
348; 171; 33152
349; 171; 33263
350; 171; 33286
351; 171; 33276
352; 171; 33284
353; 171; 33334
354; 171; 33324
355; 171; 33193
356; 171; 33103
357; 171; 33141
358; 171; 33520
359; 171; 33974
360; 171; 33951
361; 171; 33560
362; 171; 33327
363; 171; 33393
364; 171; 33314
365; 171; 33130
366; 171; 33170
367; 171; 33320
368; 171; 33383
369; 171; 33325
370; 171; 33359
371; 171; 33566
315; 172; 32954
316; 172; 32934
317; 172; 33017
318; 172; 33066
319; 172; 33170
320; 172; 33285
321; 172; 33285
322; 172; 33204
323; 172; 33140
324; 172; 33136
325; 172; 33110
326; 172; 33062
327; 172; 33079
328; 172; 33286
329; 172; 33654
330; 172; 34026
331; 172; 34102
332; 172; 34078
333; 172; 34139
334; 172; 34200
335; 172; 34087
336; 172; 33871
337; 172; 33705
338; 172; 33478
339; 172; 33299
340; 172; 33334
341; 172; 33503
342; 172; 33522
343; 172; 33439
344; 172; 33476
345; 172; 33538
346; 172; 33404
347; 172; 33208
348; 172; 33242
349; 172; 33327
350; 172; 33283
351; 172; 33191
352; 172; 33210
353; 172; 33356
354; 172; 33448
355; 172; 33298
356; 172; 33115
357; 172; 33050
358; 172; 33142
359; 172; 33329
360; 172; 33365
361; 172; 33283
362; 172; 33327
363; 172; 33396
364; 172; 33291
365; 172; 33171
366; 172; 33241
367; 172; 33388
368; 172; 33416
369; 172; 33322
370; 172; 33327
371; 172; 33456
315; 173; 33024
316; 173; 33012
317; 173; 33107
318; 173; 33106
319; 173; 33158
320; 173; 33250
321; 173; 33288
322; 173; 33270
323; 173; 33240
324; 173; 33197
325; 173; 33090
326; 173; 32985
327; 173; 33000
328; 173; 33129
329; 173; 33295
330; 173; 33538
331; 173; 33749
332; 173; 33786
333; 173; 33803
334; 173; 33700
335; 173; 33562
336; 173; 33443
337; 173; 33413
338; 173; 33425
339; 173; 33472
340; 173; 33768
341; 173; 34036
342; 173; 34071
343; 173; 33996
344; 173; 34041
345; 173; 34168
346; 173; 34102
347; 173; 33752
348; 173; 33537
349; 173; 33466
350; 173; 33444
351; 173; 33319
352; 173; 33273
353; 173; 33405
354; 173; 33536
355; 173; 33465
356; 173; 33197
357; 173; 32989
358; 173; 33057
359; 173; 33428
360; 173; 33763
361; 173; 33883
362; 173; 33808
363; 173; 33576
364; 173; 33354
365; 173; 33358
366; 173; 33515
367; 173; 33610
368; 173; 33608
369; 173; 33554
370; 173; 33556
371; 173; 33616
315; 174; 33195
316; 174; 33111
317; 174; 33118
318; 174; 33047
319; 174; 33055
320; 174; 33172
321; 174; 33272
322; 174; 33284
323; 174; 33246
324; 174; 33190
325; 174; 33098
326; 174; 33000
327; 174; 33004
328; 174; 33105
329; 174; 33161
330; 174; 33186
331; 174; 33205
332; 174; 33377
333; 174; 33558
334; 174; 33611
335; 174; 33522
336; 174; 33422
337; 174; 33429
338; 174; 33697
339; 174; 34084
340; 174; 34226
341; 174; 34122
342; 174; 34074
343; 174; 34127
344; 174; 34286
345; 174; 34478
346; 174; 34593
347; 174; 34451
348; 174; 34172
349; 174; 33915
350; 174; 33805
351; 174; 33670
352; 174; 33514
353; 174; 33446
354; 174; 33534
355; 174; 33601
356; 174; 33448
357; 174; 33313
358; 174; 33582
359; 174; 34169
360; 174; 34650
361; 174; 34704
362; 174; 34322
363; 174; 33785
364; 174; 33464
365; 174; 33607
366; 174; 33860
367; 174; 33909
368; 174; 33849
369; 174; 33809
370; 174; 33770
371; 174; 33758
315; 175; 33292
316; 175; 33101
317; 175; 32991
318; 175; 32906
319; 175; 32906
320; 175; 33034
321; 175; 33168
322; 175; 33185
323; 175; 33131
324; 175; 33098
325; 175; 33099
326; 175; 33070
327; 175; 33025
328; 175; 33023
329; 175; 33048
330; 175; 33097
331; 175; 33164
332; 175; 33355
333; 175; 33616
334; 175; 33811
335; 175; 33897
336; 175; 33862
337; 175; 33866
338; 175; 34179
339; 175; 34431
340; 175; 34385
341; 175; 34062
342; 175; 33922
343; 175; 34052
344; 175; 34251
345; 175; 34455
346; 175; 34655
347; 175; 34787
348; 175; 34711
349; 175; 34489
350; 175; 34327
351; 175; 34122
352; 175; 33671
353; 175; 33480
354; 175; 33610
355; 175; 33885
356; 175; 33991
357; 175; 34005
358; 175; 34199
359; 175; 34568
360; 175; 34822
361; 175; 34709
362; 175; 34281
363; 175; 33783
364; 175; 33580
365; 175; 33784
366; 175; 34001
367; 175; 34027
368; 175; 33956
369; 175; 33910
370; 175; 33883
371; 175; 33859
315; 176; 33208
316; 176; 33033
317; 176; 32945
318; 176; 32910
319; 176; 32905
320; 176; 32956
321; 176; 33043
322; 176; 33064
323; 176; 33027
324; 176; 33020
325; 176; 33080
326; 176; 33117
327; 176; 33066
328; 176; 33027
329; 176; 33097
330; 176; 33302
331; 176; 33641
332; 176; 33988
333; 176; 34243
334; 176; 34403
335; 176; 34513
336; 176; 34445
337; 176; 34251
338; 176; 34276
339; 176; 34447
340; 176; 34431
341; 176; 34143
342; 176; 33937
343; 176; 34005
344; 176; 34156
345; 176; 34313
346; 176; 34564
347; 176; 34819
348; 176; 34870
349; 176; 34759
350; 176; 34612
351; 176; 34336
352; 176; 33762
353; 176; 33599
354; 176; 33921
355; 176; 34424
356; 176; 34691
357; 176; 34577
358; 176; 34324
359; 176; 34190
360; 176; 34140
361; 176; 34044
362; 176; 33851
363; 176; 33659
364; 176; 33681
365; 176; 33844
366; 176; 33953
367; 176; 34000
368; 176; 34034
369; 176; 34059
370; 176; 34066
371; 176; 33997
315; 177; 33077
316; 177; 32998
317; 177; 32949
318; 177; 32905
319; 177; 32902
320; 177; 32934
321; 177; 32973
322; 177; 33013
323; 177; 33027
324; 177; 33041
325; 177; 33068
326; 177; 33086
327; 177; 33083
328; 177; 33119
329; 177; 33327
330; 177; 33821
331; 177; 34418
332; 177; 34722
333; 177; 34744
334; 177; 34689
335; 177; 34743
336; 177; 34660
337; 177; 34382
338; 177; 34256
339; 177; 34406
340; 177; 34508
341; 177; 34326
342; 177; 34107
343; 177; 34091
344; 177; 34220
345; 177; 34378
346; 177; 34579
347; 177; 34817
348; 177; 34926
349; 177; 34847
350; 177; 34646
351; 177; 34258
352; 177; 33839
353; 177; 33844
354; 177; 34303
355; 177; 34842
356; 177; 35008
357; 177; 34643
358; 177; 34064
359; 177; 33667
360; 177; 33588
361; 177; 33646
362; 177; 33661
363; 177; 33649
364; 177; 33749
365; 177; 33882
366; 177; 33951
367; 177; 34030
368; 177; 34159
369; 177; 34248
370; 177; 34242
371; 177; 34099
315; 178; 33078
316; 178; 33022
317; 178; 32973
318; 178; 32931
319; 178; 32934
320; 178; 32937
321; 178; 32935
322; 178; 32985
323; 178; 33080
324; 178; 33140
325; 178; 33073
326; 178; 32988
327; 178; 33017
328; 178; 33200
329; 178; 33693
330; 178; 34402
331; 178; 34822
332; 178; 34897
333; 178; 34775
334; 178; 34674
335; 178; 34690
336; 178; 34638
337; 178; 34430
338; 178; 34311
339; 178; 34463
340; 178; 34591
341; 178; 34422
342; 178; 34206
343; 178; 34225
344; 178; 34464
345; 178; 34686
346; 178; 34825
347; 178; 34960
348; 178; 35002
349; 178; 34838
350; 178; 34370
351; 178; 33947
352; 178; 33868
353; 178; 34007
354; 178; 34298
355; 178; 34584
356; 178; 34636
357; 178; 34311
358; 178; 33818
359; 178; 33581
360; 178; 33702
361; 178; 33839
362; 178; 33804
363; 178; 33757
364; 178; 33823
365; 178; 33955
366; 178; 34001
367; 178; 34053
368; 178; 34187
369; 178; 34269
370; 178; 34225
371; 178; 34096
315; 179; 33196
316; 179; 33092
317; 179; 32963
318; 179; 32925
319; 179; 32975
320; 179; 32954
321; 179; 32874
322; 179; 32896
323; 179; 33086
324; 179; 33234
325; 179; 33123
326; 179; 32958
327; 179; 32980
328; 179; 33398
329; 179; 34186
330; 179; 34704
331; 179; 34794
332; 179; 34727
333; 179; 34613
334; 179; 34566
335; 179; 34589
336; 179; 34597
337; 179; 34541
338; 179; 34512
339; 179; 34581
340; 179; 34577
341; 179; 34364
342; 179; 34208
343; 179; 34347
344; 179; 34709
345; 179; 34915
346; 179; 34972
347; 179; 35037
348; 179; 34974
349; 179; 34602
350; 179; 33932
351; 179; 33687
352; 179; 33775
353; 179; 33899
354; 179; 33945
355; 179; 34004
356; 179; 34086
357; 179; 34008
358; 179; 33801
359; 179; 33746
360; 179; 33947
361; 179; 34126
362; 179; 34038
363; 179; 33941
364; 179; 33971
365; 179; 34032
366; 179; 34014
367; 179; 34041
368; 179; 34169
369; 179; 34193
370; 179; 34097
371; 179; 34097
315; 180; 33247
316; 180; 33101
317; 180; 32897
318; 180; 32891
319; 180; 32924
320; 180; 32933
321; 180; 32845
322; 180; 32907
323; 180; 33044
324; 180; 33253
325; 180; 33176
326; 180; 33036
327; 180; 33201
328; 180; 33875
329; 180; 34555
330; 180; 34726
331; 180; 34660
332; 180; 34550
333; 180; 34483
334; 180; 34465
335; 180; 34516
336; 180; 34621
337; 180; 34717
338; 180; 34747
339; 180; 34681
340; 180; 34494
341; 180; 34272
342; 180; 34216
343; 180; 34395
344; 180; 34648
345; 180; 34776
346; 180; 34720
347; 180; 34654
348; 180; 34531
349; 180; 34074
350; 180; 33580
351; 180; 33443
352; 180; 33574
353; 180; 33680
354; 180; 33655
355; 180; 33647
356; 180; 33810
357; 180; 33946
358; 180; 33843
359; 180; 33702
360; 180; 33802
361; 180; 34064
362; 180; 34175
363; 180; 34178
364; 180; 34163
365; 180; 34064
366; 180; 33959
367; 180; 34062
368; 180; 34236
369; 180; 34160
370; 180; 33996
371; 180; 34159
315; 181; 33227
316; 181; 33106
317; 181; 32924
318; 181; 32893
319; 181; 32886
320; 181; 32972
321; 181; 32870
322; 181; 32876
323; 181; 33033
324; 181; 33188
325; 181; 33179
326; 181; 33213
327; 181; 33670
328; 181; 34372
329; 181; 34699
330; 181; 34732
331; 181; 34686
332; 181; 34622
333; 181; 34502
334; 181; 34385
335; 181; 34423
336; 181; 34598
337; 181; 34779
338; 181; 34846
339; 181; 34739
340; 181; 34499
341; 181; 34300
342; 181; 34256
343; 181; 34292
344; 181; 34246
345; 181; 34187
346; 181; 34130
347; 181; 34041
348; 181; 33905
349; 181; 33707
350; 181; 33441
351; 181; 33352
352; 181; 33446
353; 181; 33591
354; 181; 33613
355; 181; 33620
356; 181; 33780
357; 181; 33928
358; 181; 33836
359; 181; 33644
360; 181; 33661
361; 181; 33931
362; 181; 34180
363; 181; 34253
364; 181; 34167
365; 181; 33980
366; 181; 33898
367; 181; 34066
368; 181; 34209
369; 181; 34081
370; 181; 33953
371; 181; 34191
315; 182; 33201
316; 182; 33127
317; 182; 32954
318; 182; 32854
319; 182; 32925
320; 182; 33005
321; 182; 32959
322; 182; 32953
323; 182; 33057
324; 182; 33110
325; 182; 33152
326; 182; 33468
327; 182; 34163
328; 182; 34592
329; 182; 34633
330; 182; 34704
331; 182; 34829
332; 182; 34836
333; 182; 34645
334; 182; 34423
335; 182; 34396
336; 182; 34525
337; 182; 34692
338; 182; 34827
339; 182; 34822
340; 182; 34656
341; 182; 34452
342; 182; 34308
343; 182; 34114
344; 182; 33905
345; 182; 33864
346; 182; 33898
347; 182; 33842
348; 182; 33727
349; 182; 33638
350; 182; 33557
351; 182; 33502
352; 182; 33573
353; 182; 33747
354; 182; 33818
355; 182; 33769
356; 182; 33757
357; 182; 33845
358; 182; 33916
359; 182; 33873
360; 182; 33881
361; 182; 34006
362; 182; 34094
363; 182; 34059
364; 182; 33936
365; 182; 33813
366; 182; 33812
367; 182; 33945
368; 182; 34019
369; 182; 33957
370; 182; 33939
371; 182; 34140
315; 183; 33220
316; 183; 33161
317; 183; 33049
318; 183; 32912
319; 183; 32905
320; 183; 32959
321; 183; 33021
322; 183; 33026
323; 183; 33020
324; 183; 33061
325; 183; 33245
326; 183; 33814
327; 183; 34388
328; 183; 34502
329; 183; 34500
330; 183; 34657
331; 183; 34889
332; 183; 34921
333; 183; 34743
334; 183; 34564
335; 183; 34504
336; 183; 34520
337; 183; 34637
338; 183; 34858
339; 183; 34982
340; 183; 34879
341; 183; 34662
342; 183; 34335
343; 183; 33913
344; 183; 33680
345; 183; 33692
346; 183; 33781
347; 183; 33794
348; 183; 33749
349; 183; 33701
350; 183; 33649
351; 183; 33575
352; 183; 33629
353; 183; 33859
354; 183; 33998
355; 183; 33893
356; 183; 33739
357; 183; 33823
358; 183; 34059
359; 183; 34182
360; 183; 34164
361; 183; 34077
362; 183; 33964
363; 183; 33859
364; 183; 33811
365; 183; 33812
366; 183; 33857
367; 183; 33936
368; 183; 33993
369; 183; 33998
370; 183; 34009
371; 183; 34093
315; 184; 33198
316; 184; 33120
317; 184; 33061
318; 184; 32916
319; 184; 32860
320; 184; 32911
321; 184; 33021
322; 184; 33026
323; 184; 33005
324; 184; 33119
325; 184; 33529
326; 184; 34147
327; 184; 34466
328; 184; 34460
329; 184; 34452
330; 184; 34625
331; 184; 34796
332; 184; 34775
333; 184; 34672
334; 184; 34622
335; 184; 34578
336; 184; 34554
337; 184; 34687
338; 184; 34970
339; 184; 35100
340; 184; 34986
341; 184; 34582
342; 184; 34081
343; 184; 33670
344; 184; 33497
345; 184; 33468
346; 184; 33550
347; 184; 33660
348; 184; 33706
349; 184; 33674
350; 184; 33599
351; 184; 33480
352; 184; 33518
353; 184; 33791
354; 184; 34004
355; 184; 33940
356; 184; 33813
357; 184; 33915
358; 184; 34141
359; 184; 34235
360; 184; 34146
361; 184; 34010
362; 184; 33939
363; 184; 33925
364; 184; 33916
365; 184; 33915
366; 184; 33989
367; 184; 34150
368; 184; 34283
369; 184; 34280
370; 184; 34190
371; 184; 34105
315; 185; 33133
316; 185; 33011
317; 185; 32975
318; 185; 32887
319; 185; 32897
320; 185; 32926
321; 185; 33073
322; 185; 33110
323; 185; 33117
324; 185; 33327
325; 185; 33887
326; 185; 34389
327; 185; 34545
328; 185; 34529
329; 185; 34531
330; 185; 34613
331; 185; 34648
332; 185; 34579
333; 185; 34528
334; 185; 34525
335; 185; 34502
336; 185; 34527
337; 185; 34733
338; 185; 35048
339; 185; 35091
340; 185; 34748
341; 185; 34123
342; 185; 33604
343; 185; 33379
344; 185; 33317
345; 185; 33227
346; 185; 33244
347; 185; 33380
348; 185; 33544
349; 185; 33660
350; 185; 33629
351; 185; 33512
352; 185; 33563
353; 185; 33771
354; 185; 33880
355; 185; 33814
356; 185; 33799
357; 185; 33947
358; 185; 34097
359; 185; 34086
360; 185; 33970
361; 185; 33933
362; 185; 34026
363; 185; 34108
364; 185; 34044
365; 185; 33962
366; 185; 34061
367; 185; 34334
368; 185; 34547
369; 185; 34493
370; 185; 34266
371; 185; 34089
315; 186; 33083
316; 186; 32912
317; 186; 32911
318; 186; 32902
319; 186; 32937
320; 186; 33085
321; 186; 33291
322; 186; 33324
323; 186; 33365
324; 186; 33636
325; 186; 34110
326; 186; 34456
327; 186; 34577
328; 186; 34616
329; 186; 34610
330; 186; 34597
331; 186; 34571
332; 186; 34532
333; 186; 34518
334; 186; 34501
335; 186; 34475
336; 186; 34545
337; 186; 34768
338; 186; 34966
339; 186; 34879
340; 186; 34302
341; 186; 33611
342; 186; 33247
343; 186; 33200
344; 186; 33216
345; 186; 33128
346; 186; 33113
347; 186; 33275
348; 186; 33560
349; 186; 33798
350; 186; 33829
351; 186; 33811
352; 186; 33898
353; 186; 33933
354; 186; 33789
355; 186; 33645
356; 186; 33689
357; 186; 33857
358; 186; 33992
359; 186; 33993
360; 186; 33935
361; 186; 33965
362; 186; 34092
363; 186; 34167
364; 186; 34049
365; 186; 33941
366; 186; 34077
367; 186; 34346
368; 186; 34531
369; 186; 34452
370; 186; 34198
371; 186; 34049
315; 187; 33145
316; 187; 32921
317; 187; 32924
318; 187; 33022
319; 187; 33248
320; 187; 33482
321; 187; 33502
322; 187; 33571
323; 187; 33724
324; 187; 34044
325; 187; 34211
326; 187; 34344
327; 187; 34474
328; 187; 34579
329; 187; 34605
330; 187; 34600
331; 187; 34616
332; 187; 34650
333; 187; 34696
334; 187; 34677
335; 187; 34614
336; 187; 34681
337; 187; 34838
338; 187; 34879
339; 187; 34604
340; 187; 34001
341; 187; 33459
342; 187; 33186
343; 187; 33183
344; 187; 33251
345; 187; 33316
346; 187; 33376
347; 187; 33506
348; 187; 33749
349; 187; 33956
350; 187; 34032
351; 187; 34113
352; 187; 34198
353; 187; 34100
354; 187; 33847
355; 187; 33712
356; 187; 33766
357; 187; 33855
358; 187; 33938
359; 187; 33987
360; 187; 34003
361; 187; 34047
362; 187; 34129
363; 187; 34155
364; 187; 34061
365; 187; 34027
366; 187; 34193
367; 187; 34382
368; 187; 34439
369; 187; 34347
370; 187; 34164
371; 187; 34097
315; 188; 33275
316; 188; 33100
317; 188; 33100
318; 188; 33333
319; 188; 33697
320; 188; 33789
321; 188; 33679
322; 188; 33765
323; 188; 34074
324; 188; 34294
325; 188; 34275
326; 188; 34259
327; 188; 34349
328; 188; 34488
329; 188; 34581
330; 188; 34640
331; 188; 34713
332; 188; 34785
333; 188; 34839
334; 188; 34803
335; 188; 34712
336; 188; 34747
337; 188; 34814
338; 188; 34683
339; 188; 34366
340; 188; 33978
341; 188; 33639
342; 188; 33373
343; 188; 33295
344; 188; 33424
345; 188; 33630
346; 188; 33686
347; 188; 33725
348; 188; 33885
349; 188; 33997
350; 188; 34025
351; 188; 34110
352; 188; 34212
353; 188; 34157
354; 188; 34018
355; 188; 34016
356; 188; 34092
357; 188; 34053
358; 188; 33975
359; 188; 33972
360; 188; 34013
361; 188; 34082
362; 188; 34183
363; 188; 34218
364; 188; 34188
365; 188; 34229
366; 188; 34375
367; 188; 34466
368; 188; 34390
369; 188; 34261
370; 188; 34167
371; 188; 34172
315; 189; 33332
316; 189; 33252
317; 189; 33380
318; 189; 33759
319; 189; 34089
320; 189; 34125
321; 189; 33962
322; 189; 34020
323; 189; 34273
324; 189; 34383
325; 189; 34308
326; 189; 34266
327; 189; 34358
328; 189; 34490
329; 189; 34591
330; 189; 34663
331; 189; 34723
332; 189; 34781
333; 189; 34818
334; 189; 34761
335; 189; 34645
336; 189; 34623
337; 189; 34486
338; 189; 34183
339; 189; 33980
340; 189; 33991
341; 189; 33898
342; 189; 33629
343; 189; 33472
344; 189; 33545
345; 189; 33695
346; 189; 33706
347; 189; 33765
348; 189; 33940
349; 189; 33992
350; 189; 33939
351; 189; 34001
352; 189; 34155
353; 189; 34196
354; 189; 34154
355; 189; 34203
356; 189; 34271
357; 189; 34199
358; 189; 34060
359; 189; 33985
360; 189; 33976
361; 189; 34039
362; 189; 34195
363; 189; 34300
364; 189; 34285
365; 189; 34269
366; 189; 34341
367; 189; 34366
368; 189; 34223
369; 189; 34093
370; 189; 34103
371; 189; 34168
315; 190; 33234
316; 190; 33286
317; 190; 33668
318; 190; 34144
319; 190; 34431
320; 190; 34499
321; 190; 34420
322; 190; 34386
323; 190; 34406
324; 190; 34367
325; 190; 34280
326; 190; 34319
327; 190; 34473
328; 190; 34587
329; 190; 34613
330; 190; 34611
331; 190; 34621
332; 190; 34681
333; 190; 34758
334; 190; 34728
335; 190; 34579
336; 190; 34309
337; 190; 33898
338; 190; 33645
339; 190; 33670
340; 190; 33871
341; 190; 33893
342; 190; 33746
343; 190; 33622
344; 190; 33616
345; 190; 33608
346; 190; 33582
347; 190; 33733
348; 190; 33984
349; 190; 34040
350; 190; 33952
351; 190; 34008
352; 190; 34191
353; 190; 34241
354; 190; 34122
355; 190; 34047
356; 190; 34064
357; 190; 34083
358; 190; 34082
359; 190; 34070
360; 190; 34029
361; 190; 34036
362; 190; 34172
363; 190; 34261
364; 190; 34163
365; 190; 34029
366; 190; 34043
367; 190; 34081
368; 190; 33996
369; 190; 33947
370; 190; 34019
371; 190; 34096
315; 191; 33144
316; 191; 33336
317; 191; 33940
318; 191; 34357
319; 191; 34555
320; 191; 34668
321; 191; 34656
322; 191; 34580
323; 191; 34475
324; 191; 34321
325; 191; 34233
326; 191; 34338
327; 191; 34539
328; 191; 34643
329; 191; 34620
330; 191; 34573
331; 191; 34573
332; 191; 34656
333; 191; 34784
334; 191; 34797
335; 191; 34517
336; 191; 33949
337; 191; 33485
338; 191; 33408
339; 191; 33525
340; 191; 33655
341; 191; 33678
342; 191; 33640
343; 191; 33657
344; 191; 33707
345; 191; 33631
346; 191; 33566
347; 191; 33751
348; 191; 34039
349; 191; 34131
350; 191; 34068
351; 191; 34094
352; 191; 34199
353; 191; 34167
354; 191; 33956
355; 191; 33799
356; 191; 33794
357; 191; 33869
358; 191; 34003
359; 191; 34148
360; 191; 34199
361; 191; 34183
362; 191; 34223
363; 191; 34232
364; 191; 34072
365; 191; 33876
366; 191; 33867
367; 191; 33965
368; 191; 33991
369; 191; 33992
370; 191; 34047
371; 191; 34078
315; 192; 33173
316; 192; 33516
317; 192; 34134
318; 192; 34430
319; 192; 34554
320; 192; 34661
321; 192; 34671
322; 192; 34600
323; 192; 34484
324; 192; 34327
325; 192; 34238
326; 192; 34352
327; 192; 34539
328; 192; 34628
329; 192; 34643
330; 192; 34671
331; 192; 34695
332; 192; 34724
333; 192; 34792
334; 192; 34704
335; 192; 34219
336; 192; 33571
337; 192; 33287
338; 192; 33330
339; 192; 33426
340; 192; 33437
341; 192; 33390
342; 192; 33422
343; 192; 33618
344; 192; 33821
345; 192; 33763
346; 192; 33678
347; 192; 33818
348; 192; 34065
349; 192; 34167
350; 192; 34134
351; 192; 34111
352; 192; 34070
353; 192; 33934
354; 192; 33771
355; 192; 33718
356; 192; 33751
357; 192; 33796
358; 192; 33934
359; 192; 34177
360; 192; 34368
361; 192; 34384
362; 192; 34328
363; 192; 34289
364; 192; 34199
365; 192; 34085
366; 192; 34074
367; 192; 34115
368; 192; 34098
369; 192; 34063
370; 192; 34113
371; 192; 34130
315; 193; 33361
316; 193; 33815
317; 193; 34341
318; 193; 34518
319; 193; 34629
320; 193; 34703
321; 193; 34656
322; 193; 34549
323; 193; 34461
324; 193; 34351
325; 193; 34283
326; 193; 34386
327; 193; 34550
328; 193; 34641
329; 193; 34722
330; 193; 34839
331; 193; 34867
332; 193; 34712
333; 193; 34513
334; 193; 34175
335; 193; 33680
336; 193; 33291
337; 193; 33220
338; 193; 33287
339; 193; 33365
340; 193; 33332
341; 193; 33241
342; 193; 33284
343; 193; 33540
344; 193; 33803
345; 193; 33803
346; 193; 33760
347; 193; 33818
348; 193; 33942
349; 193; 34043
350; 193; 34097
351; 193; 34076
352; 193; 33922
353; 193; 33723
354; 193; 33649
355; 193; 33724
356; 193; 33814
357; 193; 33852
358; 193; 33974
359; 193; 34243
360; 193; 34475
361; 193; 34440
362; 193; 34292
363; 193; 34269
364; 193; 34318
365; 193; 34343
366; 193; 34319
367; 193; 34199
368; 193; 34011
369; 193; 33945
370; 193; 34080
371; 193; 34186
315; 194; 33583
316; 194; 34164
317; 194; 34576
318; 194; 34704
319; 194; 34793
320; 194; 34813
321; 194; 34648
322; 194; 34458
323; 194; 34379
324; 194; 34305
325; 194; 34261
326; 194; 34393
327; 194; 34599
328; 194; 34708
329; 194; 34795
330; 194; 34897
331; 194; 34843
332; 194; 34423
333; 194; 33895
334; 194; 33571
335; 194; 33352
336; 194; 33217
337; 194; 33182
338; 194; 33291
339; 194; 33406
340; 194; 33382
341; 194; 33276
342; 194; 33266
343; 194; 33459
344; 194; 33705
345; 194; 33774
346; 194; 33727
347; 194; 33711
348; 194; 33775
349; 194; 33893
350; 194; 34015
351; 194; 34007
352; 194; 33822
353; 194; 33653
354; 194; 33665
355; 194; 33791
356; 194; 33879
357; 194; 33912
358; 194; 34046
359; 194; 34282
360; 194; 34406
361; 194; 34279
362; 194; 34133
363; 194; 34173
364; 194; 34281
365; 194; 34321
366; 194; 34269
367; 194; 34074
368; 194; 33831
369; 194; 33818
370; 194; 34060
371; 194; 34288
315; 195; 33725
316; 195; 34393
317; 195; 34705
318; 195; 34761
319; 195; 34827
320; 195; 34797
321; 195; 34545
322; 195; 34305
323; 195; 34254
324; 195; 34220
325; 195; 34194
326; 195; 34358
327; 195; 34617
328; 195; 34739
329; 195; 34781
330; 195; 34799
331; 195; 34546
332; 195; 33926
333; 195; 33495
334; 195; 33382
335; 195; 33303
336; 195; 33209
337; 195; 33218
338; 195; 33327
339; 195; 33418
340; 195; 33464
341; 195; 33418
342; 195; 33342
343; 195; 33461
344; 195; 33734
345; 195; 33824
346; 195; 33675
347; 195; 33619
348; 195; 33768
349; 195; 33897
350; 195; 33930
351; 195; 33864
352; 195; 33751
353; 195; 33744
354; 195; 33856
355; 195; 33964
356; 195; 33971
357; 195; 33970
358; 195; 34113
359; 195; 34272
360; 195; 34231
361; 195; 34062
362; 195; 34023
363; 195; 34149
364; 195; 34255
365; 195; 34198
366; 195; 34087
367; 195; 33942
368; 195; 33817
369; 195; 33880
370; 195; 34130
371; 195; 34403
315; 196; 33804
316; 196; 34513
317; 196; 34659
318; 196; 34630
319; 196; 34682
320; 196; 34658
321; 196; 34404
322; 196; 34197
323; 196; 34227
324; 196; 34250
325; 196; 34208
326; 196; 34321
327; 196; 34563
328; 196; 34699
329; 196; 34712
330; 196; 34637
331; 196; 34213
332; 196; 33646
333; 196; 33402
334; 196; 33339
335; 196; 33308
336; 196; 33340
337; 196; 33372
338; 196; 33352
339; 196; 33406
340; 196; 33559
341; 196; 33570
342; 196; 33397
343; 196; 33430
344; 196; 33753
345; 196; 33853
346; 196; 33630
347; 196; 33583
348; 196; 33853
349; 196; 34007
350; 196; 33894
351; 196; 33731
352; 196; 33737
353; 196; 33913
354; 196; 34098
355; 196; 34181
356; 196; 34106
357; 196; 34044
358; 196; 34148
359; 196; 34263
360; 196; 34164
361; 196; 33991
362; 196; 34021
363; 196; 34209
364; 196; 34314
365; 196; 34174
366; 196; 34005
367; 196; 33946
368; 196; 33958
369; 196; 34036
370; 196; 34184
371; 196; 34433
315; 197; 33877
316; 197; 34534
317; 197; 34542
318; 197; 34437
319; 197; 34541
320; 197; 34593
321; 197; 34408
322; 197; 34264
323; 197; 34361
324; 197; 34420
325; 197; 34325
326; 197; 34343
327; 197; 34525
328; 197; 34657
329; 197; 34640
330; 197; 34442
331; 197; 33935
332; 197; 33495
333; 197; 33313
334; 197; 33282
335; 197; 33374
336; 197; 33513
337; 197; 33494
338; 197; 33414
339; 197; 33509
340; 197; 33737
341; 197; 33744
342; 197; 33460
343; 197; 33360
344; 197; 33655
345; 197; 33785
346; 197; 33559
347; 197; 33541
348; 197; 33864
349; 197; 34038
350; 197; 33912
351; 197; 33786
352; 197; 33861
353; 197; 34030
354; 197; 34166
355; 197; 34244
356; 197; 34195
357; 197; 34112
358; 197; 34149
359; 197; 34256
360; 197; 34172
361; 197; 34003
362; 197; 34008
363; 197; 34156
364; 197; 34258
365; 197; 34164
366; 197; 34046
367; 197; 34044
368; 197; 34083
369; 197; 34117
370; 197; 34154
371; 197; 34366
315; 198; 33949
316; 198; 34475
317; 198; 34397
318; 198; 34321
319; 198; 34520
320; 198; 34646
321; 198; 34519
322; 198; 34405
323; 198; 34498
324; 198; 34544
325; 198; 34423
326; 198; 34405
327; 198; 34560
328; 198; 34654
329; 198; 34540
330; 198; 34188
331; 198; 33729
332; 198; 33465
333; 198; 33377
334; 198; 33430
335; 198; 33591
336; 198; 33666
337; 198; 33603
338; 198; 33560
339; 198; 33708
340; 198; 33920
341; 198; 33875
342; 198; 33567
343; 198; 33395
344; 198; 33576
345; 198; 33724
346; 198; 33618
347; 198; 33599
348; 198; 33767
349; 198; 33881
350; 198; 33918
351; 198; 33999
352; 198; 34094
353; 198; 34093
354; 198; 34077
355; 198; 34151
356; 198; 34199
357; 198; 34137
358; 198; 34120
359; 198; 34205
360; 198; 34151
361; 198; 34019
362; 198; 33945
363; 198; 33973
364; 198; 34086
365; 198; 34162
366; 198; 34199
367; 198; 34232
368; 198; 34215
369; 198; 34178
370; 198; 34142
371; 198; 34275
315; 199; 34001
316; 199; 34420
317; 199; 34344
318; 199; 34298
319; 199; 34526
320; 199; 34660
321; 199; 34548
322; 199; 34442
323; 199; 34487
324; 199; 34504
325; 199; 34431
326; 199; 34477
327; 199; 34651
328; 199; 34689
329; 199; 34394
330; 199; 33934
331; 199; 33542
332; 199; 33435
333; 199; 33538
334; 199; 33765
335; 199; 33891
336; 199; 33867
337; 199; 33782
338; 199; 33752
339; 199; 33866
340; 199; 33987
341; 199; 33897
342; 199; 33654
343; 199; 33524
344; 199; 33612
345; 199; 33750
346; 199; 33809
347; 199; 33794
348; 199; 33726
349; 199; 33714
350; 199; 33891
351; 199; 34161
352; 199; 34248
353; 199; 34111
354; 199; 34010
355; 199; 34092
356; 199; 34184
357; 199; 34136
358; 199; 34098
359; 199; 34129
360; 199; 34106
361; 199; 34042
362; 199; 33947
363; 199; 33930
364; 199; 34094
365; 199; 34303
366; 199; 34419
367; 199; 34426
368; 199; 34335
369; 199; 34229
370; 199; 34143
371; 199; 34176
315; 200; 34142
316; 200; 34518
317; 200; 34427
318; 200; 34333
319; 200; 34469
320; 200; 34557
321; 200; 34469
322; 200; 34421
323; 200; 34472
324; 200; 34490
325; 200; 34481
326; 200; 34586
327; 200; 34725
328; 200; 34667
329; 200; 34268
330; 200; 33807
331; 200; 33402
332; 200; 33369
333; 200; 33719
334; 200; 33965
335; 200; 34026
336; 200; 33993
337; 200; 33914
338; 200; 33872
339; 200; 33936
340; 200; 34002
341; 200; 33943
342; 200; 33790
343; 200; 33684
344; 200; 33680
345; 200; 33766
346; 200; 33914
347; 200; 33958
348; 200; 33806
349; 200; 33674
350; 200; 33824
351; 200; 34100
352; 200; 34161
353; 200; 34019
354; 200; 33972
355; 200; 34123
356; 200; 34244
357; 200; 34186
358; 200; 34092
359; 200; 34030
360; 200; 34001
361; 200; 33997
362; 200; 34024
363; 200; 34135
364; 200; 34327
365; 200; 34491
366; 200; 34530
367; 200; 34447
368; 200; 34298
369; 200; 34182
370; 200; 34120
371; 200; 34153
315; 201; 34366
316; 201; 34708
317; 201; 34576
318; 201; 34408
319; 201; 34414
320; 201; 34428
321; 201; 34381
322; 201; 34429
323; 201; 34557
324; 201; 34607
325; 201; 34599
326; 201; 34652
327; 201; 34664
328; 201; 34493
329; 201; 34090
330; 201; 33711
331; 201; 33382
332; 201; 33517
333; 201; 33842
334; 201; 33960
335; 201; 33989
336; 201; 33983
337; 201; 33903
338; 201; 33829
339; 201; 33892
340; 201; 33980
341; 201; 33967
342; 201; 33873
343; 201; 33781
344; 201; 33727
345; 201; 33746
346; 201; 33885
347; 201; 34008
348; 201; 33899
349; 201; 33649
350; 201; 33640
351; 201; 33836
352; 201; 33915
353; 201; 33852
354; 201; 33892
355; 201; 34134
356; 201; 34326
357; 201; 34253
358; 201; 34038
359; 201; 33873
360; 201; 33853
361; 201; 33961
362; 201; 34157
363; 201; 34373
364; 201; 34507
365; 201; 34514
366; 201; 34434
367; 201; 34320
368; 201; 34209
369; 201; 34160
370; 201; 34197
371; 201; 34308
315; 202; 34553
316; 202; 34854
317; 202; 34693
318; 202; 34507
319; 202; 34451
320; 202; 34377
321; 202; 34310
322; 202; 34411
323; 202; 34617
324; 202; 34698
325; 202; 34649
326; 202; 34604
327; 202; 34518
328; 202; 34246
329; 202; 33900
330; 202; 33584
331; 202; 33489
332; 202; 33685
333; 202; 33850
334; 202; 33895
335; 202; 33927
336; 202; 33958
337; 202; 33914
338; 202; 33824
339; 202; 33882
340; 202; 33985
341; 202; 33969
342; 202; 33869
343; 202; 33799
344; 202; 33791
345; 202; 33812
346; 202; 33863
347; 202; 33893
348; 202; 33741
349; 202; 33437
350; 202; 33352
351; 202; 33554
352; 202; 33731
353; 202; 33721
354; 202; 33755
355; 202; 34020
356; 202; 34276
357; 202; 34228
358; 202; 33960
359; 202; 33758
360; 202; 33778
361; 202; 34013
362; 202; 34291
363; 202; 34479
364; 202; 34504
365; 202; 34395
366; 202; 34318
367; 202; 34310
368; 202; 34296
369; 202; 34311
370; 202; 34433
371; 202; 34590
315; 203; 34618
316; 203; 34865
317; 203; 34767
318; 203; 34640
319; 203; 34585
320; 203; 34436
321; 203; 34288
322; 203; 34355
323; 203; 34590
324; 203; 34706
325; 203; 34634
326; 203; 34539
327; 203; 34437
328; 203; 34183
329; 203; 33825
330; 203; 33570
331; 203; 33583
332; 203; 33746
333; 203; 33847
334; 203; 33867
335; 203; 33923
336; 203; 33971
337; 203; 33964
338; 203; 33890
339; 203; 33939
340; 203; 34029
341; 203; 33994
342; 203; 33879
343; 203; 33842
344; 203; 33921
345; 203; 34009
346; 203; 34014
347; 203; 33877
348; 203; 33555
349; 203; 33186
350; 203; 33120
351; 203; 33409
352; 203; 33746
353; 203; 33814
354; 203; 33749
355; 203; 33875
356; 203; 34112
357; 203; 34099
358; 203; 33836
359; 203; 33689
360; 203; 33838
361; 203; 34160
362; 203; 34406
363; 203; 34478
364; 203; 34374
365; 203; 34230
366; 203; 34299
367; 203; 34465
368; 203; 34479
369; 203; 34442
370; 203; 34573
371; 203; 34738
315; 204; 34570
316; 204; 34801
317; 204; 34770
318; 204; 34756
319; 204; 34749
320; 204; 34563
321; 204; 34345
322; 204; 34386
323; 204; 34647
324; 204; 34787
325; 204; 34690
326; 204; 34582
327; 204; 34515
328; 204; 34313
329; 204; 33877
330; 204; 33613
331; 204; 33645
332; 204; 33795
333; 204; 33860
334; 204; 33862
335; 204; 33934
336; 204; 33959
337; 204; 33933
338; 204; 33882
339; 204; 33937
340; 204; 34007
341; 204; 34002
342; 204; 33945
343; 204; 33952
344; 204; 34061
345; 204; 34118
346; 204; 34035
347; 204; 33845
348; 204; 33533
349; 204; 33186
350; 204; 33129
351; 204; 33496
352; 204; 33956
353; 204; 34076
354; 204; 33876
355; 204; 33812
356; 204; 33971
357; 204; 33987
358; 204; 33784
359; 204; 33714
360; 204; 33943
361; 204; 34263
362; 204; 34414
363; 204; 34361
364; 204; 34177
365; 204; 34046
366; 204; 34279
367; 204; 34594
368; 204; 34558
369; 204; 34351
370; 204; 34407
371; 204; 34597
315; 205; 34509
316; 205; 34681
317; 205; 34676
318; 205; 34751
319; 205; 34820
320; 205; 34638
321; 205; 34411
322; 205; 34503
323; 205; 34814
324; 205; 34935
325; 205; 34792
326; 205; 34688
327; 205; 34640
328; 205; 34399
329; 205; 33897
330; 205; 33671
331; 205; 33717
332; 205; 33839
333; 205; 33850
334; 205; 33856
335; 205; 33893
336; 205; 33877
337; 205; 33821
338; 205; 33800
339; 205; 33866
340; 205; 33920
341; 205; 34000
342; 205; 34066
343; 205; 34082
344; 205; 34089
345; 205; 34040
346; 205; 33846
347; 205; 33611
348; 205; 33451
349; 205; 33324
350; 205; 33309
351; 205; 33569
352; 205; 33969
353; 205; 34146
354; 205; 34041
355; 205; 33964
356; 205; 34008
357; 205; 33989
358; 205; 33813
359; 205; 33701
360; 205; 33806
361; 205; 34031
362; 205; 34149
363; 205; 34101
364; 205; 33996
365; 205; 33948
366; 205; 34256
367; 205; 34596
368; 205; 34516
369; 205; 34202
370; 205; 34232
371; 205; 34490
315; 206; 34502
316; 206; 34639
317; 206; 34605
318; 206; 34691
319; 206; 34775
320; 206; 34600
321; 206; 34405
322; 206; 34549
323; 206; 34853
324; 206; 34920
325; 206; 34782
326; 206; 34726
327; 206; 34677
328; 206; 34306
329; 206; 33802
330; 206; 33693
331; 206; 33804
332; 206; 33892
333; 206; 33862
334; 206; 33850
335; 206; 33869
336; 206; 33829
337; 206; 33753
338; 206; 33780
339; 206; 33861
340; 206; 33932
341; 206; 34105
342; 206; 34268
343; 206; 34224
344; 206; 34026
345; 206; 33874
346; 206; 33678
347; 206; 33400
348; 206; 33314
349; 206; 33394
350; 206; 33441
351; 206; 33545
352; 206; 33734
353; 206; 33972
354; 206; 34127
355; 206; 34175
356; 206; 34170
357; 206; 34128
358; 206; 33948
359; 206; 33799
360; 206; 33710
361; 206; 33622
362; 206; 33722
363; 206; 33917
364; 206; 34009
365; 206; 34061
366; 206; 34335
367; 206; 34512
368; 206; 34379
369; 206; 34160
370; 206; 34273
371; 206; 34534
315; 207; 34561
316; 207; 34737
317; 207; 34664
318; 207; 34711
319; 207; 34751
320; 207; 34577
321; 207; 34402
322; 207; 34504
323; 207; 34692
324; 207; 34714
325; 207; 34665
326; 207; 34673
327; 207; 34556
328; 207; 34056
329; 207; 33652
330; 207; 33692
331; 207; 33869
332; 207; 33877
333; 207; 33758
334; 207; 33792
335; 207; 33937
336; 207; 33915
337; 207; 33786
338; 207; 33830
339; 207; 33979
340; 207; 34092
341; 207; 34253
342; 207; 34412
343; 207; 34295
344; 207; 33942
345; 207; 33720
346; 207; 33580
347; 207; 33334
348; 207; 33218
349; 207; 33290
350; 207; 33428
351; 207; 33511
352; 207; 33571
353; 207; 33813
354; 207; 34109
355; 207; 34265
356; 207; 34301
357; 207; 34315
358; 207; 34158
359; 207; 33990
360; 207; 33818
361; 207; 33502
362; 207; 33589
363; 207; 34064
364; 207; 34308
365; 207; 34342
366; 207; 34436
367; 207; 34361
368; 207; 34183
369; 207; 34161
370; 207; 34371
371; 207; 34564
315; 208; 34612
316; 208; 34800
317; 208; 34754
318; 208; 34785
319; 208; 34823
320; 208; 34696
321; 208; 34534
322; 208; 34514
323; 208; 34546
324; 208; 34573
325; 208; 34638
326; 208; 34661
327; 208; 34416
328; 208; 33876
329; 208; 33609
330; 208; 33698
331; 208; 33853
332; 208; 33770
333; 208; 33628
334; 208; 33783
335; 208; 34061
336; 208; 34043
337; 208; 33855
338; 208; 33918
339; 208; 34113
340; 208; 34158
341; 208; 34185
342; 208; 34294
343; 208; 34186
344; 208; 33811
345; 208; 33554
346; 208; 33494
347; 208; 33419
348; 208; 33315
349; 208; 33317
350; 208; 33477
351; 208; 33568
352; 208; 33669
353; 208; 33896
354; 208; 34105
355; 208; 34208
356; 208; 34247
357; 208; 34334
358; 208; 34305
359; 208; 34109
360; 208; 33820
361; 208; 33565
362; 208; 33813
363; 208; 34345
364; 208; 34510
365; 208; 34396
366; 208; 34298
367; 208; 34132
368; 208; 34038
369; 208; 34120
370; 208; 34315
371; 208; 34487
315; 209; 34546
316; 209; 34742
317; 209; 34701
318; 209; 34763
319; 209; 34857
320; 209; 34813
321; 209; 34664
322; 209; 34521
323; 209; 34469
324; 209; 34583
325; 209; 34744
326; 209; 34713
327; 209; 34271
328; 209; 33761
329; 209; 33619
330; 209; 33683
331; 209; 33761
332; 209; 33679
333; 209; 33636
334; 209; 33853
335; 209; 34112
336; 209; 34054
337; 209; 33880
338; 209; 33986
339; 209; 34121
340; 209; 33985
341; 209; 33881
342; 209; 34015
343; 209; 33983
344; 209; 33661
345; 209; 33415
346; 209; 33444
347; 209; 33491
348; 209; 33416
349; 209; 33468
350; 209; 33687
351; 209; 33869
352; 209; 33976
353; 209; 34023
354; 209; 34044
355; 209; 33990
356; 209; 33933
357; 209; 34059
358; 209; 34231
359; 209; 34172
360; 209; 33910
361; 209; 33831
362; 209; 34159
363; 209; 34489
364; 209; 34406
365; 209; 34164
366; 209; 34067
367; 209; 34076
368; 209; 34099
369; 209; 34107
370; 209; 34213
371; 209; 34431
