162; 112; 33125
163; 112; 33710
164; 112; 34204
165; 112; 34305
166; 112; 34756
167; 112; 35473
162; 113; 32991
163; 113; 33480
164; 113; 34017
165; 113; 34129
166; 113; 34206
167; 113; 34942
162; 114; 33869
163; 114; 33848
164; 114; 34073
165; 114; 34127
166; 114; 34009
167; 114; 34412
162; 115; 34268
163; 115; 34202
164; 115; 34072
165; 115; 33990
166; 115; 34117
167; 115; 34318
163; 116; 34124
164; 116; 33945
165; 116; 33928
166; 116; 34252
167; 116; 34698
163; 117; 34108
164; 117; 33974
165; 117; 34008
166; 117; 34278
163; 118; 34148
164; 118; 34170
165; 118; 34145
166; 118; 34266
163; 119; 34024
164; 119; 34216
165; 119; 34281
166; 119; 34317
163; 120; 33981
164; 120; 34287
165; 120; 34412
166; 120; 34543
164; 121; 34186
165; 121; 34140
166; 121; 34281
165; 122; 33816
166; 122; 33872
165; 123; 34049
166; 123; 34342
