105; 94; 38976
106; 94; 39190
107; 94; 39185
108; 94; 41622
109; 94; 46503
110; 94; 50249
111; 94; 50081
112; 94; 46793
113; 94; 44220
114; 94; 42261
115; 94; 39436
116; 94; 36990
117; 94; 35798
118; 94; 35176
119; 94; 34708
120; 94; 34714
121; 94; 34975
122; 94; 34837
105; 95; 38888
106; 95; 39430
107; 95; 39776
108; 95; 41990
109; 95; 46348
110; 95; 49467
111; 95; 48961
112; 95; 45983
113; 95; 43557
114; 95; 41423
115; 95; 38680
116; 95; 36405
117; 95; 35584
118; 95; 35514
119; 95; 35122
120; 95; 34760
121; 95; 34801
122; 95; 34720
105; 96; 38592
106; 96; 39425
107; 96; 40472
108; 96; 42593
109; 96; 46337
110; 96; 48930
111; 96; 47522
112; 96; 44501
113; 96; 42318
114; 96; 40484
115; 96; 38281
116; 96; 36233
117; 96; 35523
118; 96; 35750
119; 96; 35457
120; 96; 34849
121; 96; 34750
122; 96; 34804
105; 97; 38280
106; 97; 39302
107; 97; 40868
108; 97; 43000
109; 97; 46376
110; 97; 48469
111; 97; 45950
112; 97; 42764
113; 97; 40941
114; 97; 39774
115; 97; 38259
116; 97; 36476
117; 97; 35579
118; 97; 35617
119; 97; 35393
120; 97; 34843
121; 97; 34744
122; 97; 34840
105; 98; 38249
106; 98; 39213
107; 98; 40819
108; 98; 42824
109; 98; 45786
110; 98; 47326
111; 98; 44365
112; 98; 41320
113; 98; 40144
114; 98; 39696
115; 98; 38670
116; 98; 37021
117; 98; 35746
118; 98; 35279
119; 98; 35074
120; 98; 34842
121; 98; 34816
122; 98; 34817
105; 99; 38526
106; 99; 39590
107; 99; 41323
108; 99; 42993
109; 99; 45022
110; 99; 45719
111; 99; 42932
112; 99; 40699
113; 99; 40688
114; 99; 40975
115; 99; 39879
116; 99; 37764
117; 99; 35954
118; 99; 34987
119; 99; 34754
120; 99; 34890
121; 99; 34939
122; 99; 34830
105; 100; 38981
106; 100; 40608
107; 100; 42890
108; 100; 44283
109; 100; 44761
110; 100; 43803
111; 100; 41485
112; 100; 40736
113; 100; 42216
114; 100; 43292
115; 100; 41708
116; 100; 38611
117; 100; 36132
118; 100; 34817
119; 100; 34562
120; 100; 34920
121; 100; 35058
122; 100; 34945
105; 101; 39734
106; 101; 41465
107; 101; 43972
108; 101; 45571
109; 101; 45105
110; 101; 42826
111; 101; 40854
112; 101; 40951
113; 101; 43006
114; 101; 44469
115; 101; 42618
116; 101; 38963
117; 101; 36109
118; 101; 34712
119; 101; 34505
120; 101; 34991
121; 101; 35342
122; 101; 35333
105; 102; 40628
106; 102; 41732
107; 102; 43756
108; 102; 45590
109; 102; 45258
110; 102; 43026
111; 102; 41335
112; 102; 41208
113; 102; 42590
114; 102; 43596
115; 102; 41820
116; 102; 38506
117; 102; 35842
118; 102; 34637
119; 102; 34530
120; 102; 35088
121; 102; 35734
122; 102; 36051
105; 103; 41028
106; 103; 41602
107; 103; 42939
108; 103; 44394
109; 103; 44535
110; 103; 43528
111; 103; 42456
112; 103; 41739
113; 103; 42022
114; 103; 42143
115; 103; 40456
116; 103; 37866
117; 103; 35689
118; 103; 34701
119; 103; 34624
120; 103; 35160
121; 103; 36032
122; 103; 36794
105; 104; 40690
106; 104; 41079
107; 104; 42094
108; 104; 43039
109; 104; 43519
110; 104; 44020
111; 104; 43763
112; 104; 42654
113; 104; 41827
114; 104; 41157
115; 104; 39590
116; 104; 37565
117; 104; 35836
118; 104; 34963
119; 104; 34809
120; 104; 35237
121; 104; 36197
122; 104; 37163
105; 105; 40229
106; 105; 40573
107; 105; 41546
108; 105; 42320
109; 105; 43043
110; 105; 44407
111; 105; 44809
112; 105; 43858
113; 105; 42262
114; 105; 40841
115; 105; 39370
116; 105; 37635
117; 105; 36177
118; 105; 35361
119; 105; 35052
120; 105; 35272
121; 105; 36117
122; 105; 37007
105; 106; 40465
106; 106; 40632
107; 106; 41050
108; 106; 41514
109; 106; 42552
110; 106; 44404
111; 106; 45497
112; 106; 45152
113; 106; 43493
114; 106; 41537
115; 106; 39742
116; 106; 38057
117; 106; 36650
118; 106; 35697
119; 106; 35204
120; 106; 35251
121; 106; 35842
122; 106; 36468
105; 107; 41398
106; 107; 40930
107; 107; 40640
108; 107; 40921
109; 107; 42082
110; 107; 44087
111; 107; 45856
112; 107; 46210
113; 107; 45058
114; 107; 43087
115; 107; 40726
116; 107; 38762
117; 107; 37124
118; 107; 35859
119; 107; 35225
120; 107; 35256
121; 107; 35676
122; 107; 35991
105; 108; 42606
106; 108; 41094
107; 108; 40523
108; 108; 40824
109; 108; 41930
110; 108; 43788
111; 108; 45933
112; 108; 46801
113; 108; 46139
114; 108; 44412
115; 108; 41853
116; 108; 39389
117; 108; 37408
118; 108; 35966
119; 108; 35248
120; 108; 35328
121; 108; 35725
122; 108; 35894
105; 109; 43629
106; 109; 41348
107; 109; 40673
108; 109; 40761
109; 109; 41841
110; 109; 43845
111; 109; 46295
112; 109; 47522
113; 109; 46946
114; 109; 44984
115; 109; 42222
116; 109; 39465
117; 109; 37441
118; 109; 36128
119; 109; 35407
120; 109; 35376
121; 109; 35738
122; 109; 36040
105; 110; 44488
106; 110; 42099
107; 110; 41134
108; 110; 41042
109; 110; 42013
110; 110; 43991
111; 110; 46735
112; 110; 48381
113; 110; 47275
114; 110; 44565
115; 110; 41604
116; 110; 39075
117; 110; 37380
118; 110; 36411
119; 110; 35847
120; 110; 35591
121; 110; 35774
122; 110; 36314
105; 111; 45396
106; 111; 43305
107; 111; 41858
108; 111; 41599
109; 111; 42175
110; 111; 43804
111; 111; 46488
112; 111; 48016
113; 111; 46460
114; 111; 43678
115; 111; 40963
116; 111; 38755
117; 111; 37470
118; 111; 36968
119; 111; 36678
120; 111; 36255
121; 111; 36154
122; 111; 36941
