148; 204; 32996
149; 204; 32931
150; 204; 32947
151; 204; 32979
152; 204; 32976
153; 204; 32965
154; 204; 32994
155; 204; 33016
156; 204; 32983
157; 204; 32953
158; 204; 32976
159; 204; 33002
160; 204; 32963
161; 204; 32924
162; 204; 32951
163; 204; 33024
164; 204; 33026
165; 204; 32952
166; 204; 32933
167; 204; 33038
168; 204; 33206
169; 204; 33232
170; 204; 33096
171; 204; 32966
172; 204; 32903
173; 204; 32890
174; 204; 32890
175; 204; 32898
176; 204; 32916
177; 204; 32940
178; 204; 32920
179; 204; 32906
180; 204; 32945
181; 204; 32945
182; 204; 32912
183; 204; 32910
184; 204; 32927
185; 204; 32945
186; 204; 32994
187; 204; 32985
188; 204; 32949
189; 204; 33050
190; 204; 33270
191; 204; 33443
192; 204; 33506
193; 204; 33510
194; 204; 33480
195; 204; 33427
196; 204; 33411
197; 204; 33462
198; 204; 33525
199; 204; 33533
200; 204; 33500
201; 204; 33469
202; 204; 33452
203; 204; 33469
204; 204; 33544
205; 204; 33637
206; 204; 33668
207; 204; 33604
208; 204; 33529
209; 204; 33563
210; 204; 33681
211; 204; 33738
212; 204; 33651
213; 204; 33467
214; 204; 33262
215; 204; 33109
216; 204; 33070
217; 204; 33084
218; 204; 33061
219; 204; 33017
220; 204; 32999
221; 204; 33012
222; 204; 33017
223; 204; 32984
224; 204; 32920
225; 204; 32891
226; 204; 32935
227; 204; 33003
228; 204; 33066
148; 205; 32970
149; 205; 32934
150; 205; 32974
151; 205; 33005
152; 205; 32976
153; 205; 32953
154; 205; 32980
155; 205; 32994
156; 205; 32960
157; 205; 32950
158; 205; 32997
159; 205; 33028
160; 205; 32981
161; 205; 32915
162; 205; 32912
163; 205; 32988
164; 205; 33046
165; 205; 33010
166; 205; 32943
167; 205; 32956
168; 205; 33069
169; 205; 33121
170; 205; 33048
171; 205; 32953
172; 205; 32892
173; 205; 32866
174; 205; 32865
175; 205; 32881
176; 205; 32917
177; 205; 32956
178; 205; 32939
179; 205; 32932
180; 205; 32946
181; 205; 32943
182; 205; 32914
183; 205; 32910
184; 205; 32936
185; 205; 32930
186; 205; 32971
187; 205; 32995
188; 205; 32967
189; 205; 33012
190; 205; 33175
191; 205; 33337
192; 205; 33430
193; 205; 33479
194; 205; 33490
195; 205; 33459
196; 205; 33426
197; 205; 33439
198; 205; 33485
199; 205; 33500
200; 205; 33474
201; 205; 33454
202; 205; 33466
203; 205; 33494
204; 205; 33530
205; 205; 33568
206; 205; 33588
207; 205; 33570
208; 205; 33556
209; 205; 33606
210; 205; 33686
211; 205; 33687
212; 205; 33554
213; 205; 33359
214; 205; 33200
215; 205; 33120
216; 205; 33087
217; 205; 33044
218; 205; 32999
219; 205; 32995
220; 205; 33013
221; 205; 33010
222; 205; 32986
223; 205; 32948
224; 205; 32908
225; 205; 32900
226; 205; 32943
227; 205; 33001
228; 205; 33043
148; 206; 33012
149; 206; 33067
150; 206; 33140
151; 206; 33119
152; 206; 33001
153; 206; 32932
154; 206; 32935
155; 206; 32940
156; 206; 32933
157; 206; 32948
158; 206; 33001
159; 206; 33034
160; 206; 33006
161; 206; 32958
162; 206; 32925
163; 206; 32966
164; 206; 33050
165; 206; 33065
166; 206; 32997
167; 206; 32970
168; 206; 33026
169; 206; 33064
170; 206; 33012
171; 206; 32924
172; 206; 32886
173; 206; 32873
174; 206; 32881
175; 206; 32901
176; 206; 32928
177; 206; 32953
178; 206; 32937
179; 206; 32924
180; 206; 32919
181; 206; 32925
182; 206; 32925
183; 206; 32909
184; 206; 32924
185; 206; 32927
186; 206; 32941
187; 206; 32964
188; 206; 32958
189; 206; 32970
190; 206; 33077
191; 206; 33226
192; 206; 33337
193; 206; 33417
194; 206; 33477
195; 206; 33491
196; 206; 33460
197; 206; 33434
198; 206; 33444
199; 206; 33463
200; 206; 33465
201; 206; 33471
202; 206; 33499
203; 206; 33522
204; 206; 33525
205; 206; 33524
206; 206; 33537
207; 206; 33557
208; 206; 33587
209; 206; 33633
210; 206; 33671
211; 206; 33636
212; 206; 33482
213; 206; 33276
214; 206; 33159
215; 206; 33161
216; 206; 33154
217; 206; 33073
218; 206; 33004
219; 206; 33004
220; 206; 33020
221; 206; 32996
222; 206; 32957
223; 206; 32932
224; 206; 32911
225; 206; 32917
226; 206; 32961
227; 206; 32986
228; 206; 32979
148; 207; 33152
149; 207; 33266
150; 207; 33318
151; 207; 33221
152; 207; 33046
153; 207; 32954
154; 207; 32938
155; 207; 32923
156; 207; 32922
157; 207; 32965
158; 207; 33017
159; 207; 33027
160; 207; 33003
161; 207; 32983
162; 207; 32953
163; 207; 32970
164; 207; 33039
165; 207; 33070
166; 207; 33034
167; 207; 33000
168; 207; 33021
169; 207; 33046
170; 207; 32992
171; 207; 32905
172; 207; 32871
173; 207; 32879
174; 207; 32904
175; 207; 32910
176; 207; 32909
177; 207; 32924
178; 207; 32924
179; 207; 32897
180; 207; 32886
181; 207; 32903
182; 207; 32940
183; 207; 32932
184; 207; 32912
185; 207; 32938
186; 207; 32948
187; 207; 32944
188; 207; 32944
189; 207; 32961
190; 207; 33068
191; 207; 33229
192; 207; 33334
193; 207; 33389
194; 207; 33453
195; 207; 33504
196; 207; 33495
197; 207; 33448
198; 207; 33426
199; 207; 33441
200; 207; 33468
201; 207; 33501
202; 207; 33537
203; 207; 33561
204; 207; 33569
205; 207; 33576
206; 207; 33600
207; 207; 33635
208; 207; 33664
209; 207; 33674
210; 207; 33667
211; 207; 33614
212; 207; 33462
213; 207; 33249
214; 207; 33137
215; 207; 33170
216; 207; 33190
217; 207; 33115
218; 207; 33037
219; 207; 33012
220; 207; 33003
221; 207; 32986
222; 207; 32967
223; 207; 32954
224; 207; 32955
225; 207; 32981
226; 207; 32985
227; 207; 32937
228; 207; 32904
148; 208; 33237
149; 208; 33299
150; 208; 33282
151; 208; 33175
152; 208; 33060
153; 208; 32997
154; 208; 32974
155; 208; 32954
156; 208; 32946
157; 208; 32982
158; 208; 33010
159; 208; 32994
160; 208; 32983
161; 208; 33005
162; 208; 33002
163; 208; 32988
164; 208; 32999
165; 208; 33009
166; 208; 33006
167; 208; 32997
168; 208; 33007
169; 208; 33031
170; 208; 32988
171; 208; 32912
172; 208; 32876
173; 208; 32881
174; 208; 32888
175; 208; 32883
176; 208; 32884
177; 208; 32912
178; 208; 32922
179; 208; 32884
180; 208; 32879
181; 208; 32910
182; 208; 32958
183; 208; 32948
184; 208; 32922
185; 208; 32949
186; 208; 32968
187; 208; 32960
188; 208; 32952
189; 208; 32980
190; 208; 33118
191; 208; 33295
192; 208; 33380
193; 208; 33395
194; 208; 33439
195; 208; 33502
196; 208; 33508
197; 208; 33463
198; 208; 33430
199; 208; 33431
200; 208; 33453
201; 208; 33494
202; 208; 33547
203; 208; 33595
204; 208; 33632
205; 208; 33670
206; 208; 33717
207; 208; 33758
208; 208; 33763
209; 208; 33721
210; 208; 33666
211; 208; 33611
212; 208; 33495
213; 208; 33300
214; 208; 33148
215; 208; 33126
216; 208; 33137
217; 208; 33078
218; 208; 33002
219; 208; 32973
220; 208; 32973
221; 208; 32989
222; 208; 33004
223; 208; 32998
224; 208; 33024
225; 208; 33065
226; 208; 33028
227; 208; 32919
228; 208; 32861
148; 209; 33163
149; 209; 33143
150; 209; 33084
151; 209; 33041
152; 209; 33036
153; 209; 33024
154; 209; 32996
155; 209; 32979
156; 209; 32982
157; 209; 32995
158; 209; 32978
159; 209; 32944
160; 209; 32952
161; 209; 33013
162; 209; 33044
163; 209; 33012
164; 209; 32969
165; 209; 32948
166; 209; 32960
167; 209; 32974
168; 209; 32983
169; 209; 33012
170; 209; 32996
171; 209; 32943
172; 209; 32902
173; 209; 32889
174; 209; 32898
175; 209; 32889
176; 209; 32895
177; 209; 32928
178; 209; 32909
179; 209; 32883
180; 209; 32909
181; 209; 32938
182; 209; 32966
183; 209; 32936
184; 209; 32915
185; 209; 32925
186; 209; 32950
187; 209; 32974
188; 209; 32978
189; 209; 32991
190; 209; 33113
191; 209; 33283
192; 209; 33366
193; 209; 33387
194; 209; 33433
195; 209; 33493
196; 209; 33504
197; 209; 33480
198; 209; 33456
199; 209; 33421
200; 209; 33392
201; 209; 33415
202; 209; 33500
203; 209; 33597
204; 209; 33665
205; 209; 33716
206; 209; 33769
207; 209; 33811
208; 209; 33805
209; 209; 33731
210; 209; 33642
211; 209; 33597
212; 209; 33556
213; 209; 33430
214; 209; 33240
215; 209; 33103
216; 209; 33044
217; 209; 32990
218; 209; 32925
219; 209; 32916
220; 209; 32952
221; 209; 32969
222; 209; 32982
223; 209; 32994
224; 209; 33032
225; 209; 33076
226; 209; 33052
227; 209; 32954
228; 209; 32889
148; 210; 32974
149; 210; 32960
150; 210; 32947
151; 210; 32977
152; 210; 33034
153; 210; 33036
154; 210; 32992
155; 210; 32971
156; 210; 32990
157; 210; 33009
158; 210; 32973
159; 210; 32919
160; 210; 32925
161; 210; 33001
162; 210; 33053
163; 210; 33032
164; 210; 32970
165; 210; 32932
166; 210; 32951
167; 210; 32972
168; 210; 32981
169; 210; 33010
170; 210; 33018
171; 210; 32999
172; 210; 32950
173; 210; 32910
174; 210; 32918
175; 210; 32910
176; 210; 32900
177; 210; 32926
178; 210; 32913
179; 210; 32900
180; 210; 32912
181; 210; 32908
182; 210; 32932
183; 210; 32912
184; 210; 32892
185; 210; 32895
186; 210; 32918
187; 210; 32969
188; 210; 32999
189; 210; 32990
190; 210; 33047
191; 210; 33197
192; 210; 33302
193; 210; 33360
194; 210; 33429
195; 210; 33487
196; 210; 33503
197; 210; 33507
198; 210; 33494
199; 210; 33404
200; 210; 33289
201; 210; 33280
202; 210; 33401
203; 210; 33556
204; 210; 33652
205; 210; 33693
206; 210; 33726
207; 210; 33766
208; 210; 33774
209; 210; 33708
210; 210; 33613
211; 210; 33586
212; 210; 33615
213; 210; 33563
214; 210; 33376
215; 210; 33157
216; 210; 33005
217; 210; 32941
218; 210; 32906
219; 210; 32906
220; 210; 32959
221; 210; 32973
222; 210; 32945
223; 210; 32940
224; 210; 32965
225; 210; 33007
226; 210; 33022
227; 210; 32981
228; 210; 32944
148; 211; 32859
149; 211; 32884
150; 211; 32920
151; 211; 32981
152; 211; 33046
153; 211; 33033
154; 211; 32964
155; 211; 32933
156; 211; 32972
157; 211; 33015
158; 211; 32990
159; 211; 32941
160; 211; 32932
161; 211; 32986
162; 211; 33032
163; 211; 33026
164; 211; 32971
165; 211; 32929
166; 211; 32963
167; 211; 32992
168; 211; 32992
169; 211; 33004
170; 211; 33037
171; 211; 33045
172; 211; 32981
173; 211; 32928
174; 211; 32894
175; 211; 32891
176; 211; 32894
177; 211; 32911
178; 211; 32921
179; 211; 32906
180; 211; 32902
181; 211; 32886
182; 211; 32914
183; 211; 32922
184; 211; 32887
185; 211; 32893
186; 211; 32900
187; 211; 32935
188; 211; 32979
189; 211; 32975
190; 211; 33002
191; 211; 33150
192; 211; 33290
193; 211; 33372
194; 211; 33438
195; 211; 33485
196; 211; 33506
197; 211; 33532
198; 211; 33519
199; 211; 33384
200; 211; 33210
201; 211; 33179
202; 211; 33316
203; 211; 33500
204; 211; 33616
205; 211; 33646
206; 211; 33648
207; 211; 33676
208; 211; 33713
209; 211; 33692
210; 211; 33622
211; 211; 33597
212; 211; 33627
213; 211; 33602
214; 211; 33454
215; 211; 33243
216; 211; 33045
217; 211; 32929
218; 211; 32897
219; 211; 32919
220; 211; 33004
221; 211; 33042
222; 211; 32986
223; 211; 32925
224; 211; 32905
225; 211; 32943
226; 211; 32991
227; 211; 32996
228; 211; 32979
148; 212; 32886
149; 212; 32898
150; 212; 32915
151; 212; 32952
152; 212; 32996
153; 212; 32987
154; 212; 32934
155; 212; 32912
156; 212; 32954
157; 212; 33009
158; 212; 33004
159; 212; 32967
160; 212; 32951
161; 212; 32970
162; 212; 32995
163; 212; 32987
164; 212; 32946
165; 212; 32912
166; 212; 32959
167; 212; 33008
168; 212; 33002
169; 212; 32973
170; 212; 33021
171; 212; 33081
172; 212; 33018
173; 212; 32951
174; 212; 32909
175; 212; 32875
176; 212; 32886
177; 212; 32906
178; 212; 32916
179; 212; 32923
180; 212; 32932
181; 212; 32918
182; 212; 32915
183; 212; 32923
184; 212; 32904
185; 212; 32928
186; 212; 32918
187; 212; 32921
188; 212; 32956
189; 212; 32959
190; 212; 33010
191; 212; 33180
192; 212; 33349
193; 212; 33434
194; 212; 33465
195; 212; 33480
196; 212; 33498
197; 212; 33534
198; 212; 33530
199; 212; 33408
200; 212; 33252
201; 212; 33220
202; 212; 33328
203; 212; 33484
204; 212; 33594
205; 212; 33619
206; 212; 33594
207; 212; 33590
208; 212; 33643
209; 212; 33691
210; 212; 33679
211; 212; 33641
212; 212; 33609
213; 212; 33561
214; 212; 33471
215; 212; 33327
216; 212; 33133
217; 212; 32950
218; 212; 32863
219; 212; 32920
220; 212; 33070
221; 212; 33133
222; 212; 33066
223; 212; 32973
224; 212; 32907
225; 212; 32913
226; 212; 32970
227; 212; 33007
228; 212; 33015
148; 213; 32923
149; 213; 32940
150; 213; 32899
151; 213; 32890
152; 213; 32928
153; 213; 32939
154; 213; 32926
155; 213; 32934
156; 213; 32964
157; 213; 33011
158; 213; 33008
159; 213; 32980
160; 213; 32962
161; 213; 32952
162; 213; 32961
163; 213; 32954
164; 213; 32933
165; 213; 32934
166; 213; 32974
167; 213; 33021
168; 213; 33008
169; 213; 32932
170; 213; 32971
171; 213; 33096
172; 213; 33090
173; 213; 32996
174; 213; 32972
175; 213; 32903
176; 213; 32890
177; 213; 32923
178; 213; 32923
179; 213; 32927
180; 213; 32922
181; 213; 32907
182; 213; 32892
183; 213; 32902
184; 213; 32939
185; 213; 32972
186; 213; 32935
187; 213; 32957
188; 213; 33007
189; 213; 32995
190; 213; 33038
191; 213; 33208
192; 213; 33384
193; 213; 33469
194; 213; 33485
195; 213; 33478
196; 213; 33471
197; 213; 33492
198; 213; 33525
199; 213; 33496
200; 213; 33428
201; 213; 33395
202; 213; 33426
203; 213; 33511
204; 213; 33598
205; 213; 33621
206; 213; 33577
207; 213; 33537
208; 213; 33586
209; 213; 33689
210; 213; 33743
211; 213; 33709
212; 213; 33622
213; 213; 33547
214; 213; 33505
215; 213; 33427
216; 213; 33246
217; 213; 33010
218; 213; 32866
219; 213; 32927
220; 213; 33088
221; 213; 33141
222; 213; 33073
223; 213; 32986
224; 213; 32912
225; 213; 32899
226; 213; 32939
227; 213; 32987
228; 213; 33038
148; 214; 32938
149; 214; 32945
150; 214; 32904
151; 214; 32874
152; 214; 32901
153; 214; 32911
154; 214; 32915
155; 214; 32959
156; 214; 33010
157; 214; 33033
158; 214; 33012
159; 214; 32983
160; 214; 32947
161; 214; 32926
162; 214; 32939
163; 214; 32954
164; 214; 32966
165; 214; 32986
166; 214; 33000
167; 214; 33028
168; 214; 32997
169; 214; 32901
170; 214; 32914
171; 214; 33065
172; 214; 33159
173; 214; 33079
174; 214; 33006
175; 214; 32944
176; 214; 32908
177; 214; 32919
178; 214; 32927
179; 214; 32933
180; 214; 32920
181; 214; 32889
182; 214; 32905
183; 214; 32944
184; 214; 32978
185; 214; 32991
186; 214; 32936
187; 214; 33000
188; 214; 33082
189; 214; 33053
190; 214; 33043
191; 214; 33174
192; 214; 33339
193; 214; 33439
194; 214; 33490
195; 214; 33493
196; 214; 33448
197; 214; 33428
198; 214; 33499
199; 214; 33591
200; 214; 33613
201; 214; 33564
202; 214; 33521
203; 214; 33544
204; 214; 33601
205; 214; 33624
206; 214; 33586
207; 214; 33549
208; 214; 33590
209; 214; 33692
210; 214; 33771
211; 214; 33760
212; 214; 33679
213; 214; 33608
214; 214; 33587
215; 214; 33537
216; 214; 33363
217; 214; 33100
218; 214; 32928
219; 214; 32946
220; 214; 33025
221; 214; 33031
222; 214; 32990
223; 214; 32941
224; 214; 32892
225; 214; 32907
226; 214; 32942
227; 214; 32976
228; 214; 33034
148; 215; 32914
149; 215; 32920
150; 215; 32920
151; 215; 32901
152; 215; 32897
153; 215; 32879
154; 215; 32897
155; 215; 32975
156; 215; 33036
157; 215; 33042
158; 215; 33022
159; 215; 32995
160; 215; 32954
161; 215; 32931
162; 215; 32928
163; 215; 32944
164; 215; 32980
165; 215; 33006
166; 215; 33005
167; 215; 33020
168; 215; 32980
169; 215; 32895
170; 215; 32890
171; 215; 33027
172; 215; 33196
173; 215; 33176
174; 215; 33037
175; 215; 32957
176; 215; 32934
177; 215; 32926
178; 215; 32920
179; 215; 32930
180; 215; 32946
181; 215; 32892
182; 215; 32928
183; 215; 32994
184; 215; 32973
185; 215; 32975
186; 215; 32948
187; 215; 33026
188; 215; 33118
189; 215; 33102
190; 215; 33063
191; 215; 33143
192; 215; 33285
193; 215; 33404
194; 215; 33502
195; 215; 33524
196; 215; 33449
197; 215; 33387
198; 215; 33465
199; 215; 33615
200; 215; 33678
201; 215; 33626
202; 215; 33558
203; 215; 33544
204; 215; 33566
205; 215; 33594
206; 215; 33607
207; 215; 33626
208; 215; 33664
209; 215; 33707
210; 215; 33747
211; 215; 33760
212; 215; 33731
213; 215; 33686
214; 215; 33657
215; 215; 33608
216; 215; 33466
217; 215; 33234
218; 215; 33041
219; 215; 32971
220; 215; 32950
221; 215; 32934
222; 215; 32948
223; 215; 32940
224; 215; 32897
225; 215; 32925
226; 215; 32981
227; 215; 33010
228; 215; 33037
148; 216; 32875
149; 216; 32905
150; 216; 32953
151; 216; 32971
152; 216; 32940
153; 216; 32896
154; 216; 32927
155; 216; 33000
156; 216; 33040
157; 216; 33037
158; 216; 33024
159; 216; 33006
160; 216; 32989
161; 216; 32985
162; 216; 32964
163; 216; 32940
164; 216; 32962
165; 216; 32988
166; 216; 32991
167; 216; 32996
168; 216; 32967
169; 216; 32917
170; 216; 32900
171; 216; 33001
172; 216; 33201
173; 216; 33266
174; 216; 33127
175; 216; 32989
176; 216; 32958
177; 216; 32941
178; 216; 32920
179; 216; 32917
180; 216; 32939
181; 216; 32922
182; 216; 32961
183; 216; 33005
184; 216; 32950
185; 216; 32962
186; 216; 32965
187; 216; 33033
188; 216; 33127
189; 216; 33146
190; 216; 33129
191; 216; 33170
192; 216; 33278
193; 216; 33399
194; 216; 33520
195; 216; 33558
196; 216; 33474
197; 216; 33387
198; 216; 33431
199; 216; 33563
200; 216; 33636
201; 216; 33614
202; 216; 33562
203; 216; 33525
204; 216; 33511
205; 216; 33537
206; 216; 33610
207; 216; 33696
208; 216; 33735
209; 216; 33715
210; 216; 33698
211; 216; 33717
212; 216; 33731
213; 216; 33702
214; 216; 33657
215; 216; 33622
216; 216; 33550
217; 216; 33390
218; 216; 33194
219; 216; 33044
220; 216; 32955
221; 216; 32926
222; 216; 32954
223; 216; 32972
224; 216; 32930
225; 216; 32920
226; 216; 32985
227; 216; 33033
228; 216; 33052
148; 217; 32877
149; 217; 32906
150; 217; 32969
151; 217; 33020
152; 217; 33026
153; 217; 33018
154; 217; 33040
155; 217; 33067
156; 217; 33072
157; 217; 33057
158; 217; 33028
159; 217; 32992
160; 217; 32983
161; 217; 32998
162; 217; 32980
163; 217; 32950
164; 217; 32952
165; 217; 32970
166; 217; 32997
167; 217; 32996
168; 217; 32973
169; 217; 32946
170; 217; 32921
171; 217; 32976
172; 217; 33165
173; 217; 33317
174; 217; 33259
175; 217; 33066
176; 217; 32960
177; 217; 32915
178; 217; 32911
179; 217; 32902
180; 217; 32911
181; 217; 32966
182; 217; 33003
183; 217; 32993
184; 217; 32953
185; 217; 32973
186; 217; 32975
187; 217; 33039
188; 217; 33134
189; 217; 33182
190; 217; 33205
191; 217; 33231
192; 217; 33297
193; 217; 33398
194; 217; 33518
195; 217; 33569
196; 217; 33503
197; 217; 33414
198; 217; 33414
199; 217; 33503
200; 217; 33586
201; 217; 33609
202; 217; 33589
203; 217; 33548
204; 217; 33508
205; 217; 33509
206; 217; 33581
207; 217; 33686
208; 217; 33732
209; 217; 33704
210; 217; 33665
211; 217; 33668
212; 217; 33679
213; 217; 33649
214; 217; 33612
215; 217; 33614
216; 217; 33612
217; 217; 33526
218; 217; 33360
219; 217; 33187
220; 217; 33061
221; 217; 32984
222; 217; 32956
223; 217; 32967
224; 217; 32943
225; 217; 32900
226; 217; 32936
227; 217; 33003
228; 217; 33040
148; 218; 32944
149; 218; 32953
150; 218; 32980
151; 218; 33011
152; 218; 33048
153; 218; 33089
154; 218; 33128
155; 218; 33142
156; 218; 33134
157; 218; 33112
158; 218; 33061
159; 218; 32996
160; 218; 32958
161; 218; 32964
162; 218; 32961
163; 218; 32959
164; 218; 32970
165; 218; 32989
166; 218; 33016
167; 218; 33004
168; 218; 32983
169; 218; 32979
170; 218; 32961
171; 218; 32975
172; 218; 33119
173; 218; 33317
174; 218; 33356
175; 218; 33172
176; 218; 32983
177; 218; 32906
178; 218; 32895
179; 218; 32901
180; 218; 32942
181; 218; 33027
182; 218; 33027
183; 218; 32980
184; 218; 32971
185; 218; 32961
186; 218; 32964
187; 218; 33052
188; 218; 33151
189; 218; 33212
190; 218; 33258
191; 218; 33284
192; 218; 33323
193; 218; 33393
194; 218; 33489
195; 218; 33542
196; 218; 33508
197; 218; 33445
198; 218; 33432
199; 218; 33488
200; 218; 33572
201; 218; 33622
202; 218; 33626
203; 218; 33601
204; 218; 33568
205; 218; 33540
206; 218; 33551
207; 218; 33615
208; 218; 33677
209; 218; 33690
210; 218; 33663
211; 218; 33631
212; 218; 33602
213; 218; 33579
214; 218; 33588
215; 218; 33636
216; 218; 33670
217; 218; 33631
218; 218; 33520
219; 218; 33379
220; 218; 33245
221; 218; 33128
222; 218; 33030
223; 218; 32966
224; 218; 32915
225; 218; 32880
226; 218; 32911
227; 218; 32965
228; 218; 33010
148; 219; 33019
149; 219; 33029
150; 219; 33016
151; 219; 32993
152; 219; 33009
153; 219; 33066
154; 219; 33123
155; 219; 33156
156; 219; 33170
157; 219; 33160
158; 219; 33112
159; 219; 33039
160; 219; 32974
161; 219; 32953
162; 219; 32956
163; 219; 32960
164; 219; 32989
165; 219; 33010
166; 219; 33010
167; 219; 32993
168; 219; 32984
169; 219; 33012
170; 219; 33028
171; 219; 33019
172; 219; 33109
173; 219; 33299
174; 219; 33397
175; 219; 33267
176; 219; 33040
177; 219; 32924
178; 219; 32906
179; 219; 32921
180; 219; 32977
181; 219; 33053
182; 219; 33043
183; 219; 33025
184; 219; 33037
185; 219; 32987
186; 219; 32984
187; 219; 33062
188; 219; 33150
189; 219; 33223
190; 219; 33287
191; 219; 33328
192; 219; 33358
193; 219; 33399
194; 219; 33459
195; 219; 33510
196; 219; 33508
197; 219; 33476
198; 219; 33461
199; 219; 33493
200; 219; 33564
201; 219; 33614
202; 219; 33624
203; 219; 33622
204; 219; 33617
205; 219; 33590
206; 219; 33552
207; 219; 33565
208; 219; 33634
209; 219; 33683
210; 219; 33667
211; 219; 33606
212; 219; 33554
213; 219; 33554
214; 219; 33607
215; 219; 33679
216; 219; 33723
217; 219; 33715
218; 219; 33663
219; 219; 33586
220; 219; 33484
221; 219; 33358
222; 219; 33211
223; 219; 33052
224; 219; 32919
225; 219; 32881
226; 219; 32927
227; 219; 32967
228; 219; 33011
148; 220; 33041
149; 220; 33060
150; 220; 33033
151; 220; 32983
152; 220; 32965
153; 220; 33007
154; 220; 33069
155; 220; 33132
156; 220; 33174
157; 220; 33175
158; 220; 33142
159; 220; 33101
160; 220; 33059
161; 220; 32993
162; 220; 32950
163; 220; 32935
164; 220; 32961
165; 220; 32998
166; 220; 32999
167; 220; 32983
168; 220; 32979
169; 220; 33028
170; 220; 33087
171; 220; 33098
172; 220; 33155
173; 220; 33293
174; 220; 33397
175; 220; 33332
176; 220; 33131
177; 220; 32964
178; 220; 32940
179; 220; 32949
180; 220; 32955
181; 220; 33016
182; 220; 33055
183; 220; 33100
184; 220; 33147
185; 220; 33108
186; 220; 33050
187; 220; 33068
188; 220; 33139
189; 220; 33226
190; 220; 33312
191; 220; 33376
192; 220; 33402
193; 220; 33412
194; 220; 33449
195; 220; 33508
196; 220; 33529
197; 220; 33500
198; 220; 33466
199; 220; 33485
200; 220; 33546
201; 220; 33578
202; 220; 33578
203; 220; 33587
204; 220; 33614
205; 220; 33619
206; 220; 33585
207; 220; 33570
208; 220; 33618
209; 220; 33665
210; 220; 33652
211; 220; 33599
212; 220; 33565
213; 220; 33580
214; 220; 33624
215; 220; 33671
216; 220; 33715
217; 220; 33744
218; 220; 33751
219; 220; 33741
220; 220; 33702
221; 220; 33614
222; 220; 33459
223; 220; 33241
224; 220; 33014
225; 220; 32898
226; 220; 32925
227; 220; 32979
228; 220; 33023
148; 221; 33012
149; 221; 33035
150; 221; 33019
151; 221; 32990
152; 221; 32982
153; 221; 33000
154; 221; 33041
155; 221; 33109
156; 221; 33163
157; 221; 33169
158; 221; 33151
159; 221; 33148
160; 221; 33145
161; 221; 33071
162; 221; 32979
163; 221; 32924
164; 221; 32930
165; 221; 33001
166; 221; 33032
167; 221; 33007
168; 221; 32989
169; 221; 33030
170; 221; 33115
171; 221; 33166
172; 221; 33196
173; 221; 33265
174; 221; 33351
175; 221; 33354
176; 221; 33239
177; 221; 33083
178; 221; 33002
179; 221; 32966
180; 221; 32936
181; 221; 32988
182; 221; 33066
183; 221; 33150
184; 221; 33210
185; 221; 33172
186; 221; 33099
187; 221; 33104
188; 221; 33173
189; 221; 33257
190; 221; 33340
191; 221; 33406
192; 221; 33429
193; 221; 33425
194; 221; 33457
195; 221; 33525
196; 221; 33550
197; 221; 33508
198; 221; 33463
199; 221; 33480
200; 221; 33526
201; 221; 33541
202; 221; 33529
203; 221; 33532
204; 221; 33579
205; 221; 33631
206; 221; 33634
207; 221; 33606
208; 221; 33609
209; 221; 33628
210; 221; 33623
211; 221; 33605
212; 221; 33605
213; 221; 33617
214; 221; 33607
215; 221; 33594
216; 221; 33624
217; 221; 33687
218; 221; 33750
219; 221; 33800
220; 221; 33831
221; 221; 33811
222; 221; 33697
223; 221; 33484
224; 221; 33215
225; 221; 33001
226; 221; 32936
227; 221; 32944
228; 221; 32960
148; 222; 32989
149; 222; 33007
150; 222; 33011
151; 222; 33022
152; 222; 33044
153; 222; 33037
154; 222; 33025
155; 222; 33068
156; 222; 33123
157; 222; 33140
158; 222; 33129
159; 222; 33145
160; 222; 33170
161; 222; 33120
162; 222; 33009
163; 222; 32930
164; 222; 32937
165; 222; 33007
166; 222; 33069
167; 222; 33065
168; 222; 33040
169; 222; 33067
170; 222; 33153
171; 222; 33212
172; 222; 33199
173; 222; 33197
174; 222; 33257
175; 222; 33317
176; 222; 33311
177; 222; 33257
178; 222; 33188
179; 222; 33100
180; 222; 33029
181; 222; 33038
182; 222; 33097
183; 222; 33167
184; 222; 33199
185; 222; 33171
186; 222; 33151
187; 222; 33197
188; 222; 33273
189; 222; 33326
190; 222; 33360
191; 222; 33408
192; 222; 33441
193; 222; 33446
194; 222; 33474
195; 222; 33528
196; 222; 33542
197; 222; 33513
198; 222; 33490
199; 222; 33500
200; 222; 33522
201; 222; 33528
202; 222; 33510
203; 222; 33503
204; 222; 33553
205; 222; 33632
206; 222; 33663
207; 222; 33634
208; 222; 33607
209; 222; 33610
210; 222; 33614
211; 222; 33618
212; 222; 33639
213; 222; 33644
214; 222; 33593
215; 222; 33538
216; 222; 33551
217; 222; 33624
218; 222; 33710
219; 222; 33791
220; 222; 33868
221; 222; 33905
222; 222; 33852
223; 222; 33710
224; 222; 33521
225; 222; 33320
226; 222; 33131
227; 222; 32966
228; 222; 32874
148; 223; 32983
149; 223; 32993
150; 223; 33010
151; 223; 33047
152; 223; 33089
153; 223; 33073
154; 223; 33020
155; 223; 33022
156; 223; 33080
157; 223; 33118
158; 223; 33099
159; 223; 33091
160; 223; 33111
161; 223; 33104
162; 223; 33051
163; 223; 32997
164; 223; 32978
165; 223; 32995
166; 223; 33041
167; 223; 33050
168; 223; 33057
169; 223; 33115
170; 223; 33204
171; 223; 33241
172; 223; 33185
173; 223; 33131
174; 223; 33164
175; 223; 33252
176; 223; 33333
177; 223; 33384
178; 223; 33376
179; 223; 33296
180; 223; 33202
181; 223; 33168
182; 223; 33189
183; 223; 33210
184; 223; 33200
185; 223; 33185
186; 223; 33209
187; 223; 33286
188; 223; 33371
189; 223; 33401
190; 223; 33393
191; 223; 33417
192; 223; 33459
193; 223; 33475
194; 223; 33485
195; 223; 33504
196; 223; 33514
197; 223; 33529
198; 223; 33545
199; 223; 33546
200; 223; 33543
201; 223; 33547
202; 223; 33537
203; 223; 33522
204; 223; 33547
205; 223; 33606
206; 223; 33638
207; 223; 33628
208; 223; 33623
209; 223; 33639
210; 223; 33638
211; 223; 33627
212; 223; 33646
213; 223; 33660
214; 223; 33623
215; 223; 33574
216; 223; 33578
217; 223; 33632
218; 223; 33694
219; 223; 33759
220; 223; 33837
221; 223; 33890
222; 223; 33879
223; 223; 33836
224; 223; 33801
225; 223; 33728
226; 223; 33536
227; 223; 33244
228; 223; 32978
148; 224; 32987
149; 224; 32988
150; 224; 33003
151; 224; 33045
152; 224; 33089
153; 224; 33082
154; 224; 33021
155; 224; 32997
156; 224; 33051
157; 224; 33100
158; 224; 33074
159; 224; 33034
160; 224; 33043
161; 224; 33076
162; 224; 33090
163; 224; 33068
164; 224; 33027
165; 224; 32999
166; 224; 32982
167; 224; 32966
168; 224; 33007
169; 224; 33102
170; 224; 33202
171; 224; 33230
172; 224; 33170
173; 224; 33114
174; 224; 33133
175; 224; 33220
176; 224; 33330
177; 224; 33417
178; 224; 33429
179; 224; 33365
180; 224; 33315
181; 224; 33326
182; 224; 33343
183; 224; 33298
184; 224; 33233
185; 224; 33199
186; 224; 33201
187; 224; 33258
188; 224; 33360
189; 224; 33446
190; 224; 33470
191; 224; 33469
192; 224; 33477
193; 224; 33483
194; 224; 33485
195; 224; 33486
196; 224; 33500
197; 224; 33543
198; 224; 33580
199; 224; 33576
200; 224; 33564
201; 224; 33581
202; 224; 33592
203; 224; 33568
204; 224; 33549
205; 224; 33556
206; 224; 33569
207; 224; 33588
208; 224; 33635
209; 224; 33682
210; 224; 33672
211; 224; 33629
212; 224; 33628
213; 224; 33659
214; 224; 33672
215; 224; 33666
216; 224; 33677
217; 224; 33697
218; 224; 33698
219; 224; 33711
220; 224; 33758
221; 224; 33796
222; 224; 33800
223; 224; 33832
224; 224; 33927
225; 224; 33992
226; 224; 33900
227; 224; 33654
228; 224; 33352
148; 225; 32988
149; 225; 32980
150; 225; 32988
151; 225; 33018
152; 225; 33051
153; 225; 33061
154; 225; 33031
155; 225; 33008
156; 225; 33034
157; 225; 33059
158; 225; 33037
159; 225; 33013
160; 225; 33033
161; 225; 33070
162; 225; 33095
163; 225; 33109
164; 225; 33099
165; 225; 33048
166; 225; 32969
167; 225; 32922
168; 225; 32952
169; 225; 33020
170; 225; 33106
171; 225; 33145
172; 225; 33131
173; 225; 33132
174; 225; 33161
175; 225; 33222
176; 225; 33302
177; 225; 33361
178; 225; 33356
179; 225; 33320
180; 225; 33354
181; 225; 33447
182; 225; 33456
183; 225; 33332
184; 225; 33203
185; 225; 33131
186; 225; 33077
187; 225; 33086
188; 225; 33209
189; 225; 33403
190; 225; 33536
191; 225; 33543
192; 225; 33492
193; 225; 33461
194; 225; 33474
195; 225; 33499
196; 225; 33517
197; 225; 33541
198; 225; 33563
199; 225; 33566
200; 225; 33568
201; 225; 33598
202; 225; 33618
203; 225; 33597
204; 225; 33560
205; 225; 33534
206; 225; 33524
207; 225; 33551
208; 225; 33628
209; 225; 33698
210; 225; 33687
211; 225; 33626
212; 225; 33605
213; 225; 33645
214; 225; 33693
215; 225; 33725
216; 225; 33756
217; 225; 33754
218; 225; 33700
219; 225; 33662
220; 225; 33682
221; 225; 33709
222; 225; 33714
223; 225; 33763
224; 225; 33896
225; 225; 34028
226; 225; 34052
227; 225; 33955
228; 225; 33795
148; 226; 32983
149; 226; 32983
150; 226; 32993
151; 226; 33001
152; 226; 33016
153; 226; 33046
154; 226; 33058
155; 226; 33042
156; 226; 33031
157; 226; 33022
158; 226; 33005
159; 226; 33016
160; 226; 33049
161; 226; 33060
162; 226; 33059
163; 226; 33083
164; 226; 33116
165; 226; 33099
166; 226; 33027
167; 226; 32972
168; 226; 32958
169; 226; 32955
170; 226; 32978
171; 226; 33015
172; 226; 33055
173; 226; 33116
174; 226; 33166
175; 226; 33193
176; 226; 33223
177; 226; 33236
178; 226; 33222
179; 226; 33232
180; 226; 33335
181; 226; 33459
182; 226; 33428
183; 226; 33242
184; 226; 33087
185; 226; 33022
186; 226; 32962
187; 226; 32940
188; 226; 33048
189; 226; 33269
190; 226; 33486
191; 226; 33565
192; 226; 33516
193; 226; 33462
194; 226; 33481
195; 226; 33531
196; 226; 33549
197; 226; 33535
198; 226; 33527
199; 226; 33538
200; 226; 33554
201; 226; 33577
202; 226; 33597
203; 226; 33606
204; 226; 33609
205; 226; 33603
206; 226; 33584
207; 226; 33581
208; 226; 33635
209; 226; 33700
210; 226; 33693
211; 226; 33630
212; 226; 33600
213; 226; 33635
214; 226; 33685
215; 226; 33727
216; 226; 33770
217; 226; 33767
218; 226; 33703
219; 226; 33657
220; 226; 33670
221; 226; 33691
222; 226; 33688
223; 226; 33716
224; 226; 33812
225; 226; 33927
226; 226; 34000
227; 226; 34030
228; 226; 34040
148; 227; 32966
149; 227; 32980
150; 227; 33005
151; 227; 33013
152; 227; 33010
153; 227; 33037
154; 227; 33068
155; 227; 33059
156; 227; 33043
157; 227; 33022
158; 227; 33007
159; 227; 33032
160; 227; 33055
161; 227; 33034
162; 227; 33004
163; 227; 33015
164; 227; 33078
165; 227; 33119
166; 227; 33101
167; 227; 33056
168; 227; 33013
169; 227; 32964
170; 227; 32923
171; 227; 32936
172; 227; 32976
173; 227; 33039
174; 227; 33088
175; 227; 33093
176; 227; 33091
177; 227; 33080
178; 227; 33082
179; 227; 33139
180; 227; 33252
181; 227; 33339
182; 227; 33274
183; 227; 33109
184; 227; 33020
185; 227; 33022
186; 227; 33024
187; 227; 33003
188; 227; 33020
189; 227; 33110
190; 227; 33300
191; 227; 33478
192; 227; 33539
193; 227; 33520
194; 227; 33521
195; 227; 33560
196; 227; 33576
197; 227; 33542
198; 227; 33511
199; 227; 33523
200; 227; 33544
201; 227; 33555
202; 227; 33568
203; 227; 33599
204; 227; 33651
205; 227; 33700
206; 227; 33707
207; 227; 33682
208; 227; 33682
209; 227; 33707
210; 227; 33695
211; 227; 33637
212; 227; 33602
213; 227; 33629
214; 227; 33672
215; 227; 33706
216; 227; 33741
217; 227; 33748
218; 227; 33716
219; 227; 33698
220; 227; 33716
221; 227; 33725
222; 227; 33711
223; 227; 33717
224; 227; 33768
225; 227; 33828
226; 227; 33869
227; 227; 33922
228; 227; 34015
148; 228; 32945
149; 228; 32966
150; 228; 33002
151; 228; 33027
152; 228; 33015
153; 228; 33020
154; 228; 33038
155; 228; 33036
156; 228; 33039
157; 228; 33042
158; 228; 33044
159; 228; 33051
160; 228; 33041
161; 228; 33001
162; 228; 32979
163; 228; 32991
164; 228; 33045
165; 228; 33091
166; 228; 33103
167; 228; 33104
168; 228; 33079
169; 228; 33011
170; 228; 32936
171; 228; 32921
172; 228; 32933
173; 228; 32953
174; 228; 32976
175; 228; 32968
176; 228; 32963
177; 228; 32963
178; 228; 32992
179; 228; 33061
180; 228; 33136
181; 228; 33170
182; 228; 33120
183; 228; 33062
184; 228; 33092
185; 228; 33167
186; 228; 33236
187; 228; 33240
188; 228; 33140
189; 228; 33033
190; 228; 33086
191; 228; 33301
192; 228; 33500
193; 228; 33565
194; 228; 33561
195; 228; 33575
196; 228; 33587
197; 228; 33554
198; 228; 33515
199; 228; 33519
200; 228; 33548
201; 228; 33563
202; 228; 33557
203; 228; 33544
204; 228; 33564
205; 228; 33650
206; 228; 33741
207; 228; 33761
208; 228; 33728
209; 228; 33701
210; 228; 33678
211; 228; 33632
212; 228; 33602
213; 228; 33627
214; 228; 33666
215; 228; 33688
216; 228; 33712
217; 228; 33733
218; 228; 33734
219; 228; 33738
220; 228; 33759
221; 228; 33763
222; 228; 33742
223; 228; 33740
224; 228; 33776
225; 228; 33800
226; 228; 33789
227; 228; 33798
228; 228; 33879
148; 229; 32911
149; 229; 32927
150; 229; 32967
151; 229; 33016
152; 229; 33019
153; 229; 33000
154; 229; 32993
155; 229; 32994
156; 229; 33012
157; 229; 33050
158; 229; 33074
159; 229; 33059
160; 229; 33027
161; 229; 32996
162; 229; 32989
163; 229; 33012
164; 229; 33047
165; 229; 33061
166; 229; 33066
167; 229; 33087
168; 229; 33093
169; 229; 33055
170; 229; 32983
171; 229; 32921
172; 229; 32912
173; 229; 32921
174; 229; 32923
175; 229; 32906
176; 229; 32908
177; 229; 32922
178; 229; 32956
179; 229; 33007
180; 229; 33043
181; 229; 33057
182; 229; 33063
183; 229; 33117
184; 229; 33216
185; 229; 33309
186; 229; 33401
187; 229; 33455
188; 229; 33355
189; 229; 33123
190; 229; 32977
191; 229; 33111
192; 229; 33372
193; 229; 33525
194; 229; 33557
195; 229; 33571
196; 229; 33584
197; 229; 33559
198; 229; 33518
199; 229; 33518
200; 229; 33555
201; 229; 33583
202; 229; 33551
203; 229; 33437
204; 229; 33342
205; 229; 33416
206; 229; 33620
207; 229; 33754
208; 229; 33735
209; 229; 33672
210; 229; 33644
211; 229; 33627
212; 229; 33621
213; 229; 33647
214; 229; 33675
215; 229; 33695
216; 229; 33728
217; 229; 33756
218; 229; 33753
219; 229; 33739
220; 229; 33749
221; 229; 33765
222; 229; 33761
223; 229; 33769
224; 229; 33801
225; 229; 33810
226; 229; 33775
227; 229; 33752
228; 229; 33795
148; 230; 32873
149; 230; 32882
150; 230; 32918
151; 230; 32983
152; 230; 33011
153; 230; 32990
154; 230; 32976
155; 230; 32985
156; 230; 32992
157; 230; 33027
158; 230; 33065
159; 230; 33048
160; 230; 33008
161; 230; 32995
162; 230; 33015
163; 230; 33048
164; 230; 33057
165; 230; 33038
166; 230; 33033
167; 230; 33061
168; 230; 33089
169; 230; 33077
170; 230; 33036
171; 230; 32971
172; 230; 32940
173; 230; 32952
174; 230; 32947
175; 230; 32922
176; 230; 32911
177; 230; 32909
178; 230; 32923
179; 230; 32956
180; 230; 32985
181; 230; 33020
182; 230; 33078
183; 230; 33181
184; 230; 33282
185; 230; 33334
186; 230; 33394
187; 230; 33479
188; 230; 33465
189; 230; 33279
190; 230; 33038
191; 230; 33023
192; 230; 33239
193; 230; 33438
194; 230; 33527
195; 230; 33564
196; 230; 33577
197; 230; 33563
198; 230; 33538
199; 230; 33538
200; 230; 33565
201; 230; 33596
202; 230; 33567
203; 230; 33399
204; 230; 33200
205; 230; 33223
206; 230; 33483
207; 230; 33710
208; 230; 33726
209; 230; 33647
210; 230; 33625
211; 230; 33648
212; 230; 33671
213; 230; 33691
214; 230; 33701
215; 230; 33721
216; 230; 33775
217; 230; 33810
218; 230; 33779
219; 230; 33724
220; 230; 33707
221; 230; 33729
222; 230; 33755
223; 230; 33782
224; 230; 33808
225; 230; 33800
226; 230; 33762
227; 230; 33744
228; 230; 33775
148; 231; 32868
149; 231; 32868
150; 231; 32897
151; 231; 32949
152; 231; 32979
153; 231; 32980
154; 231; 32986
155; 231; 33005
156; 231; 32980
157; 231; 32972
158; 231; 33014
159; 231; 33028
160; 231; 33005
161; 231; 33001
162; 231; 33031
163; 231; 33058
164; 231; 33042
165; 231; 33013
166; 231; 33012
167; 231; 33057
168; 231; 33100
169; 231; 33092
170; 231; 33072
171; 231; 33041
172; 231; 33008
173; 231; 33002
174; 231; 32987
175; 231; 32963
176; 231; 32922
177; 231; 32887
178; 231; 32898
179; 231; 32922
180; 231; 32962
181; 231; 33028
182; 231; 33098
183; 231; 33201
184; 231; 33291
185; 231; 33316
186; 231; 33342
187; 231; 33416
188; 231; 33460
189; 231; 33376
190; 231; 33198
191; 231; 33096
192; 231; 33210
193; 231; 33399
194; 231; 33527
195; 231; 33577
196; 231; 33576
197; 231; 33566
198; 231; 33570
199; 231; 33578
200; 231; 33583
201; 231; 33611
202; 231; 33635
203; 231; 33536
204; 231; 33338
205; 231; 33289
206; 231; 33484
207; 231; 33697
208; 231; 33717
209; 231; 33638
210; 231; 33629
211; 231; 33684
212; 231; 33720
213; 231; 33721
214; 231; 33707
215; 231; 33718
216; 231; 33779
217; 231; 33826
218; 231; 33795
219; 231; 33728
220; 231; 33693
221; 231; 33695
222; 231; 33712
223; 231; 33739
224; 231; 33766
225; 231; 33762
226; 231; 33742
227; 231; 33748
228; 231; 33776
148; 232; 32868
149; 232; 32855
150; 232; 32879
151; 232; 32916
152; 232; 32941
153; 232; 32961
154; 232; 32990
155; 232; 33015
156; 232; 32981
157; 232; 32947
158; 232; 32982
159; 232; 33027
160; 232; 33033
161; 232; 33023
162; 232; 33035
163; 232; 33047
164; 232; 33030
165; 232; 33020
166; 232; 33024
167; 232; 33058
168; 232; 33095
169; 232; 33101
170; 232; 33100
171; 232; 33093
172; 232; 33068
173; 232; 33049
174; 232; 33030
175; 232; 33006
176; 232; 32939
177; 232; 32879
178; 232; 32896
179; 232; 32914
180; 232; 32968
181; 232; 33042
182; 232; 33106
183; 232; 33205
184; 232; 33310
185; 232; 33354
186; 232; 33375
187; 232; 33421
188; 232; 33461
189; 232; 33435
190; 232; 33330
191; 232; 33231
192; 232; 33269
193; 232; 33427
194; 232; 33565
195; 232; 33608
196; 232; 33581
197; 232; 33555
198; 232; 33576
199; 232; 33600
200; 232; 33584
201; 232; 33608
202; 232; 33706
203; 232; 33744
204; 232; 33629
205; 232; 33520
206; 232; 33584
207; 232; 33700
208; 232; 33693
209; 232; 33629
210; 232; 33644
211; 232; 33714
212; 232; 33745
213; 232; 33712
214; 232; 33671
215; 232; 33668
216; 232; 33714
217; 232; 33766
218; 232; 33775
219; 232; 33754
220; 232; 33732
221; 232; 33704
222; 232; 33681
223; 232; 33690
224; 232; 33720
225; 232; 33737
226; 232; 33753
227; 232; 33779
228; 232; 33786
148; 233; 32855
149; 233; 32856
150; 233; 32888
151; 233; 32906
152; 233; 32916
153; 233; 32943
154; 233; 32988
155; 233; 33018
156; 233; 32998
157; 233; 32971
158; 233; 32976
159; 233; 33013
160; 233; 33033
161; 233; 33025
162; 233; 33032
163; 233; 33051
164; 233; 33053
165; 233; 33051
166; 233; 33048
167; 233; 33058
168; 233; 33084
169; 233; 33119
170; 233; 33141
171; 233; 33146
172; 233; 33115
173; 233; 33085
174; 233; 33069
175; 233; 33034
176; 233; 32949
177; 233; 32878
178; 233; 32887
179; 233; 32916
180; 233; 32991
181; 233; 33059
182; 233; 33119
183; 233; 33211
184; 233; 33324
185; 233; 33405
186; 233; 33445
187; 233; 33469
188; 233; 33483
189; 233; 33466
190; 233; 33401
191; 233; 33321
192; 233; 33317
193; 233; 33434
194; 233; 33562
195; 233; 33606
196; 233; 33573
197; 233; 33543
198; 233; 33568
199; 233; 33592
200; 233; 33553
201; 233; 33560
202; 233; 33685
203; 233; 33804
204; 233; 33762
205; 233; 33640
206; 233; 33622
207; 233; 33676
208; 233; 33665
209; 233; 33627
210; 233; 33665
211; 233; 33741
212; 233; 33756
213; 233; 33697
214; 233; 33636
215; 233; 33621
216; 233; 33639
217; 233; 33677
218; 233; 33723
219; 233; 33771
220; 233; 33794
221; 233; 33764
222; 233; 33719
223; 233; 33712
224; 233; 33735
225; 233; 33754
226; 233; 33782
227; 233; 33813
228; 233; 33803
148; 234; 32842
149; 234; 32854
150; 234; 32898
151; 234; 32897
152; 234; 32889
153; 234; 32920
154; 234; 32972
155; 234; 33010
156; 234; 33008
157; 234; 32988
158; 234; 32974
159; 234; 32996
160; 234; 33018
161; 234; 33021
162; 234; 33030
163; 234; 33061
164; 234; 33094
165; 234; 33092
166; 234; 33071
167; 234; 33062
168; 234; 33087
169; 234; 33137
170; 234; 33170
171; 234; 33173
172; 234; 33136
173; 234; 33099
174; 234; 33088
175; 234; 33060
176; 234; 32975
177; 234; 32886
178; 234; 32893
179; 234; 32930
180; 234; 33006
181; 234; 33083
182; 234; 33148
183; 234; 33218
184; 234; 33306
185; 234; 33393
186; 234; 33447
187; 234; 33465
188; 234; 33472
189; 234; 33470
190; 234; 33431
191; 234; 33356
192; 234; 33308
193; 234; 33366
194; 234; 33478
195; 234; 33552
196; 234; 33561
197; 234; 33557
198; 234; 33578
199; 234; 33584
200; 234; 33529
201; 234; 33498
202; 234; 33576
203; 234; 33679
204; 234; 33662
205; 234; 33577
206; 234; 33578
207; 234; 33647
208; 234; 33661
209; 234; 33638
210; 234; 33675
211; 234; 33745
212; 234; 33760
213; 234; 33713
214; 234; 33658
215; 234; 33630
216; 234; 33622
217; 234; 33635
218; 234; 33681
219; 234; 33755
220; 234; 33812
221; 234; 33812
222; 234; 33784
223; 234; 33779
224; 234; 33788
225; 234; 33781
226; 234; 33781
227; 234; 33802
228; 234; 33808
148; 235; 32846
149; 235; 32862
150; 235; 32888
151; 235; 32876
152; 235; 32883
153; 235; 32918
154; 235; 32943
155; 235; 32980
156; 235; 33003
157; 235; 32991
158; 235; 32976
159; 235; 32989
160; 235; 32999
161; 235; 32996
162; 235; 33000
163; 235; 33046
164; 235; 33110
165; 235; 33130
166; 235; 33107
167; 235; 33081
168; 235; 33084
169; 235; 33117
170; 235; 33146
171; 235; 33149
172; 235; 33129
173; 235; 33098
174; 235; 33084
175; 235; 33072
176; 235; 33006
177; 235; 32911
178; 235; 32911
179; 235; 32932
180; 235; 33001
181; 235; 33106
182; 235; 33181
183; 235; 33229
184; 235; 33287
185; 235; 33357
186; 235; 33409
187; 235; 33424
188; 235; 33438
189; 235; 33462
190; 235; 33454
191; 235; 33387
192; 235; 33306
193; 235; 33313
194; 235; 33405
195; 235; 33510
196; 235; 33574
197; 235; 33597
198; 235; 33601
199; 235; 33586
200; 235; 33534
201; 235; 33482
202; 235; 33501
203; 235; 33554
204; 235; 33547
205; 235; 33520
206; 235; 33565
207; 235; 33647
208; 235; 33664
209; 235; 33630
210; 235; 33648
211; 235; 33718
212; 235; 33752
213; 235; 33729
214; 235; 33691
215; 235; 33663
216; 235; 33648
217; 235; 33647
218; 235; 33667
219; 235; 33711
220; 235; 33759
221; 235; 33780
222; 235; 33780
223; 235; 33791
224; 235; 33800
225; 235; 33780
226; 235; 33749
227; 235; 33754
228; 235; 33788
148; 236; 32884
149; 236; 32894
150; 236; 32896
151; 236; 32887
152; 236; 32894
153; 236; 32914
154; 236; 32907
155; 236; 32933
156; 236; 32976
157; 236; 32987
158; 236; 32979
159; 236; 32979
160; 236; 32979
161; 236; 32966
162; 236; 32965
163; 236; 33014
164; 236; 33090
165; 236; 33143
166; 236; 33153
167; 236; 33119
168; 236; 33077
169; 236; 33061
170; 236; 33075
171; 236; 33100
172; 236; 33106
173; 236; 33089
174; 236; 33072
175; 236; 33067
176; 236; 33028
177; 236; 32936
178; 236; 32917
179; 236; 32930
180; 236; 33000
181; 236; 33109
182; 236; 33187
183; 236; 33229
184; 236; 33276
185; 236; 33338
186; 236; 33385
187; 236; 33403
188; 236; 33414
189; 236; 33436
190; 236; 33445
191; 236; 33418
192; 236; 33378
193; 236; 33383
194; 236; 33442
195; 236; 33526
196; 236; 33597
197; 236; 33622
198; 236; 33608
199; 236; 33587
200; 236; 33563
201; 236; 33526
202; 236; 33519
203; 236; 33547
204; 236; 33557
205; 236; 33552
206; 236; 33584
207; 236; 33638
208; 236; 33637
209; 236; 33591
210; 236; 33600
211; 236; 33681
212; 236; 33738
213; 236; 33716
214; 236; 33666
215; 236; 33647
216; 236; 33658
217; 236; 33669
218; 236; 33668
219; 236; 33670
220; 236; 33693
221; 236; 33710
222; 236; 33714
223; 236; 33737
224; 236; 33766
225; 236; 33759
226; 236; 33722
227; 236; 33716
228; 236; 33759
148; 237; 32883
149; 237; 32908
150; 237; 32914
151; 237; 32898
152; 237; 32885
153; 237; 32894
154; 237; 32884
155; 237; 32894
156; 237; 32932
157; 237; 32969
158; 237; 32985
159; 237; 32982
160; 237; 32979
161; 237; 32975
162; 237; 32966
163; 237; 32990
164; 237; 33048
165; 237; 33108
166; 237; 33147
167; 237; 33134
168; 237; 33082
169; 237; 33039
170; 237; 33035
171; 237; 33079
172; 237; 33104
173; 237; 33087
174; 237; 33048
175; 237; 33040
176; 237; 33038
177; 237; 32972
178; 237; 32927
179; 237; 32926
180; 237; 32992
181; 237; 33092
182; 237; 33166
183; 237; 33216
184; 237; 33272
185; 237; 33337
186; 237; 33388
187; 237; 33412
188; 237; 33410
189; 237; 33396
190; 237; 33390
191; 237; 33416
192; 237; 33487
193; 237; 33550
194; 237; 33565
195; 237; 33563
196; 237; 33575
197; 237; 33585
198; 237; 33578
199; 237; 33585
200; 237; 33604
201; 237; 33595
202; 237; 33576
203; 237; 33581
204; 237; 33581
205; 237; 33555
206; 237; 33550
207; 237; 33591
208; 237; 33612
209; 237; 33590
210; 237; 33602
211; 237; 33677
212; 237; 33726
213; 237; 33673
214; 237; 33587
215; 237; 33576
216; 237; 33636
217; 237; 33688
218; 237; 33692
219; 237; 33676
220; 237; 33679
221; 237; 33683
222; 237; 33677
223; 237; 33697
224; 237; 33736
225; 237; 33746
226; 237; 33717
227; 237; 33701
228; 237; 33725
148; 238; 32885
149; 238; 32882
150; 238; 32888
151; 238; 32892
152; 238; 32884
153; 238; 32883
154; 238; 32875
155; 238; 32883
156; 238; 32906
157; 238; 32939
158; 238; 32975
159; 238; 32989
160; 238; 32993
161; 238; 33012
162; 238; 33010
163; 238; 32993
164; 238; 33008
165; 238; 33035
166; 238; 33075
167; 238; 33102
168; 238; 33090
169; 238; 33070
170; 238; 33058
171; 238; 33082
172; 238; 33103
173; 238; 33079
174; 238; 33021
175; 238; 33011
176; 238; 33024
177; 238; 32983
178; 238; 32939
179; 238; 32936
180; 238; 33002
181; 238; 33091
182; 238; 33158
183; 238; 33215
184; 238; 33285
185; 238; 33351
186; 238; 33401
187; 238; 33430
188; 238; 33428
189; 238; 33381
190; 238; 33331
191; 238; 33383
192; 238; 33564
193; 238; 33713
194; 238; 33698
195; 238; 33587
196; 238; 33518
197; 238; 33518
198; 238; 33533
199; 238; 33571
200; 238; 33627
201; 238; 33642
202; 238; 33606
203; 238; 33562
204; 238; 33513
205; 238; 33464
206; 238; 33480
207; 238; 33580
208; 238; 33664
209; 238; 33667
210; 238; 33659
211; 238; 33690
212; 238; 33698
213; 238; 33619
214; 238; 33514
215; 238; 33504
216; 238; 33598
217; 238; 33694
218; 238; 33725
219; 238; 33710
220; 238; 33699
221; 238; 33699
222; 238; 33697
223; 238; 33707
224; 238; 33731
225; 238; 33735
226; 238; 33707
227; 238; 33681
228; 238; 33678
148; 239; 32903
149; 239; 32877
150; 239; 32874
151; 239; 32892
152; 239; 32889
153; 239; 32881
154; 239; 32866
155; 239; 32869
156; 239; 32895
157; 239; 32929
158; 239; 32971
159; 239; 32992
160; 239; 32991
161; 239; 33023
162; 239; 33045
163; 239; 33017
164; 239; 32991
165; 239; 32982
166; 239; 33004
167; 239; 33059
168; 239; 33103
169; 239; 33111
170; 239; 33087
171; 239; 33078
172; 239; 33089
173; 239; 33072
174; 239; 33020
175; 239; 33006
176; 239; 33014
177; 239; 32966
178; 239; 32920
179; 239; 32928
180; 239; 33007
181; 239; 33104
182; 239; 33171
183; 239; 33234
184; 239; 33309
185; 239; 33359
186; 239; 33385
187; 239; 33425
188; 239; 33458
189; 239; 33417
190; 239; 33329
191; 239; 33370
192; 239; 33613
193; 239; 33834
194; 239; 33807
195; 239; 33619
196; 239; 33497
197; 239; 33488
198; 239; 33508
199; 239; 33550
200; 239; 33618
201; 239; 33648
202; 239; 33606
203; 239; 33523
204; 239; 33434
205; 239; 33393
206; 239; 33474
207; 239; 33643
208; 239; 33754
209; 239; 33737
210; 239; 33672
211; 239; 33639
212; 239; 33618
213; 239; 33553
214; 239; 33471
215; 239; 33452
216; 239; 33526
217; 239; 33630
218; 239; 33680
219; 239; 33669
220; 239; 33655
221; 239; 33668
222; 239; 33688
223; 239; 33705
224; 239; 33717
225; 239; 33702
226; 239; 33659
227; 239; 33623
228; 239; 33613
148; 240; 32867
149; 240; 32883
150; 240; 32894
151; 240; 32902
152; 240; 32890
153; 240; 32885
154; 240; 32870
155; 240; 32866
156; 240; 32896
157; 240; 32936
158; 240; 32974
159; 240; 32990
160; 240; 32977
161; 240; 33001
162; 240; 33033
163; 240; 33022
164; 240; 33007
165; 240; 32993
166; 240; 32993
167; 240; 33033
168; 240; 33084
169; 240; 33098
170; 240; 33066
171; 240; 33046
172; 240; 33062
173; 240; 33060
174; 240; 33017
175; 240; 33004
176; 240; 33010
177; 240; 32945
178; 240; 32901
179; 240; 32911
180; 240; 33003
181; 240; 33116
182; 240; 33176
183; 240; 33232
184; 240; 33307
185; 240; 33349
186; 240; 33360
187; 240; 33411
188; 240; 33484
189; 240; 33468
190; 240; 33368
191; 240; 33398
192; 240; 33658
193; 240; 33902
194; 240; 33860
195; 240; 33650
196; 240; 33531
197; 240; 33525
198; 240; 33528
199; 240; 33538
200; 240; 33583
201; 240; 33617
202; 240; 33597
203; 240; 33533
204; 240; 33454
205; 240; 33434
206; 240; 33537
207; 240; 33697
208; 240; 33762
209; 240; 33686
210; 240; 33576
211; 240; 33513
212; 240; 33494
213; 240; 33476
214; 240; 33439
215; 240; 33408
216; 240; 33424
217; 240; 33480
218; 240; 33513
219; 240; 33498
220; 240; 33494
221; 240; 33529
222; 240; 33577
223; 240; 33616
224; 240; 33639
225; 240; 33628
226; 240; 33580
227; 240; 33539
228; 240; 33543
148; 241; 32882
149; 241; 32899
150; 241; 32909
151; 241; 32907
152; 241; 32889
153; 241; 32886
154; 241; 32881
155; 241; 32889
156; 241; 32901
157; 241; 32920
158; 241; 32964
159; 241; 32993
160; 241; 32977
161; 241; 32986
162; 241; 33000
163; 241; 32993
164; 241; 33007
165; 241; 33017
166; 241; 33025
167; 241; 33038
168; 241; 33047
169; 241; 33037
170; 241; 33018
171; 241; 33022
172; 241; 33049
173; 241; 33042
174; 241; 32997
175; 241; 32994
176; 241; 33001
177; 241; 32930
178; 241; 32896
179; 241; 32915
180; 241; 33030
181; 241; 33133
182; 241; 33157
183; 241; 33198
184; 241; 33279
185; 241; 33326
186; 241; 33334
187; 241; 33388
188; 241; 33471
189; 241; 33468
190; 241; 33392
191; 241; 33450
192; 241; 33712
193; 241; 33912
194; 241; 33825
195; 241; 33625
196; 241; 33559
197; 241; 33586
198; 241; 33575
199; 241; 33548
200; 241; 33556
201; 241; 33573
202; 241; 33582
203; 241; 33576
204; 241; 33534
205; 241; 33513
206; 241; 33578
207; 241; 33667
208; 241; 33648
209; 241; 33525
210; 241; 33423
211; 241; 33388
212; 241; 33387
213; 241; 33395
214; 241; 33400
215; 241; 33392
216; 241; 33378
217; 241; 33368
218; 241; 33352
219; 241; 33322
220; 241; 33318
221; 241; 33351
222; 241; 33395
223; 241; 33446
224; 241; 33500
225; 241; 33521
226; 241; 33488
227; 241; 33457
228; 241; 33487
148; 242; 32880
149; 242; 32883
150; 242; 32888
151; 242; 32889
152; 242; 32884
153; 242; 32883
154; 242; 32898
155; 242; 32908
156; 242; 32895
157; 242; 32896
158; 242; 32947
159; 242; 32993
160; 242; 32991
161; 242; 32988
162; 242; 32983
163; 242; 32972
164; 242; 32982
165; 242; 33020
166; 242; 33054
167; 242; 33052
168; 242; 33025
169; 242; 32999
170; 242; 32999
171; 242; 33034
172; 242; 33070
173; 242; 33044
174; 242; 33000
175; 242; 33008
176; 242; 33017
177; 242; 32941
178; 242; 32900
179; 242; 32940
180; 242; 33083
181; 242; 33167
182; 242; 33158
183; 242; 33182
184; 242; 33270
185; 242; 33316
186; 242; 33304
187; 242; 33335
188; 242; 33403
189; 242; 33403
190; 242; 33377
191; 242; 33506
192; 242; 33775
193; 242; 33891
194; 242; 33730
195; 242; 33549
196; 242; 33553
197; 242; 33618
198; 242; 33614
199; 242; 33586
200; 242; 33567
201; 242; 33549
202; 242; 33567
203; 242; 33605
204; 242; 33581
205; 242; 33524
206; 242; 33529
207; 242; 33554
208; 242; 33489
209; 242; 33369
210; 242; 33316
211; 242; 33333
212; 242; 33335
213; 242; 33319
214; 242; 33345
215; 242; 33407
216; 242; 33438
217; 242; 33400
218; 242; 33329
219; 242; 33278
220; 242; 33268
221; 242; 33266
222; 242; 33253
223; 242; 33276
224; 242; 33349
225; 242; 33402
226; 242; 33391
227; 242; 33382
228; 242; 33439
148; 243; 32878
149; 243; 32882
150; 243; 32868
151; 243; 32852
152; 243; 32850
153; 243; 32878
154; 243; 32919
155; 243; 32918
156; 243; 32899
157; 243; 32892
158; 243; 32911
159; 243; 32965
160; 243; 32998
161; 243; 32998
162; 243; 32981
163; 243; 32975
164; 243; 32973
165; 243; 33015
166; 243; 33055
167; 243; 33051
168; 243; 33018
169; 243; 32990
170; 243; 32998
171; 243; 33045
172; 243; 33085
173; 243; 33055
174; 243; 33014
175; 243; 33028
176; 243; 33029
177; 243; 32952
178; 243; 32923
179; 243; 32975
180; 243; 33128
181; 243; 33198
182; 243; 33174
183; 243; 33199
184; 243; 33298
185; 243; 33335
186; 243; 33299
187; 243; 33304
188; 243; 33344
189; 243; 33335
190; 243; 33363
191; 243; 33576
192; 243; 33848
193; 243; 33870
194; 243; 33644
195; 243; 33493
196; 243; 33545
197; 243; 33617
198; 243; 33623
199; 243; 33624
200; 243; 33608
201; 243; 33565
202; 243; 33573
203; 243; 33617
204; 243; 33577
205; 243; 33468
206; 243; 33419
207; 243; 33416
208; 243; 33359
209; 243; 33281
210; 243; 33282
211; 243; 33327
212; 243; 33304
213; 243; 33242
214; 243; 33273
215; 243; 33409
216; 243; 33512
217; 243; 33478
218; 243; 33380
219; 243; 33332
220; 243; 33325
221; 243; 33284
222; 243; 33213
223; 243; 33199
224; 243; 33257
225; 243; 33302
226; 243; 33293
227; 243; 33299
228; 243; 33365
148; 244; 32895
149; 244; 32888
150; 244; 32868
151; 244; 32863
152; 244; 32872
153; 244; 32902
154; 244; 32923
155; 244; 32915
156; 244; 32896
157; 244; 32887
158; 244; 32889
159; 244; 32934
160; 244; 32976
161; 244; 32993
162; 244; 32981
163; 244; 32983
164; 244; 32994
165; 244; 33021
166; 244; 33025
167; 244; 33011
168; 244; 33007
169; 244; 33006
170; 244; 33021
171; 244; 33059
172; 244; 33088
173; 244; 33063
174; 244; 33037
175; 244; 33053
176; 244; 33020
177; 244; 32935
178; 244; 32921
179; 244; 32993
180; 244; 33158
181; 244; 33198
182; 244; 33149
183; 244; 33190
184; 244; 33315
185; 244; 33362
186; 244; 33331
187; 244; 33326
188; 244; 33332
189; 244; 33306
190; 244; 33380
191; 244; 33648
192; 244; 33894
193; 244; 33839
194; 244; 33599
195; 244; 33498
196; 244; 33561
197; 244; 33596
198; 244; 33593
199; 244; 33639
200; 244; 33664
201; 244; 33621
202; 244; 33611
203; 244; 33631
204; 244; 33554
205; 244; 33399
206; 244; 33312
207; 244; 33300
208; 244; 33274
209; 244; 33251
210; 244; 33297
211; 244; 33349
212; 244; 33294
213; 244; 33197
214; 244; 33219
215; 244; 33375
216; 244; 33494
217; 244; 33455
218; 244; 33356
219; 244; 33330
220; 244; 33346
221; 244; 33308
222; 244; 33245
223; 244; 33241
224; 244; 33280
225; 244; 33278
226; 244; 33229
227; 244; 33214
228; 244; 33265
148; 245; 32881
149; 245; 32877
150; 245; 32870
151; 245; 32877
152; 245; 32898
153; 245; 32905
154; 245; 32908
155; 245; 32924
156; 245; 32904
157; 245; 32881
158; 245; 32881
159; 245; 32905
160; 245; 32935
161; 245; 32973
162; 245; 32984
163; 245; 32998
164; 245; 33026
165; 245; 33039
166; 245; 33007
167; 245; 32970
168; 245; 32976
169; 245; 33002
170; 245; 33020
171; 245; 33052
172; 245; 33084
173; 245; 33078
174; 245; 33067
175; 245; 33067
176; 245; 32994
177; 245; 32914
178; 245; 32913
179; 245; 33027
180; 245; 33204
181; 245; 33192
182; 245; 33096
183; 245; 33131
184; 245; 33268
185; 245; 33350
186; 245; 33362
187; 245; 33369
188; 245; 33349
189; 245; 33318
190; 245; 33433
191; 245; 33713
192; 245; 33884
193; 245; 33764
194; 245; 33564
195; 245; 33531
196; 245; 33577
197; 245; 33556
198; 245; 33547
199; 245; 33639
200; 245; 33712
201; 245; 33687
202; 245; 33656
203; 245; 33637
204; 245; 33531
205; 245; 33361
206; 245; 33255
207; 245; 33237
208; 245; 33246
209; 245; 33277
210; 245; 33353
211; 245; 33405
212; 245; 33357
213; 245; 33273
214; 245; 33289
215; 245; 33400
216; 245; 33457
217; 245; 33388
218; 245; 33292
219; 245; 33286
220; 245; 33328
221; 245; 33340
222; 245; 33348
223; 245; 33394
224; 245; 33426
225; 245; 33376
226; 245; 33284
227; 245; 33234
228; 245; 33251
148; 246; 32867
149; 246; 32870
150; 246; 32869
151; 246; 32871
152; 246; 32894
153; 246; 32886
154; 246; 32884
155; 246; 32909
156; 246; 32924
157; 246; 32913
158; 246; 32875
159; 246; 32870
160; 246; 32908
161; 246; 32968
162; 246; 32993
163; 246; 33010
164; 246; 33036
165; 246; 33040
166; 246; 33000
167; 246; 32956
168; 246; 32954
169; 246; 32982
170; 246; 33000
171; 246; 33031
172; 246; 33060
173; 246; 33060
174; 246; 33058
175; 246; 33051
176; 246; 32970
177; 246; 32922
178; 246; 32928
179; 246; 33071
180; 246; 33242
181; 246; 33186
182; 246; 33044
183; 246; 33045
184; 246; 33166
185; 246; 33269
186; 246; 33333
187; 246; 33381
188; 246; 33388
189; 246; 33417
190; 246; 33588
191; 246; 33813
192; 246; 33841
193; 246; 33654
194; 246; 33521
195; 246; 33554
196; 246; 33579
197; 246; 33521
198; 246; 33523
199; 246; 33643
200; 246; 33738
201; 246; 33723
202; 246; 33665
203; 246; 33600
204; 246; 33488
205; 246; 33345
206; 246; 33254
207; 246; 33248
208; 246; 33299
209; 246; 33382
210; 246; 33474
211; 246; 33529
212; 246; 33531
213; 246; 33527
214; 246; 33571
215; 246; 33629
216; 246; 33611
217; 246; 33506
218; 246; 33407
219; 246; 33397
220; 246; 33447
221; 246; 33503
222; 246; 33573
223; 246; 33643
224; 246; 33651
225; 246; 33574
226; 246; 33476
227; 246; 33425
228; 246; 33421
148; 247; 32869
149; 247; 32888
150; 247; 32899
151; 247; 32886
152; 247; 32898
153; 247; 32880
154; 247; 32867
155; 247; 32887
156; 247; 32928
157; 247; 32929
158; 247; 32880
159; 247; 32875
160; 247; 32911
161; 247; 32966
162; 247; 32986
163; 247; 32991
164; 247; 33004
165; 247; 33013
166; 247; 32993
167; 247; 32968
168; 247; 32969
169; 247; 32989
170; 247; 33008
171; 247; 33033
172; 247; 33041
173; 247; 33035
174; 247; 33053
175; 247; 33062
176; 247; 32991
177; 247; 32926
178; 247; 32910
179; 247; 33057
180; 247; 33217
181; 247; 33155
182; 247; 33017
183; 247; 33009
184; 247; 33102
185; 247; 33202
186; 247; 33305
187; 247; 33407
188; 247; 33487
189; 247; 33626
190; 247; 33844
191; 247; 33954
192; 247; 33801
193; 247; 33557
194; 247; 33497
195; 247; 33583
196; 247; 33598
197; 247; 33532
198; 247; 33540
199; 247; 33651
200; 247; 33737
201; 247; 33714
202; 247; 33621
203; 247; 33515
204; 247; 33410
205; 247; 33317
206; 247; 33271
207; 247; 33305
208; 247; 33404
209; 247; 33524
210; 247; 33621
211; 247; 33696
212; 247; 33788
213; 247; 33904
214; 247; 34006
215; 247; 34041
216; 247; 33988
217; 247; 33883
218; 247; 33794
219; 247; 33768
220; 247; 33811
221; 247; 33886
222; 247; 33952
223; 247; 33971
224; 247; 33927
225; 247; 33843
226; 247; 33773
227; 247; 33745
228; 247; 33739
148; 248; 32882
149; 248; 32870
150; 248; 32872
151; 248; 32890
152; 248; 32915
153; 248; 32902
154; 248; 32865
155; 248; 32877
156; 248; 32918
157; 248; 32915
158; 248; 32886
159; 248; 32883
160; 248; 32911
161; 248; 32945
162; 248; 32950
163; 248; 32954
164; 248; 32985
165; 248; 33008
166; 248; 32988
167; 248; 32966
168; 248; 32977
169; 248; 33013
170; 248; 33044
171; 248; 33057
172; 248; 33048
173; 248; 33048
174; 248; 33070
175; 248; 33078
176; 248; 33015
177; 248; 32917
178; 248; 32882
179; 248; 33018
180; 248; 33155
181; 248; 33120
182; 248; 33045
183; 248; 33074
184; 248; 33165
185; 248; 33269
186; 248; 33397
187; 248; 33516
188; 248; 33618
189; 248; 33796
190; 248; 34007
191; 248; 34013
192; 248; 33750
193; 248; 33503
194; 248; 33506
195; 248; 33623
196; 248; 33635
197; 248; 33570
198; 248; 33563
199; 248; 33627
200; 248; 33683
201; 248; 33657
202; 248; 33550
203; 248; 33426
204; 248; 33334
205; 248; 33293
206; 248; 33303
207; 248; 33375
208; 248; 33498
209; 248; 33622
210; 248; 33726
211; 248; 33854
212; 248; 34046
213; 248; 34258
214; 248; 34403
215; 248; 34432
216; 248; 34376
217; 248; 34296
218; 248; 34230
219; 248; 34216
220; 248; 34277
221; 248; 34362
222; 248; 34381
223; 248; 34312
224; 248; 34212
225; 248; 34135
226; 248; 34098
227; 248; 34084
228; 248; 34064
148; 249; 32888
149; 249; 32859
150; 249; 32869
151; 249; 32906
152; 249; 32912
153; 249; 32896
154; 249; 32864
155; 249; 32886
156; 249; 32912
157; 249; 32898
158; 249; 32882
159; 249; 32874
160; 249; 32901
161; 249; 32929
162; 249; 32936
163; 249; 32938
164; 249; 32976
165; 249; 33002
166; 249; 32970
167; 249; 32941
168; 249; 32963
169; 249; 33025
170; 249; 33072
171; 249; 33079
172; 249; 33069
173; 249; 33079
174; 249; 33088
175; 249; 33072
176; 249; 33008
177; 249; 32932
178; 249; 32938
179; 249; 33044
180; 249; 33144
181; 249; 33138
182; 249; 33125
183; 249; 33213
184; 249; 33336
185; 249; 33449
186; 249; 33554
187; 249; 33599
188; 249; 33587
189; 249; 33665
190; 249; 33834
191; 249; 33854
192; 249; 33657
193; 249; 33504
194; 249; 33555
195; 249; 33662
196; 249; 33664
197; 249; 33597
198; 249; 33560
199; 249; 33565
200; 249; 33592
201; 249; 33583
202; 249; 33492
203; 249; 33378
204; 249; 33323
205; 249; 33341
206; 249; 33405
207; 249; 33496
208; 249; 33600
209; 249; 33698
210; 249; 33819
211; 249; 34013
212; 249; 34266
213; 249; 34493
214; 249; 34617
215; 249; 34630
216; 249; 34583
217; 249; 34523
218; 249; 34472
219; 249; 34473
220; 249; 34558
221; 249; 34660
222; 249; 34665
223; 249; 34566
224; 249; 34460
225; 249; 34405
226; 249; 34374
227; 249; 34335
228; 249; 34287
148; 250; 32890
149; 250; 32877
150; 250; 32889
151; 250; 32915
152; 250; 32902
153; 250; 32880
154; 250; 32880
155; 250; 32909
156; 250; 32909
157; 250; 32896
158; 250; 32889
159; 250; 32877
160; 250; 32893
161; 250; 32916
162; 250; 32937
163; 250; 32948
164; 250; 32965
165; 250; 32973
166; 250; 32952
167; 250; 32939
168; 250; 32964
169; 250; 33018
170; 250; 33053
171; 250; 33047
172; 250; 33044
173; 250; 33072
174; 250; 33078
175; 250; 33043
176; 250; 32973
177; 250; 32923
178; 250; 32969
179; 250; 33098
180; 250; 33209
181; 250; 33226
182; 250; 33227
183; 250; 33324
184; 250; 33458
185; 250; 33554
186; 250; 33579
187; 250; 33473
188; 250; 33292
189; 250; 33251
190; 250; 33421
191; 250; 33578
192; 250; 33573
193; 250; 33554
194; 250; 33617
195; 250; 33674
196; 250; 33659
197; 250; 33609
198; 250; 33559
199; 250; 33531
200; 250; 33549
201; 250; 33550
202; 250; 33465
203; 250; 33363
204; 250; 33364
205; 250; 33472
206; 250; 33613
207; 250; 33723
208; 250; 33788
209; 250; 33852
210; 250; 33985
211; 250; 34210
212; 250; 34448
213; 250; 34603
214; 250; 34656
215; 250; 34649
216; 250; 34621
217; 250; 34576
218; 250; 34519
219; 250; 34507
220; 250; 34584
221; 250; 34691
222; 250; 34721
223; 250; 34667
224; 250; 34619
225; 250; 34603
226; 250; 34564
227; 250; 34486
228; 250; 34425
148; 251; 32892
149; 251; 32876
150; 251; 32876
151; 251; 32899
152; 251; 32896
153; 251; 32881
154; 251; 32885
155; 251; 32897
156; 251; 32886
157; 251; 32890
158; 251; 32895
159; 251; 32889
160; 251; 32892
161; 251; 32901
162; 251; 32927
163; 251; 32951
164; 251; 32953
165; 251; 32950
166; 251; 32952
167; 251; 32951
168; 251; 32973
169; 251; 33008
170; 251; 33019
171; 251; 33001
172; 251; 32997
173; 251; 33034
174; 251; 33042
175; 251; 32995
176; 251; 32921
177; 251; 32904
178; 251; 32975
179; 251; 33130
180; 251; 33273
181; 251; 33307
182; 251; 33292
183; 251; 33357
184; 251; 33452
185; 251; 33475
186; 251; 33385
187; 251; 33173
188; 251; 32993
189; 251; 32982
190; 251; 33180
191; 251; 33430
192; 251; 33554
193; 251; 33609
194; 251; 33646
195; 251; 33640
196; 251; 33619
197; 251; 33615
198; 251; 33594
199; 251; 33574
200; 251; 33591
201; 251; 33579
202; 251; 33466
203; 251; 33362
204; 251; 33419
205; 251; 33630
206; 251; 33869
207; 251; 34017
208; 251; 34059
209; 251; 34089
210; 251; 34208
211; 251; 34405
212; 251; 34566
213; 251; 34622
214; 251; 34617
215; 251; 34613
216; 251; 34617
217; 251; 34592
218; 251; 34533
219; 251; 34495
220; 251; 34535
221; 251; 34617
222; 251; 34659
223; 251; 34653
224; 251; 34666
225; 251; 34696
226; 251; 34666
227; 251; 34582
228; 251; 34537
148; 252; 32901
149; 252; 32893
150; 252; 32872
151; 252; 32876
152; 252; 32889
153; 252; 32886
154; 252; 32873
155; 252; 32867
156; 252; 32868
157; 252; 32885
158; 252; 32885
159; 252; 32891
160; 252; 32897
161; 252; 32893
162; 252; 32918
163; 252; 32942
164; 252; 32933
165; 252; 32937
166; 252; 32957
167; 252; 32966
168; 252; 32989
169; 252; 33020
170; 252; 33022
171; 252; 32998
172; 252; 32995
173; 252; 33026
174; 252; 33027
175; 252; 32960
176; 252; 32886
177; 252; 32921
178; 252; 32992
179; 252; 33118
180; 252; 33244
181; 252; 33274
182; 252; 33274
183; 252; 33341
184; 252; 33384
185; 252; 33310
186; 252; 33146
187; 252; 33013
188; 252; 32978
189; 252; 33090
190; 252; 33297
191; 252; 33467
192; 252; 33561
193; 252; 33625
194; 252; 33637
195; 252; 33589
196; 252; 33575
197; 252; 33612
198; 252; 33629
199; 252; 33634
200; 252; 33645
201; 252; 33603
202; 252; 33467
203; 252; 33381
204; 252; 33500
205; 252; 33798
206; 252; 34110
207; 252; 34285
208; 252; 34314
209; 252; 34318
210; 252; 34400
211; 252; 34529
212; 252; 34602
213; 252; 34598
214; 252; 34583
215; 252; 34599
216; 252; 34624
217; 252; 34623
218; 252; 34592
219; 252; 34557
220; 252; 34560
221; 252; 34601
222; 252; 34627
223; 252; 34624
224; 252; 34649
225; 252; 34703
226; 252; 34706
227; 252; 34648
228; 252; 34624
148; 253; 32906
149; 253; 32891
150; 253; 32862
151; 253; 32873
152; 253; 32901
153; 253; 32891
154; 253; 32870
155; 253; 32870
156; 253; 32871
157; 253; 32882
158; 253; 32873
159; 253; 32882
160; 253; 32893
161; 253; 32892
162; 253; 32902
163; 253; 32930
164; 253; 32934
165; 253; 32946
166; 253; 32957
167; 253; 32960
168; 253; 32989
169; 253; 33041
170; 253; 33065
171; 253; 33041
172; 253; 33029
173; 253; 33049
174; 253; 33042
175; 253; 32969
176; 253; 32900
177; 253; 32935
178; 253; 33006
179; 253; 33077
180; 253; 33116
181; 253; 33112
182; 253; 33173
183; 253; 33296
184; 253; 33310
185; 253; 33178
186; 253; 33070
187; 253; 33087
188; 253; 33226
189; 253; 33445
190; 253; 33571
191; 253; 33564
192; 253; 33563
193; 253; 33616
194; 253; 33625
195; 253; 33575
196; 253; 33571
197; 253; 33607
198; 253; 33625
199; 253; 33636
200; 253; 33636
201; 253; 33567
202; 253; 33448
203; 253; 33442
204; 253; 33655
205; 253; 34008
206; 253; 34322
207; 253; 34470
208; 253; 34479
209; 253; 34475
210; 253; 34535
211; 253; 34603
212; 253; 34608
213; 253; 34579
214; 253; 34582
215; 253; 34612
216; 253; 34633
217; 253; 34642
218; 253; 34650
219; 253; 34642
220; 253; 34626
221; 253; 34633
222; 253; 34647
223; 253; 34637
224; 253; 34642
225; 253; 34687
226; 253; 34710
227; 253; 34679
228; 253; 34658
148; 254; 32890
149; 254; 32867
150; 254; 32856
151; 254; 32882
152; 254; 32909
153; 254; 32906
154; 254; 32890
155; 254; 32889
156; 254; 32889
157; 254; 32888
158; 254; 32874
159; 254; 32872
160; 254; 32898
161; 254; 32928
162; 254; 32922
163; 254; 32951
164; 254; 32985
165; 254; 32991
166; 254; 32972
167; 254; 32951
168; 254; 32972
169; 254; 33046
170; 254; 33099
171; 254; 33082
172; 254; 33044
173; 254; 33038
174; 254; 33037
175; 254; 32982
176; 254; 32920
177; 254; 32934
178; 254; 32998
179; 254; 33018
180; 254; 32985
181; 254; 32968
182; 254; 33077
183; 254; 33239
184; 254; 33233
185; 254; 33082
186; 254; 33050
187; 254; 33199
188; 254; 33455
189; 254; 33659
190; 254; 33680
191; 254; 33587
192; 254; 33557
193; 254; 33598
194; 254; 33613
195; 254; 33604
196; 254; 33620
197; 254; 33623
198; 254; 33604
199; 254; 33606
200; 254; 33598
201; 254; 33511
202; 254; 33434
203; 254; 33555
204; 254; 33882
205; 254; 34249
206; 254; 34493
207; 254; 34571
208; 254; 34557
209; 254; 34568
210; 254; 34638
211; 254; 34683
212; 254; 34647
213; 254; 34596
214; 254; 34606
215; 254; 34639
216; 254; 34642
217; 254; 34647
218; 254; 34681
219; 254; 34692
220; 254; 34661
221; 254; 34648
222; 254; 34669
223; 254; 34674
224; 254; 34667
225; 254; 34685
226; 254; 34701
227; 254; 34680
228; 254; 34657
148; 255; 32882
149; 255; 32865
150; 255; 32875
151; 255; 32904
152; 255; 32909
153; 255; 32906
154; 255; 32893
155; 255; 32899
156; 255; 32906
157; 255; 32897
158; 255; 32884
159; 255; 32870
160; 255; 32899
161; 255; 32950
162; 255; 32940
163; 255; 32972
164; 255; 33026
165; 255; 33033
166; 255; 32995
167; 255; 32956
168; 255; 32965
169; 255; 33041
170; 255; 33099
171; 255; 33078
172; 255; 33030
173; 255; 33004
174; 255; 32996
175; 255; 32946
176; 255; 32896
177; 255; 32922
178; 255; 32994
179; 255; 32992
180; 255; 32931
181; 255; 32948
182; 255; 33093
183; 255; 33245
184; 255; 33192
185; 255; 33022
186; 255; 33033
187; 255; 33252
188; 255; 33491
189; 255; 33606
190; 255; 33590
191; 255; 33552
192; 255; 33565
193; 255; 33576
194; 255; 33577
195; 255; 33619
196; 255; 33674
197; 255; 33652
198; 255; 33602
199; 255; 33612
200; 255; 33604
201; 255; 33484
202; 255; 33431
203; 255; 33665
204; 255; 34091
205; 255; 34444
206; 255; 34600
207; 255; 34612
208; 255; 34590
209; 255; 34620
210; 255; 34707
211; 255; 34754
212; 255; 34703
213; 255; 34631
214; 255; 34630
215; 255; 34661
216; 255; 34657
217; 255; 34657
218; 255; 34698
219; 255; 34718
220; 255; 34683
221; 255; 34660
222; 255; 34686
223; 255; 34704
224; 255; 34692
225; 255; 34684
226; 255; 34685
227; 255; 34672
228; 255; 34663
148; 256; 32858
149; 256; 32865
150; 256; 32897
151; 256; 32937
152; 256; 32918
153; 256; 32884
154; 256; 32885
155; 256; 32911
156; 256; 32918
157; 256; 32887
158; 256; 32881
159; 256; 32873
160; 256; 32894
161; 256; 32951
162; 256; 32934
163; 256; 32952
164; 256; 33004
165; 256; 33018
166; 256; 32994
167; 256; 32965
168; 256; 32975
169; 256; 33039
170; 256; 33082
171; 256; 33064
172; 256; 33033
173; 256; 33008
174; 256; 32979
175; 256; 32921
176; 256; 32886
177; 256; 32924
178; 256; 33018
179; 256; 33055
180; 256; 33013
181; 256; 33050
182; 256; 33224
183; 256; 33336
184; 256; 33215
185; 256; 33043
186; 256; 33088
187; 256; 33296
188; 256; 33457
189; 256; 33501
190; 256; 33507
191; 256; 33546
192; 256; 33585
193; 256; 33555
194; 256; 33535
195; 256; 33607
196; 256; 33685
197; 256; 33654
198; 256; 33616
199; 256; 33664
200; 256; 33640
201; 256; 33454
202; 256; 33391
203; 256; 33700
204; 256; 34199
205; 256; 34541
206; 256; 34640
207; 256; 34629
208; 256; 34616
209; 256; 34644
210; 256; 34713
211; 256; 34757
212; 256; 34716
213; 256; 34647
214; 256; 34640
215; 256; 34668
216; 256; 34668
217; 256; 34665
218; 256; 34702
219; 256; 34733
220; 256; 34719
221; 256; 34706
222; 256; 34723
223; 256; 34726
224; 256; 34696
225; 256; 34674
226; 256; 34672
227; 256; 34672
228; 256; 34683
148; 257; 32863
149; 257; 32882
150; 257; 32905
151; 257; 32928
152; 257; 32907
153; 257; 32893
154; 257; 32906
155; 257; 32926
156; 257; 32936
157; 257; 32893
158; 257; 32888
159; 257; 32897
160; 257; 32900
161; 257; 32943
162; 257; 32928
163; 257; 32935
164; 257; 32981
165; 257; 32990
166; 257; 32983
167; 257; 32964
168; 257; 32974
169; 257; 33020
170; 257; 33057
171; 257; 33067
172; 257; 33060
173; 257; 33036
174; 257; 32985
175; 257; 32919
176; 257; 32906
177; 257; 32944
178; 257; 33057
179; 257; 33154
180; 257; 33169
181; 257; 33212
182; 257; 33350
183; 257; 33422
184; 257; 33311
185; 257; 33183
186; 257; 33226
187; 257; 33381
188; 257; 33481
189; 257; 33499
190; 257; 33522
191; 257; 33572
192; 257; 33593
193; 257; 33554
194; 257; 33544
195; 257; 33613
196; 257; 33654
197; 257; 33606
198; 257; 33603
199; 257; 33682
200; 257; 33621
201; 257; 33376
202; 257; 33314
203; 257; 33684
204; 257; 34226
205; 257; 34557
206; 257; 34641
207; 257; 34651
208; 257; 34663
209; 257; 34676
210; 257; 34692
211; 257; 34703
212; 257; 34679
213; 257; 34646
214; 257; 34654
215; 257; 34680
216; 257; 34679
217; 257; 34673
218; 257; 34695
219; 257; 34724
220; 257; 34738
221; 257; 34756
222; 257; 34774
223; 257; 34756
224; 257; 34710
225; 257; 34682
226; 257; 34679
227; 257; 34682
228; 257; 34702
148; 258; 32866
149; 258; 32871
150; 258; 32880
151; 258; 32889
152; 258; 32880
153; 258; 32897
154; 258; 32928
155; 258; 32941
156; 258; 32945
157; 258; 32915
158; 258; 32908
159; 258; 32908
160; 258; 32889
161; 258; 32915
162; 258; 32928
163; 258; 32964
164; 258; 33001
165; 258; 32988
166; 258; 32975
167; 258; 32968
168; 258; 32969
169; 258; 32986
170; 258; 33014
171; 258; 33053
172; 258; 33076
173; 258; 33057
174; 258; 32983
175; 258; 32925
176; 258; 32936
177; 258; 32967
178; 258; 33084
179; 258; 33203
180; 258; 33252
181; 258; 33282
182; 258; 33358
183; 258; 33419
184; 258; 33393
185; 258; 33343
186; 258; 33372
187; 258; 33464
188; 258; 33527
189; 258; 33545
190; 258; 33551
191; 258; 33559
192; 258; 33563
193; 258; 33565
194; 258; 33604
195; 258; 33659
196; 258; 33640
197; 258; 33569
198; 258; 33590
199; 258; 33666
200; 258; 33560
201; 258; 33308
202; 258; 33300
203; 258; 33725
204; 258; 34261
205; 258; 34550
206; 258; 34627
207; 258; 34676
208; 258; 34730
209; 258; 34739
210; 258; 34702
211; 258; 34663
212; 258; 34643
213; 258; 34656
214; 258; 34695
215; 258; 34722
216; 258; 34716
217; 258; 34707
218; 258; 34710
219; 258; 34714
220; 258; 34728
221; 258; 34769
222; 258; 34805
223; 258; 34788
224; 258; 34745
225; 258; 34729
226; 258; 34730
227; 258; 34717
228; 258; 34721
148; 259; 32883
149; 259; 32899
150; 259; 32902
151; 259; 32884
152; 259; 32875
153; 259; 32895
154; 259; 32920
155; 259; 32912
156; 259; 32908
157; 259; 32904
158; 259; 32896
159; 259; 32899
160; 259; 32896
161; 259; 32894
162; 259; 32932
163; 259; 33027
164; 259; 33059
165; 259; 33008
166; 259; 32974
167; 259; 32975
168; 259; 32984
169; 259; 32983
170; 259; 32985
171; 259; 33017
172; 259; 33056
173; 259; 33058
174; 259; 32980
175; 259; 32910
176; 259; 32924
177; 259; 32966
178; 259; 33075
179; 259; 33196
180; 259; 33268
181; 259; 33284
182; 259; 33313
183; 259; 33364
184; 259; 33407
185; 259; 33425
186; 259; 33447
187; 259; 33489
188; 259; 33534
189; 259; 33556
190; 259; 33538
191; 259; 33502
192; 259; 33495
193; 259; 33540
194; 259; 33626
195; 259; 33687
196; 259; 33654
197; 259; 33597
198; 259; 33639
199; 259; 33690
200; 259; 33543
201; 259; 33324
202; 259; 33410
203; 259; 33882
204; 259; 34363
205; 259; 34570
206; 259; 34622
207; 259; 34699
208; 259; 34784
209; 259; 34797
210; 259; 34734
211; 259; 34659
212; 259; 34636
213; 259; 34680
214; 259; 34745
215; 259; 34772
216; 259; 34767
217; 259; 34766
218; 259; 34763
219; 259; 34736
220; 259; 34722
221; 259; 34763
222; 259; 34817
223; 259; 34810
224; 259; 34772
225; 259; 34775
226; 259; 34794
227; 259; 34772
228; 259; 34749
148; 260; 32894
149; 260; 32912
150; 260; 32919
151; 260; 32893
152; 260; 32874
153; 260; 32885
154; 260; 32898
155; 260; 32892
156; 260; 32896
157; 260; 32903
158; 260; 32883
159; 260; 32887
160; 260; 32903
161; 260; 32898
162; 260; 32928
163; 260; 33040
164; 260; 33071
165; 260; 33006
166; 260; 32957
167; 260; 32971
168; 260; 33009
169; 260; 33013
170; 260; 33002
171; 260; 33009
172; 260; 33034
173; 260; 33027
174; 260; 32952
175; 260; 32880
176; 260; 32879
177; 260; 32948
178; 260; 33056
179; 260; 33173
180; 260; 33265
181; 260; 33308
182; 260; 33339
183; 260; 33373
184; 260; 33417
185; 260; 33447
186; 260; 33460
187; 260; 33482
188; 260; 33523
189; 260; 33545
190; 260; 33514
191; 260; 33457
192; 260; 33438
193; 260; 33492
194; 260; 33589
195; 260; 33661
196; 260; 33665
197; 260; 33662
198; 260; 33732
199; 260; 33754
200; 260; 33570
201; 260; 33388
202; 260; 33574
203; 260; 34087
204; 260; 34498
205; 260; 34616
206; 260; 34638
207; 260; 34719
208; 260; 34797
209; 260; 34798
210; 260; 34732
211; 260; 34657
212; 260; 34642
213; 260; 34703
214; 260; 34776
215; 260; 34795
216; 260; 34785
217; 260; 34798
218; 260; 34811
219; 260; 34781
220; 260; 34750
221; 260; 34783
222; 260; 34839
223; 260; 34825
224; 260; 34774
225; 260; 34780
226; 260; 34821
227; 260; 34815
228; 260; 34784
148; 261; 32898
149; 261; 32903
150; 261; 32900
151; 261; 32891
152; 261; 32880
153; 261; 32877
154; 261; 32888
155; 261; 32906
156; 261; 32915
157; 261; 32903
158; 261; 32879
159; 261; 32886
160; 261; 32905
161; 261; 32916
162; 261; 32926
163; 261; 33014
164; 261; 33045
165; 261; 32984
166; 261; 32944
167; 261; 32978
168; 261; 33025
169; 261; 33037
170; 261; 33038
171; 261; 33040
172; 261; 33040
173; 261; 32991
174; 261; 32920
175; 261; 32907
176; 261; 32913
177; 261; 32964
178; 261; 33043
179; 261; 33141
180; 261; 33260
181; 261; 33357
182; 261; 33403
183; 261; 33425
184; 261; 33447
185; 261; 33458
186; 261; 33458
187; 261; 33480
188; 261; 33526
189; 261; 33541
190; 261; 33507
191; 261; 33464
192; 261; 33451
193; 261; 33490
194; 261; 33565
195; 261; 33634
196; 261; 33664
197; 261; 33697
198; 261; 33784
199; 261; 33785
200; 261; 33575
201; 261; 33414
202; 261; 33673
203; 261; 34221
204; 261; 34587
205; 261; 34646
206; 261; 34653
207; 261; 34733
208; 261; 34787
209; 261; 34759
210; 261; 34694
211; 261; 34646
212; 261; 34658
213; 261; 34730
214; 261; 34794
215; 261; 34792
216; 261; 34769
217; 261; 34788
218; 261; 34825
219; 261; 34818
220; 261; 34794
221; 261; 34822
222; 261; 34869
223; 261; 34850
224; 261; 34790
225; 261; 34782
226; 261; 34819
227; 261; 34831
228; 261; 34822
148; 262; 32899
149; 262; 32908
150; 262; 32898
151; 262; 32886
152; 262; 32886
153; 262; 32881
154; 262; 32880
155; 262; 32902
156; 262; 32910
157; 262; 32886
158; 262; 32876
159; 262; 32901
160; 262; 32916
161; 262; 32929
162; 262; 32922
163; 262; 32991
164; 262; 33031
165; 262; 32987
166; 262; 32960
167; 262; 32989
168; 262; 33014
169; 262; 33029
170; 262; 33055
171; 262; 33083
172; 262; 33078
173; 262; 32998
174; 262; 32923
175; 262; 32930
176; 262; 32957
177; 262; 32989
178; 262; 33027
179; 262; 33114
180; 262; 33258
181; 262; 33373
182; 262; 33402
183; 262; 33412
184; 262; 33448
185; 262; 33477
186; 262; 33479
187; 262; 33495
188; 262; 33527
189; 262; 33523
190; 262; 33490
191; 262; 33492
192; 262; 33526
193; 262; 33568
194; 262; 33619
195; 262; 33662
196; 262; 33664
197; 262; 33677
198; 262; 33758
199; 262; 33759
200; 262; 33544
201; 262; 33386
202; 262; 33673
203; 262; 34244
204; 262; 34596
205; 262; 34632
206; 262; 34643
207; 262; 34740
208; 262; 34791
209; 262; 34748
210; 262; 34688
211; 262; 34670
212; 262; 34705
213; 262; 34775
214; 262; 34818
215; 262; 34795
216; 262; 34764
217; 262; 34790
218; 262; 34842
219; 262; 34854
220; 262; 34834
221; 262; 34842
222; 262; 34877
223; 262; 34881
224; 262; 34850
225; 262; 34833
226; 262; 34836
227; 262; 34835
228; 262; 34843
148; 263; 32917
149; 263; 32910
150; 263; 32894
151; 263; 32886
152; 263; 32878
153; 263; 32859
154; 263; 32878
155; 263; 32917
156; 263; 32913
157; 263; 32890
158; 263; 32874
159; 263; 32892
160; 263; 32910
161; 263; 32919
162; 263; 32935
163; 263; 32991
164; 263; 33021
165; 263; 33004
166; 263; 33003
167; 263; 33026
168; 263; 33023
169; 263; 33023
170; 263; 33048
171; 263; 33086
172; 263; 33078
173; 263; 32985
174; 263; 32904
175; 263; 32930
176; 263; 32984
177; 263; 33009
178; 263; 33014
179; 263; 33087
180; 263; 33238
181; 263; 33340
182; 263; 33321
183; 263; 33311
184; 263; 33389
185; 263; 33487
186; 263; 33521
187; 263; 33513
188; 263; 33497
189; 263; 33467
190; 263; 33454
191; 263; 33507
192; 263; 33594
193; 263; 33655
194; 263; 33696
195; 263; 33710
196; 263; 33669
197; 263; 33640
198; 263; 33712
199; 263; 33740
200; 263; 33542
201; 263; 33365
202; 263; 33623
203; 263; 34191
204; 263; 34558
205; 263; 34597
206; 263; 34611
207; 263; 34730
208; 263; 34807
209; 263; 34779
210; 263; 34739
211; 263; 34746
212; 263; 34786
213; 263; 34828
214; 263; 34836
215; 263; 34803
216; 263; 34784
217; 263; 34823
218; 263; 34883
219; 263; 34903
220; 263; 34876
221; 263; 34848
222; 263; 34859
223; 263; 34895
224; 263; 34918
225; 263; 34914
226; 263; 34885
227; 263; 34853
228; 263; 34853
148; 264; 32920
149; 264; 32907
150; 264; 32896
151; 264; 32897
152; 264; 32876
153; 264; 32856
154; 264; 32897
155; 264; 32939
156; 264; 32912
157; 264; 32888
158; 264; 32872
159; 264; 32875
160; 264; 32891
161; 264; 32905
162; 264; 32967
163; 264; 33014
164; 264; 33018
165; 264; 33017
166; 264; 33042
167; 264; 33082
168; 264; 33075
169; 264; 33047
170; 264; 33042
171; 264; 33050
172; 264; 33021
173; 264; 32939
174; 264; 32897
175; 264; 32941
176; 264; 32992
177; 264; 32999
178; 264; 32975
179; 264; 33025
180; 264; 33175
181; 264; 33259
182; 264; 33197
183; 264; 33169
184; 264; 33294
185; 264; 33473
186; 264; 33551
187; 264; 33516
188; 264; 33445
189; 264; 33408
190; 264; 33439
191; 264; 33530
192; 264; 33615
193; 264; 33652
194; 264; 33683
195; 264; 33703
196; 264; 33662
197; 264; 33621
198; 264; 33702
199; 264; 33774
200; 264; 33604
201; 264; 33381
202; 264; 33550
203; 264; 34092
204; 264; 34507
205; 264; 34584
206; 264; 34592
207; 264; 34706
208; 264; 34803
209; 264; 34804
210; 264; 34796
211; 264; 34830
212; 264; 34861
213; 264; 34853
214; 264; 34823
215; 264; 34796
216; 264; 34801
217; 264; 34845
218; 264; 34902
219; 264; 34933
220; 264; 34918
221; 264; 34876
222; 264; 34860
223; 264; 34895
224; 264; 34946
225; 264; 34961
226; 264; 34930
227; 264; 34886
228; 264; 34877
148; 265; 32920
149; 265; 32900
150; 265; 32890
151; 265; 32886
152; 265; 32869
153; 265; 32863
154; 265; 32885
155; 265; 32907
156; 265; 32890
157; 265; 32879
158; 265; 32882
159; 265; 32887
160; 265; 32896
161; 265; 32919
162; 265; 32986
163; 265; 33013
164; 265; 32999
165; 265; 33006
166; 265; 33044
167; 265; 33101
168; 265; 33118
169; 265; 33100
170; 265; 33066
171; 265; 33018
172; 265; 32956
173; 265; 32901
174; 265; 32908
175; 265; 32950
176; 265; 32992
177; 265; 32990
178; 265; 32958
179; 265; 32975
180; 265; 33082
181; 265; 33140
182; 265; 33064
183; 265; 33043
184; 265; 33203
185; 265; 33432
186; 265; 33549
187; 265; 33500
188; 265; 33404
189; 265; 33392
190; 265; 33479
191; 265; 33575
192; 265; 33593
193; 265; 33557
194; 265; 33573
195; 265; 33633
196; 265; 33640
197; 265; 33623
198; 265; 33720
199; 265; 33828
200; 265; 33685
201; 265; 33407
202; 265; 33458
203; 265; 33952
204; 265; 34444
205; 265; 34607
206; 265; 34616
207; 265; 34689
208; 265; 34773
209; 265; 34794
210; 265; 34815
211; 265; 34868
212; 265; 34881
213; 265; 34832
214; 265; 34787
215; 265; 34787
216; 265; 34815
217; 265; 34844
218; 265; 34875
219; 265; 34914
220; 265; 34937
221; 265; 34926
222; 265; 34909
223; 265; 34920
224; 265; 34952
225; 265; 34966
226; 265; 34944
227; 265; 34907
228; 265; 34899
148; 266; 32922
149; 266; 32904
150; 266; 32909
151; 266; 32900
152; 266; 32880
153; 266; 32877
154; 266; 32882
155; 266; 32901
156; 266; 32907
157; 266; 32894
158; 266; 32885
159; 266; 32889
160; 266; 32898
161; 266; 32933
162; 266; 32998
163; 266; 33020
164; 266; 33007
165; 266; 33003
166; 266; 33023
167; 266; 33063
168; 266; 33099
169; 266; 33125
170; 266; 33098
171; 266; 33026
172; 266; 32951
173; 266; 32914
174; 266; 32919
175; 266; 32957
176; 266; 33009
177; 266; 33001
178; 266; 32965
179; 266; 32969
180; 266; 33005
181; 266; 33013
182; 266; 32969
183; 266; 32990
184; 266; 33143
185; 266; 33402
186; 266; 33551
187; 266; 33497
188; 266; 33399
189; 266; 33419
190; 266; 33534
191; 266; 33600
192; 266; 33544
193; 266; 33450
194; 266; 33459
195; 266; 33566
196; 266; 33632
197; 266; 33639
198; 266; 33730
199; 266; 33854
200; 266; 33757
201; 266; 33460
202; 266; 33389
203; 266; 33793
204; 266; 34345
205; 266; 34624
206; 266; 34659
207; 266; 34686
208; 266; 34745
209; 266; 34780
210; 266; 34818
211; 266; 34869
212; 266; 34866
213; 266; 34804
214; 266; 34773
215; 266; 34806
216; 266; 34844
217; 266; 34847
218; 266; 34845
219; 266; 34875
220; 266; 34925
221; 266; 34962
222; 266; 34977
223; 266; 34981
224; 266; 34979
225; 266; 34962
226; 266; 34928
227; 266; 34892
228; 266; 34891
148; 267; 32888
149; 267; 32889
150; 267; 32914
151; 267; 32917
152; 267; 32897
153; 267; 32891
154; 267; 32889
155; 267; 32889
156; 267; 32895
157; 267; 32894
158; 267; 32882
159; 267; 32871
160; 267; 32877
161; 267; 32936
162; 267; 33011
163; 267; 33043
164; 267; 33029
165; 267; 33008
166; 267; 33003
167; 267; 33012
168; 267; 33046
169; 267; 33102
170; 267; 33112
171; 267; 33047
172; 267; 32957
173; 267; 32935
174; 267; 32928
175; 267; 32961
176; 267; 33013
177; 267; 33010
178; 267; 32967
179; 267; 32949
180; 267; 32948
181; 267; 32941
182; 267; 32976
183; 267; 33024
184; 267; 33162
185; 267; 33441
186; 267; 33585
187; 267; 33509
188; 267; 33409
189; 267; 33433
190; 267; 33529
191; 267; 33551
192; 267; 33469
193; 267; 33388
194; 267; 33433
195; 267; 33578
196; 267; 33672
197; 267; 33666
198; 267; 33707
199; 267; 33830
200; 267; 33813
201; 267; 33548
202; 267; 33373
203; 267; 33643
204; 267; 34198
205; 267; 34584
206; 267; 34674
207; 267; 34679
208; 267; 34734
209; 267; 34799
210; 267; 34849
211; 267; 34881
212; 267; 34871
213; 267; 34831
214; 267; 34821
215; 267; 34846
216; 267; 34862
217; 267; 34854
218; 267; 34851
219; 267; 34872
220; 267; 34914
221; 267; 34968
222; 267; 35014
223; 267; 35028
224; 267; 35003
225; 267; 34957
226; 267; 34907
227; 267; 34869
228; 267; 34869
148; 268; 32869
149; 268; 32881
150; 268; 32897
151; 268; 32905
152; 268; 32898
153; 268; 32879
154; 268; 32884
155; 268; 32901
156; 268; 32915
157; 268; 32920
158; 268; 32897
159; 268; 32868
160; 268; 32898
161; 268; 32970
162; 268; 33026
163; 268; 33052
164; 268; 33049
165; 268; 33035
166; 268; 33019
167; 268; 33015
168; 268; 33042
169; 268; 33095
170; 268; 33119
171; 268; 33061
172; 268; 32935
173; 268; 32910
174; 268; 32928
175; 268; 32968
176; 268; 33017
177; 268; 33034
178; 268; 33006
179; 268; 32962
180; 268; 32944
181; 268; 32957
182; 268; 33017
183; 268; 33092
184; 268; 33264
185; 268; 33519
186; 268; 33602
187; 268; 33502
188; 268; 33422
189; 268; 33433
190; 268; 33463
191; 268; 33436
192; 268; 33381
193; 268; 33384
194; 268; 33498
195; 268; 33668
196; 268; 33757
197; 268; 33707
198; 268; 33666
199; 268; 33764
200; 268; 33839
201; 268; 33662
202; 268; 33418
203; 268; 33530
204; 268; 34014
205; 268; 34468
206; 268; 34635
207; 268; 34658
208; 268; 34733
209; 268; 34841
210; 268; 34900
211; 268; 34909
212; 268; 34909
213; 268; 34915
214; 268; 34912
215; 268; 34885
216; 268; 34853
217; 268; 34863
218; 268; 34910
219; 268; 34944
220; 268; 34955
221; 268; 34976
222; 268; 35009
223; 268; 35017
224; 268; 34984
225; 268; 34939
226; 268; 34905
227; 268; 34878
228; 268; 34871
148; 269; 32864
149; 269; 32884
150; 269; 32910
151; 269; 32899
152; 269; 32892
153; 269; 32872
154; 269; 32880
155; 269; 32910
156; 269; 32920
157; 269; 32927
158; 269; 32914
159; 269; 32904
160; 269; 32963
161; 269; 33029
162; 269; 33033
163; 269; 33024
164; 269; 33053
165; 269; 33085
166; 269; 33080
167; 269; 33070
168; 269; 33084
169; 269; 33110
170; 269; 33095
171; 269; 33034
172; 269; 32924
173; 269; 32898
174; 269; 32933
175; 269; 32969
176; 269; 33012
177; 269; 33033
178; 269; 33014
179; 269; 32972
180; 269; 32966
181; 269; 33019
182; 269; 33099
183; 269; 33207
184; 269; 33379
185; 269; 33546
186; 269; 33565
187; 269; 33494
188; 269; 33472
189; 269; 33464
190; 269; 33393
191; 269; 33314
192; 269; 33314
193; 269; 33419
194; 269; 33592
195; 269; 33766
196; 269; 33840
197; 269; 33755
198; 269; 33640
199; 269; 33693
200; 269; 33841
201; 269; 33788
202; 269; 33530
203; 269; 33491
204; 269; 33851
205; 269; 34308
206; 269; 34548
207; 269; 34624
208; 269; 34731
209; 269; 34865
210; 269; 34922
211; 269; 34920
212; 269; 34948
213; 269; 35002
214; 269; 34999
215; 269; 34923
216; 269; 34872
217; 269; 34923
218; 269; 35023
219; 269; 35062
220; 269; 35031
221; 269; 35004
222; 269; 35003
223; 269; 34992
224; 269; 34961
225; 269; 34937
226; 269; 34931
227; 269; 34921
228; 269; 34895
148; 270; 32885
149; 270; 32881
150; 270; 32903
151; 270; 32891
152; 270; 32879
153; 270; 32869
154; 270; 32884
155; 270; 32897
156; 270; 32884
157; 270; 32903
158; 270; 32921
159; 270; 32932
160; 270; 33017
161; 270; 33080
162; 270; 33034
163; 270; 32983
164; 270; 33034
165; 270; 33125
166; 270; 33158
167; 270; 33137
168; 270; 33125
169; 270; 33122
170; 270; 33063
171; 270; 32972
172; 270; 32909
173; 270; 32924
174; 270; 32951
175; 270; 32957
176; 270; 32978
177; 270; 32989
178; 270; 32976
179; 270; 32958
180; 270; 32993
181; 270; 33104
182; 270; 33231
183; 270; 33347
184; 270; 33452
185; 270; 33516
186; 270; 33522
187; 270; 33534
188; 270; 33555
189; 270; 33478
190; 270; 33300
191; 270; 33221
192; 270; 33312
193; 270; 33490
194; 270; 33674
195; 270; 33823
196; 270; 33883
197; 270; 33801
198; 270; 33659
199; 270; 33660
200; 270; 33829
201; 270; 33886
202; 270; 33692
203; 270; 33571
204; 270; 33789
205; 270; 34167
206; 270; 34425
207; 270; 34543
208; 270; 34681
209; 270; 34809
210; 270; 34866
211; 270; 34886
212; 270; 34959
213; 270; 35044
214; 270; 35039
215; 270; 34962
216; 270; 34939
217; 270; 35015
218; 270; 35093
219; 270; 35079
220; 270; 35027
221; 270; 34975
222; 270; 34981
223; 270; 34990
224; 270; 34985
225; 270; 34984
226; 270; 34993
227; 270; 34992
228; 270; 34957
148; 271; 32920
149; 271; 32898
150; 271; 32889
151; 271; 32896
152; 271; 32892
153; 271; 32883
154; 271; 32893
155; 271; 32889
156; 271; 32877
157; 271; 32899
158; 271; 32921
159; 271; 32939
160; 271; 33049
161; 271; 33112
162; 271; 33046
163; 271; 32977
164; 271; 33025
165; 271; 33138
166; 271; 33181
167; 271; 33152
168; 271; 33132
169; 271; 33125
170; 271; 33056
171; 271; 32942
172; 271; 32894
173; 271; 32928
174; 271; 32960
175; 271; 32954
176; 271; 32953
177; 271; 32963
178; 271; 32969
179; 271; 32975
180; 271; 33032
181; 271; 33175
182; 271; 33343
183; 271; 33446
184; 271; 33469
185; 271; 33468
186; 271; 33511
187; 271; 33598
188; 271; 33598
189; 271; 33419
190; 271; 33191
191; 271; 33178
192; 271; 33370
193; 271; 33584
194; 271; 33734
195; 271; 33840
196; 271; 33889
197; 271; 33829
198; 271; 33698
199; 271; 33658
200; 271; 33796
201; 271; 33918
202; 271; 33845
203; 271; 33744
204; 271; 33842
205; 271; 34064
206; 271; 34223
207; 271; 34361
208; 271; 34496
209; 271; 34666
210; 271; 34710
211; 271; 34788
212; 271; 34911
213; 271; 35001
214; 271; 34987
215; 271; 34934
216; 271; 34941
217; 271; 34976
218; 271; 34979
219; 271; 34865
220; 271; 34788
221; 271; 34813
222; 271; 34856
223; 271; 34943
224; 271; 34987
225; 271; 35024
226; 271; 35057
227; 271; 35080
228; 271; 35071
148; 272; 32899
149; 272; 32890
150; 272; 32890
151; 272; 32907
152; 272; 32923
153; 272; 32915
154; 272; 32893
155; 272; 32897
156; 272; 32901
157; 272; 32908
158; 272; 32919
159; 272; 32962
160; 272; 33082
161; 272; 33136
162; 272; 33071
163; 272; 33001
164; 272; 33027
165; 272; 33116
166; 272; 33143
167; 272; 33111
168; 272; 33115
169; 272; 33130
170; 272; 33068
171; 272; 32948
172; 272; 32902
173; 272; 32931
174; 272; 32992
175; 272; 33009
176; 272; 32985
177; 272; 32970
178; 272; 32980
179; 272; 33000
180; 272; 33051
181; 272; 33189
182; 272; 33381
183; 272; 33484
184; 272; 33459
185; 272; 33427
186; 272; 33495
187; 272; 33596
188; 272; 33538
189; 272; 33303
190; 272; 33111
191; 272; 33181
192; 272; 33430
193; 272; 33633
194; 272; 33737
195; 272; 33814
196; 272; 33864
197; 272; 33824
198; 272; 33715
199; 272; 33663
200; 272; 33757
201; 272; 33892
202; 272; 33928
203; 272; 33907
204; 272; 33939
205; 272; 33989
206; 272; 33969
207; 272; 33918
208; 272; 34058
209; 272; 34271
210; 272; 34437
211; 272; 34588
212; 272; 34743
213; 272; 34816
214; 272; 34786
215; 272; 34742
216; 272; 34711
217; 272; 34616
218; 272; 34413
219; 272; 34199
220; 272; 34166
221; 272; 34328
222; 272; 34571
223; 272; 34746
224; 272; 34877
225; 272; 34969
226; 272; 35006
227; 272; 35074
228; 272; 35109
