159; 79; 32864
160; 79; 32878
161; 79; 32904
162; 79; 32913
163; 79; 32888
164; 79; 32836
165; 79; 32832
166; 79; 32861
167; 79; 32863
168; 79; 32852
169; 79; 32853
170; 79; 32861
171; 79; 32865
172; 79; 32902
173; 79; 32920
174; 79; 32900
175; 79; 32883
176; 79; 32885
177; 79; 32887
178; 79; 32878
179; 79; 32883
180; 79; 32899
181; 79; 32883
182; 79; 32854
183; 79; 32852
184; 79; 32871
185; 79; 32872
186; 79; 32858
187; 79; 32847
188; 79; 32843
159; 80; 32872
160; 80; 32890
161; 80; 32900
162; 80; 32906
163; 80; 32893
164; 80; 32849
165; 80; 32845
166; 80; 32865
167; 80; 32846
168; 80; 32868
169; 80; 32926
170; 80; 32903
171; 80; 32894
172; 80; 32916
173; 80; 32892
174; 80; 32866
175; 80; 32889
176; 80; 32911
177; 80; 32892
178; 80; 32860
179; 80; 32862
180; 80; 32872
181; 80; 32864
182; 80; 32842
183; 80; 32836
184; 80; 32845
185; 80; 32836
186; 80; 32822
187; 80; 32817
188; 80; 32823
159; 81; 32866
160; 81; 32879
161; 81; 32879
162; 81; 32887
163; 81; 32892
164; 81; 32875
165; 81; 32872
166; 81; 32869
167; 81; 32846
168; 81; 32900
169; 81; 33014
170; 81; 33013
171; 81; 32973
172; 81; 32950
173; 81; 32913
174; 81; 32897
175; 81; 32912
176; 81; 32920
177; 81; 32903
178; 81; 32872
179; 81; 32846
180; 81; 32833
181; 81; 32840
182; 81; 32835
183; 81; 32827
184; 81; 32824
185; 81; 32804
186; 81; 32791
187; 81; 32790
188; 81; 32806
159; 82; 32857
160; 82; 32872
161; 82; 32883
162; 82; 32883
163; 82; 32880
164; 82; 32892
165; 82; 32898
166; 82; 32881
167; 82; 32862
168; 82; 32912
169; 82; 33028
170; 82; 33104
171; 82; 33044
172; 82; 32978
173; 82; 32966
174; 82; 32963
175; 82; 32945
176; 82; 32923
177; 82; 32922
178; 82; 32920
179; 82; 32869
180; 82; 32814
181; 82; 32812
182; 82; 32820
183; 82; 32805
184; 82; 32794
185; 82; 32792
186; 82; 32793
187; 82; 32803
188; 82; 32828
159; 83; 32873
160; 83; 32897
161; 83; 32918
162; 83; 32891
163; 83; 32878
164; 83; 32921
165; 83; 32928
166; 83; 32901
167; 83; 32885
168; 83; 32878
169; 83; 32911
170; 83; 33002
171; 83; 33013
172; 83; 32968
173; 83; 32984
174; 83; 32987
175; 83; 32965
176; 83; 32933
177; 83; 32910
178; 83; 32908
179; 83; 32877
180; 83; 32825
181; 83; 32805
182; 83; 32806
183; 83; 32799
184; 83; 32803
185; 83; 32803
186; 83; 32804
187; 83; 32813
188; 83; 32837
159; 84; 32882
160; 84; 32918
161; 84; 32949
162; 84; 32906
163; 84; 32885
164; 84; 32945
165; 84; 32942
166; 84; 32915
167; 84; 32962
168; 84; 32982
169; 84; 32929
170; 84; 32916
171; 84; 32956
172; 84; 32953
173; 84; 32958
174; 84; 32950
175; 84; 32955
176; 84; 32976
177; 84; 32949
178; 84; 32911
179; 84; 32880
180; 84; 32843
181; 84; 32814
182; 84; 32804
183; 84; 32799
184; 84; 32797
185; 84; 32786
186; 84; 32781
187; 84; 32792
188; 84; 32809
159; 85; 32894
160; 85; 32941
161; 85; 32955
162; 85; 32906
163; 85; 32887
164; 85; 32916
165; 85; 32899
166; 85; 32907
167; 85; 33094
168; 85; 33318
169; 85; 33258
170; 85; 33012
171; 85; 32920
172; 85; 32971
173; 85; 32972
174; 85; 32922
175; 85; 32910
176; 85; 32981
177; 85; 33023
178; 85; 32996
179; 85; 32949
180; 85; 32908
181; 85; 32873
182; 85; 32841
183; 85; 32819
184; 85; 32807
185; 85; 32791
186; 85; 32781
187; 85; 32787
188; 85; 32814
159; 86; 32896
160; 86; 32954
161; 86; 32920
162; 86; 32875
163; 86; 32895
164; 86; 32873
165; 86; 32841
166; 86; 32938
167; 86; 33178
168; 86; 33614
169; 86; 33759
170; 86; 33401
171; 86; 33059
172; 86; 33042
173; 86; 33051
174; 86; 32965
175; 86; 32895
176; 86; 32930
177; 86; 32999
178; 86; 33017
179; 86; 33017
180; 86; 32999
181; 86; 32961
182; 86; 32902
183; 86; 32873
184; 86; 32861
185; 86; 32810
186; 86; 32781
187; 86; 32796
188; 86; 32809
159; 87; 32846
160; 87; 32912
161; 87; 32859
162; 87; 32833
163; 87; 32883
164; 87; 32830
165; 87; 32869
166; 87; 32895
167; 87; 33170
168; 87; 33700
169; 87; 34207
170; 87; 34015
171; 87; 33432
172; 87; 33107
173; 87; 33078
174; 87; 33029
175; 87; 32939
176; 87; 32904
177; 87; 32917
178; 87; 32926
179; 87; 32957
180; 87; 32961
181; 87; 32933
182; 87; 32910
183; 87; 32939
184; 87; 32960
185; 87; 32870
186; 87; 32799
187; 87; 32821
188; 87; 32821
159; 88; 32824
160; 88; 32878
161; 88; 32833
162; 88; 32805
163; 88; 32857
164; 88; 33081
165; 88; 33178
166; 88; 32873
167; 88; 33041
168; 88; 33542
169; 88; 34303
170; 88; 34362
171; 88; 33736
172; 88; 33146
173; 88; 33029
174; 88; 33041
175; 88; 32929
176; 88; 32856
177; 88; 32878
178; 88; 32877
179; 88; 32872
180; 88; 32848
181; 88; 32851
182; 88; 32879
183; 88; 32929
184; 88; 32978
185; 88; 32915
186; 88; 32832
187; 88; 32822
188; 88; 32824
159; 89; 32862
160; 89; 32881
161; 89; 32844
162; 89; 32810
163; 89; 32887
164; 89; 33319
165; 89; 33484
166; 89; 33022
167; 89; 32880
168; 89; 33100
169; 89; 33872
170; 89; 34114
171; 89; 33635
172; 89; 33082
173; 89; 32969
174; 89; 33023
175; 89; 32886
176; 89; 32815
177; 89; 32876
178; 89; 32882
179; 89; 32837
180; 89; 32838
181; 89; 32911
182; 89; 32918
183; 89; 32871
184; 89; 32894
185; 89; 32868
186; 89; 32829
187; 89; 32835
188; 89; 32852
159; 90; 32886
160; 90; 32883
161; 90; 32859
162; 90; 32827
163; 90; 32872
164; 90; 33084
165; 90; 33252
166; 90; 33108
167; 90; 32985
168; 90; 33049
169; 90; 33236
170; 90; 33506
171; 90; 33198
172; 90; 32962
173; 90; 32943
174; 90; 32997
175; 90; 32915
176; 90; 32821
177; 90; 32845
178; 90; 32834
179; 90; 32810
180; 90; 32882
181; 90; 33015
182; 90; 32960
183; 90; 32835
184; 90; 32835
185; 90; 32825
186; 90; 32833
187; 90; 32887
188; 90; 32923
159; 91; 32884
160; 91; 32893
161; 91; 32858
162; 91; 32808
163; 91; 32824
164; 91; 32845
165; 91; 32912
166; 91; 33021
167; 91; 33219
168; 91; 33283
169; 91; 33023
170; 91; 33129
171; 91; 33083
172; 91; 33082
173; 91; 33137
174; 91; 33121
175; 91; 33022
176; 91; 32850
177; 91; 32823
178; 91; 32852
179; 91; 32932
180; 91; 33054
181; 91; 33113
182; 91; 32972
183; 91; 32831
184; 91; 32821
185; 91; 32837
186; 91; 32881
187; 91; 32956
188; 91; 33002
159; 92; 32881
160; 92; 32922
161; 92; 32858
162; 92; 32798
163; 92; 32827
164; 92; 32825
165; 92; 32838
166; 92; 32920
167; 92; 33172
168; 92; 33255
169; 92; 33109
170; 92; 33332
171; 92; 33460
172; 92; 33310
173; 92; 33265
174; 92; 33266
175; 92; 33143
176; 92; 32965
177; 92; 32928
178; 92; 32981
179; 92; 33117
180; 92; 33258
181; 92; 33243
182; 92; 33045
183; 92; 32886
184; 92; 32861
185; 92; 32904
186; 92; 32967
187; 92; 33029
188; 92; 33070
159; 93; 32883
160; 93; 32949
161; 93; 32866
162; 93; 32825
163; 93; 32798
164; 93; 32831
165; 93; 32831
166; 93; 32895
167; 93; 32978
168; 93; 33125
169; 93; 33342
170; 93; 33626
171; 93; 33474
172; 93; 33361
173; 93; 33275
174; 93; 33317
175; 93; 33272
176; 93; 33201
177; 93; 33087
178; 93; 32993
179; 93; 33038
180; 93; 33166
181; 93; 33192
182; 93; 33071
183; 93; 32975
184; 93; 32986
185; 93; 33036
186; 93; 33062
187; 93; 33074
188; 93; 33095
159; 94; 32864
160; 94; 32948
161; 94; 32857
162; 94; 32813
163; 94; 32821
164; 94; 32825
165; 94; 32857
166; 94; 32977
167; 94; 32991
168; 94; 33257
169; 94; 33641
170; 94; 33694
171; 94; 33462
172; 94; 33395
173; 94; 33434
174; 94; 33484
175; 94; 33481
176; 94; 33391
177; 94; 33110
178; 94; 32886
179; 94; 32884
180; 94; 32980
181; 94; 33039
182; 94; 33031
183; 94; 33029
184; 94; 33071
185; 94; 33112
186; 94; 33112
187; 94; 33099
188; 94; 33111
159; 95; 32847
160; 95; 32936
161; 95; 32845
162; 95; 32853
163; 95; 33023
164; 95; 33084
165; 95; 33102
166; 95; 33020
167; 95; 33108
168; 95; 33436
169; 95; 33747
170; 95; 33643
171; 95; 33695
172; 95; 33681
173; 95; 33718
174; 95; 33670
175; 95; 33574
176; 95; 33341
177; 95; 33018
178; 95; 32896
179; 95; 32951
180; 95; 33022
181; 95; 33060
182; 95; 33077
183; 95; 33083
184; 95; 33078
185; 95; 33087
186; 95; 33110
187; 95; 33128
188; 95; 33146
159; 96; 32878
160; 96; 32914
161; 96; 32885
162; 96; 33066
163; 96; 33454
164; 96; 33481
165; 96; 33246
166; 96; 33021
167; 96; 33146
168; 96; 33458
169; 96; 33623
170; 96; 33585
171; 96; 33610
172; 96; 33643
173; 96; 33654
174; 96; 33529
175; 96; 33356
176; 96; 33115
177; 96; 32972
178; 96; 33040
179; 96; 33083
180; 96; 33088
181; 96; 33102
182; 96; 33112
183; 96; 33111
184; 96; 33083
185; 96; 33082
186; 96; 33122
187; 96; 33145
188; 96; 33146
159; 97; 32923
160; 97; 32871
161; 97; 32996
162; 97; 33417
163; 97; 33771
164; 97; 33691
165; 97; 33373
166; 97; 33154
167; 97; 33094
168; 97; 33353
169; 97; 33429
170; 97; 33464
171; 97; 33391
172; 97; 33304
173; 97; 33295
174; 97; 33176
175; 97; 33081
176; 97; 33005
177; 97; 33048
178; 97; 33149
179; 97; 33106
180; 97; 33080
181; 97; 33105
182; 97; 33100
183; 97; 33101
184; 97; 33097
185; 97; 33115
186; 97; 33144
187; 97; 33142
188; 97; 33132
159; 98; 32981
160; 98; 32887
161; 98; 33147
162; 98; 33651
163; 98; 33812
164; 98; 33730
165; 98; 33521
166; 98; 33281
167; 98; 33049
168; 98; 33243
169; 98; 33319
170; 98; 33397
171; 98; 33280
172; 98; 33127
173; 98; 33073
174; 98; 32982
175; 98; 33013
176; 98; 33103
177; 98; 33167
178; 98; 33161
179; 98; 33073
180; 98; 33095
181; 98; 33149
182; 98; 33125
183; 98; 33109
184; 98; 33115
185; 98; 33140
186; 98; 33144
187; 98; 33131
188; 98; 33142
159; 99; 33037
160; 99; 32970
161; 99; 33326
162; 99; 33741
163; 99; 33751
164; 99; 33756
165; 99; 33531
166; 99; 33246
167; 99; 33157
168; 99; 33167
169; 99; 33336
170; 99; 33409
171; 99; 33166
172; 99; 32982
173; 99; 32958
174; 99; 32957
175; 99; 33081
176; 99; 33197
177; 99; 33188
178; 99; 33118
179; 99; 33060
180; 99; 33109
181; 99; 33137
182; 99; 33102
183; 99; 33107
184; 99; 33131
185; 99; 33145
186; 99; 33136
187; 99; 33135
188; 99; 33151
159; 100; 33020
160; 100; 33021
161; 100; 33473
162; 100; 33790
163; 100; 33741
164; 100; 33742
165; 100; 33532
166; 100; 33279
167; 100; 33199
168; 100; 33166
169; 100; 33402
170; 100; 33357
171; 100; 33017
172; 100; 32903
173; 100; 32958
174; 100; 32999
175; 100; 33144
176; 100; 33191
177; 100; 33114
178; 100; 33085
179; 100; 33091
180; 100; 33115
181; 100; 33105
182; 100; 33079
183; 100; 33100
184; 100; 33119
185; 100; 33118
186; 100; 33127
187; 100; 33149
188; 100; 33147
159; 101; 32984
160; 101; 33037
161; 101; 33541
162; 101; 33823
163; 101; 33775
164; 101; 33755
165; 101; 33548
166; 101; 33325
167; 101; 33211
168; 101; 33247
169; 101; 33405
170; 101; 33245
171; 101; 32986
172; 101; 32959
173; 101; 32981
174; 101; 32999
175; 101; 33136
176; 101; 33141
177; 101; 33059
178; 101; 33077
179; 101; 33102
180; 101; 33100
181; 101; 33105
182; 101; 33124
183; 101; 33128
184; 101; 33110
185; 101; 33109
186; 101; 33127
187; 101; 33144
188; 101; 33135
159; 102; 32973
160; 102; 33062
161; 102; 33554
162; 102; 33794
163; 102; 33802
164; 102; 33745
165; 102; 33520
166; 102; 33382
167; 102; 33237
168; 102; 33324
169; 102; 33295
170; 102; 33133
171; 102; 33014
172; 102; 33017
173; 102; 32983
174; 102; 32966
175; 102; 33078
176; 102; 33102
177; 102; 33078
178; 102; 33090
179; 102; 33083
180; 102; 33081
181; 102; 33102
182; 102; 33138
183; 102; 33140
184; 102; 33126
185; 102; 33132
186; 102; 33134
187; 102; 33139
188; 102; 33134
159; 103; 32947
160; 103; 33078
161; 103; 33558
162; 103; 33721
163; 103; 33780
164; 103; 33709
165; 103; 33491
166; 103; 33406
167; 103; 33242
168; 103; 33259
169; 103; 33129
170; 103; 33087
171; 103; 33065
172; 103; 33069
173; 103; 33008
174; 103; 32968
175; 103; 33041
176; 103; 33098
177; 103; 33124
178; 103; 33099
179; 103; 33064
180; 103; 33079
181; 103; 33090
182; 103; 33110
183; 103; 33124
184; 103; 33127
185; 103; 33127
186; 103; 33122
187; 103; 33139
188; 103; 33155
159; 104; 32951
160; 104; 33093
161; 104; 33590
162; 104; 33707
163; 104; 33774
164; 104; 33708
165; 104; 33549
166; 104; 33429
167; 104; 33248
168; 104; 33125
169; 104; 33058
170; 104; 33108
171; 104; 33079
172; 104; 33067
173; 104; 33019
174; 104; 32996
175; 104; 33057
176; 104; 33108
177; 104; 33107
178; 104; 33036
179; 104; 33012
180; 104; 33053
181; 104; 33062
182; 104; 33079
183; 104; 33103
184; 104; 33104
185; 104; 33103
186; 104; 33109
187; 104; 33134
188; 104; 33157
159; 105; 32962
160; 105; 33081
161; 105; 33630
162; 105; 33763
163; 105; 33830
164; 105; 33768
165; 105; 33625
166; 105; 33432
167; 105; 33212
168; 105; 33081
169; 105; 33090
170; 105; 33108
171; 105; 33064
172; 105; 33068
173; 105; 33034
174; 105; 33035
175; 105; 33102
176; 105; 33117
177; 105; 33041
178; 105; 32923
179; 105; 32937
180; 105; 33029
181; 105; 33047
182; 105; 33059
183; 105; 33071
184; 105; 33065
185; 105; 33087
186; 105; 33113
187; 105; 33118
188; 105; 33114
159; 106; 32919
160; 106; 33033
161; 106; 33635
162; 106; 33856
163; 106; 33922
164; 106; 33852
165; 106; 33657
166; 106; 33413
167; 106; 33159
168; 106; 33090
169; 106; 33113
170; 106; 33095
171; 106; 33072
172; 106; 33095
173; 106; 33071
174; 106; 33074
175; 106; 33110
176; 106; 33070
177; 106; 32958
178; 106; 32856
179; 106; 32905
180; 106; 33027
181; 106; 33049
182; 106; 33049
183; 106; 33046
184; 106; 33038
185; 106; 33082
186; 106; 33116
187; 106; 33104
188; 106; 33084
159; 107; 32881
160; 107; 33041
161; 107; 33631
162; 107; 33959
163; 107; 34037
164; 107; 33912
165; 107; 33671
166; 107; 33364
167; 107; 33114
168; 107; 33099
169; 107; 33112
170; 107; 33095
171; 107; 33057
172; 107; 33087
173; 107; 33105
174; 107; 33087
175; 107; 33037
176; 107; 32955
177; 107; 32889
178; 107; 32865
179; 107; 32929
180; 107; 33023
181; 107; 33047
182; 107; 33060
183; 107; 33061
184; 107; 33063
185; 107; 33108
186; 107; 33125
187; 107; 33118
188; 107; 33137
