229; 355; 34752
230; 355; 34931
231; 355; 34913
232; 355; 34892
233; 355; 34858
234; 355; 34794
235; 355; 34501
236; 355; 34034
229; 356; 34806
230; 356; 34816
231; 356; 34703
232; 356; 34683
233; 356; 34755
234; 356; 34869
235; 356; 34918
236; 356; 34621
228; 357; 34785
229; 357; 34700
230; 357; 34646
231; 357; 34698
232; 357; 34760
233; 357; 34749
234; 357; 34853
235; 357; 35103
236; 357; 35125
228; 358; 34888
229; 358; 34689
230; 358; 34690
231; 358; 34902
232; 358; 34962
233; 358; 34779
234; 358; 34746
235; 358; 35108
236; 358; 35364
228; 359; 34918
229; 359; 34750
230; 359; 34772
231; 359; 34917
232; 359; 34901
233; 359; 34649
234; 359; 34647
235; 359; 35035
236; 359; 35275
228; 360; 34947
229; 360; 34880
230; 360; 34819
231; 360; 34811
232; 360; 34623
233; 360; 34576
234; 360; 34683
235; 360; 35073
236; 360; 34984
228; 361; 34855
229; 361; 35070
230; 361; 35084
231; 361; 34978
232; 361; 34752
233; 361; 34739
234; 361; 35065
235; 361; 35303
236; 361; 34713
228; 362; 34464
229; 362; 34893
230; 362; 35233
231; 362; 35337
232; 362; 35292
233; 362; 35310
234; 362; 35476
235; 362; 35293
236; 362; 34407
233; 363; 35554
234; 363; 35479
235; 363; 34968
236; 363; 34040
233; 364; 35086
234; 364; 35026
235; 364; 34586
