265; 311; 32819
266; 311; 32833
267; 311; 32851
268; 311; 32860
265; 312; 32838
266; 312; 32844
267; 312; 32848
268; 312; 32851
269; 312; 32854
270; 312; 32852
265; 313; 32838
266; 313; 32847
267; 313; 32851
268; 313; 32848
269; 313; 32843
270; 313; 32843
271; 313; 32840
265; 314; 32814
266; 314; 32837
267; 314; 32854
268; 314; 32853
269; 314; 32844
270; 314; 32839
271; 314; 32832
272; 314; 32833
265; 315; 32811
266; 315; 32828
267; 315; 32842
268; 315; 32854
269; 315; 32851
270; 315; 32839
271; 315; 32833
272; 315; 32836
273; 315; 32836
274; 315; 32827
265; 316; 32824
266; 316; 32830
267; 316; 32835
268; 316; 32850
269; 316; 32854
270; 316; 32846
271; 316; 32845
272; 316; 32846
273; 316; 32842
274; 316; 32842
275; 316; 32842
276; 316; 32835
265; 317; 32837
266; 317; 32851
267; 317; 32851
268; 317; 32847
269; 317; 32850
270; 317; 32849
271; 317; 32855
272; 317; 32863
273; 317; 32867
274; 317; 32865
275; 317; 32853
276; 317; 32846
266; 318; 32864
267; 318; 32867
268; 318; 32862
269; 318; 32861
270; 318; 32859
271; 318; 32863
272; 318; 32873
273; 318; 32882
274; 318; 32876
275; 318; 32863
276; 318; 32866
267; 319; 32870
268; 319; 32875
269; 319; 32878
270; 319; 32879
271; 319; 32878
272; 319; 32869
273; 319; 32870
274; 319; 32872
275; 319; 32872
276; 319; 32876
277; 319; 32875
267; 320; 32867
268; 320; 32873
269; 320; 32885
270; 320; 32889
271; 320; 32884
272; 320; 32871
273; 320; 32864
274; 320; 32869
275; 320; 32872
276; 320; 32868
277; 320; 32869
278; 320; 32871
270; 321; 32879
271; 321; 32882
272; 321; 32880
273; 321; 32877
274; 321; 32875
275; 321; 32871
276; 321; 32866
277; 321; 32863
278; 321; 32858
272; 322; 32869
273; 322; 32873
274; 322; 32875
275; 322; 32868
276; 322; 32865
277; 322; 32862
