163; 160; 32983
164; 160; 33064
165; 160; 33198
166; 160; 33404
167; 160; 33681
168; 160; 33863
169; 160; 33870
170; 160; 33865
171; 160; 33948
172; 160; 34048
173; 160; 34075
174; 160; 34109
175; 160; 34179
176; 160; 34162
177; 160; 34002
178; 160; 33793
179; 160; 33649
180; 160; 33508
181; 160; 33278
182; 160; 33073
183; 160; 32984
184; 160; 32952
185; 160; 32953
186; 160; 33059
187; 160; 33139
188; 160; 33098
189; 160; 32996
190; 160; 32890
191; 160; 32887
192; 160; 32964
193; 160; 33030
194; 160; 33063
195; 160; 33029
196; 160; 32948
197; 160; 32935
198; 160; 33001
199; 160; 33180
200; 160; 33375
201; 160; 33396
202; 160; 33250
203; 160; 33127
204; 160; 33197
205; 160; 33325
206; 160; 33346
207; 160; 33324
208; 160; 33309
209; 160; 33309
210; 160; 33330
163; 161; 33148
164; 161; 33249
165; 161; 33255
166; 161; 33238
167; 161; 33306
168; 161; 33401
169; 161; 33464
170; 161; 33605
171; 161; 33885
172; 161; 34135
173; 161; 34215
174; 161; 34242
175; 161; 34261
176; 161; 34176
177; 161; 34011
178; 161; 33877
179; 161; 33771
180; 161; 33575
181; 161; 33332
182; 161; 33215
183; 161; 33261
184; 161; 33283
185; 161; 33204
186; 161; 33158
187; 161; 33178
188; 161; 33201
189; 161; 33125
190; 161; 32968
191; 161; 32886
192; 161; 32931
193; 161; 33011
194; 161; 33019
195; 161; 32942
196; 161; 32903
197; 161; 32924
198; 161; 32994
199; 161; 33133
200; 161; 33282
201; 161; 33321
202; 161; 33228
203; 161; 33149
204; 161; 33247
205; 161; 33384
206; 161; 33400
207; 161; 33338
208; 161; 33275
209; 161; 33245
210; 161; 33269
163; 162; 33139
164; 162; 33192
165; 162; 33135
166; 162; 33057
167; 162; 33070
168; 162; 33134
169; 162; 33201
170; 162; 33380
171; 162; 33733
172; 162; 34017
173; 162; 34107
174; 162; 34166
175; 162; 34202
176; 162; 34106
177; 162; 33969
178; 162; 33973
179; 162; 34036
180; 162; 33890
181; 162; 33588
182; 162; 33426
183; 162; 33508
184; 162; 33600
185; 162; 33566
186; 162; 33497
187; 162; 33433
188; 162; 33359
189; 162; 33278
190; 162; 33124
191; 162; 33045
192; 162; 33141
193; 162; 33187
194; 162; 33093
195; 162; 32958
196; 162; 32895
197; 162; 32881
198; 162; 32898
199; 162; 32995
200; 162; 33165
201; 162; 33274
202; 162; 33250
203; 162; 33214
204; 162; 33271
205; 162; 33337
206; 162; 33364
207; 162; 33375
208; 162; 33351
209; 162; 33297
210; 162; 33267
163; 163; 32986
164; 163; 32978
165; 163; 32950
166; 163; 32975
167; 163; 33072
168; 163; 33151
169; 163; 33197
170; 163; 33383
171; 163; 33764
172; 163; 34046
173; 163; 34127
174; 163; 34214
175; 163; 34303
176; 163; 34213
177; 163; 34039
178; 163; 34067
179; 163; 34251
180; 163; 34227
181; 163; 33934
182; 163; 33697
183; 163; 33689
184; 163; 33787
185; 163; 33845
186; 163; 33843
187; 163; 33738
188; 163; 33529
189; 163; 33358
190; 163; 33187
191; 163; 33185
192; 163; 33329
193; 163; 33357
194; 163; 33224
195; 163; 33087
196; 163; 32990
197; 163; 32917
198; 163; 32858
199; 163; 32875
200; 163; 33086
201; 163; 33261
202; 163; 33278
203; 163; 33230
204; 163; 33228
205; 163; 33253
206; 163; 33309
207; 163; 33420
208; 163; 33472
209; 163; 33403
210; 163; 33345
163; 164; 32966
164; 164; 32930
165; 164; 32924
166; 164; 33105
167; 164; 33268
168; 164; 33298
169; 164; 33326
170; 164; 33560
171; 164; 33960
172; 164; 34227
173; 164; 34281
174; 164; 34345
175; 164; 34462
176; 164; 34403
177; 164; 34191
178; 164; 34135
179; 164; 34276
180; 164; 34339
181; 164; 34199
182; 164; 34016
183; 164; 33931
184; 164; 33928
185; 164; 33944
186; 164; 33898
187; 164; 33728
188; 164; 33495
189; 164; 33296
190; 164; 33153
191; 164; 33153
192; 164; 33247
193; 164; 33265
194; 164; 33204
195; 164; 33173
196; 164; 33152
197; 164; 33110
198; 164; 32992
199; 164; 32946
200; 164; 33099
201; 164; 33260
202; 164; 33276
203; 164; 33206
204; 164; 33201
205; 164; 33236
206; 164; 33308
207; 164; 33425
208; 164; 33476
209; 164; 33445
210; 164; 33455
163; 165; 33159
164; 165; 33000
165; 165; 33081
166; 165; 33345
167; 165; 33550
168; 165; 33587
169; 165; 33600
170; 165; 33797
171; 165; 34133
172; 165; 34352
173; 165; 34375
174; 165; 34380
175; 165; 34455
176; 165; 34445
177; 165; 34309
178; 165; 34218
179; 165; 34224
180; 165; 34233
181; 165; 34194
182; 165; 34125
183; 165; 34039
184; 165; 33963
185; 165; 33913
186; 165; 33757
187; 165; 33486
188; 165; 33283
189; 165; 33195
190; 165; 33129
191; 165; 33048
192; 165; 33009
193; 165; 32992
194; 165; 33011
195; 165; 33088
196; 165; 33181
197; 165; 33271
198; 165; 33223
199; 165; 33117
200; 165; 33127
201; 165; 33207
202; 165; 33224
203; 165; 33181
204; 165; 33189
205; 165; 33202
206; 165; 33255
207; 165; 33335
208; 165; 33337
209; 165; 33346
210; 165; 33439
163; 166; 33561
164; 166; 33318
165; 166; 33338
166; 166; 33589
167; 166; 33880
168; 166; 33997
169; 166; 33960
170; 166; 33976
171; 166; 34152
172; 166; 34357
173; 166; 34437
174; 166; 34410
175; 166; 34379
176; 166; 34393
177; 166; 34407
178; 166; 34393
179; 166; 34308
180; 166; 34146
181; 166; 34003
182; 166; 33910
183; 166; 33814
184; 166; 33731
185; 166; 33677
186; 166; 33505
187; 166; 33264
188; 166; 33137
189; 166; 33164
190; 166; 33160
191; 166; 33020
192; 166; 32962
193; 166; 32931
194; 166; 32918
195; 166; 32931
196; 166; 33027
197; 166; 33197
198; 166; 33224
199; 166; 33119
200; 166; 33072
201; 166; 33086
202; 166; 33124
203; 166; 33121
204; 166; 33074
205; 166; 33007
206; 166; 33056
207; 166; 33175
208; 166; 33224
209; 166; 33230
210; 166; 33271
163; 167; 33967
164; 167; 33767
165; 167; 33680
166; 167; 33900
167; 167; 34243
168; 167; 34399
169; 167; 34285
170; 167; 34092
171; 167; 34080
172; 167; 34289
173; 167; 34491
174; 167; 34518
175; 167; 34456
176; 167; 34457
177; 167; 34504
178; 167; 34542
179; 167; 34463
180; 167; 34180
181; 167; 33855
182; 167; 33626
183; 167; 33475
184; 167; 33349
185; 167; 33301
186; 167; 33232
187; 167; 33106
188; 167; 33064
189; 167; 33166
190; 167; 33203
191; 167; 33063
192; 167; 32978
193; 167; 32941
194; 167; 32917
195; 167; 32898
196; 167; 32913
197; 167; 32997
198; 167; 33032
199; 167; 33015
200; 167; 32995
201; 167; 33000
202; 167; 33033
203; 167; 33011
204; 167; 32928
205; 167; 32898
206; 167; 32885
207; 167; 33078
208; 167; 33212
209; 167; 33196
210; 167; 33119
163; 168; 34170
164; 168; 34111
165; 168; 34063
166; 168; 34238
167; 168; 34495
168; 168; 34603
169; 168; 34471
170; 168; 34223
171; 168; 34131
172; 168; 34291
173; 168; 34498
174; 168; 34580
175; 168; 34593
176; 168; 34593
177; 168; 34558
178; 168; 34553
179; 168; 34510
180; 168; 34301
181; 168; 33816
182; 168; 33563
183; 168; 33393
184; 168; 33214
185; 168; 33137
186; 168; 33147
187; 168; 33133
188; 168; 33104
189; 168; 33159
190; 168; 33202
191; 168; 33109
192; 168; 33022
193; 168; 32972
194; 168; 32964
195; 168; 32978
196; 168; 32945
197; 168; 32889
198; 168; 32896
199; 168; 32959
200; 168; 32992
201; 168; 32984
202; 168; 32971
203; 168; 32934
204; 168; 32915
205; 168; 32949
206; 168; 32977
207; 168; 33121
208; 168; 33213
209; 168; 33131
210; 168; 32982
163; 169; 34228
164; 169; 34288
165; 169; 34293
166; 169; 34353
167; 169; 34433
168; 169; 34503
169; 169; 34522
170; 169; 34468
171; 169; 34419
172; 169; 34433
173; 169; 34473
174; 169; 34532
175; 169; 34623
176; 169; 34644
177; 169; 34559
178; 169; 34524
179; 169; 34492
180; 169; 34349
181; 169; 33870
182; 169; 33620
183; 169; 33468
184; 169; 33284
185; 169; 33179
186; 169; 33191
187; 169; 33210
188; 169; 33152
189; 169; 33141
190; 169; 33169
191; 169; 33100
192; 169; 33018
193; 169; 32968
194; 169; 32987
195; 169; 33114
196; 169; 33107
197; 169; 32956
198; 169; 32887
199; 169; 32975
200; 169; 33067
201; 169; 33028
202; 169; 32972
203; 169; 32922
204; 169; 32949
205; 169; 33071
206; 169; 33138
207; 169; 33187
208; 169; 33153
209; 169; 32989
210; 169; 32909
163; 170; 34282
164; 170; 34364
165; 170; 34317
166; 170; 34212
167; 170; 34162
168; 170; 34280
169; 170; 34520
170; 170; 34702
171; 170; 34698
172; 170; 34562
173; 170; 34451
174; 170; 34461
175; 170; 34533
176; 170; 34532
177; 170; 34475
178; 170; 34524
179; 170; 34559
180; 170; 34394
181; 170; 33857
182; 170; 33555
183; 170; 33393
184; 170; 33230
185; 170; 33112
186; 170; 33105
187; 170; 33138
188; 170; 33109
189; 170; 33108
190; 170; 33125
191; 170; 33063
192; 170; 32956
193; 170; 32908
194; 170; 33002
195; 170; 33189
196; 170; 33201
197; 170; 33020
198; 170; 32911
199; 170; 32968
200; 170; 33092
201; 170; 33057
202; 170; 32969
203; 170; 32916
204; 170; 32926
205; 170; 33016
206; 170; 33091
207; 170; 33142
208; 170; 33109
209; 170; 32981
210; 170; 32984
163; 171; 34322
164; 171; 34376
165; 171; 34276
166; 171; 34090
167; 171; 34041
168; 171; 34246
169; 171; 34561
170; 171; 34761
171; 171; 34734
172; 171; 34551
173; 171; 34400
174; 171; 34379
175; 171; 34372
176; 171; 34310
177; 171; 34335
178; 171; 34564
179; 171; 34666
180; 171; 34397
181; 171; 33754
182; 171; 33353
183; 171; 33208
184; 171; 33104
185; 171; 33006
186; 171; 32960
187; 171; 32971
188; 171; 32979
189; 171; 33023
190; 171; 33073
191; 171; 33054
192; 171; 32977
193; 171; 32964
194; 171; 33095
195; 171; 33262
196; 171; 33266
197; 171; 33090
198; 171; 32998
199; 171; 32986
200; 171; 33055
201; 171; 33037
202; 171; 33007
203; 171; 32978
204; 171; 32929
205; 171; 32928
206; 171; 32996
207; 171; 33089
208; 171; 33142
209; 171; 33107
210; 171; 33125
163; 172; 34228
164; 172; 34334
165; 172; 34309
166; 172; 34197
167; 172; 34236
168; 172; 34437
169; 172; 34615
170; 172; 34685
171; 172; 34659
172; 172; 34527
173; 172; 34381
174; 172; 34322
175; 172; 34239
176; 172; 34146
177; 172; 34271
178; 172; 34611
179; 172; 34688
180; 172; 34308
181; 172; 33719
182; 172; 33384
183; 172; 33227
184; 172; 33136
185; 172; 33046
186; 172; 32942
187; 172; 32911
188; 172; 32893
189; 172; 32950
190; 172; 33022
191; 172; 33045
192; 172; 33053
193; 172; 33104
194; 172; 33201
195; 172; 33302
196; 172; 33314
197; 172; 33216
198; 172; 33163
199; 172; 33114
200; 172; 33048
201; 172; 32989
202; 172; 33035
203; 172; 33110
204; 172; 33108
205; 172; 33045
206; 172; 33078
207; 172; 33184
208; 172; 33250
209; 172; 33217
210; 172; 33207
163; 173; 33880
164; 173; 34203
165; 173; 34406
166; 173; 34503
167; 173; 34606
168; 173; 34648
169; 173; 34592
170; 173; 34585
171; 173; 34648
172; 173; 34596
173; 173; 34438
174; 173; 34329
175; 173; 34251
176; 173; 34230
177; 173; 34366
178; 173; 34509
179; 173; 34446
180; 173; 34093
181; 173; 33736
182; 173; 33518
183; 173; 33369
184; 173; 33303
185; 173; 33260
186; 173; 33130
187; 173; 32980
188; 173; 32935
189; 173; 33005
190; 173; 33037
191; 173; 33024
192; 173; 32999
193; 173; 33071
194; 173; 33166
195; 173; 33221
196; 173; 33236
197; 173; 33246
198; 173; 33314
199; 173; 33319
200; 173; 33164
201; 173; 33000
202; 173; 33030
203; 173; 33196
204; 173; 33287
205; 173; 33215
206; 173; 33186
207; 173; 33267
208; 173; 33325
209; 173; 33261
210; 173; 33167
163; 174; 33467
164; 174; 33935
165; 174; 34515
166; 174; 34822
167; 174; 34884
168; 174; 34718
169; 174; 34504
170; 174; 34522
171; 174; 34676
172; 174; 34649
173; 174; 34460
174; 174; 34350
175; 174; 34371
176; 174; 34461
177; 174; 34497
178; 174; 34321
179; 174; 33939
180; 174; 33728
181; 174; 33676
182; 174; 33568
183; 174; 33368
184; 174; 33270
185; 174; 33287
186; 174; 33231
187; 174; 33109
188; 174; 33099
189; 174; 33198
190; 174; 33232
191; 174; 33123
192; 174; 32977
193; 174; 32990
194; 174; 33071
195; 174; 33099
196; 174; 33053
197; 174; 33077
198; 174; 33254
199; 174; 33385
200; 174; 33282
201; 174; 33080
202; 174; 33070
203; 174; 33223
204; 174; 33288
205; 174; 33201
206; 174; 33193
207; 174; 33254
208; 174; 33278
209; 174; 33236
210; 174; 33117
163; 175; 33214
164; 175; 33719
165; 175; 34496
166; 175; 34928
167; 175; 34927
168; 175; 34666
169; 175; 34469
170; 175; 34539
171; 175; 34647
172; 175; 34547
173; 175; 34361
174; 175; 34330
175; 175; 34461
176; 175; 34595
177; 175; 34538
178; 175; 34146
179; 175; 33619
180; 175; 33526
181; 175; 33560
182; 175; 33476
183; 175; 33236
184; 175; 33123
185; 175; 33190
186; 175; 33199
187; 175; 33109
188; 175; 33149
189; 175; 33361
190; 175; 33542
191; 175; 33511
192; 175; 33322
193; 175; 33209
194; 175; 33215
195; 175; 33174
196; 175; 33003
197; 175; 32930
198; 175; 33010
199; 175; 33171
200; 175; 33166
201; 175; 33078
202; 175; 33131
203; 175; 33250
204; 175; 33237
205; 175; 33131
206; 175; 33148
207; 175; 33204
208; 175; 33182
209; 175; 33153
210; 175; 33088
163; 176; 33299
164; 176; 33660
165; 176; 34359
166; 176; 34747
167; 176; 34745
168; 176; 34576
169; 176; 34517
170; 176; 34589
171; 176; 34581
172; 176; 34418
173; 176; 34287
174; 176; 34344
175; 176; 34501
176; 176; 34597
177; 176; 34507
178; 176; 34084
179; 176; 33618
180; 176; 33481
181; 176; 33484
182; 176; 33451
183; 176; 33298
184; 176; 33247
185; 176; 33350
186; 176; 33350
187; 176; 33198
188; 176; 33192
189; 176; 33454
190; 176; 33767
191; 176; 33881
192; 176; 33754
193; 176; 33565
194; 176; 33467
195; 176; 33353
196; 176; 33098
197; 176; 32923
198; 176; 32901
199; 176; 32913
200; 176; 32933
201; 176; 32934
202; 176; 33090
203; 176; 33277
204; 176; 33266
205; 176; 33170
206; 176; 33166
207; 176; 33176
208; 176; 33106
209; 176; 33051
210; 176; 33070
163; 177; 33416
164; 177; 33662
165; 177; 34154
166; 177; 34441
167; 177; 34525
168; 177; 34528
169; 177; 34567
170; 177; 34594
171; 177; 34552
172; 177; 34442
173; 177; 34393
174; 177; 34483
175; 177; 34564
176; 177; 34571
177; 177; 34517
178; 177; 34343
179; 177; 33810
180; 177; 33442
181; 177; 33359
182; 177; 33440
183; 177; 33512
184; 177; 33648
185; 177; 33762
186; 177; 33706
187; 177; 33530
188; 177; 33465
189; 177; 33604
190; 177; 33804
191; 177; 33905
192; 177; 33835
193; 177; 33619
194; 177; 33423
195; 177; 33327
196; 177; 33219
197; 177; 33079
198; 177; 32971
199; 177; 32922
200; 177; 32956
201; 177; 32941
202; 177; 33003
203; 177; 33250
204; 177; 33290
205; 177; 33229
206; 177; 33237
207; 177; 33219
208; 177; 33101
209; 177; 33031
210; 177; 33110
163; 178; 33474
164; 178; 33679
165; 178; 33927
166; 178; 34282
167; 178; 34474
168; 178; 34568
169; 178; 34547
170; 178; 34503
171; 178; 34535
172; 178; 34573
173; 178; 34602
174; 178; 34658
175; 178; 34631
176; 178; 34551
177; 178; 34574
178; 178; 34520
179; 178; 34090
180; 178; 33359
181; 178; 33188
182; 178; 33362
183; 178; 33768
184; 178; 33976
185; 178; 34016
186; 178; 33930
187; 178; 33841
188; 178; 33810
189; 178; 33802
190; 178; 33774
191; 178; 33720
192; 178; 33598
193; 178; 33335
194; 178; 33095
195; 178; 33109
196; 178; 33249
197; 178; 33284
198; 178; 33218
199; 178; 33121
200; 178; 33014
201; 178; 32962
202; 178; 33119
203; 178; 33319
204; 178; 33329
205; 178; 33262
206; 178; 33243
207; 178; 33211
208; 178; 33118
209; 178; 33093
210; 178; 33160
163; 179; 33440
164; 179; 33572
165; 179; 33746
166; 179; 34180
167; 179; 34549
168; 179; 34646
169; 179; 34498
170; 179; 34398
171; 179; 34499
172; 179; 34597
173; 179; 34645
174; 179; 34691
175; 179; 34614
176; 179; 34492
177; 179; 34588
178; 179; 34673
179; 179; 34226
180; 179; 33358
181; 179; 33189
182; 179; 33586
183; 179; 34023
184; 179; 34055
185; 179; 33948
186; 179; 33895
187; 179; 33947
188; 179; 34028
189; 179; 33999
190; 179; 33835
191; 179; 33679
192; 179; 33510
193; 179; 33174
194; 179; 32912
195; 179; 32973
196; 179; 33245
197; 179; 33403
198; 179; 33386
199; 179; 33289
200; 179; 33201
201; 179; 33215
202; 179; 33373
203; 179; 33504
204; 179; 33457
205; 179; 33337
206; 179; 33235
207; 179; 33124
208; 179; 33048
209; 179; 33072
210; 179; 33098
163; 180; 33362
164; 180; 33417
165; 180; 33609
166; 180; 34077
167; 180; 34559
168; 180; 34653
169; 180; 34515
170; 180; 34440
171; 180; 34507
172; 180; 34488
173; 180; 34479
174; 180; 34591
175; 180; 34577
176; 180; 34469
177; 180; 34593
178; 180; 34724
179; 180; 34239
180; 180; 33393
181; 180; 33288
182; 180; 33890
183; 180; 34156
184; 180; 34025
185; 180; 33839
186; 180; 33838
187; 180; 33929
188; 180; 34064
189; 180; 34152
190; 180; 34067
191; 180; 33888
192; 180; 33730
193; 180; 33358
194; 180; 33017
195; 180; 32999
196; 180; 33203
197; 180; 33355
198; 180; 33344
199; 180; 33254
200; 180; 33239
201; 180; 33341
202; 180; 33529
203; 180; 33661
204; 180; 33642
205; 180; 33510
206; 180; 33300
207; 180; 33088
208; 180; 32973
209; 180; 32977
210; 180; 32970
163; 181; 33373
164; 181; 33365
165; 181; 33519
166; 181; 33794
167; 181; 34270
168; 181; 34518
169; 181; 34562
170; 181; 34605
171; 181; 34599
172; 181; 34419
173; 181; 34341
174; 181; 34512
175; 181; 34590
176; 181; 34530
177; 181; 34647
178; 181; 34729
179; 181; 34222
180; 181; 33449
181; 181; 33455
182; 181; 34060
183; 181; 34208
184; 181; 34007
185; 181; 33820
186; 181; 33808
187; 181; 33819
188; 181; 33933
189; 181; 34145
190; 181; 34219
191; 181; 34120
192; 181; 33978
193; 181; 33643
194; 181; 33238
195; 181; 33065
196; 181; 33113
197; 181; 33204
198; 181; 33209
199; 181; 33212
200; 181; 33298
201; 181; 33415
202; 181; 33561
203; 181; 33697
204; 181; 33790
205; 181; 33725
206; 181; 33445
207; 181; 33118
208; 181; 32951
209; 181; 32924
210; 181; 32938
163; 182; 33528
164; 182; 33490
165; 182; 33473
166; 182; 33538
167; 182; 33765
168; 182; 34231
169; 182; 34510
170; 182; 34718
171; 182; 34723
172; 182; 34530
173; 182; 34381
174; 182; 34459
175; 182; 34506
176; 182; 34499
177; 182; 34644
178; 182; 34703
179; 182; 34196
180; 182; 33451
181; 182; 33482
182; 182; 34088
183; 182; 34205
184; 182; 34050
185; 182; 33862
186; 182; 33716
187; 182; 33598
188; 182; 33708
189; 182; 33976
190; 182; 34089
191; 182; 34052
192; 182; 33980
193; 182; 33730
194; 182; 33351
195; 182; 33119
196; 182; 33082
197; 182; 33139
198; 182; 33202
199; 182; 33390
200; 182; 33620
201; 182; 33699
202; 182; 33689
203; 182; 33757
204; 182; 33916
205; 182; 33905
206; 182; 33617
207; 182; 33246
208; 182; 32980
209; 182; 32908
210; 182; 32943
163; 183; 33675
164; 183; 33716
165; 183; 33619
166; 183; 33498
167; 183; 33553
168; 183; 33778
169; 183; 34076
170; 183; 34468
171; 183; 34702
172; 183; 34708
173; 183; 34565
174; 183; 34421
175; 183; 34293
176; 183; 34313
177; 183; 34527
178; 183; 34630
179; 183; 34016
180; 183; 33364
181; 183; 33466
182; 183; 34044
183; 183; 34215
184; 183; 34175
185; 183; 33971
186; 183; 33653
187; 183; 33430
188; 183; 33567
189; 183; 33860
190; 183; 33937
191; 183; 33878
192; 183; 33814
193; 183; 33599
194; 183; 33304
195; 183; 33157
196; 183; 33194
197; 183; 33266
198; 183; 33347
199; 183; 33619
200; 183; 33958
201; 183; 34042
202; 183; 33929
203; 183; 33931
204; 183; 34086
205; 183; 34073
206; 183; 33748
207; 183; 33341
208; 183; 33037
209; 183; 32920
210; 183; 32908
163; 184; 33749
164; 184; 33861
165; 184; 33863
166; 184; 33748
167; 184; 33624
168; 184; 33576
169; 184; 33542
170; 184; 33735
171; 184; 34267
172; 184; 34687
173; 184; 34664
174; 184; 34430
175; 184; 34164
176; 184; 34210
177; 184; 34444
178; 184; 34400
179; 184; 33590
180; 184; 33117
181; 184; 33415
182; 184; 33985
183; 184; 34230
184; 184; 34279
185; 184; 34126
186; 184; 33770
187; 184; 33521
188; 184; 33669
189; 184; 33974
190; 184; 34016
191; 184; 33884
192; 184; 33703
193; 184; 33415
194; 184; 33182
195; 184; 33165
196; 184; 33373
197; 184; 33510
198; 184; 33532
199; 184; 33710
200; 184; 34008
201; 184; 34116
202; 184; 34059
203; 184; 34096
204; 184; 34207
205; 184; 34114
206; 184; 33719
207; 184; 33289
208; 184; 33026
209; 184; 32941
210; 184; 33006
163; 185; 33814
164; 185; 33856
165; 185; 33915
166; 185; 33914
167; 185; 33786
168; 185; 33594
169; 185; 33425
170; 185; 33340
171; 185; 33528
172; 185; 34104
173; 185; 34477
174; 185; 34376
175; 185; 34181
176; 185; 34233
177; 185; 34348
178; 185; 33973
179; 185; 33118
180; 185; 32910
181; 185; 33398
182; 185; 33946
183; 185; 34092
184; 185; 34132
185; 185; 34113
186; 185; 33951
187; 185; 33806
188; 185; 33930
189; 185; 34173
190; 185; 34193
191; 185; 33986
192; 185; 33683
193; 185; 33311
194; 185; 33113
195; 185; 33189
196; 185; 33503
197; 185; 33708
198; 185; 33675
199; 185; 33691
200; 185; 33842
201; 185; 33970
202; 185; 34049
203; 185; 34148
204; 185; 34174
205; 185; 33954
206; 185; 33535
207; 185; 33175
208; 185; 33022
209; 185; 33019
210; 185; 33123
163; 186; 33823
164; 186; 33718
165; 186; 33714
166; 186; 33780
167; 186; 33848
168; 186; 33843
169; 186; 33643
170; 186; 33309
171; 186; 33190
172; 186; 33348
173; 186; 33865
174; 186; 34091
175; 186; 34094
176; 186; 34113
177; 186; 33986
178; 186; 33418
179; 186; 32901
180; 186; 32859
181; 186; 33473
182; 186; 33915
183; 186; 33909
184; 186; 33850
185; 186; 33935
186; 186; 34020
187; 186; 34065
188; 186; 34154
189; 186; 34246
190; 186; 34184
191; 186; 33958
192; 186; 33661
193; 186; 33334
194; 186; 33150
195; 186; 33270
196; 186; 33571
197; 186; 33739
198; 186; 33700
199; 186; 33663
200; 186; 33740
201; 186; 33893
202; 186; 34012
203; 186; 34144
204; 186; 34132
205; 186; 33824
206; 186; 33407
207; 186; 33112
208; 186; 33015
209; 186; 33086
210; 186; 33197
163; 187; 33775
164; 187; 33657
165; 187; 33592
166; 187; 33588
167; 187; 33709
168; 187; 33960
169; 187; 34033
170; 187; 33637
171; 187; 33167
172; 187; 33136
173; 187; 33352
174; 187; 33520
175; 187; 33545
176; 187; 33553
177; 187; 33411
178; 187; 33169
179; 187; 33024
180; 187; 33098
181; 187; 33567
182; 187; 33914
183; 187; 33890
184; 187; 33794
185; 187; 33841
186; 187; 33947
187; 187; 34048
188; 187; 34107
189; 187; 34075
190; 187; 33935
191; 187; 33736
192; 187; 33552
193; 187; 33429
194; 187; 33412
195; 187; 33524
196; 187; 33648
197; 187; 33637
198; 187; 33612
199; 187; 33649
200; 187; 33780
201; 187; 33923
202; 187; 33976
203; 187; 34129
204; 187; 34130
205; 187; 33845
206; 187; 33456
207; 187; 33152
208; 187; 33048
209; 187; 33130
210; 187; 33265
163; 188; 33788
164; 188; 33808
165; 188; 33710
166; 188; 33575
167; 188; 33590
168; 188; 33857
169; 188; 34083
170; 188; 33905
171; 188; 33545
172; 188; 33345
173; 188; 33316
174; 188; 33294
175; 188; 33198
176; 188; 33245
177; 188; 33225
178; 188; 33098
179; 188; 33092
180; 188; 33276
181; 188; 33490
182; 188; 33727
183; 188; 33873
184; 188; 33861
185; 188; 33830
186; 188; 33825
187; 188; 33844
188; 188; 33828
189; 188; 33724
190; 188; 33581
191; 188; 33469
192; 188; 33423
193; 188; 33482
194; 188; 33637
195; 188; 33815
196; 188; 33813
197; 188; 33596
198; 188; 33489
199; 188; 33544
200; 188; 33735
201; 188; 33878
202; 188; 33928
203; 188; 34055
204; 188; 34065
205; 188; 33871
206; 188; 33527
207; 188; 33225
208; 188; 33140
209; 188; 33260
210; 188; 33414
163; 189; 33782
164; 189; 33884
165; 189; 33858
166; 189; 33740
167; 189; 33678
168; 189; 33778
169; 189; 33894
170; 189; 33872
171; 189; 33807
172; 189; 33713
173; 189; 33490
174; 189; 33292
175; 189; 33145
176; 189; 33206
177; 189; 33269
178; 189; 33154
179; 189; 33083
180; 189; 33183
181; 189; 33300
182; 189; 33418
183; 189; 33630
184; 189; 33777
185; 189; 33797
186; 189; 33763
187; 189; 33713
188; 189; 33609
189; 189; 33460
190; 189; 33373
191; 189; 33378
192; 189; 33431
193; 189; 33557
194; 189; 33758
195; 189; 33958
196; 189; 33951
197; 189; 33698
198; 189; 33487
199; 189; 33449
200; 189; 33585
201; 189; 33718
202; 189; 33811
203; 189; 33885
204; 189; 33851
205; 189; 33700
206; 189; 33458
207; 189; 33278
208; 189; 33309
209; 189; 33477
210; 189; 33605
163; 190; 33713
164; 190; 33781
165; 190; 33864
166; 190; 33902
167; 190; 33873
168; 190; 33825
169; 190; 33764
170; 190; 33749
171; 190; 33844
172; 190; 33848
173; 190; 33587
174; 190; 33314
175; 190; 33161
176; 190; 33260
177; 190; 33367
178; 190; 33265
179; 190; 33154
180; 190; 33153
181; 190; 33227
182; 190; 33293
183; 190; 33374
184; 190; 33549
185; 190; 33727
186; 190; 33811
187; 190; 33747
188; 190; 33576
189; 190; 33459
190; 190; 33453
191; 190; 33505
192; 190; 33569
193; 190; 33674
194; 190; 33792
195; 190; 33862
196; 190; 33867
197; 190; 33775
198; 190; 33614
199; 190; 33485
200; 190; 33462
201; 190; 33525
202; 190; 33634
203; 190; 33634
204; 190; 33519
205; 190; 33399
206; 190; 33310
207; 190; 33304
208; 190; 33440
209; 190; 33601
210; 190; 33686
163; 191; 33705
164; 191; 33689
165; 191; 33757
166; 191; 33866
167; 191; 33881
168; 191; 33786
169; 191; 33673
170; 191; 33672
171; 191; 33796
172; 191; 33807
173; 191; 33561
174; 191; 33277
175; 191; 33153
176; 191; 33241
177; 191; 33310
178; 191; 33307
179; 191; 33372
180; 191; 33463
181; 191; 33461
182; 191; 33386
183; 191; 33319
184; 191; 33433
185; 191; 33688
186; 191; 33851
187; 191; 33762
188; 191; 33585
189; 191; 33555
190; 191; 33634
191; 191; 33640
192; 191; 33617
193; 191; 33666
194; 191; 33660
195; 191; 33555
196; 191; 33575
197; 191; 33693
198; 191; 33702
199; 191; 33540
200; 191; 33396
201; 191; 33401
202; 191; 33469
203; 191; 33394
204; 191; 33233
205; 191; 33178
206; 191; 33207
207; 191; 33300
208; 191; 33448
209; 191; 33582
210; 191; 33687
163; 192; 33759
164; 192; 33724
165; 192; 33692
166; 192; 33708
167; 192; 33707
168; 192; 33643
169; 192; 33616
170; 192; 33703
171; 192; 33837
172; 192; 33811
173; 192; 33549
174; 192; 33277
175; 192; 33190
176; 192; 33251
177; 192; 33287
178; 192; 33335
179; 192; 33516
180; 192; 33740
181; 192; 33767
182; 192; 33581
183; 192; 33419
184; 192; 33445
185; 192; 33625
186; 192; 33730
187; 192; 33599
188; 192; 33483
189; 192; 33589
190; 192; 33758
191; 192; 33685
192; 192; 33547
193; 192; 33531
194; 192; 33449
195; 192; 33295
196; 192; 33330
197; 192; 33478
198; 192; 33572
199; 192; 33447
200; 192; 33343
201; 192; 33390
202; 192; 33373
203; 192; 33211
204; 192; 33110
205; 192; 33128
206; 192; 33213
207; 192; 33290
208; 192; 33386
209; 192; 33530
210; 192; 33716
163; 193; 33888
164; 193; 33896
165; 193; 33772
166; 193; 33672
167; 193; 33648
168; 193; 33629
169; 193; 33652
170; 193; 33772
171; 193; 33898
172; 193; 33836
173; 193; 33544
174; 193; 33270
175; 193; 33216
176; 193; 33304
177; 193; 33360
178; 193; 33409
179; 193; 33543
180; 193; 33695
181; 193; 33696
182; 193; 33561
183; 193; 33424
184; 193; 33361
185; 193; 33436
186; 193; 33515
187; 193; 33457
188; 193; 33432
189; 193; 33614
190; 193; 33798
191; 193; 33683
192; 193; 33524
193; 193; 33518
194; 193; 33439
195; 193; 33249
196; 193; 33200
197; 193; 33252
198; 193; 33300
199; 193; 33221
200; 193; 33213
201; 193; 33325
202; 193; 33284
203; 193; 33137
204; 193; 33124
205; 193; 33261
206; 193; 33351
207; 193; 33320
208; 193; 33351
209; 193; 33534
210; 193; 33781
163; 194; 33988
164; 194; 34028
165; 194; 33862
166; 194; 33732
167; 194; 33724
168; 194; 33707
169; 194; 33662
170; 194; 33682
171; 194; 33749
172; 194; 33690
173; 194; 33423
174; 194; 33178
175; 194; 33150
176; 194; 33257
177; 194; 33394
178; 194; 33514
179; 194; 33564
180; 194; 33510
181; 194; 33415
182; 194; 33342
183; 194; 33276
184; 194; 33224
185; 194; 33299
186; 194; 33464
187; 194; 33545
188; 194; 33602
189; 194; 33742
190; 194; 33804
191; 194; 33656
192; 194; 33530
193; 194; 33550
194; 194; 33504
195; 194; 33304
196; 194; 33162
197; 194; 33146
198; 194; 33111
199; 194; 33036
200; 194; 33112
201; 194; 33215
202; 194; 33183
203; 194; 33162
204; 194; 33284
205; 194; 33464
206; 194; 33474
207; 194; 33382
208; 194; 33412
209; 194; 33586
210; 194; 33771
163; 195; 33907
164; 195; 33904
165; 195; 33791
166; 195; 33704
167; 195; 33668
168; 195; 33591
169; 195; 33473
170; 195; 33386
171; 195; 33373
172; 195; 33340
173; 195; 33221
174; 195; 33119
175; 195; 33118
176; 195; 33196
177; 195; 33396
178; 195; 33628
179; 195; 33685
180; 195; 33511
181; 195; 33309
182; 195; 33266
183; 195; 33320
184; 195; 33348
185; 195; 33400
186; 195; 33568
187; 195; 33727
188; 195; 33801
189; 195; 33791
190; 195; 33679
191; 195; 33514
192; 195; 33400
193; 195; 33432
194; 195; 33474
195; 195; 33392
196; 195; 33237
197; 195; 33148
198; 195; 33066
199; 195; 32952
200; 195; 33121
201; 195; 33176
202; 195; 33158
203; 195; 33259
204; 195; 33417
205; 195; 33489
206; 195; 33432
207; 195; 33427
208; 195; 33594
209; 195; 33789
210; 195; 33861
163; 196; 33684
164; 196; 33618
165; 196; 33576
166; 196; 33610
167; 196; 33633
168; 196; 33532
169; 196; 33345
170; 196; 33190
171; 196; 33111
172; 196; 33102
173; 196; 33221
174; 196; 33268
175; 196; 33240
176; 196; 33277
177; 196; 33475
178; 196; 33755
179; 196; 33843
180; 196; 33637
181; 196; 33392
182; 196; 33353
183; 196; 33466
184; 196; 33510
185; 196; 33479
186; 196; 33522
187; 196; 33601
188; 196; 33603
189; 196; 33501
190; 196; 33359
191; 196; 33324
192; 196; 33289
193; 196; 33285
194; 196; 33316
195; 196; 33274
196; 196; 33182
197; 196; 33148
198; 196; 33101
199; 196; 32940
200; 196; 32954
201; 196; 33070
202; 196; 33224
203; 196; 33381
204; 196; 33483
205; 196; 33457
206; 196; 33414
207; 196; 33518
208; 196; 33812
209; 196; 34052
210; 196; 34069
163; 197; 33634
164; 197; 33535
165; 197; 33411
166; 197; 33457
167; 197; 33548
168; 197; 33453
169; 197; 33256
170; 197; 33105
171; 197; 33027
172; 197; 33064
173; 197; 33269
174; 197; 33331
175; 197; 33310
176; 197; 33368
177; 197; 33514
178; 197; 33728
179; 197; 33789
180; 197; 33594
181; 197; 33383
182; 197; 33330
183; 197; 33398
184; 197; 33389
185; 197; 33271
186; 197; 33190
187; 197; 33170
188; 197; 33132
189; 197; 33095
190; 197; 33099
191; 197; 33162
192; 197; 33188
193; 197; 33163
194; 197; 33119
195; 197; 33081
196; 197; 33065
197; 197; 33131
198; 197; 33117
199; 197; 32957
200; 197; 32897
201; 197; 32995
202; 197; 33308
203; 197; 33499
204; 197; 33559
205; 197; 33514
206; 197; 33496
207; 197; 33646
208; 197; 33940
209; 197; 34150
210; 197; 34140
163; 198; 33578
164; 198; 33351
165; 198; 33133
166; 198; 33200
167; 198; 33361
168; 198; 33304
169; 198; 33140
170; 198; 33083
171; 198; 33071
172; 198; 33069
173; 198; 33149
174; 198; 33148
175; 198; 33219
176; 198; 33295
177; 198; 33307
178; 198; 33384
179; 198; 33446
180; 198; 33372
181; 198; 33205
182; 198; 33115
183; 198; 33107
184; 198; 33096
185; 198; 33027
186; 198; 32923
187; 198; 32944
188; 198; 33021
189; 198; 33000
190; 198; 32970
191; 198; 33094
192; 198; 33152
193; 198; 33112
194; 198; 33055
195; 198; 33029
196; 198; 33041
197; 198; 33095
198; 198; 33091
199; 198; 32975
200; 198; 32933
201; 198; 33052
202; 198; 33298
203; 198; 33486
204; 198; 33596
205; 198; 33625
206; 198; 33650
207; 198; 33771
208; 198; 33956
209; 198; 34074
210; 198; 34023
163; 199; 33305
164; 199; 33086
165; 199; 33030
166; 199; 33168
167; 199; 33283
168; 199; 33239
169; 199; 33109
170; 199; 33062
171; 199; 33077
172; 199; 33080
173; 199; 33083
174; 199; 33155
175; 199; 33256
176; 199; 33202
177; 199; 33031
178; 199; 33044
179; 199; 33123
180; 199; 33091
181; 199; 33068
182; 199; 33067
183; 199; 32998
184; 199; 32933
185; 199; 32937
186; 199; 32910
187; 199; 32950
188; 199; 33016
189; 199; 32981
190; 199; 33023
191; 199; 33103
192; 199; 33087
193; 199; 33031
194; 199; 33007
195; 199; 33011
196; 199; 33011
197; 199; 33033
198; 199; 33071
199; 199; 33002
200; 199; 32978
201; 199; 33063
202; 199; 33215
203; 199; 33383
204; 199; 33511
205; 199; 33626
206; 199; 33748
207; 199; 33858
208; 199; 33981
209; 199; 34065
210; 199; 34006
163; 200; 33124
164; 200; 33077
165; 200; 33078
166; 200; 33118
167; 200; 33111
168; 200; 33039
169; 200; 32916
170; 200; 32898
171; 200; 32947
172; 200; 33004
173; 200; 33129
174; 200; 33240
175; 200; 33229
176; 200; 33067
177; 200; 32946
178; 200; 33040
179; 200; 33066
180; 200; 33029
181; 200; 32962
182; 200; 32929
183; 200; 32898
184; 200; 32880
185; 200; 32965
186; 200; 33039
187; 200; 33094
188; 200; 33129
189; 200; 33084
190; 200; 33054
191; 200; 33020
192; 200; 32959
193; 200; 32936
194; 200; 32977
195; 200; 33006
196; 200; 32992
197; 200; 32985
198; 200; 32996
199; 200; 32950
200; 200; 32964
201; 200; 33062
202; 200; 33248
203; 200; 33421
204; 200; 33512
205; 200; 33650
206; 200; 33847
207; 200; 33986
208; 200; 34104
209; 200; 34186
210; 200; 34161
163; 201; 33017
164; 201; 33017
165; 201; 33044
166; 201; 33043
167; 201; 33017
168; 201; 32974
169; 201; 32913
170; 201; 32893
171; 201; 32891
172; 201; 32967
173; 201; 33147
174; 201; 33236
175; 201; 33181
176; 201; 33108
177; 201; 33042
178; 201; 32960
179; 201; 32935
180; 201; 32900
181; 201; 32942
182; 201; 32959
183; 201; 32971
184; 201; 33024
185; 201; 33120
186; 201; 33157
187; 201; 33139
188; 201; 33136
189; 201; 33094
190; 201; 33011
191; 201; 32939
192; 201; 32941
193; 201; 32948
194; 201; 33012
195; 201; 33041
196; 201; 33024
197; 201; 33017
198; 201; 32990
199; 201; 32943
200; 201; 32953
201; 201; 33115
202; 201; 33392
203; 201; 33602
204; 201; 33730
205; 201; 33888
206; 201; 34067
207; 201; 34151
208; 201; 34176
209; 201; 34199
210; 201; 34214
