100; 134; 33045
101; 134; 32990
102; 134; 32883
103; 134; 32926
104; 134; 32950
105; 134; 32805
106; 134; 32845
107; 134; 33041
108; 134; 33172
109; 134; 33275
110; 134; 33332
111; 134; 33348
112; 134; 33331
113; 134; 33149
114; 134; 33092
115; 134; 33422
116; 134; 33714
117; 134; 33555
118; 134; 33361
119; 134; 33450
120; 134; 33455
100; 135; 33063
101; 135; 33000
102; 135; 32896
103; 135; 32894
104; 135; 32800
105; 135; 32843
106; 135; 33200
107; 135; 33436
108; 135; 33453
109; 135; 33543
110; 135; 33567
111; 135; 33600
112; 135; 33713
113; 135; 33509
114; 135; 33237
115; 135; 33428
116; 135; 33653
117; 135; 33403
118; 135; 33217
119; 135; 33341
120; 135; 33295
100; 136; 33065
101; 136; 32992
102; 136; 32913
103; 136; 32851
104; 136; 32787
105; 136; 33022
106; 136; 33576
107; 136; 33677
108; 136; 33527
109; 136; 33631
110; 136; 33662
111; 136; 33636
112; 136; 33754
113; 136; 33621
114; 136; 33411
115; 136; 33665
116; 136; 33747
117; 136; 33281
118; 136; 33218
119; 136; 33501
120; 136; 33317
100; 137; 33067
101; 137; 32991
102; 137; 32901
103; 137; 32830
104; 137; 32786
105; 137; 33092
106; 137; 33512
107; 137; 33536
108; 137; 33506
109; 137; 33544
110; 137; 33398
111; 137; 33293
112; 137; 33413
113; 137; 33494
114; 137; 33642
115; 137; 34017
116; 137; 33854
117; 137; 33269
118; 137; 33419
119; 137; 33678
120; 137; 33230
100; 138; 33096
101; 138; 33020
102; 138; 32896
103; 138; 32831
104; 138; 32799
105; 138; 33093
106; 138; 33388
107; 138; 33561
108; 138; 33711
109; 138; 33537
110; 138; 33173
111; 138; 33049
112; 138; 33162
113; 138; 33397
114; 138; 33672
115; 138; 33828
116; 138; 33578
117; 138; 33413
118; 138; 33787
119; 138; 33831
120; 138; 33483
100; 139; 33120
101; 139; 33044
102; 139; 32905
103; 139; 32816
104; 139; 32814
105; 139; 33149
106; 139; 33512
107; 139; 33807
108; 139; 33932
109; 139; 33600
110; 139; 33185
111; 139; 33058
112; 139; 33101
113; 139; 33265
114; 139; 33380
115; 139; 33297
116; 139; 33165
117; 139; 33443
118; 139; 33910
119; 139; 33884
120; 139; 34006
100; 140; 33113
101; 140; 33027
102; 140; 32901
103; 140; 32801
104; 140; 32815
105; 140; 33250
106; 140; 33690
107; 140; 33880
108; 140; 33876
109; 140; 33613
110; 140; 33267
111; 140; 33082
112; 140; 33071
113; 140; 33151
114; 140; 33251
115; 140; 33282
116; 140; 33301
117; 140; 33598
118; 140; 33932
119; 140; 33881
120; 140; 34167
100; 141; 33106
101; 141; 33001
102; 141; 32863
103; 141; 32779
104; 141; 32896
105; 141; 33491
106; 141; 33932
107; 141; 33932
108; 141; 33851
109; 141; 33674
110; 141; 33305
111; 141; 33025
112; 141; 33045
113; 141; 33269
114; 141; 33629
115; 141; 33983
116; 141; 34166
117; 141; 34301
118; 141; 34436
119; 141; 34297
120; 141; 34219
100; 142; 33138
101; 142; 33003
102; 142; 32815
103; 142; 32772
104; 142; 33170
105; 142; 33929
106; 142; 34281
107; 142; 34201
108; 142; 34116
109; 142; 33829
110; 142; 33285
111; 142; 32934
112; 142; 33078
113; 142; 33559
114; 142; 34087
115; 142; 34584
116; 142; 34928
117; 142; 34941
118; 142; 34916
119; 142; 34892
120; 142; 34624
100; 143; 33165
101; 143; 33009
102; 143; 32796
103; 143; 32827
104; 143; 33494
105; 143; 34223
106; 143; 34399
107; 143; 34396
108; 143; 34341
109; 143; 33835
110; 143; 33175
111; 143; 32899
112; 143; 33235
113; 143; 33906
114; 143; 34339
115; 143; 34682
116; 143; 35023
117; 143; 34913
118; 143; 34778
119; 143; 35017
120; 143; 34987
100; 144; 33150
101; 144; 32993
102; 144; 32796
103; 144; 32866
104; 144; 33519
105; 144; 34107
106; 144; 34226
107; 144; 34342
108; 144; 34198
109; 144; 33528
110; 144; 33013
111; 144; 32928
112; 144; 33372
113; 144; 34136
114; 144; 34470
115; 144; 34599
116; 144; 34862
117; 144; 34748
118; 144; 34581
119; 144; 34924
120; 144; 35169
100; 145; 33143
101; 145; 32992
102; 145; 32798
103; 145; 32831
104; 145; 33315
105; 145; 33854
106; 145; 34075
107; 145; 34148
108; 145; 33772
109; 145; 33155
110; 145; 33001
111; 145; 33055
112; 145; 33408
113; 145; 34119
114; 145; 34435
115; 145; 34521
116; 145; 34850
117; 145; 34854
118; 145; 34663
119; 145; 34971
120; 145; 35351
100; 146; 33133
101; 146; 32966
102; 146; 32826
103; 146; 32865
104; 146; 33267
105; 146; 33790
106; 146; 34021
107; 146; 33900
108; 146; 33359
109; 146; 32998
110; 146; 33210
111; 146; 33307
112; 146; 33443
113; 146; 33962
114; 146; 34258
115; 146; 34506
116; 146; 34991
117; 146; 34999
118; 146; 34722
119; 146; 34963
120; 146; 35347
100; 147; 33106
101; 147; 32907
102; 147; 32842
103; 147; 32996
104; 147; 33401
105; 147; 33846
106; 147; 33999
107; 147; 33739
108; 147; 33160
109; 147; 32982
110; 147; 33390
111; 147; 33461
112; 147; 33349
113; 147; 33634
114; 147; 33944
115; 147; 34424
116; 147; 35013
117; 147; 34972
118; 147; 34759
119; 147; 35068
120; 147; 35398
100; 148; 33113
101; 148; 32899
102; 148; 32848
103; 148; 33118
104; 148; 33516
105; 148; 33840
106; 148; 33954
107; 148; 33657
108; 148; 33117
109; 148; 33032
110; 148; 33501
111; 148; 33513
112; 148; 33205
113; 148; 33255
114; 148; 33495
115; 148; 33927
116; 148; 34460
117; 148; 34673
118; 148; 34916
119; 148; 35459
120; 148; 35779
100; 149; 33076
101; 149; 32893
102; 149; 32844
103; 149; 33171
104; 149; 33518
105; 149; 33679
106; 149; 33740
107; 149; 33465
108; 149; 33056
109; 149; 33171
110; 149; 33726
111; 149; 33642
112; 149; 33277
113; 149; 33362
114; 149; 33506
115; 149; 33453
116; 149; 33629
117; 149; 34280
118; 149; 35072
119; 149; 35612
120; 149; 35851
100; 150; 32978
101; 150; 32850
102; 150; 32823
103; 150; 33147
104; 150; 33399
105; 150; 33360
106; 150; 33335
107; 150; 33160
108; 150; 32897
109; 150; 33286
110; 150; 33941
111; 150; 33611
112; 150; 33270
113; 150; 33867
114; 150; 34200
115; 150; 33631
116; 150; 33263
117; 150; 33950
118; 150; 34913
119; 150; 35260
120; 150; 35357
100; 151; 33002
101; 151; 32855
102; 151; 32846
103; 151; 33116
104; 151; 33268
105; 151; 33082
106; 151; 33002
107; 151; 32951
108; 151; 32789
109; 151; 33325
110; 151; 33975
111; 151; 33377
112; 151; 33080
113; 151; 34119
114; 151; 34624
115; 151; 33859
116; 151; 33225
117; 151; 33549
118; 151; 34271
119; 151; 34631
120; 151; 34714
100; 152; 33176
101; 152; 32927
102; 152; 32893
103; 152; 33076
104; 152; 33183
105; 152; 33012
106; 152; 32936
107; 152; 32912
108; 152; 32797
109; 152; 33327
110; 152; 33826
111; 152; 33210
112; 152; 33066
113; 152; 34054
114; 152; 34324
115; 152; 33606
116; 152; 33145
117; 152; 33240
118; 152; 33537
119; 152; 33863
120; 152; 33984
100; 153; 33329
101; 153; 33044
102; 153; 32902
103; 153; 32955
104; 153; 33054
105; 153; 33008
106; 153; 32966
107; 153; 32899
108; 153; 32848
109; 153; 33231
110; 153; 33483
111; 153; 33048
112; 153; 33126
113; 153; 33868
114; 153; 33907
115; 153; 33364
116; 153; 33151
117; 153; 33227
118; 153; 33172
119; 153; 33253
120; 153; 33541
