152; 105; 33524
153; 105; 33512
154; 105; 33517
155; 105; 33535
156; 105; 33551
157; 105; 33566
158; 105; 33598
159; 105; 33559
160; 105; 33339
161; 105; 33042
162; 105; 32858
163; 105; 32878
164; 105; 33043
165; 105; 33251
166; 105; 33408
167; 105; 33471
168; 105; 33453
169; 105; 33410
170; 105; 33308
171; 105; 33136
172; 105; 33033
173; 105; 32987
174; 105; 32930
175; 105; 32912
176; 105; 32910
177; 105; 32901
178; 105; 32902
179; 105; 32901
180; 105; 32915
152; 106; 33555
153; 106; 33540
154; 106; 33549
155; 106; 33578
156; 106; 33601
157; 106; 33609
158; 106; 33619
159; 106; 33534
160; 106; 33272
161; 106; 32978
162; 106; 32837
163; 106; 32881
164; 106; 33076
165; 106; 33274
166; 106; 33378
167; 106; 33385
168; 106; 33351
169; 106; 33309
170; 106; 33200
171; 106; 33060
172; 106; 32999
173; 106; 32976
174; 106; 32944
175; 106; 32946
176; 106; 32919
177; 106; 32913
178; 106; 32921
179; 106; 32913
180; 106; 32919
152; 107; 33563
153; 107; 33552
154; 107; 33574
155; 107; 33613
156; 107; 33635
157; 107; 33636
158; 107; 33620
159; 107; 33492
160; 107; 33209
161; 107; 32934
162; 107; 32824
163; 107; 32880
164; 107; 33068
165; 107; 33278
166; 107; 33362
167; 107; 33315
168; 107; 33280
169; 107; 33271
170; 107; 33179
171; 107; 33077
172; 107; 33019
173; 107; 32972
174; 107; 32966
175; 107; 32945
176; 107; 32923
177; 107; 32938
178; 107; 32947
179; 107; 32943
180; 107; 32949
152; 108; 33579
153; 108; 33570
154; 108; 33574
155; 108; 33597
156; 108; 33613
157; 108; 33625
158; 108; 33616
159; 108; 33464
160; 108; 33166
161; 108; 32925
162; 108; 32842
163; 108; 32904
164; 108; 33050
165; 108; 33222
166; 108; 33308
167; 108; 33256
168; 108; 33242
169; 108; 33277
170; 108; 33205
171; 108; 33091
172; 108; 33013
173; 108; 32972
174; 108; 32981
175; 108; 32947
176; 108; 32937
177; 108; 32952
178; 108; 32959
179; 108; 32963
180; 108; 32965
152; 109; 33582
153; 109; 33587
154; 109; 33580
155; 109; 33581
156; 109; 33589
157; 109; 33603
158; 109; 33601
159; 109; 33431
160; 109; 33114
161; 109; 32903
162; 109; 32848
163; 109; 32900
164; 109; 33055
165; 109; 33170
166; 109; 33231
167; 109; 33218
168; 109; 33244
169; 109; 33259
170; 109; 33163
171; 109; 33063
172; 109; 32990
173; 109; 32995
174; 109; 32996
175; 109; 32967
176; 109; 32978
177; 109; 32988
178; 109; 32987
179; 109; 32984
180; 109; 32974
152; 110; 33595
153; 110; 33591
154; 110; 33586
155; 110; 33586
156; 110; 33594
157; 110; 33615
158; 110; 33600
159; 110; 33372
160; 110; 33022
161; 110; 32863
162; 110; 32859
163; 110; 32902
164; 110; 33048
165; 110; 33131
166; 110; 33172
167; 110; 33205
168; 110; 33252
169; 110; 33216
170; 110; 33116
171; 110; 33032
172; 110; 32979
173; 110; 33014
174; 110; 33003
175; 110; 32988
176; 110; 33007
177; 110; 33013
178; 110; 33006
179; 110; 32998
180; 110; 32978
152; 111; 33639
153; 111; 33611
154; 111; 33605
155; 111; 33599
156; 111; 33582
157; 111; 33605
158; 111; 33585
159; 111; 33314
160; 111; 32952
161; 111; 32840
162; 111; 32882
163; 111; 32942
164; 111; 33063
165; 111; 33113
166; 111; 33165
167; 111; 33230
168; 111; 33255
169; 111; 33190
170; 111; 33113
171; 111; 33048
172; 111; 33008
173; 111; 33009
174; 111; 32995
175; 111; 33004
176; 111; 33016
177; 111; 33011
178; 111; 33005
179; 111; 33002
180; 111; 32985
152; 112; 33663
153; 112; 33634
154; 112; 33621
155; 112; 33603
156; 112; 33570
157; 112; 33589
158; 112; 33537
159; 112; 33245
160; 112; 32919
161; 112; 32832
162; 112; 32877
163; 112; 32951
164; 112; 33078
165; 112; 33125
166; 112; 33147
167; 112; 33209
168; 112; 33206
169; 112; 33152
170; 112; 33105
171; 112; 33057
172; 112; 33031
173; 112; 33004
174; 112; 32997
175; 112; 33013
176; 112; 33002
177; 112; 32984
178; 112; 32987
179; 112; 32987
180; 112; 32971
152; 113; 33665
153; 113; 33642
154; 113; 33622
155; 113; 33601
156; 113; 33590
157; 113; 33609
158; 113; 33497
159; 113; 33169
160; 113; 32894
161; 113; 32833
162; 113; 32864
163; 113; 32955
164; 113; 33096
165; 113; 33130
166; 113; 33076
167; 113; 33096
168; 113; 33111
169; 113; 33083
170; 113; 33038
171; 113; 33017
172; 113; 33012
173; 113; 33003
174; 113; 33006
175; 113; 33003
176; 113; 32968
177; 113; 32945
178; 113; 32952
179; 113; 32942
180; 113; 32915
152; 114; 33669
153; 114; 33655
154; 114; 33641
155; 114; 33618
156; 114; 33608
157; 114; 33615
158; 114; 33461
159; 114; 33109
160; 114; 32869
161; 114; 32842
162; 114; 32888
163; 114; 33007
164; 114; 33140
165; 114; 33150
166; 114; 33046
167; 114; 33004
168; 114; 33031
169; 114; 33033
170; 114; 33019
171; 114; 33016
172; 114; 32997
173; 114; 32987
174; 114; 32989
175; 114; 32978
176; 114; 32948
177; 114; 32933
178; 114; 32931
179; 114; 32908
180; 114; 32878
152; 115; 33657
153; 115; 33655
154; 115; 33663
155; 115; 33652
156; 115; 33642
157; 115; 33635
158; 115; 33448
159; 115; 33081
160; 115; 32850
161; 115; 32817
162; 115; 32891
163; 115; 33047
164; 115; 33166
165; 115; 33151
166; 115; 33087
167; 115; 33024
168; 115; 32998
169; 115; 32991
170; 115; 33015
171; 115; 33026
172; 115; 32975
173; 115; 32941
174; 115; 32935
175; 115; 32927
176; 115; 32922
177; 115; 32922
178; 115; 32918
179; 115; 32899
180; 115; 32885
152; 116; 33631
153; 116; 33642
154; 116; 33672
155; 116; 33672
156; 116; 33672
157; 116; 33663
158; 116; 33442
159; 116; 33060
160; 116; 32848
161; 116; 32814
162; 116; 32885
163; 116; 33050
164; 116; 33159
165; 116; 33141
166; 116; 33114
167; 116; 33064
168; 116; 32978
169; 116; 32940
170; 116; 32980
171; 116; 32991
172; 116; 32934
173; 116; 32885
174; 116; 32875
175; 116; 32872
176; 116; 32881
177; 116; 32883
178; 116; 32880
179; 116; 32880
180; 116; 32880
152; 117; 33609
153; 117; 33636
154; 117; 33677
155; 117; 33666
156; 117; 33656
157; 117; 33648
158; 117; 33402
159; 117; 33005
160; 117; 32846
161; 117; 32856
162; 117; 32893
163; 117; 33045
164; 117; 33170
165; 117; 33172
166; 117; 33149
167; 117; 33063
168; 117; 32945
169; 117; 32907
170; 117; 32940
171; 117; 32938
172; 117; 32903
173; 117; 32863
174; 117; 32849
175; 117; 32846
176; 117; 32852
177; 117; 32843
178; 117; 32836
179; 117; 32842
180; 117; 32841
152; 118; 33626
153; 118; 33648
154; 118; 33678
155; 118; 33661
156; 118; 33656
157; 118; 33663
158; 118; 33404
159; 118; 32978
160; 118; 32832
161; 118; 32862
162; 118; 32880
163; 118; 33061
164; 118; 33241
165; 118; 33241
166; 118; 33166
167; 118; 33024
168; 118; 32891
169; 118; 32878
170; 118; 32891
171; 118; 32876
172; 118; 32864
173; 118; 32846
174; 118; 32833
175; 118; 32823
176; 118; 32828
177; 118; 32822
178; 118; 32818
179; 118; 32825
180; 118; 32812
152; 119; 33662
153; 119; 33669
154; 119; 33689
155; 119; 33681
156; 119; 33683
157; 119; 33709
158; 119; 33449
159; 119; 32981
160; 119; 32815
161; 119; 32846
162; 119; 32847
163; 119; 33057
164; 119; 33302
165; 119; 33311
166; 119; 33186
167; 119; 32999
168; 119; 32866
169; 119; 32852
170; 119; 32847
171; 119; 32839
172; 119; 32824
173; 119; 32811
174; 119; 32818
175; 119; 32818
176; 119; 32809
177; 119; 32805
178; 119; 32818
179; 119; 32835
180; 119; 32812
152; 120; 33659
153; 120; 33675
154; 120; 33705
155; 120; 33695
156; 120; 33678
157; 120; 33696
158; 120; 33449
159; 120; 32987
160; 120; 32821
161; 120; 32844
162; 120; 32821
163; 120; 33002
164; 120; 33303
165; 120; 33390
166; 120; 33238
167; 120; 32988
168; 120; 32843
169; 120; 32837
170; 120; 32831
171; 120; 32821
172; 120; 32816
173; 120; 32813
174; 120; 32829
175; 120; 32844
176; 120; 32835
177; 120; 32829
178; 120; 32818
179; 120; 32820
180; 120; 32807
152; 121; 33699
153; 121; 33702
154; 121; 33725
155; 121; 33689
156; 121; 33645
157; 121; 33662
158; 121; 33423
159; 121; 32959
160; 121; 32816
161; 121; 32826
162; 121; 32809
163; 121; 32959
164; 121; 33262
165; 121; 33367
166; 121; 33192
167; 121; 32934
168; 121; 32814
169; 121; 32816
170; 121; 32817
171; 121; 32813
172; 121; 32818
173; 121; 32821
174; 121; 32827
175; 121; 32824
176; 121; 32819
177; 121; 32821
178; 121; 32816
179; 121; 32820
180; 121; 32814
152; 122; 33892
153; 122; 33849
154; 122; 33849
155; 122; 33799
156; 122; 33740
157; 122; 33759
158; 122; 33498
159; 122; 32977
160; 122; 32804
161; 122; 32822
162; 122; 32815
163; 122; 32926
164; 122; 33146
165; 122; 33173
166; 122; 33022
167; 122; 32871
168; 122; 32799
169; 122; 32792
170; 122; 32806
171; 122; 32817
172; 122; 32819
173; 122; 32817
174; 122; 32829
175; 122; 32831
176; 122; 32823
177; 122; 32806
178; 122; 32811
179; 122; 32822
180; 122; 32826
152; 123; 34188
153; 123; 34125
154; 123; 34141
155; 123; 34129
156; 123; 34101
157; 123; 34162
158; 123; 33830
159; 123; 33094
160; 123; 32802
161; 123; 32849
162; 123; 32826
163; 123; 32896
164; 123; 33031
165; 123; 32988
166; 123; 32894
167; 123; 32841
168; 123; 32792
169; 123; 32799
170; 123; 32820
171; 123; 32827
172; 123; 32830
173; 123; 32834
174; 123; 32853
175; 123; 32851
176; 123; 32848
177; 123; 32827
178; 123; 32809
179; 123; 32811
180; 123; 32817
152; 124; 34598
153; 124; 34552
154; 124; 34585
155; 124; 34605
156; 124; 34608
157; 124; 34732
158; 124; 34311
159; 124; 33258
160; 124; 32780
161; 124; 32854
162; 124; 32831
163; 124; 32873
164; 124; 32972
165; 124; 32927
166; 124; 32878
167; 124; 32846
168; 124; 32829
169; 124; 32842
170; 124; 32820
171; 124; 32827
172; 124; 32820
173; 124; 32833
174; 124; 32851
175; 124; 32837
176; 124; 32843
177; 124; 32846
178; 124; 32830
179; 124; 32825
180; 124; 32816
152; 125; 35025
153; 125; 35003
154; 125; 35024
155; 125; 35033
156; 125; 35006
157; 125; 35111
158; 125; 34623
159; 125; 33376
160; 125; 32783
161; 125; 32854
162; 125; 32839
163; 125; 32845
164; 125; 32921
165; 125; 32912
166; 125; 32887
167; 125; 32849
168; 125; 32841
169; 125; 32844
170; 125; 32811
171; 125; 32837
172; 125; 32823
173; 125; 32824
174; 125; 32832
175; 125; 32827
176; 125; 32835
177; 125; 32852
178; 125; 32854
179; 125; 32850
180; 125; 32841
152; 126; 35258
153; 126; 35231
154; 126; 35235
155; 126; 35239
156; 126; 35177
157; 126; 35220
158; 126; 34727
159; 126; 33471
160; 126; 32813
161; 126; 32856
162; 126; 32846
163; 126; 32825
164; 126; 32907
165; 126; 32907
166; 126; 32870
167; 126; 32832
168; 126; 32823
169; 126; 32849
170; 126; 32832
171; 126; 32836
172; 126; 32838
173; 126; 32841
174; 126; 32844
175; 126; 32828
176; 126; 32823
177; 126; 32833
178; 126; 32845
179; 126; 32847
180; 126; 32842
152; 127; 35351
153; 127; 35302
154; 127; 35277
155; 127; 35258
156; 127; 35168
157; 127; 35185
158; 127; 34781
159; 127; 33608
160; 127; 32846
161; 127; 32840
162; 127; 32860
163; 127; 32828
164; 127; 32895
165; 127; 32894
166; 127; 32850
167; 127; 32820
168; 127; 32805
169; 127; 32828
170; 127; 32824
171; 127; 32837
172; 127; 32846
173; 127; 32840
174; 127; 32840
175; 127; 32828
176; 127; 32822
177; 127; 32827
178; 127; 32826
179; 127; 32836
180; 127; 32854
152; 128; 35367
153; 128; 35307
154; 128; 35246
155; 128; 35178
156; 128; 35035
157; 128; 35037
158; 128; 34789
159; 128; 33762
160; 128; 32893
161; 128; 32826
162; 128; 32879
163; 128; 32823
164; 128; 32855
165; 128; 32881
166; 128; 32842
167; 128; 32808
168; 128; 32817
169; 128; 32814
170; 128; 32822
171; 128; 32827
172; 128; 32824
173; 128; 32814
174; 128; 32813
175; 128; 32827
176; 128; 32848
177; 128; 32845
178; 128; 32822
179; 128; 32825
180; 128; 32856
152; 129; 35245
153; 129; 35150
154; 129; 35054
155; 129; 34964
156; 129; 34808
157; 129; 34792
158; 129; 34678
159; 129; 33851
160; 129; 32957
161; 129; 32834
162; 129; 32898
163; 129; 32842
164; 129; 32824
165; 129; 32860
166; 129; 32843
167; 129; 32815
168; 129; 32830
169; 129; 32825
170; 129; 32835
171; 129; 32821
172; 129; 32830
173; 129; 32821
174; 129; 32818
175; 129; 32837
176; 129; 32863
177; 129; 32850
178; 129; 32816
179; 129; 32816
180; 129; 32834
152; 130; 35036
153; 130; 34926
154; 130; 34812
155; 130; 34734
156; 130; 34620
157; 130; 34572
158; 130; 34491
159; 130; 33862
160; 130; 33035
161; 130; 32835
162; 130; 32924
163; 130; 32875
164; 130; 32799
165; 130; 32827
166; 130; 32846
167; 130; 32837
168; 130; 32846
169; 130; 32847
170; 130; 32826
171; 130; 32823
172; 130; 32849
173; 130; 32839
174; 130; 32852
175; 130; 32872
176; 130; 32873
177; 130; 32841
178; 130; 32807
179; 130; 32831
180; 130; 32839
152; 131; 34632
153; 131; 34611
154; 131; 34560
155; 131; 34539
156; 131; 34492
157; 131; 34418
158; 131; 34326
159; 131; 33859
160; 131; 33120
161; 131; 32848
162; 131; 32918
163; 131; 32895
164; 131; 32817
165; 131; 32826
166; 131; 32849
167; 131; 32845
168; 131; 32845
169; 131; 32830
170; 131; 32845
171; 131; 32848
172; 131; 32851
173; 131; 32839
174; 131; 32871
175; 131; 32936
176; 131; 32915
177; 131; 32842
178; 131; 32824
179; 131; 32861
180; 131; 32873
152; 132; 34023
153; 132; 34085
154; 132; 34103
155; 132; 34145
156; 132; 34173
157; 132; 34135
158; 132; 34107
159; 132; 33800
160; 132; 33158
161; 132; 32833
162; 132; 32866
163; 132; 32897
164; 132; 32863
165; 132; 32831
166; 132; 32842
167; 132; 32849
168; 132; 32857
169; 132; 32839
170; 132; 32849
171; 132; 32856
172; 132; 32857
173; 132; 32827
174; 132; 32875
175; 132; 32965
176; 132; 32933
177; 132; 32850
178; 132; 32844
179; 132; 32870
180; 132; 32913
152; 133; 33625
153; 133; 33658
154; 133; 33648
155; 133; 33674
156; 133; 33701
157; 133; 33685
158; 133; 33734
159; 133; 33595
160; 133; 33126
161; 133; 32833
162; 133; 32870
163; 133; 32988
164; 133; 32956
165; 133; 32835
166; 133; 32841
167; 133; 32875
168; 133; 32860
169; 133; 32848
170; 133; 32829
171; 133; 32848
172; 133; 32875
173; 133; 32836
174; 133; 32863
175; 133; 32923
176; 133; 32902
177; 133; 32854
178; 133; 32851
179; 133; 32867
180; 133; 32976
152; 134; 33516
153; 134; 33510
154; 134; 33471
155; 134; 33462
156; 134; 33431
157; 134; 33384
158; 134; 33443
159; 134; 33391
160; 134; 33095
161; 134; 32871
162; 134; 32980
163; 134; 33261
164; 134; 33171
165; 134; 32874
166; 134; 32854
167; 134; 32907
168; 134; 32831
169; 134; 32832
170; 134; 32839
171; 134; 32849
172; 134; 32870
173; 134; 32844
174; 134; 32836
175; 134; 32877
176; 134; 32874
177; 134; 32849
178; 134; 32848
179; 134; 32862
180; 134; 33060
