325; 168; 33273
326; 168; 33237
327; 168; 33161
328; 168; 33124
329; 168; 33073
330; 168; 33047
331; 168; 33042
332; 168; 33003
333; 168; 32962
334; 168; 32994
335; 168; 32958
336; 168; 32908
337; 168; 33007
338; 168; 33194
339; 168; 33209
340; 168; 33059
341; 168; 32924
342; 168; 32882
343; 168; 33036
344; 168; 33391
345; 168; 33485
346; 168; 33357
347; 168; 33467
348; 168; 34071
349; 168; 34408
350; 168; 33752
351; 168; 32983
352; 168; 32871
353; 168; 32962
354; 168; 32949
355; 168; 32879
356; 168; 32893
357; 168; 32940
358; 168; 32946
359; 168; 32978
360; 168; 33124
361; 168; 33332
362; 168; 33448
363; 168; 33398
364; 168; 33250
365; 168; 33022
366; 168; 33002
367; 168; 32896
368; 168; 33061
369; 168; 33119
370; 168; 32955
371; 168; 32926
372; 168; 32973
373; 168; 33016
374; 168; 32936
375; 168; 32892
376; 168; 32917
377; 168; 32915
378; 168; 32935
379; 168; 33013
380; 168; 32970
381; 168; 33003
325; 169; 33152
326; 169; 33111
327; 169; 33091
328; 169; 33087
329; 169; 33013
330; 169; 32940
331; 169; 32948
332; 169; 32986
333; 169; 33014
334; 169; 32966
335; 169; 32909
336; 169; 32942
337; 169; 33062
338; 169; 33208
339; 169; 33197
340; 169; 33085
341; 169; 32944
342; 169; 32852
343; 169; 32908
344; 169; 33174
345; 169; 33469
346; 169; 33372
347; 169; 33230
348; 169; 33386
349; 169; 33530
350; 169; 33322
351; 169; 33054
352; 169; 32953
353; 169; 33070
354; 169; 33124
355; 169; 33011
356; 169; 32921
357; 169; 32939
358; 169; 32945
359; 169; 33128
360; 169; 33536
361; 169; 33857
362; 169; 33672
363; 169; 33167
364; 169; 32971
365; 169; 32913
366; 169; 32936
367; 169; 32930
368; 169; 33040
369; 169; 33076
370; 169; 32997
371; 169; 32976
372; 169; 33101
373; 169; 33245
374; 169; 33098
375; 169; 33008
376; 169; 33026
377; 169; 32997
378; 169; 32998
379; 169; 32990
380; 169; 32972
381; 169; 33029
325; 170; 33200
326; 170; 33104
327; 170; 33049
328; 170; 33042
329; 170; 33007
330; 170; 32910
331; 170; 32864
332; 170; 32939
333; 170; 33057
334; 170; 33030
335; 170; 32940
336; 170; 32967
337; 170; 33049
338; 170; 33059
339; 170; 33026
340; 170; 33038
341; 170; 33041
342; 170; 32950
343; 170; 32883
344; 170; 32992
345; 170; 33223
346; 170; 33280
347; 170; 33153
348; 170; 33150
349; 170; 33242
350; 170; 33302
351; 170; 33251
352; 170; 33210
353; 170; 33320
354; 170; 33397
355; 170; 33218
356; 170; 32968
357; 170; 32915
358; 170; 32936
359; 170; 33069
360; 170; 33539
361; 170; 33992
362; 170; 33848
363; 170; 33169
364; 170; 32932
365; 170; 32986
366; 170; 32973
367; 170; 32962
368; 170; 32987
369; 170; 33020
370; 170; 32990
371; 170; 32935
372; 170; 33076
373; 170; 33219
374; 170; 33203
375; 170; 33212
376; 170; 33189
377; 170; 33052
378; 170; 32979
379; 170; 32969
380; 170; 33041
381; 170; 33158
325; 171; 33357
326; 171; 33262
327; 171; 33136
328; 171; 33020
329; 171; 32991
330; 171; 32949
331; 171; 32882
332; 171; 32929
333; 171; 33001
334; 171; 33024
335; 171; 32975
336; 171; 32961
337; 171; 33003
338; 171; 32972
339; 171; 32913
340; 171; 32941
341; 171; 33061
342; 171; 33050
343; 171; 32930
344; 171; 32944
345; 171; 33025
346; 171; 33129
347; 171; 33142
348; 171; 33152
349; 171; 33268
350; 171; 33381
351; 171; 33349
352; 171; 33264
353; 171; 33281
354; 171; 33217
355; 171; 33006
356; 171; 32922
357; 171; 33034
358; 171; 33040
359; 171; 33002
360; 171; 33101
361; 171; 33602
362; 171; 33716
363; 171; 33263
364; 171; 33018
365; 171; 33063
366; 171; 33060
367; 171; 32953
368; 171; 32920
369; 171; 32960
370; 171; 32924
371; 171; 32907
372; 171; 32964
373; 171; 33061
374; 171; 33185
375; 171; 33265
376; 171; 33203
377; 171; 32998
378; 171; 32891
379; 171; 32926
380; 171; 33087
381; 171; 33218
325; 172; 33569
326; 172; 33563
327; 172; 33406
328; 172; 33098
329; 172; 32921
330; 172; 32939
331; 172; 32962
332; 172; 32971
333; 172; 32973
334; 172; 32990
335; 172; 33006
336; 172; 33007
337; 172; 33034
338; 172; 32992
339; 172; 32903
340; 172; 32881
341; 172; 32945
342; 172; 32996
343; 172; 32960
344; 172; 32944
345; 172; 32964
346; 172; 33040
347; 172; 33130
348; 172; 33204
349; 172; 33318
350; 172; 33375
351; 172; 33263
352; 172; 33083
353; 172; 32977
354; 172; 32979
355; 172; 32945
356; 172; 32935
357; 172; 33436
358; 172; 33732
359; 172; 33198
360; 172; 32961
361; 172; 33302
362; 172; 33614
363; 172; 33272
364; 172; 32992
365; 172; 33023
366; 172; 33071
367; 172; 32960
368; 172; 32900
369; 172; 32993
370; 172; 32996
371; 172; 32964
372; 172; 32972
373; 172; 33083
374; 172; 33217
375; 172; 33242
376; 172; 33169
377; 172; 32981
378; 172; 32897
379; 172; 32982
380; 172; 33122
381; 172; 33175
325; 173; 33773
326; 173; 33815
327; 173; 33693
328; 173; 33290
329; 173; 32942
330; 173; 32916
331; 173; 33003
332; 173; 33022
333; 173; 32999
334; 173; 33026
335; 173; 33089
336; 173; 33101
337; 173; 33093
338; 173; 33056
339; 173; 32977
340; 173; 32896
341; 173; 32867
342; 173; 32903
343; 173; 32954
344; 173; 32978
345; 173; 32967
346; 173; 33011
347; 173; 33119
348; 173; 33212
349; 173; 33257
350; 173; 33201
351; 173; 33055
352; 173; 32949
353; 173; 32914
354; 173; 32901
355; 173; 32887
356; 173; 33279
357; 173; 34172
358; 173; 34488
359; 173; 34001
360; 173; 33543
361; 173; 33804
362; 173; 34015
363; 173; 33341
364; 173; 33052
365; 173; 32997
366; 173; 33116
367; 173; 33088
368; 173; 33030
369; 173; 33119
370; 173; 33128
371; 173; 33072
372; 173; 33122
373; 173; 33222
374; 173; 33235
375; 173; 33196
376; 173; 33126
377; 173; 33015
378; 173; 33005
379; 173; 33132
380; 173; 33215
381; 173; 33173
325; 174; 33780
326; 174; 33737
327; 174; 33762
328; 174; 33515
329; 174; 33079
330; 174; 32891
331; 174; 32926
332; 174; 32982
333; 174; 32988
334; 174; 33048
335; 174; 33120
336; 174; 33095
337; 174; 33019
338; 174; 32981
339; 174; 32986
340; 174; 33003
341; 174; 32951
342; 174; 32893
343; 174; 32902
344; 174; 32936
345; 174; 32979
346; 174; 33076
347; 174; 33202
348; 174; 33236
349; 174; 33124
350; 174; 32971
351; 174; 32888
352; 174; 32909
353; 174; 33035
354; 174; 33180
355; 174; 33459
356; 174; 33925
357; 174; 34505
358; 174; 34663
359; 174; 34559
360; 174; 34384
361; 174; 34569
362; 174; 34492
363; 174; 33452
364; 174; 33049
365; 174; 32984
366; 174; 33246
367; 174; 33383
368; 174; 33278
369; 174; 33235
370; 174; 33230
371; 174; 33220
372; 174; 33289
373; 174; 33345
374; 174; 33263
375; 174; 33159
376; 174; 33094
377; 174; 33074
378; 174; 33148
379; 174; 33263
380; 174; 33300
381; 174; 33221
325; 175; 33733
326; 175; 33425
327; 175; 33634
328; 175; 33705
329; 175; 33350
330; 175; 32913
331; 175; 32893
332; 175; 32942
333; 175; 32965
334; 175; 33012
335; 175; 33061
336; 175; 33004
337; 175; 32921
338; 175; 32896
339; 175; 32916
340; 175; 33086
341; 175; 33132
342; 175; 33018
343; 175; 32903
344; 175; 32921
345; 175; 33023
346; 175; 33142
347; 175; 33249
348; 175; 33228
349; 175; 33014
350; 175; 32839
351; 175; 32820
352; 175; 33033
353; 175; 33426
354; 175; 33757
355; 175; 33966
356; 175; 34147
357; 175; 34283
358; 175; 34408
359; 175; 34562
360; 175; 34746
361; 175; 34893
362; 175; 34425
363; 175; 33387
364; 175; 33030
365; 175; 33067
366; 175; 33666
367; 175; 33824
368; 175; 33547
369; 175; 33383
370; 175; 33391
371; 175; 33349
372; 175; 33313
373; 175; 33308
374; 175; 33222
375; 175; 33143
376; 175; 33124
377; 175; 33184
378; 175; 33274
379; 175; 33289
380; 175; 33267
381; 175; 33271
325; 176; 33781
326; 176; 33276
327; 176; 33426
328; 176; 33764
329; 176; 33611
330; 176; 33074
331; 176; 32914
332; 176; 32951
333; 176; 32988
334; 176; 33060
335; 176; 33090
336; 176; 33009
337; 176; 32900
338; 176; 32856
339; 176; 32886
340; 176; 33013
341; 176; 33076
342; 176; 33023
343; 176; 32962
344; 176; 32998
345; 176; 33065
346; 176; 33149
347; 176; 33241
348; 176; 33223
349; 176; 33046
350; 176; 32928
351; 176; 33163
352; 176; 33632
353; 176; 33795
354; 176; 33828
355; 176; 33989
356; 176; 34173
357; 176; 34164
358; 176; 34096
359; 176; 34345
360; 176; 34575
361; 176; 34387
362; 176; 33697
363; 176; 33213
364; 176; 33152
365; 176; 33696
366; 176; 34327
367; 176; 34376
368; 176; 34100
369; 176; 33835
370; 176; 33732
371; 176; 33511
372; 176; 33213
373; 176; 33174
374; 176; 33166
375; 176; 33177
376; 176; 33267
377; 176; 33444
378; 176; 33434
379; 176; 33207
380; 176; 33100
381; 176; 33344
325; 177; 34002
326; 177; 33343
327; 177; 33277
328; 177; 33663
329; 177; 33759
330; 177; 33301
331; 177; 32951
332; 177; 32987
333; 177; 33131
334; 177; 33139
335; 177; 33113
336; 177; 33100
337; 177; 33061
338; 177; 32952
339; 177; 32882
340; 177; 32879
341; 177; 32968
342; 177; 33062
343; 177; 33136
344; 177; 33130
345; 177; 33058
346; 177; 33087
347; 177; 33233
348; 177; 33362
349; 177; 33402
350; 177; 33513
351; 177; 33836
352; 177; 34130
353; 177; 33994
354; 177; 33793
355; 177; 33974
356; 177; 34415
357; 177; 34387
358; 177; 33969
359; 177; 33761
360; 177; 33812
361; 177; 33468
362; 177; 33192
363; 177; 33251
364; 177; 33896
365; 177; 34630
366; 177; 34881
367; 177; 34734
368; 177; 34570
369; 177; 34489
370; 177; 34380
371; 177; 33871
372; 177; 33195
373; 177; 33093
374; 177; 33184
375; 177; 33322
376; 177; 33496
377; 177; 33657
378; 177; 33473
379; 177; 33069
380; 177; 32947
381; 177; 33355
325; 178; 34161
326; 178; 33599
327; 178; 33174
328; 178; 33387
329; 178; 33674
330; 178; 33436
331; 178; 33103
332; 178; 33076
333; 178; 33149
334; 178; 33054
335; 178; 32974
336; 178; 32999
337; 178; 33020
338; 178; 32929
339; 178; 32900
340; 178; 32911
341; 178; 33015
342; 178; 33226
343; 178; 33315
344; 178; 33173
345; 178; 32987
346; 178; 33047
347; 178; 33363
348; 178; 33745
349; 178; 33907
350; 178; 33968
351; 178; 34307
352; 178; 34412
353; 178; 34132
354; 178; 33786
355; 178; 34096
356; 178; 34532
357; 178; 34372
358; 178; 33590
359; 178; 33240
360; 178; 33249
361; 178; 33218
362; 178; 33249
363; 178; 33968
364; 178; 34857
365; 178; 35121
366; 178; 34972
367; 178; 34792
368; 178; 34749
369; 178; 34868
370; 178; 34863
371; 178; 34303
372; 178; 33319
373; 178; 33070
374; 178; 33207
375; 178; 33404
376; 178; 33521
377; 178; 33548
378; 178; 33310
379; 178; 32962
380; 178; 32885
381; 178; 33226
325; 179; 34162
326; 179; 33890
327; 179; 33074
328; 179; 33052
329; 179; 33434
330; 179; 33449
331; 179; 33219
332; 179; 33117
333; 179; 33081
334; 179; 32944
335; 179; 32854
336; 179; 32874
337; 179; 32859
338; 179; 32850
339; 179; 32833
340; 179; 32871
341; 179; 33093
342; 179; 33347
343; 179; 33382
344; 179; 33162
345; 179; 32986
346; 179; 33122
347; 179; 33659
348; 179; 33945
349; 179; 34039
350; 179; 34375
351; 179; 34711
352; 179; 34630
353; 179; 34085
354; 179; 33598
355; 179; 33748
356; 179; 34026
357; 179; 33689
358; 179; 33207
359; 179; 33104
360; 179; 33152
361; 179; 33397
362; 179; 34006
363; 179; 34796
364; 179; 35151
365; 179; 35067
366; 179; 34873
367; 179; 34738
368; 179; 34755
369; 179; 34883
370; 179; 34895
371; 179; 34276
372; 179; 33365
373; 179; 33110
374; 179; 33214
375; 179; 33289
376; 179; 33271
377; 179; 33278
378; 179; 33192
379; 179; 33007
380; 179; 32942
381; 179; 33143
325; 180; 34227
326; 180; 34115
327; 180; 33205
328; 180; 32998
329; 180; 33261
330; 180; 33590
331; 180; 33528
332; 180; 33249
333; 180; 33128
334; 180; 32950
335; 180; 32865
336; 180; 32898
337; 180; 32910
338; 180; 33103
339; 180; 33139
340; 180; 33127
341; 180; 33218
342; 180; 33346
343; 180; 33301
344; 180; 33129
345; 180; 33092
346; 180; 33418
347; 180; 33912
348; 180; 34094
349; 180; 34401
350; 180; 34823
351; 180; 34992
352; 180; 34525
353; 180; 33640
354; 180; 33196
355; 180; 33230
356; 180; 33361
357; 180; 33267
358; 180; 33122
359; 180; 33185
360; 180; 33683
361; 180; 34333
362; 180; 34816
363; 180; 34959
364; 180; 34929
365; 180; 34788
366; 180; 34773
367; 180; 34767
368; 180; 34705
369; 180; 34693
370; 180; 34451
371; 180; 33795
372; 180; 33186
373; 180; 33084
374; 180; 33165
375; 180; 33149
376; 180; 33101
377; 180; 33181
378; 180; 33284
379; 180; 33262
380; 180; 33220
381; 180; 33268
325; 181; 34236
326; 181; 34293
327; 181; 33435
328; 181; 33095
329; 181; 33366
330; 181; 34010
331; 181; 34056
332; 181; 33658
333; 181; 33242
334; 181; 33028
335; 181; 32913
336; 181; 32967
337; 181; 33228
338; 181; 33502
339; 181; 33484
340; 181; 33307
341; 181; 33232
342; 181; 33228
343; 181; 33130
344; 181; 33062
345; 181; 33205
346; 181; 33755
347; 181; 34056
348; 181; 34206
349; 181; 34557
350; 181; 34931
351; 181; 34742
352; 181; 33848
353; 181; 33144
354; 181; 33023
355; 181; 33097
356; 181; 33211
357; 181; 33159
358; 181; 33437
359; 181; 34021
360; 181; 34631
361; 181; 35008
362; 181; 35109
363; 181; 34935
364; 181; 34637
365; 181; 34580
366; 181; 34778
367; 181; 34851
368; 181; 34684
369; 181; 34316
370; 181; 33867
371; 181; 33361
372; 181; 33038
373; 181; 33008
374; 181; 33122
375; 181; 33195
376; 181; 33251
377; 181; 33368
378; 181; 33500
379; 181; 33558
380; 181; 33598
381; 181; 33627
325; 182; 34136
326; 182; 34342
327; 182; 33581
328; 182; 33072
329; 182; 33392
330; 182; 34281
331; 182; 34361
332; 182; 33908
333; 182; 33293
334; 182; 33049
335; 182; 32986
336; 182; 33127
337; 182; 33393
338; 182; 33599
339; 182; 33500
340; 182; 33231
341; 182; 33098
342; 182; 33070
343; 182; 32996
344; 182; 32999
345; 182; 33215
346; 182; 33683
347; 182; 33879
348; 182; 33925
349; 182; 34086
350; 182; 34204
351; 182; 33805
352; 182; 33266
353; 182; 33079
354; 182; 33061
355; 182; 33276
356; 182; 33467
357; 182; 33749
358; 182; 34323
359; 182; 34760
360; 182; 34919
361; 182; 35033
362; 182; 35079
363; 182; 34841
364; 182; 34535
365; 182; 34583
366; 182; 34856
367; 182; 34876
368; 182; 34377
369; 182; 33756
370; 182; 33404
371; 182; 33195
372; 182; 33023
373; 182; 33004
374; 182; 33205
375; 182; 33412
376; 182; 33548
377; 182; 33635
378; 182; 33686
379; 182; 33725
380; 182; 33841
381; 182; 33990
325; 183; 33993
326; 183; 34278
327; 183; 33743
328; 183; 32949
329; 183; 33105
330; 183; 33992
331; 183; 34263
332; 183; 33791
333; 183; 33167
334; 183; 33005
335; 183; 33041
336; 183; 33156
337; 183; 33262
338; 183; 33289
339; 183; 33154
340; 183; 32989
341; 183; 32974
342; 183; 33038
343; 183; 33013
344; 183; 33012
345; 183; 33144
346; 183; 33295
347; 183; 33254
348; 183; 33189
349; 183; 33240
350; 183; 33326
351; 183; 33295
352; 183; 33159
353; 183; 33213
354; 183; 33651
355; 183; 34137
356; 183; 34294
357; 183; 34518
358; 183; 34852
359; 183; 34930
360; 183; 34822
361; 183; 34831
362; 183; 34899
363; 183; 34776
364; 183; 34618
365; 183; 34751
366; 183; 34920
367; 183; 34550
368; 183; 33804
369; 183; 33313
370; 183; 33173
371; 183; 33176
372; 183; 33150
373; 183; 33192
374; 183; 33419
375; 183; 33620
376; 183; 33679
377; 183; 33704
378; 183; 33733
379; 183; 33778
380; 183; 33896
381; 183; 34063
325; 184; 33868
326; 184; 34201
327; 184; 33869
328; 184; 33017
329; 184; 32898
330; 184; 33331
331; 184; 33791
332; 184; 33548
333; 184; 33078
334; 184; 33026
335; 184; 33124
336; 184; 33144
337; 184; 33081
338; 184; 32959
339; 184; 32883
340; 184; 32903
341; 184; 33007
342; 184; 33168
343; 184; 33218
344; 184; 33215
345; 184; 33215
346; 184; 33187
347; 184; 33022
348; 184; 32973
349; 184; 33079
350; 184; 33202
351; 184; 33305
352; 184; 33578
353; 184; 34029
354; 184; 34443
355; 184; 34576
356; 184; 34516
357; 184; 34700
358; 184; 35010
359; 184; 34997
360; 184; 34726
361; 184; 34593
362; 184; 34695
363; 184; 34786
364; 184; 34816
365; 184; 34862
366; 184; 34626
367; 184; 33929
368; 184; 33366
369; 184; 33170
370; 184; 33164
371; 184; 33263
372; 184; 33333
373; 184; 33441
374; 184; 33627
375; 184; 33686
376; 184; 33612
377; 184; 33623
378; 184; 33732
379; 184; 33818
380; 184; 33869
381; 184; 33949
325; 185; 33799
326; 185; 34200
327; 185; 33956
328; 185; 33181
329; 185; 32995
330; 185; 33091
331; 185; 33371
332; 185; 33339
333; 185; 33168
334; 185; 33128
335; 185; 33165
336; 185; 33115
337; 185; 33043
338; 185; 32959
339; 185; 32948
340; 185; 33107
341; 185; 33375
342; 185; 33753
343; 185; 34014
344; 185; 34023
345; 185; 33846
346; 185; 33684
347; 185; 33445
348; 185; 33166
349; 185; 33135
350; 185; 33369
351; 185; 33830
352; 185; 34459
353; 185; 34745
354; 185; 34742
355; 185; 34537
356; 185; 34354
357; 185; 34517
358; 185; 34859
359; 185; 34867
360; 185; 34542
361; 185; 34399
362; 185; 34630
363; 185; 34899
364; 185; 34915
365; 185; 34557
366; 185; 33922
367; 185; 33417
368; 185; 33199
369; 185; 33231
370; 185; 33355
371; 185; 33384
372; 185; 33409
373; 185; 33568
374; 185; 33757
375; 185; 33730
376; 185; 33626
377; 185; 33659
378; 185; 33815
379; 185; 33876
380; 185; 33871
381; 185; 33908
325; 186; 33789
326; 186; 34199
327; 186; 33964
328; 186; 33220
329; 186; 33038
330; 186; 33085
331; 186; 33191
332; 186; 33162
333; 186; 33117
334; 186; 33106
335; 186; 33078
336; 186; 33054
337; 186; 33133
338; 186; 33313
339; 186; 33565
340; 186; 33914
341; 186; 34297
342; 186; 34671
343; 186; 34889
344; 186; 34894
345; 186; 34803
346; 186; 34720
347; 186; 34473
348; 186; 33911
349; 186; 33551
350; 186; 33676
351; 186; 34212
352; 186; 34799
353; 186; 34894
354; 186; 34801
355; 186; 34498
356; 186; 34255
357; 186; 34312
358; 186; 34501
359; 186; 34452
360; 186; 34246
361; 186; 34306
362; 186; 34687
363; 186; 34870
364; 186; 34557
365; 186; 33896
366; 186; 33400
367; 186; 33188
368; 186; 33228
369; 186; 33458
370; 186; 33553
371; 186; 33450
372; 186; 33473
373; 186; 33694
374; 186; 33868
375; 186; 33858
376; 186; 33826
377; 186; 33887
378; 186; 33972
379; 186; 33957
380; 186; 33962
381; 186; 34035
325; 187; 33811
326; 187; 34204
327; 187; 33954
328; 187; 33177
329; 187; 33009
330; 187; 33063
331; 187; 33069
332; 187; 32981
333; 187; 32979
334; 187; 33018
335; 187; 33010
336; 187; 33065
337; 187; 33429
338; 187; 34049
339; 187; 34501
340; 187; 34725
341; 187; 34906
342; 187; 35057
343; 187; 35110
344; 187; 35144
345; 187; 35218
346; 187; 35244
347; 187; 35079
348; 187; 34577
349; 187; 34034
350; 187; 33985
351; 187; 34341
352; 187; 34761
353; 187; 34925
354; 187; 34927
355; 187; 34719
356; 187; 34449
357; 187; 34329
358; 187; 34306
359; 187; 34241
360; 187; 34231
361; 187; 34409
362; 187; 34581
363; 187; 34392
364; 187; 33859
365; 187; 33456
366; 187; 33225
367; 187; 33202
368; 187; 33530
369; 187; 33708
370; 187; 33656
371; 187; 33542
372; 187; 33676
373; 187; 33862
374; 187; 33945
375; 187; 33961
376; 187; 33990
377; 187; 34054
378; 187; 34064
379; 187; 34019
380; 187; 34077
381; 187; 34214
325; 188; 33794
326; 188; 34159
327; 188; 33903
328; 188; 33149
329; 188; 32997
330; 188; 33046
331; 188; 33027
332; 188; 32907
333; 188; 32894
334; 188; 32986
335; 188; 33104
336; 188; 33349
337; 188; 34076
338; 188; 34734
339; 188; 34920
340; 188; 34890
341; 188; 34916
342; 188; 34959
343; 188; 34969
344; 188; 35033
345; 188; 35118
346; 188; 35160
347; 188; 35068
348; 188; 34822
349; 188; 34522
350; 188; 34461
351; 188; 34651
352; 188; 34816
353; 188; 34944
354; 188; 35044
355; 188; 35017
356; 188; 34791
357; 188; 34620
358; 188; 34552
359; 188; 34545
360; 188; 34586
361; 188; 34488
362; 188; 34204
363; 188; 33738
364; 188; 33489
365; 188; 33365
366; 188; 33381
367; 188; 33667
368; 188; 33927
369; 188; 33965
370; 188; 33850
371; 188; 33800
372; 188; 33883
373; 188; 33907
374; 188; 33893
375; 188; 33922
376; 188; 33975
377; 188; 34022
378; 188; 34025
379; 188; 34005
380; 188; 34103
381; 188; 34265
325; 189; 33750
326; 189; 34070
327; 189; 33781
328; 189; 33124
329; 189; 33032
330; 189; 33110
331; 189; 33125
332; 189; 32943
333; 189; 32869
334; 189; 33018
335; 189; 33335
336; 189; 33925
337; 189; 34690
338; 189; 34958
339; 189; 34835
340; 189; 34756
341; 189; 34818
342; 189; 34864
343; 189; 34870
344; 189; 34924
345; 189; 34949
346; 189; 34909
347; 189; 34891
348; 189; 34907
349; 189; 34930
350; 189; 34925
351; 189; 34842
352; 189; 34767
353; 189; 34678
354; 189; 34921
355; 189; 35064
356; 189; 35127
357; 189; 35048
358; 189; 34985
359; 189; 34899
360; 189; 34648
361; 189; 34149
362; 189; 33689
363; 189; 33474
364; 189; 33406
365; 189; 33587
366; 189; 33811
367; 189; 33930
368; 189; 34026
369; 189; 34065
370; 189; 34047
371; 189; 34052
372; 189; 34021
373; 189; 33896
374; 189; 33824
375; 189; 33837
376; 189; 33883
377; 189; 33958
378; 189; 33980
379; 189; 33958
380; 189; 34018
381; 189; 34143
325; 190; 33773
326; 190; 34005
327; 190; 33623
328; 190; 33054
329; 190; 33048
330; 190; 33190
331; 190; 33252
332; 190; 32993
333; 190; 32860
334; 190; 32971
335; 190; 33599
336; 190; 34524
337; 190; 35047
338; 190; 34969
339; 190; 34705
340; 190; 34713
341; 190; 34881
342; 190; 34946
343; 190; 34948
344; 190; 34963
345; 190; 34900
346; 190; 34800
347; 190; 34817
348; 190; 34946
349; 190; 35025
350; 190; 34982
351; 190; 34732
352; 190; 34350
353; 190; 34157
354; 190; 34391
355; 190; 34957
356; 190; 35234
357; 190; 35272
358; 190; 35013
359; 190; 34555
360; 190; 33936
361; 190; 33574
362; 190; 33445
363; 190; 33378
364; 190; 33620
365; 190; 33959
366; 190; 34018
367; 190; 33891
368; 190; 33845
369; 190; 33939
370; 190; 34087
371; 190; 34220
372; 190; 34252
373; 190; 34117
374; 190; 33961
375; 190; 33885
376; 190; 33883
377; 190; 33968
378; 190; 33967
379; 190; 33913
380; 190; 33905
381; 190; 33979
325; 191; 33851
326; 191; 34026
327; 191; 33529
328; 191; 32972
329; 191; 32986
330; 191; 33171
331; 191; 33242
332; 191; 32953
333; 191; 32944
334; 191; 33001
335; 191; 33904
336; 191; 34859
337; 191; 35126
338; 191; 34943
339; 191; 34731
340; 191; 34815
341; 191; 34944
342; 191; 34938
343; 191; 34929
344; 191; 34953
345; 191; 34879
346; 191; 34775
347; 191; 34816
348; 191; 34957
349; 191; 34983
350; 191; 34850
351; 191; 34539
352; 191; 34173
353; 191; 33975
354; 191; 34034
355; 191; 34550
356; 191; 35005
357; 191; 34973
358; 191; 34473
359; 191; 33755
360; 191; 33327
361; 191; 33282
362; 191; 33340
363; 191; 33552
364; 191; 33938
365; 191; 34151
366; 191; 34078
367; 191; 33872
368; 191; 33753
369; 191; 33810
370; 191; 34030
371; 191; 34299
372; 191; 34482
373; 191; 34442
374; 191; 34208
375; 191; 33988
376; 191; 33905
377; 191; 33942
378; 191; 33917
379; 191; 33851
380; 191; 33821
381; 191; 33898
325; 192; 33967
326; 192; 34059
327; 192; 33447
328; 192; 32933
329; 192; 32932
330; 192; 33119
331; 192; 33137
332; 192; 32904
333; 192; 32939
334; 192; 33159
335; 192; 34205
336; 192; 34990
337; 192; 35128
338; 192; 34931
339; 192; 34782
340; 192; 34807
341; 192; 34784
342; 192; 34709
343; 192; 34759
344; 192; 34869
345; 192; 34839
346; 192; 34754
347; 192; 34803
348; 192; 34935
349; 192; 34959
350; 192; 34871
351; 192; 34742
352; 192; 34537
353; 192; 34165
354; 192; 33860
355; 192; 33948
356; 192; 34278
357; 192; 34290
358; 192; 33845
359; 192; 33335
360; 192; 33153
361; 192; 33216
362; 192; 33554
363; 192; 33870
364; 192; 34054
365; 192; 34111
366; 192; 34078
367; 192; 33986
368; 192; 33902
369; 192; 33863
370; 192; 33987
371; 192; 34212
372; 192; 34402
373; 192; 34413
374; 192; 34210
375; 192; 33986
376; 192; 33895
377; 192; 33908
378; 192; 33881
379; 192; 33824
380; 192; 33801
381; 192; 33890
325; 193; 34067
326; 193; 34024
327; 193; 33315
328; 193; 32907
329; 193; 32934
330; 193; 33167
331; 193; 33086
332; 193; 32981
333; 193; 32982
334; 193; 33382
335; 193; 34401
336; 193; 35027
337; 193; 35094
338; 193; 34925
339; 193; 34783
340; 193; 34713
341; 193; 34603
342; 193; 34544
343; 193; 34671
344; 193; 34848
345; 193; 34841
346; 193; 34714
347; 193; 34692
348; 193; 34807
349; 193; 34924
350; 193; 34999
351; 193; 35032
352; 193; 34839
353; 193; 34232
354; 193; 33572
355; 193; 33400
356; 193; 33537
357; 193; 33657
358; 193; 33583
359; 193; 33340
360; 193; 33318
361; 193; 33558
362; 193; 33869
363; 193; 34057
364; 193; 34030
365; 193; 33955
366; 193; 33931
367; 193; 33958
368; 193; 33969
369; 193; 33948
370; 193; 33951
371; 193; 33959
372; 193; 33983
373; 193; 33982
374; 193; 33920
375; 193; 33900
376; 193; 33951
377; 193; 33984
378; 193; 33923
379; 193; 33876
380; 193; 33881
381; 193; 33927
325; 194; 34157
326; 194; 33956
327; 194; 33143
328; 194; 32896
329; 194; 32984
330; 194; 33398
331; 194; 33201
332; 194; 32979
333; 194; 32957
334; 194; 33529
335; 194; 34531
336; 194; 35074
337; 194; 35113
338; 194; 34975
339; 194; 34833
340; 194; 34736
341; 194; 34621
342; 194; 34569
343; 194; 34694
344; 194; 34883
345; 194; 34876
346; 194; 34654
347; 194; 34504
348; 194; 34600
349; 194; 34853
350; 194; 35047
351; 194; 35048
352; 194; 34545
353; 194; 33718
354; 194; 33269
355; 194; 33200
356; 194; 33286
357; 194; 33466
358; 194; 33517
359; 194; 33485
360; 194; 33543
361; 194; 33745
362; 194; 33976
363; 194; 34112
364; 194; 34071
365; 194; 33935
366; 194; 33826
367; 194; 33817
368; 194; 33894
369; 194; 33976
370; 194; 33943
371; 194; 33791
372; 194; 33691
373; 194; 33678
374; 194; 33712
375; 194; 33840
376; 194; 33997
377; 194; 34066
378; 194; 34003
379; 194; 33988
380; 194; 34022
381; 194; 34006
325; 195; 34105
326; 195; 33880
327; 195; 33070
328; 195; 32938
329; 195; 33074
330; 195; 33667
331; 195; 33554
332; 195; 33009
333; 195; 32971
334; 195; 33604
335; 195; 34577
336; 195; 35090
337; 195; 35106
338; 195; 34997
339; 195; 34896
340; 195; 34821
341; 195; 34704
342; 195; 34610
343; 195; 34686
344; 195; 34886
345; 195; 34893
346; 195; 34599
347; 195; 34366
348; 195; 34499
349; 195; 34865
350; 195; 35038
351; 195; 34666
352; 195; 33769
353; 195; 33179
354; 195; 33176
355; 195; 33256
356; 195; 33400
357; 195; 33540
358; 195; 33552
359; 195; 33535
360; 195; 33563
361; 195; 33687
362; 195; 33877
363; 195; 34079
364; 195; 34201
365; 195; 34141
366; 195; 33950
367; 195; 33832
368; 195; 33909
369; 195; 34020
370; 195; 33999
371; 195; 33897
372; 195; 33825
373; 195; 33754
374; 195; 33709
375; 195; 33791
376; 195; 33905
377; 195; 33959
378; 195; 33948
379; 195; 34020
380; 195; 34094
381; 195; 34051
325; 196; 34058
326; 196; 33855
327; 196; 33157
328; 196; 32940
329; 196; 33141
330; 196; 33796
331; 196; 33803
332; 196; 33260
333; 196; 33144
334; 196; 33625
335; 196; 34520
336; 196; 34955
337; 196; 34967
338; 196; 34844
339; 196; 34776
340; 196; 34720
341; 196; 34628
342; 196; 34575
343; 196; 34682
344; 196; 34879
345; 196; 34857
346; 196; 34552
347; 196; 34366
348; 196; 34583
349; 196; 34929
350; 196; 34938
351; 196; 34233
352; 196; 33329
353; 196; 32998
354; 196; 33106
355; 196; 33376
356; 196; 33631
357; 196; 33691
358; 196; 33635
359; 196; 33607
360; 196; 33622
361; 196; 33665
362; 196; 33768
363; 196; 33990
364; 196; 34255
365; 196; 34335
366; 196; 34181
367; 196; 34026
368; 196; 34033
369; 196; 34050
370; 196; 33995
371; 196; 34011
372; 196; 34052
373; 196; 33924
374; 196; 33730
375; 196; 33708
376; 196; 33775
377; 196; 33805
378; 196; 33833
379; 196; 33946
380; 196; 34023
381; 196; 33975
325; 197; 34019
326; 197; 33876
327; 197; 33380
328; 197; 33155
329; 197; 33213
330; 197; 33659
331; 197; 33733
332; 197; 33363
333; 197; 33254
334; 197; 33621
335; 197; 34448
336; 197; 34848
337; 197; 34796
338; 197; 34638
339; 197; 34557
340; 197; 34507
341; 197; 34465
342; 197; 34529
343; 197; 34723
344; 197; 34863
345; 197; 34745
346; 197; 34502
347; 197; 34498
348; 197; 34797
349; 197; 34961
350; 197; 34604
351; 197; 33841
352; 197; 33318
353; 197; 33138
354; 197; 33306
355; 197; 33650
356; 197; 33750
357; 197; 33798
358; 197; 33887
359; 197; 33979
360; 197; 33941
361; 197; 33828
362; 197; 33801
363; 197; 33932
364; 197; 34149
365; 197; 34268
366; 197; 34203
367; 197; 34083
368; 197; 34019
369; 197; 33945
370; 197; 33869
371; 197; 33885
372; 197; 33992
373; 197; 33927
374; 197; 33732
375; 197; 33703
376; 197; 33802
377; 197; 33828
378; 197; 33818
379; 197; 33877
380; 197; 33904
381; 197; 33851
325; 198; 33966
326; 198; 33829
327; 198; 33566
328; 198; 33385
329; 198; 33378
330; 198; 33599
331; 198; 33616
332; 198; 33371
333; 198; 33298
334; 198; 33649
335; 198; 34508
336; 198; 34915
337; 198; 34826
338; 198; 34644
339; 198; 34557
340; 198; 34480
341; 198; 34418
342; 198; 34509
343; 198; 34705
344; 198; 34745
345; 198; 34584
346; 198; 34517
347; 198; 34720
348; 198; 34902
349; 198; 34741
350; 198; 34051
351; 198; 33591
352; 198; 33507
353; 198; 33582
354; 198; 33907
355; 198; 33928
356; 198; 33845
357; 198; 33867
358; 198; 34037
359; 198; 34168
360; 198; 34095
361; 198; 33945
362; 198; 33900
363; 198; 33952
364; 198; 34021
365; 198; 34065
366; 198; 34040
367; 198; 33938
368; 198; 33855
369; 198; 33816
370; 198; 33816
371; 198; 33842
372; 198; 33889
373; 198; 33900
374; 198; 33838
375; 198; 33837
376; 198; 33933
377; 198; 33926
378; 198; 33837
379; 198; 33833
380; 198; 33828
381; 198; 33791
325; 199; 33819
326; 199; 33632
327; 199; 33544
328; 199; 33496
329; 199; 33559
330; 199; 33722
331; 199; 33668
332; 199; 33421
333; 199; 33322
334; 199; 33744
335; 199; 34716
336; 199; 35126
337; 199; 34983
338; 199; 34808
339; 199; 34732
340; 199; 34596
341; 199; 34453
342; 199; 34492
343; 199; 34606
344; 199; 34566
345; 199; 34493
346; 199; 34645
347; 199; 34877
348; 199; 34839
349; 199; 34246
350; 199; 33651
351; 199; 33503
352; 199; 33581
353; 199; 33836
354; 199; 33966
355; 199; 33961
356; 199; 33901
357; 199; 33903
358; 199; 33977
359; 199; 34014
360; 199; 33962
361; 199; 33911
362; 199; 33954
363; 199; 34007
364; 199; 33986
365; 199; 33961
366; 199; 33945
367; 199; 33883
368; 199; 33830
369; 199; 33848
370; 199; 33904
371; 199; 33941
372; 199; 33932
373; 199; 33917
374; 199; 33916
375; 199; 33933
376; 199; 33934
377; 199; 33878
378; 199; 33829
379; 199; 33869
380; 199; 33864
381; 199; 33837
325; 200; 33595
326; 200; 33435
327; 200; 33428
328; 200; 33471
329; 200; 33624
330; 200; 33836
331; 200; 33790
332; 200; 33477
333; 200; 33310
334; 200; 33797
335; 200; 34858
336; 200; 35200
337; 200; 35047
338; 200; 34887
339; 200; 34840
340; 200; 34670
341; 200; 34480
342; 200; 34514
343; 200; 34612
344; 200; 34542
345; 200; 34545
346; 200; 34730
347; 200; 34808
348; 200; 34355
349; 200; 33743
350; 200; 33523
351; 200; 33565
352; 200; 33707
353; 200; 33792
354; 200; 33821
355; 200; 33892
356; 200; 33982
357; 200; 33985
358; 200; 33891
359; 200; 33812
360; 200; 33830
361; 200; 33911
362; 200; 34015
363; 200; 34041
364; 200; 33967
365; 200; 33931
366; 200; 33956
367; 200; 33934
368; 200; 33887
369; 200; 33921
370; 200; 34000
371; 200; 34020
372; 200; 33970
373; 200; 33911
374; 200; 33889
375; 200; 33869
376; 200; 33798
377; 200; 33765
378; 200; 33857
379; 200; 33988
380; 200; 33958
381; 200; 33891
325; 201; 33492
326; 201; 33302
327; 201; 33322
328; 201; 33384
329; 201; 33524
330; 201; 33738
331; 201; 33752
332; 201; 33433
333; 201; 33215
334; 201; 33721
335; 201; 34788
336; 201; 35135
337; 201; 34988
338; 201; 34883
339; 201; 34868
340; 201; 34696
341; 201; 34550
342; 201; 34722
343; 201; 34943
344; 201; 34757
345; 201; 34543
346; 201; 34542
347; 201; 34307
348; 201; 33796
349; 201; 33566
350; 201; 33614
351; 201; 33728
352; 201; 33756
353; 201; 33742
354; 201; 33747
355; 201; 33890
356; 201; 34093
357; 201; 34098
358; 201; 33889
359; 201; 33730
360; 201; 33810
361; 201; 34009
362; 201; 34140
363; 201; 34128
364; 201; 34012
365; 201; 33925
366; 201; 33912
367; 201; 33869
368; 201; 33817
369; 201; 33870
370; 201; 33950
371; 201; 33967
372; 201; 33938
373; 201; 33909
374; 201; 33886
375; 201; 33817
376; 201; 33726
377; 201; 33747
378; 201; 33932
379; 201; 34085
380; 201; 33991
381; 201; 33866
325; 202; 33505
326; 202; 33278
327; 202; 33286
328; 202; 33340
329; 202; 33422
330; 202; 33564
331; 202; 33616
332; 202; 33379
333; 202; 33206
334; 202; 33701
335; 202; 34687
336; 202; 35078
337; 202; 34963
338; 202; 34907
339; 202; 34898
340; 202; 34748
341; 202; 34733
342; 202; 35073
343; 202; 35176
344; 202; 34753
345; 202; 34223
346; 202; 33947
347; 202; 33757
348; 202; 33592
349; 202; 33658
350; 202; 33825
351; 202; 33743
352; 202; 33634
353; 202; 33688
354; 202; 33794
355; 202; 33937
356; 202; 34099
357; 202; 34085
358; 202; 33857
359; 202; 33701
360; 202; 33818
361; 202; 34072
362; 202; 34236
363; 202; 34240
364; 202; 34108
365; 202; 33931
366; 202; 33801
367; 202; 33723
368; 202; 33729
369; 202; 33845
370; 202; 33900
371; 202; 33896
372; 202; 33930
373; 202; 33980
374; 202; 33978
375; 202; 33886
376; 202; 33782
377; 202; 33795
378; 202; 33973
379; 202; 34072
380; 202; 33946
381; 202; 33835
325; 203; 33555
326; 203; 33305
327; 203; 33305
328; 203; 33381
329; 203; 33436
330; 203; 33484
331; 203; 33550
332; 203; 33543
333; 203; 33495
334; 203; 33920
335; 203; 34718
336; 203; 35083
337; 203; 35016
338; 203; 34917
339; 203; 34869
340; 203; 34793
341; 203; 34845
342; 203; 35073
343; 203; 34889
344; 203; 34201
345; 203; 33705
346; 203; 33525
347; 203; 33480
348; 203; 33547
349; 203; 33856
350; 203; 33958
351; 203; 33684
352; 203; 33530
353; 203; 33726
354; 203; 33930
355; 203; 33973
356; 203; 34004
357; 203; 33980
358; 203; 33835
359; 203; 33769
360; 203; 33876
361; 203; 34055
362; 203; 34190
363; 203; 34229
364; 203; 34155
365; 203; 33961
366; 203; 33755
367; 203; 33701
368; 203; 33828
369; 203; 33955
370; 203; 33956
371; 203; 33940
372; 203; 33995
373; 203; 34045
374; 203; 34006
375; 203; 33885
376; 203; 33847
377; 203; 33901
378; 203; 34023
379; 203; 34060
380; 203; 33976
381; 203; 33938
325; 204; 33565
326; 204; 33327
327; 204; 33366
328; 204; 33481
329; 204; 33504
330; 204; 33452
331; 204; 33516
332; 204; 33809
333; 204; 34010
334; 204; 34323
335; 204; 34816
336; 204; 35137
337; 204; 35081
338; 204; 34864
339; 204; 34763
340; 204; 34811
341; 204; 34846
342; 204; 34645
343; 204; 34049
344; 204; 33627
345; 204; 33519
346; 204; 33471
347; 204; 33428
348; 204; 33613
349; 204; 33913
350; 204; 33931
351; 204; 33691
352; 204; 33659
353; 204; 33897
354; 204; 34028
355; 204; 33976
356; 204; 33962
357; 204; 33986
358; 204; 33965
359; 204; 33988
360; 204; 34080
361; 204; 34118
362; 204; 34083
363; 204; 34061
364; 204; 34057
365; 204; 33959
366; 204; 33813
367; 204; 33801
368; 204; 33954
369; 204; 34068
370; 204; 34028
371; 204; 34003
372; 204; 34082
373; 204; 34041
374; 204; 33867
375; 204; 33794
376; 204; 33910
377; 204; 34046
378; 204; 34125
379; 204; 34131
380; 204; 34116
381; 204; 34116
325; 205; 33495
326; 205; 33355
327; 205; 33482
328; 205; 33665
329; 205; 33617
330; 205; 33431
331; 205; 33423
332; 205; 33924
333; 205; 34370
334; 205; 34585
335; 205; 34844
336; 205; 35130
337; 205; 35102
338; 205; 34824
339; 205; 34730
340; 205; 34910
341; 205; 34916
342; 205; 34198
343; 205; 33471
344; 205; 33491
345; 205; 33586
346; 205; 33585
347; 205; 33564
348; 205; 33707
349; 205; 33935
350; 205; 33938
351; 205; 33777
352; 205; 33806
353; 205; 33957
354; 205; 33962
355; 205; 33916
356; 205; 33999
357; 205; 34095
358; 205; 34106
359; 205; 34117
360; 205; 34209
361; 205; 34223
362; 205; 34059
363; 205; 33907
364; 205; 33900
365; 205; 33922
366; 205; 33892
367; 205; 33908
368; 205; 34017
369; 205; 34075
370; 205; 34019
371; 205; 34048
372; 205; 34183
373; 205; 34076
374; 205; 33796
375; 205; 33762
376; 205; 33944
377; 205; 34092
378; 205; 34130
379; 205; 34150
380; 205; 34188
381; 205; 34153
325; 206; 33400
326; 206; 33344
327; 206; 33596
328; 206; 33877
329; 206; 33790
330; 206; 33430
331; 206; 33386
332; 206; 33918
333; 206; 34543
334; 206; 34696
335; 206; 34791
336; 206; 35046
337; 206; 35053
338; 206; 34805
339; 206; 34775
340; 206; 35038
341; 206; 34989
342; 206; 34047
343; 206; 33348
344; 206; 33487
345; 206; 33664
346; 206; 33721
347; 206; 33732
348; 206; 33918
349; 206; 34145
350; 206; 34086
351; 206; 33858
352; 206; 33791
353; 206; 33841
354; 206; 33811
355; 206; 33806
356; 206; 33954
357; 206; 34065
358; 206; 34037
359; 206; 34007
360; 206; 34116
361; 206; 34230
362; 206; 34112
363; 206; 33889
364; 206; 33831
365; 206; 33906
366; 206; 33965
367; 206; 34024
368; 206; 34077
369; 206; 34042
370; 206; 33995
371; 206; 34120
372; 206; 34295
373; 206; 34185
374; 206; 33904
375; 206; 33831
376; 206; 33957
377; 206; 34025
378; 206; 33999
379; 206; 34034
380; 206; 34106
381; 206; 34054
325; 207; 33384
326; 207; 33370
327; 207; 33638
328; 207; 33911
329; 207; 33843
330; 207; 33394
331; 207; 33323
332; 207; 33880
333; 207; 34672
334; 207; 34816
335; 207; 34809
336; 207; 34949
337; 207; 34962
338; 207; 34766
339; 207; 34792
340; 207; 35046
341; 207; 34944
342; 207; 34051
343; 207; 33442
344; 207; 33520
345; 207; 33731
346; 207; 33826
347; 207; 33862
348; 207; 34128
349; 207; 34319
350; 207; 34129
351; 207; 33823
352; 207; 33744
353; 207; 33829
354; 207; 33856
355; 207; 33850
356; 207; 33927
357; 207; 33989
358; 207; 33949
359; 207; 33910
360; 207; 34004
361; 207; 34159
362; 207; 34132
363; 207; 33947
364; 207; 33854
365; 207; 33932
366; 207; 34054
367; 207; 34141
368; 207; 34127
369; 207; 34043
370; 207; 34002
371; 207; 34129
372; 207; 34311
373; 207; 34259
374; 207; 34036
375; 207; 33964
376; 207; 34062
377; 207; 34082
378; 207; 34007
379; 207; 34007
380; 207; 34083
381; 207; 34083
325; 208; 33479
326; 208; 33461
327; 208; 33616
328; 208; 33811
329; 208; 33742
330; 208; 33288
331; 208; 33191
332; 208; 33783
333; 208; 34641
334; 208; 34827
335; 208; 34809
336; 208; 34899
337; 208; 34904
338; 208; 34764
339; 208; 34803
340; 208; 34950
341; 208; 34741
342; 208; 33928
343; 208; 33504
344; 208; 33612
345; 208; 33887
346; 208; 33930
347; 208; 33907
348; 208; 34106
349; 208; 34173
350; 208; 33935
351; 208; 33707
352; 208; 33744
353; 208; 33955
354; 208; 34080
355; 208; 34061
356; 208; 34054
357; 208; 34102
358; 208; 34109
359; 208; 34051
360; 208; 34029
361; 208; 34057
362; 208; 34028
363; 208; 33941
364; 208; 33903
365; 208; 33982
366; 208; 34103
367; 208; 34191
368; 208; 34177
369; 208; 34066
370; 208; 34017
371; 208; 34128
372; 208; 34274
373; 208; 34253
374; 208; 34106
375; 208; 34104
376; 208; 34267
377; 208; 34319
378; 208; 34207
379; 208; 34150
380; 208; 34189
381; 208; 34178
325; 209; 33555
326; 209; 33503
327; 209; 33569
328; 209; 33707
329; 209; 33666
330; 209; 33222
331; 209; 33093
332; 209; 33550
333; 209; 34374
334; 209; 34680
335; 209; 34758
336; 209; 34880
337; 209; 34919
338; 209; 34844
339; 209; 34869
340; 209; 34903
341; 209; 34512
342; 209; 33726
343; 209; 33502
344; 209; 33733
345; 209; 34039
346; 209; 34006
347; 209; 33872
348; 209; 33896
349; 209; 33886
350; 209; 33746
351; 209; 33663
352; 209; 33768
353; 209; 34005
354; 209; 34171
355; 209; 34191
356; 209; 34196
357; 209; 34259
358; 209; 34301
359; 209; 34222
360; 209; 34064
361; 209; 33932
362; 209; 33860
363; 209; 33864
364; 209; 33930
365; 209; 34024
366; 209; 34090
367; 209; 34107
368; 209; 34080
369; 209; 34017
370; 209; 34038
371; 209; 34188
372; 209; 34300
373; 209; 34253
374; 209; 34130
375; 209; 34147
376; 209; 34316
377; 209; 34399
378; 209; 34332
379; 209; 34284
380; 209; 34277
381; 209; 34178
325; 210; 33469
326; 210; 33423
327; 210; 33507
328; 210; 33716
329; 210; 33742
330; 210; 33282
331; 210; 33068
332; 210; 33291
333; 210; 34087
334; 210; 34582
335; 210; 34754
336; 210; 34888
337; 210; 34942
338; 210; 34923
339; 210; 34933
340; 210; 34865
341; 210; 34344
342; 210; 33619
343; 210; 33505
344; 210; 33792
345; 210; 34040
346; 210; 33969
347; 210; 33823
348; 210; 33781
349; 210; 33790
350; 210; 33769
351; 210; 33754
352; 210; 33810
353; 210; 33939
354; 210; 34081
355; 210; 34150
356; 210; 34174
357; 210; 34213
358; 210; 34250
359; 210; 34177
360; 210; 34016
361; 210; 33876
362; 210; 33822
363; 210; 33862
364; 210; 33954
365; 210; 34041
366; 210; 34067
367; 210; 34010
368; 210; 33926
369; 210; 33909
370; 210; 34011
371; 210; 34170
372; 210; 34273
373; 210; 34242
374; 210; 34125
375; 210; 34066
376; 210; 34119
377; 210; 34189
378; 210; 34248
379; 210; 34312
380; 210; 34330
381; 210; 34164
325; 211; 33337
326; 211; 33305
327; 211; 33437
328; 211; 33737
329; 211; 33820
330; 211; 33436
331; 211; 33040
332; 211; 33160
333; 211; 33926
334; 211; 34594
335; 211; 34854
336; 211; 34929
337; 211; 34944
338; 211; 34954
339; 211; 34951
340; 211; 34757
341; 211; 34165
342; 211; 33586
343; 211; 33519
344; 211; 33740
345; 211; 33870
346; 211; 33843
347; 211; 33822
348; 211; 33847
349; 211; 33883
350; 211; 33907
351; 211; 33900
352; 211; 33874
353; 211; 33902
354; 211; 34022
355; 211; 34107
356; 211; 34102
357; 211; 34105
358; 211; 34145
359; 211; 34117
360; 211; 34042
361; 211; 33982
362; 211; 33948
363; 211; 33936
364; 211; 33971
365; 211; 34051
366; 211; 34060
367; 211; 33964
368; 211; 33878
369; 211; 33885
370; 211; 33947
371; 211; 33997
372; 211; 34084
373; 211; 34159
374; 211; 34123
375; 211; 34001
376; 211; 33972
377; 211; 34050
378; 211; 34181
379; 211; 34307
380; 211; 34351
381; 211; 34206
325; 212; 33336
326; 212; 33265
327; 212; 33380
328; 212; 33646
329; 212; 33751
330; 212; 33527
331; 212; 33123
332; 212; 33153
333; 212; 33815
334; 212; 34613
335; 212; 34950
336; 212; 34976
337; 212; 34951
338; 212; 34995
339; 212; 34979
340; 212; 34654
341; 212; 33982
342; 212; 33519
343; 212; 33505
344; 212; 33664
345; 212; 33761
346; 212; 33837
347; 212; 33897
348; 212; 33904
349; 212; 33887
350; 212; 33917
351; 212; 33942
352; 212; 33898
353; 212; 33896
354; 212; 34020
355; 212; 34126
356; 212; 34153
357; 212; 34196
358; 212; 34273
359; 212; 34272
360; 212; 34183
361; 212; 34095
362; 212; 34035
363; 212; 33985
364; 212; 33999
365; 212; 34064
366; 212; 34070
367; 212; 34033
368; 212; 34036
369; 212; 34031
370; 212; 33936
371; 212; 33782
372; 212; 33820
373; 212; 34053
374; 212; 34151
375; 212; 34040
376; 212; 33985
377; 212; 34090
378; 212; 34225
379; 212; 34285
380; 212; 34297
381; 212; 34271
325; 213; 33425
326; 213; 33334
327; 213; 33403
328; 213; 33559
329; 213; 33630
330; 213; 33502
331; 213; 33277
332; 213; 33306
333; 213; 33851
334; 213; 34610
335; 213; 34990
336; 213; 34993
337; 213; 34940
338; 213; 35013
339; 213; 35026
340; 213; 34568
341; 213; 33839
342; 213; 33496
343; 213; 33518
344; 213; 33695
345; 213; 33850
346; 213; 33993
347; 213; 34017
348; 213; 33872
349; 213; 33761
350; 213; 33820
351; 213; 33895
352; 213; 33858
353; 213; 33828
354; 213; 33927
355; 213; 34054
356; 213; 34160
357; 213; 34331
358; 213; 34499
359; 213; 34470
360; 213; 34229
361; 213; 34007
362; 213; 33928
363; 213; 33920
364; 213; 33998
365; 213; 34078
366; 213; 34059
367; 213; 34045
368; 213; 34167
369; 213; 34223
370; 213; 34005
371; 213; 33679
372; 213; 33669
373; 213; 34009
374; 213; 34171
375; 213; 34069
376; 213; 34035
377; 213; 34160
378; 213; 34241
379; 213; 34190
380; 213; 34205
381; 213; 34325
325; 214; 33529
326; 214; 33485
327; 214; 33524
328; 214; 33572
329; 214; 33542
330; 214; 33475
331; 214; 33454
332; 214; 33558
333; 214; 33996
334; 214; 34667
335; 214; 35035
336; 214; 34990
337; 214; 34876
338; 214; 34924
339; 214; 34935
340; 214; 34439
341; 214; 33715
342; 214; 33532
343; 214; 33582
344; 214; 33761
345; 214; 33945
346; 214; 34088
347; 214; 34014
348; 214; 33753
349; 214; 33679
350; 214; 33851
351; 214; 33945
352; 214; 33858
353; 214; 33761
354; 214; 33793
355; 214; 33863
356; 214; 33941
357; 214; 34168
358; 214; 34436
359; 214; 34447
360; 214; 34143
361; 214; 33830
362; 214; 33776
363; 214; 33861
364; 214; 34011
365; 214; 34118
366; 214; 34040
367; 214; 33907
368; 214; 33993
369; 214; 34134
370; 214; 33970
371; 214; 33615
372; 214; 33595
373; 214; 33963
374; 214; 34153
375; 214; 34059
376; 214; 34050
377; 214; 34176
378; 214; 34210
379; 214; 34125
380; 214; 34170
381; 214; 34330
325; 215; 33551
326; 215; 33559
327; 215; 33623
328; 215; 33615
329; 215; 33478
330; 215; 33385
331; 215; 33466
332; 215; 33714
333; 215; 34159
334; 215; 34759
335; 215; 35078
336; 215; 34980
337; 215; 34812
338; 215; 34820
339; 215; 34809
340; 215; 34235
341; 215; 33584
342; 215; 33545
343; 215; 33628
344; 215; 33723
345; 215; 33848
346; 215; 33988
347; 215; 33908
348; 215; 33648
349; 215; 33676
350; 215; 33967
351; 215; 34069
352; 215; 33965
353; 215; 33849
354; 215; 33824
355; 215; 33784
356; 215; 33749
357; 215; 33901
358; 215; 34184
359; 215; 34321
360; 215; 34175
361; 215; 33899
362; 215; 33801
363; 215; 33882
364; 215; 34011
365; 215; 34122
366; 215; 34019
367; 215; 33762
368; 215; 33668
369; 215; 33798
370; 215; 33794
371; 215; 33507
372; 215; 33416
373; 215; 33757
374; 215; 34045
375; 215; 34074
376; 215; 34112
377; 215; 34241
378; 215; 34297
379; 215; 34272
380; 215; 34286
381; 215; 34299
325; 216; 33528
326; 216; 33518
327; 216; 33596
328; 216; 33606
329; 216; 33451
330; 216; 33325
331; 216; 33396
332; 216; 33775
333; 216; 34282
334; 216; 34785
335; 216; 35009
336; 216; 34948
337; 216; 34817
338; 216; 34820
339; 216; 34740
340; 216; 34046
341; 216; 33472
342; 216; 33533
343; 216; 33644
344; 216; 33621
345; 216; 33663
346; 216; 33843
347; 216; 33871
348; 216; 33661
349; 216; 33707
350; 216; 34024
351; 216; 34129
352; 216; 34081
353; 216; 34025
354; 216; 33991
355; 216; 33883
356; 216; 33760
357; 216; 33819
358; 216; 34063
359; 216; 34304
360; 216; 34380
361; 216; 34255
362; 216; 34070
363; 216; 33947
364; 216; 33927
365; 216; 34050
366; 216; 34054
367; 216; 33781
368; 216; 33561
369; 216; 33605
370; 216; 33636
371; 216; 33426
372; 216; 33266
373; 216; 33541
374; 216; 33929
375; 216; 34131
376; 216; 34220
377; 216; 34317
378; 216; 34413
379; 216; 34475
380; 216; 34435
381; 216; 34272
325; 217; 33579
326; 217; 33481
327; 217; 33512
328; 217; 33571
329; 217; 33514
330; 217; 33421
331; 217; 33502
332; 217; 33874
333; 217; 34371
334; 217; 34766
335; 217; 34932
336; 217; 34910
337; 217; 34855
338; 217; 34887
339; 217; 34683
340; 217; 33872
341; 217; 33369
342; 217; 33491
343; 217; 33686
344; 217; 33633
345; 217; 33633
346; 217; 33852
347; 217; 33941
348; 217; 33758
349; 217; 33731
350; 217; 33965
351; 217; 34060
352; 217; 34073
353; 217; 34078
354; 217; 34045
355; 217; 33945
356; 217; 33867
357; 217; 33913
358; 217; 34083
359; 217; 34285
360; 217; 34417
361; 217; 34411
362; 217; 34241
363; 217; 33987
364; 217; 33870
365; 217; 34048
366; 217; 34242
367; 217; 34049
368; 217; 33684
369; 217; 33534
370; 217; 33487
371; 217; 33339
372; 217; 33317
373; 217; 33575
374; 217; 33880
375; 217; 34091
376; 217; 34208
377; 217; 34269
378; 217; 34375
379; 217; 34508
380; 217; 34494
381; 217; 34321
325; 218; 33665
326; 218; 33529
327; 218; 33496
328; 218; 33557
329; 218; 33599
330; 218; 33607
331; 218; 33671
332; 218; 33980
333; 218; 34426
334; 218; 34777
335; 218; 34914
336; 218; 34904
337; 218; 34865
338; 218; 34885
339; 218; 34583
340; 218; 33686
341; 218; 33239
342; 218; 33454
343; 218; 33740
344; 218; 33743
345; 218; 33754
346; 218; 33955
347; 218; 34006
348; 218; 33814
349; 218; 33701
350; 218; 33834
351; 218; 33927
352; 218; 33982
353; 218; 34009
354; 218; 33968
355; 218; 33915
356; 218; 33954
357; 218; 34037
358; 218; 34095
359; 218; 34126
360; 218; 34155
361; 218; 34197
362; 218; 34155
363; 218; 33996
364; 218; 33944
365; 218; 34150
366; 218; 34358
367; 218; 34197
368; 218; 33782
369; 218; 33455
370; 218; 33320
371; 218; 33335
372; 218; 33512
373; 218; 33772
374; 218; 33915
375; 218; 33983
376; 218; 34089
377; 218; 34178
378; 218; 34286
379; 218; 34430
380; 218; 34489
381; 218; 34438
325; 219; 33725
326; 219; 33595
327; 219; 33504
328; 219; 33522
329; 219; 33585
330; 219; 33632
331; 219; 33731
332; 219; 33980
333; 219; 34408
334; 219; 34795
335; 219; 34933
336; 219; 34925
337; 219; 34865
338; 219; 34868
339; 219; 34465
340; 219; 33549
341; 219; 33254
342; 219; 33460
343; 219; 33770
344; 219; 33814
345; 219; 33843
346; 219; 33969
347; 219; 33939
348; 219; 33769
349; 219; 33678
350; 219; 33752
351; 219; 33835
352; 219; 33912
353; 219; 33953
354; 219; 33935
355; 219; 33932
356; 219; 34022
357; 219; 34115
358; 219; 34104
359; 219; 34008
360; 219; 33934
361; 219; 33963
362; 219; 34036
363; 219; 34050
364; 219; 34057
365; 219; 34116
366; 219; 34105
367; 219; 33885
368; 219; 33555
369; 219; 33315
370; 219; 33244
371; 219; 33354
372; 219; 33628
373; 219; 33885
374; 219; 33981
375; 219; 34026
376; 219; 34108
377; 219; 34198
378; 219; 34274
379; 219; 34350
380; 219; 34422
381; 219; 34473
325; 220; 33650
326; 220; 33532
327; 220; 33444
328; 220; 33449
329; 220; 33491
330; 220; 33542
331; 220; 33659
332; 220; 33969
333; 220; 34408
334; 220; 34802
335; 220; 34934
336; 220; 34942
337; 220; 34888
338; 220; 34835
339; 220; 34374
340; 220; 33534
341; 220; 33319
342; 220; 33531
343; 220; 33777
344; 220; 33824
345; 220; 33884
346; 220; 33946
347; 220; 33844
348; 220; 33709
349; 220; 33707
350; 220; 33773
351; 220; 33805
352; 220; 33877
353; 220; 33971
354; 220; 34009
355; 220; 34020
356; 220; 34077
357; 220; 34150
358; 220; 34145
359; 220; 34053
360; 220; 33955
361; 220; 33947
362; 220; 34057
363; 220; 34191
364; 220; 34184
365; 220; 33964
366; 220; 33655
367; 220; 33492
368; 220; 33448
369; 220; 33375
370; 220; 33354
371; 220; 33470
372; 220; 33663
373; 220; 33854
374; 220; 34040
375; 220; 34184
376; 220; 34248
377; 220; 34286
378; 220; 34288
379; 220; 34257
380; 220; 34286
381; 220; 34387
325; 221; 33531
326; 221; 33439
327; 221; 33385
328; 221; 33403
329; 221; 33435
330; 221; 33475
331; 221; 33664
332; 221; 34053
333; 221; 34540
334; 221; 34835
335; 221; 34953
336; 221; 34979
337; 221; 34955
338; 221; 34790
339; 221; 34216
340; 221; 33563
341; 221; 33455
342; 221; 33663
343; 221; 33777
344; 221; 33800
345; 221; 33918
346; 221; 33977
347; 221; 33845
348; 221; 33703
349; 221; 33722
350; 221; 33774
351; 221; 33764
352; 221; 33820
353; 221; 33947
354; 221; 34015
355; 221; 34019
356; 221; 34055
357; 221; 34138
358; 221; 34184
359; 221; 34126
360; 221; 34012
361; 221; 33983
362; 221; 34120
363; 221; 34300
364; 221; 34260
365; 221; 33901
366; 221; 33490
367; 221; 33434
368; 221; 33606
369; 221; 33641
370; 221; 33617
371; 221; 33669
372; 221; 33737
373; 221; 33832
374; 221; 34079
375; 221; 34305
376; 221; 34367
377; 221; 34380
378; 221; 34333
379; 221; 34205
380; 221; 34181
381; 221; 34318
325; 222; 33471
326; 222; 33446
327; 222; 33417
328; 222; 33397
329; 222; 33408
330; 222; 33468
331; 222; 33707
332; 222; 34229
333; 222; 34709
334; 222; 34924
335; 222; 34972
336; 222; 35026
337; 222; 35022
338; 222; 34695
339; 222; 33973
340; 222; 33547
341; 222; 33630
342; 222; 33809
343; 222; 33763
344; 222; 33720
345; 222; 33862
346; 222; 33947
347; 222; 33849
348; 222; 33730
349; 222; 33729
350; 222; 33755
351; 222; 33777
352; 222; 33858
353; 222; 33938
354; 222; 33926
355; 222; 33887
356; 222; 33947
357; 222; 34092
358; 222; 34174
359; 222; 34089
360; 222; 33924
361; 222; 33889
362; 222; 34057
363; 222; 34236
364; 222; 34173
365; 222; 33885
366; 222; 33667
367; 222; 33710
368; 222; 33844
369; 222; 33861
370; 222; 33837
371; 222; 33836
372; 222; 33829
373; 222; 33877
374; 222; 34086
375; 222; 34324
376; 222; 34436
377; 222; 34495
378; 222; 34456
379; 222; 34264
380; 222; 34174
381; 222; 34324
