313; 223; 33553
314; 223; 33507
312; 224; 33696
313; 224; 33690
314; 224; 33522
315; 224; 33316
311; 225; 33697
312; 225; 33710
313; 225; 33792
314; 225; 33636
315; 225; 33275
316; 225; 33143
317; 225; 33469
311; 226; 33710
312; 226; 33690
313; 226; 33776
314; 226; 33713
315; 226; 33419
316; 226; 33172
317; 226; 33303
311; 227; 33754
312; 227; 33690
313; 227; 33722
314; 227; 33752
315; 227; 33639
316; 227; 33399
317; 227; 33305
311; 228; 33819
312; 228; 33706
313; 228; 33677
314; 228; 33761
315; 228; 33802
316; 228; 33611
317; 228; 33367
312; 229; 33739
313; 229; 33634
314; 229; 33727
315; 229; 33839
316; 229; 33689
317; 229; 33411
312; 230; 33834
313; 230; 33631
314; 230; 33673
315; 230; 33787
316; 230; 33668
317; 230; 33426
312; 231; 33963
313; 231; 33690
314; 231; 33642
315; 231; 33726
316; 231; 33651
317; 231; 33465
312; 232; 34020
313; 232; 33759
314; 232; 33650
315; 232; 33699
316; 232; 33675
317; 232; 33556
313; 233; 33798
314; 233; 33702
315; 233; 33711
316; 233; 33699
317; 233; 33656
313; 234; 33849
314; 234; 33813
315; 234; 33774
316; 234; 33721
314; 235; 33973
315; 235; 33907
316; 235; 33819
