219; 316; 33471
220; 316; 33336
221; 316; 33283
222; 316; 33288
218; 317; 33400
219; 317; 33226
220; 317; 33074
221; 317; 32957
222; 317; 32967
223; 317; 33172
218; 318; 33146
219; 318; 33059
220; 318; 33029
221; 318; 32969
222; 318; 32980
223; 318; 33121
218; 319; 32993
219; 319; 33050
220; 319; 33133
221; 319; 33172
222; 319; 33160
223; 319; 33178
217; 320; 32989
218; 320; 33040
219; 320; 33187
220; 320; 33277
221; 320; 33295
222; 320; 33255
223; 320; 33219
217; 321; 33061
218; 321; 33240
219; 321; 33353
220; 321; 33333
221; 321; 33272
222; 321; 33234
223; 321; 33254
217; 322; 33196
218; 322; 33361
219; 322; 33417
220; 322; 33326
221; 322; 33233
222; 322; 33218
217; 323; 33284
218; 323; 33362
219; 323; 33411
220; 323; 33360
221; 323; 33270
222; 323; 33238
217; 324; 33335
218; 324; 33350
219; 324; 33436
220; 324; 33446
221; 324; 33305
222; 324; 33227
218; 325; 33412
219; 325; 33504
220; 325; 33492
221; 325; 33292
222; 325; 33192
