155; 102; 32832
156; 102; 32838
157; 102; 32822
155; 103; 32868
156; 103; 32880
157; 103; 32832
155; 104; 32873
156; 104; 32899
157; 104; 32862
155; 105; 32855
156; 105; 32880
157; 105; 32855
155; 106; 32843
156; 106; 32883
157; 106; 32857
158; 106; 32813
155; 107; 32849
156; 107; 32911
157; 107; 32896
158; 107; 32835
155; 108; 32861
156; 108; 32930
157; 108; 32920
158; 108; 32858
155; 109; 32859
156; 109; 32932
157; 109; 32920
158; 109; 32845
155; 110; 32843
156; 110; 32913
157; 110; 32920
158; 110; 32838
159; 110; 32811
155; 111; 32829
156; 111; 32872
157; 111; 32907
158; 111; 32843
159; 111; 32810
156; 112; 32834
157; 112; 32873
158; 112; 32837
