176; 302; 34123
177; 302; 34112
178; 302; 34108
179; 302; 34267
180; 302; 34604
181; 302; 34851
182; 302; 34725
175; 303; 34244
176; 303; 34350
177; 303; 34186
178; 303; 34106
179; 303; 34435
180; 303; 34872
181; 303; 34911
182; 303; 34680
183; 303; 34308
184; 303; 33977
185; 303; 33788
175; 304; 34369
176; 304; 34521
177; 304; 34199
178; 304; 34009
179; 304; 34396
180; 304; 34823
181; 304; 34786
182; 304; 34411
183; 304; 34217
184; 304; 34189
185; 304; 34228
186; 304; 34214
187; 304; 34188
176; 305; 34519
177; 305; 34215
178; 305; 34022
179; 305; 34384
180; 305; 34641
181; 305; 34460
182; 305; 34233
183; 305; 34282
184; 305; 34484
185; 305; 34483
186; 305; 34397
187; 305; 34309
188; 305; 34200
176; 306; 34382
177; 306; 34201
178; 306; 34168
179; 306; 34483
180; 306; 34542
181; 306; 34305
182; 306; 34229
183; 306; 34420
184; 306; 34547
185; 306; 34431
186; 306; 34137
187; 306; 33987
188; 306; 33947
189; 306; 33811
190; 306; 33243
176; 307; 34209
177; 307; 34153
178; 307; 34181
179; 307; 34424
180; 307; 34465
181; 307; 34300
182; 307; 34249
183; 307; 34407
184; 307; 34473
185; 307; 34180
186; 307; 33825
187; 307; 33679
188; 307; 33705
189; 307; 33676
190; 307; 33455
177; 308; 34165
178; 308; 34117
179; 308; 34189
180; 308; 34218
181; 308; 34161
182; 308; 34142
183; 308; 34206
184; 308; 34243
185; 308; 34131
186; 308; 33909
187; 308; 33789
188; 308; 33811
189; 308; 33863
190; 308; 33746
191; 308; 33342
177; 309; 34231
178; 309; 34206
179; 309; 34169
180; 309; 34116
181; 309; 34018
182; 309; 33979
183; 309; 34014
184; 309; 34046
185; 309; 34060
186; 309; 34045
187; 309; 34026
188; 309; 34031
189; 309; 34037
190; 309; 33857
191; 309; 33390
179; 310; 34347
180; 310; 34209
181; 310; 34006
182; 310; 33951
183; 310; 33983
184; 310; 33988
185; 310; 33969
186; 310; 33979
187; 310; 34020
188; 310; 34069
189; 310; 34060
190; 310; 33754
182; 311; 34000
183; 311; 34042
184; 311; 33989
185; 311; 33897
186; 311; 33926
187; 311; 34071
188; 311; 34171
189; 311; 34097
185; 312; 33848
186; 312; 33919
187; 312; 34138
188; 312; 34256
189; 312; 34026
