184; 220; 33285
185; 220; 33314
186; 220; 33416
187; 220; 33599
188; 220; 33633
189; 220; 33448
190; 220; 33245
191; 220; 33195
192; 220; 33285
183; 221; 33231
184; 221; 33292
185; 221; 33319
186; 221; 33429
187; 221; 33611
188; 221; 33654
189; 221; 33499
190; 221; 33352
191; 221; 33347
192; 221; 33401
193; 221; 33442
194; 221; 33467
195; 221; 33455
196; 221; 33448
197; 221; 33512
198; 221; 33485
199; 221; 33202
200; 221; 32984
183; 222; 33373
184; 222; 33450
185; 222; 33414
186; 222; 33419
187; 222; 33489
188; 222; 33498
189; 222; 33415
190; 222; 33381
191; 222; 33440
192; 222; 33463
193; 222; 33429
194; 222; 33431
195; 222; 33450
196; 222; 33459
197; 222; 33537
198; 222; 33614
199; 222; 33456
200; 222; 33137
181; 223; 33244
182; 223; 33332
183; 223; 33488
184; 223; 33520
185; 223; 33447
186; 223; 33374
187; 223; 33355
188; 223; 33352
189; 223; 33334
190; 223; 33352
191; 223; 33414
192; 223; 33423
193; 223; 33385
194; 223; 33408
195; 223; 33474
196; 223; 33496
197; 223; 33529
198; 223; 33617
199; 223; 33576
200; 223; 33306
181; 224; 33393
182; 224; 33443
183; 224; 33474
184; 224; 33451
185; 224; 33394
186; 224; 33332
187; 224; 33323
188; 224; 33366
189; 224; 33382
190; 224; 33364
191; 224; 33369
192; 224; 33376
193; 224; 33366
194; 224; 33411
195; 224; 33509
196; 224; 33546
197; 224; 33537
198; 224; 33577
199; 224; 33570
200; 224; 33380
181; 225; 33495
182; 225; 33473
183; 225; 33430
184; 225; 33394
185; 225; 33375
186; 225; 33340
187; 225; 33349
188; 225; 33422
189; 225; 33441
190; 225; 33378
191; 225; 33345
192; 225; 33363
193; 225; 33372
194; 225; 33404
195; 225; 33487
196; 225; 33534
197; 225; 33525
198; 225; 33536
199; 225; 33529
200; 225; 33401
181; 226; 33459
182; 226; 33447
183; 226; 33424
184; 226; 33396
185; 226; 33385
186; 226; 33346
187; 226; 33332
188; 226; 33387
189; 226; 33406
190; 226; 33349
191; 226; 33328
192; 226; 33368
193; 226; 33391
194; 226; 33399
195; 226; 33434
196; 226; 33468
197; 226; 33486
198; 226; 33510
199; 226; 33513
200; 226; 33424
181; 227; 33394
182; 227; 33425
183; 227; 33430
184; 227; 33376
185; 227; 33353
186; 227; 33326
187; 227; 33295
188; 227; 33323
189; 227; 33362
190; 227; 33343
191; 227; 33324
192; 227; 33359
193; 227; 33398
194; 227; 33405
195; 227; 33403
196; 227; 33416
197; 227; 33450
198; 227; 33504
199; 227; 33534
200; 227; 33468
181; 228; 33391
182; 228; 33440
183; 228; 33432
184; 228; 33324
185; 228; 33298
186; 228; 33320
187; 228; 33303
188; 228; 33314
189; 228; 33372
190; 228; 33381
191; 228; 33335
192; 228; 33324
193; 228; 33357
194; 228; 33380
195; 228; 33390
196; 228; 33415
197; 228; 33462
198; 228; 33522
199; 228; 33566
200; 228; 33517
181; 229; 33422
182; 229; 33457
183; 229; 33430
184; 229; 33299
185; 229; 33271
186; 229; 33328
187; 229; 33331
188; 229; 33325
189; 229; 33370
190; 229; 33386
191; 229; 33339
192; 229; 33305
193; 229; 33317
194; 229; 33337
195; 229; 33375
196; 229; 33445
197; 229; 33508
198; 229; 33546
199; 229; 33575
200; 229; 33545
181; 230; 33441
182; 230; 33412
183; 230; 33398
184; 230; 33316
185; 230; 33276
186; 230; 33305
187; 230; 33310
188; 230; 33297
189; 230; 33317
190; 230; 33337
191; 230; 33333
192; 230; 33329
193; 230; 33327
194; 230; 33322
195; 230; 33366
196; 230; 33464
197; 230; 33532
198; 230; 33538
199; 230; 33543
200; 230; 33537
182; 231; 33308
183; 231; 33319
184; 231; 33333
185; 231; 33303
186; 231; 33278
187; 231; 33276
188; 231; 33284
189; 231; 33287
190; 231; 33285
191; 231; 33301
192; 231; 33338
193; 231; 33348
194; 231; 33327
195; 231; 33355
196; 231; 33450
197; 231; 33513
198; 231; 33498
199; 231; 33496
200; 231; 33542
182; 232; 33281
183; 232; 33241
184; 232; 33303
185; 232; 33326
186; 232; 33292
187; 232; 33296
188; 232; 33338
189; 232; 33334
190; 232; 33279
191; 232; 33256
192; 232; 33294
193; 232; 33331
194; 232; 33331
195; 232; 33359
196; 232; 33447
197; 232; 33504
198; 232; 33481
199; 232; 33500
183; 233; 33243
184; 233; 33234
185; 233; 33302
186; 233; 33319
187; 233; 33333
188; 233; 33385
189; 233; 33388
190; 233; 33320
191; 233; 33271
192; 233; 33287
193; 233; 33323
194; 233; 33342
195; 233; 33386
196; 233; 33479
197; 233; 33543
198; 233; 33540
183; 234; 33363
184; 234; 33229
185; 234; 33267
186; 234; 33325
187; 234; 33327
188; 234; 33333
189; 234; 33343
190; 234; 33341
191; 234; 33346
192; 234; 33353
193; 234; 33346
194; 234; 33347
195; 234; 33389
196; 234; 33489
197; 234; 33598
184; 235; 33347
185; 235; 33305
186; 235; 33325
187; 235; 33305
188; 235; 33253
189; 235; 33241
190; 235; 33306
191; 235; 33391
192; 235; 33409
193; 235; 33368
194; 235; 33334
195; 235; 33336
185; 236; 33413
186; 236; 33341
187; 236; 33338
188; 236; 33290
189; 236; 33246
190; 236; 33310
191; 236; 33415
192; 236; 33433
193; 236; 33386
194; 236; 33341
186; 237; 33354
187; 237; 33368
188; 237; 33379
189; 237; 33340
190; 237; 33360
191; 237; 33410
192; 237; 33412
193; 237; 33418
194; 237; 33432
187; 238; 33312
188; 238; 33330
189; 238; 33330
190; 238; 33324
191; 238; 33311
192; 238; 33330
