169; 250; 34200
170; 250; 34099
171; 250; 33871
172; 250; 33700
173; 250; 33649
174; 250; 33685
175; 250; 33768
176; 250; 33950
177; 250; 34132
178; 250; 34197
179; 250; 34047
180; 250; 33532
181; 250; 33365
182; 250; 33538
183; 250; 33725
184; 250; 34059
185; 250; 34435
186; 250; 34354
187; 250; 33803
188; 250; 33383
189; 250; 33580
190; 250; 33823
191; 250; 33771
192; 250; 33587
193; 250; 33271
194; 250; 33002
195; 250; 33007
196; 250; 33509
197; 250; 34219
198; 250; 34649
199; 250; 34663
200; 250; 34681
201; 250; 35034
202; 250; 35147
203; 250; 34573
204; 250; 33586
205; 250; 33342
206; 250; 33658
207; 250; 33802
208; 250; 33437
209; 250; 33010
210; 250; 32876
211; 250; 33161
212; 250; 33433
213; 250; 34150
214; 250; 34852
215; 250; 34817
216; 250; 34198
217; 250; 33328
218; 250; 32919
219; 250; 33124
220; 250; 33126
221; 250; 32963
222; 250; 32968
169; 251; 34388
170; 251; 34278
171; 251; 34054
172; 251; 33814
173; 251; 33650
174; 251; 33613
175; 251; 33610
176; 251; 33776
177; 251; 34062
178; 251; 34254
179; 251; 34180
180; 251; 33814
181; 251; 33624
182; 251; 33824
183; 251; 33893
184; 251; 33995
185; 251; 34334
186; 251; 34314
187; 251; 33828
188; 251; 33442
189; 251; 33411
190; 251; 33483
191; 251; 33528
192; 251; 33400
193; 251; 33104
194; 251; 32959
195; 251; 33216
196; 251; 33861
197; 251; 34376
198; 251; 34579
199; 251; 34592
200; 251; 34596
201; 251; 34817
202; 251; 34977
203; 251; 34582
204; 251; 33675
205; 251; 33243
206; 251; 33301
207; 251; 33382
208; 251; 33285
209; 251; 32917
210; 251; 32834
211; 251; 33105
212; 251; 33262
213; 251; 34350
214; 251; 35382
215; 251; 35334
216; 251; 34647
217; 251; 33811
218; 251; 33048
219; 251; 33016
220; 251; 32990
221; 251; 32969
222; 251; 33046
169; 252; 34413
170; 252; 34276
171; 252; 34059
172; 252; 33840
173; 252; 33646
174; 252; 33581
175; 252; 33552
176; 252; 33686
177; 252; 33976
178; 252; 34215
179; 252; 34225
180; 252; 33960
181; 252; 33756
182; 252; 34065
183; 252; 34142
184; 252; 33945
185; 252; 34189
186; 252; 34281
187; 252; 33845
188; 252; 33310
189; 252; 33051
190; 252; 33051
191; 252; 33218
192; 252; 33222
193; 252; 33056
194; 252; 33073
195; 252; 33663
196; 252; 34326
197; 252; 34519
198; 252; 34488
199; 252; 34445
200; 252; 34482
201; 252; 34660
202; 252; 34795
203; 252; 34569
204; 252; 33749
205; 252; 33179
206; 252; 33162
207; 252; 33290
208; 252; 33365
209; 252; 33021
210; 252; 32985
211; 252; 32974
212; 252; 32990
213; 252; 34324
214; 252; 35537
215; 252; 35533
216; 252; 34928
217; 252; 34297
218; 252; 33469
219; 252; 32943
220; 252; 32922
221; 252; 32925
222; 252; 32970
169; 253; 34311
170; 253; 34189
171; 253; 33955
172; 253; 33730
173; 253; 33573
174; 253; 33541
175; 253; 33555
176; 253; 33695
177; 253; 33953
178; 253; 34142
179; 253; 34169
180; 253; 33960
181; 253; 33567
182; 253; 33962
183; 253; 34163
184; 253; 33851
185; 253; 34071
186; 253; 34282
187; 253; 33883
188; 253; 33164
189; 253; 33028
190; 253; 32931
191; 253; 33102
192; 253; 33261
193; 253; 33194
194; 253; 33312
195; 253; 34031
196; 253; 34650
197; 253; 34699
198; 253; 34509
199; 253; 34414
200; 253; 34484
201; 253; 34690
202; 253; 34817
203; 253; 34574
204; 253; 33758
205; 253; 33183
206; 253; 33177
207; 253; 33334
208; 253; 33422
209; 253; 33076
210; 253; 33131
211; 253; 32995
212; 253; 32937
213; 253; 34008
214; 253; 35198
215; 253; 35280
216; 253; 34824
217; 253; 34391
218; 253; 33806
219; 253; 33030
220; 253; 32900
221; 253; 32909
222; 253; 32913
169; 254; 34300
170; 254; 34247
171; 254; 33986
172; 254; 33701
173; 254; 33530
174; 254; 33505
175; 254; 33560
176; 254; 33704
177; 254; 33912
178; 254; 34021
179; 254; 34022
180; 254; 33949
181; 254; 33424
182; 254; 33557
183; 254; 33847
184; 254; 33620
185; 254; 33959
186; 254; 34318
187; 254; 34004
188; 254; 33233
189; 254; 33039
190; 254; 32916
191; 254; 33181
192; 254; 33354
193; 254; 33278
194; 254; 33300
195; 254; 34003
196; 254; 34688
197; 254; 34784
198; 254; 34625
199; 254; 34503
200; 254; 34595
201; 254; 34843
202; 254; 34990
203; 254; 34633
204; 254; 33792
205; 254; 33268
206; 254; 33269
207; 254; 33382
208; 254; 33386
209; 254; 33121
210; 254; 32957
211; 254; 32854
212; 254; 33045
213; 254; 33891
214; 254; 34789
215; 254; 34912
216; 254; 34585
217; 254; 34286
218; 254; 33877
219; 254; 33247
220; 254; 32857
221; 254; 32828
222; 254; 32910
169; 255; 34319
170; 255; 34351
171; 255; 34141
172; 255; 33882
173; 255; 33727
174; 255; 33651
175; 255; 33629
176; 255; 33704
177; 255; 33847
178; 255; 33907
179; 255; 33879
180; 255; 33873
181; 255; 33704
182; 255; 33453
183; 255; 33420
184; 255; 33366
185; 255; 33809
186; 255; 34291
187; 255; 34120
188; 255; 33422
189; 255; 32938
190; 255; 32953
191; 255; 33277
192; 255; 33293
193; 255; 33096
194; 255; 33068
195; 255; 33670
196; 255; 34526
197; 255; 34835
198; 255; 34741
199; 255; 34609
200; 255; 34694
201; 255; 34946
202; 255; 35007
203; 255; 34604
204; 255; 33842
205; 255; 33462
206; 255; 33447
207; 255; 33458
208; 255; 33444
209; 255; 33371
210; 255; 33142
211; 255; 33010
212; 255; 33326
213; 255; 33929
214; 255; 34552
215; 255; 34675
216; 255; 34496
217; 255; 34194
218; 255; 33840
219; 255; 33335
220; 255; 32919
221; 255; 32824
222; 255; 32923
169; 256; 34182
170; 256; 34247
171; 256; 34129
172; 256; 34022
173; 256; 34000
174; 256; 33934
175; 256; 33809
176; 256; 33773
177; 256; 33853
178; 256; 33909
179; 256; 33879
180; 256; 33866
181; 256; 33872
182; 256; 33647
183; 256; 33329
184; 256; 33225
185; 256; 33574
186; 256; 34071
187; 256; 34081
188; 256; 33552
189; 256; 33030
190; 256; 33025
191; 256; 33253
192; 256; 33140
193; 256; 32984
194; 256; 32892
195; 256; 33387
196; 256; 34319
197; 256; 34834
198; 256; 34802
199; 256; 34719
200; 256; 34813
201; 256; 34972
202; 256; 34900
203; 256; 34324
204; 256; 33747
205; 256; 33579
206; 256; 33630
207; 256; 33736
208; 256; 33997
209; 256; 34215
210; 256; 34156
211; 256; 33851
212; 256; 33778
213; 256; 33998
214; 256; 34322
215; 256; 34534
216; 256; 34445
217; 256; 34044
218; 256; 33566
219; 256; 33218
220; 256; 33005
221; 256; 32872
222; 256; 32897
169; 257; 33996
170; 257; 34030
171; 257; 33934
172; 257; 33900
173; 257; 33983
174; 257; 34003
175; 257; 33886
176; 257; 33813
177; 257; 33890
178; 257; 34003
179; 257; 34006
180; 257; 33945
181; 257; 33927
182; 257; 33819
183; 257; 33482
184; 257; 33228
185; 257; 33419
186; 257; 33826
187; 257; 33904
188; 257; 33499
189; 257; 33096
190; 257; 33081
191; 257; 33221
192; 257; 33109
193; 257; 32922
194; 257; 32846
195; 257; 33214
196; 257; 34092
197; 257; 34698
198; 257; 34770
199; 257; 34800
200; 257; 34993
201; 257; 35071
202; 257; 34695
203; 257; 33953
204; 257; 33636
205; 257; 33719
206; 257; 33971
207; 257; 34160
208; 257; 34488
209; 257; 34877
210; 257; 34985
211; 257; 34734
212; 257; 34355
213; 257; 34249
214; 257; 34362
215; 257; 34547
216; 257; 34397
217; 257; 33775
218; 257; 33218
219; 257; 33013
220; 257; 32988
221; 257; 32922
222; 257; 32876
169; 258; 33944
170; 258; 33963
171; 258; 33840
172; 258; 33745
173; 258; 33774
174; 258; 33838
175; 258; 33806
176; 258; 33775
177; 258; 33882
178; 258; 34046
179; 258; 34074
180; 258; 33967
181; 258; 33895
182; 258; 33815
183; 258; 33573
184; 258; 33379
185; 258; 33543
186; 258; 33876
187; 258; 33831
188; 258; 33369
189; 258; 33068
190; 258; 33155
191; 258; 33286
192; 258; 33224
193; 258; 33030
194; 258; 32984
195; 258; 33220
196; 258; 33861
197; 258; 34425
198; 258; 34597
199; 258; 34704
200; 258; 34941
201; 258; 34949
202; 258; 34411
203; 258; 33697
204; 258; 33652
205; 258; 34098
206; 258; 34458
207; 258; 34537
208; 258; 34718
209; 258; 35011
210; 258; 35115
211; 258; 35146
212; 258; 34993
213; 258; 34816
214; 258; 34802
215; 258; 34895
216; 258; 34627
217; 258; 33828
218; 258; 33142
219; 258; 32992
220; 258; 33092
221; 258; 33081
222; 258; 32962
169; 259; 33910
170; 259; 33988
171; 259; 33919
172; 259; 33779
173; 259; 33711
174; 259; 33765
175; 259; 33813
176; 259; 33824
177; 259; 33886
178; 259; 33993
179; 259; 34008
180; 259; 33889
181; 259; 33800
182; 259; 33724
183; 259; 33586
184; 259; 33606
185; 259; 33895
186; 259; 34168
187; 259; 33897
188; 259; 33283
189; 259; 33034
190; 259; 33198
191; 259; 33310
192; 259; 33285
193; 259; 33276
194; 259; 33321
195; 259; 33423
196; 259; 33752
197; 259; 34119
198; 259; 34185
199; 259; 34169
200; 259; 34322
201; 259; 34351
202; 259; 33941
203; 259; 33783
204; 259; 34082
205; 259; 34636
206; 259; 34832
207; 259; 34765
208; 259; 34768
209; 259; 34860
210; 259; 34974
211; 259; 35109
212; 259; 35245
213; 259; 35296
214; 259; 35322
215; 259; 35356
216; 259; 35066
217; 259; 34221
218; 259; 33397
219; 259; 33181
220; 259; 33296
221; 259; 33238
222; 259; 33083
169; 260; 33758
170; 260; 33866
171; 260; 33961
172; 260; 33933
173; 260; 33869
174; 260; 33898
175; 260; 33969
176; 260; 33991
177; 260; 33962
178; 260; 33942
179; 260; 33908
180; 260; 33832
181; 260; 33799
182; 260; 33750
183; 260; 33682
184; 260; 33798
185; 260; 34105
186; 260; 34243
187; 260; 33823
188; 260; 33196
189; 260; 32984
190; 260; 33124
191; 260; 33169
192; 260; 33147
193; 260; 33339
194; 260; 33526
195; 260; 33695
196; 260; 33749
197; 260; 33854
198; 260; 33698
199; 260; 33389
200; 260; 33422
201; 260; 33527
202; 260; 33615
203; 260; 34011
204; 260; 34597
205; 260; 34984
206; 260; 35011
207; 260; 34875
208; 260; 34773
209; 260; 34771
210; 260; 34843
211; 260; 34986
212; 260; 35156
213; 260; 35273
214; 260; 35412
215; 260; 35479
216; 260; 35321
217; 260; 34579
218; 260; 33699
219; 260; 33419
220; 260; 33376
221; 260; 33254
222; 260; 33091
169; 261; 33604
170; 261; 33668
171; 261; 33879
172; 261; 33997
173; 261; 33981
174; 261; 33952
175; 261; 33987
176; 261; 34013
177; 261; 33977
178; 261; 33930
179; 261; 33876
180; 261; 33846
181; 261; 33874
182; 261; 33882
183; 261; 33862
184; 261; 33890
185; 261; 33965
186; 261; 33905
187; 261; 33518
188; 261; 33102
189; 261; 33031
190; 261; 33121
191; 261; 33062
192; 261; 33017
193; 261; 33296
194; 261; 33559
195; 261; 33732
196; 261; 33650
197; 261; 33468
198; 261; 33216
199; 261; 32956
200; 261; 32926
201; 261; 33060
202; 261; 33603
203; 261; 34408
204; 261; 34915
205; 261; 35123
206; 261; 35082
207; 261; 34899
208; 261; 34765
209; 261; 34781
210; 261; 34895
211; 261; 35001
212; 261; 35056
213; 261; 35099
214; 261; 35213
215; 261; 35374
216; 261; 35302
217; 261; 34716
218; 261; 33880
219; 261; 33483
220; 261; 33384
221; 261; 33202
222; 261; 33027
169; 262; 33613
170; 262; 33686
171; 262; 33885
172; 262; 33963
173; 262; 33886
174; 262; 33769
175; 262; 33758
176; 262; 33793
177; 262; 33845
178; 262; 33910
179; 262; 33906
180; 262; 33877
181; 262; 33878
182; 262; 33909
183; 262; 33946
184; 262; 33863
185; 262; 33685
186; 262; 33531
187; 262; 33297
188; 262; 33158
189; 262; 33284
190; 262; 33380
191; 262; 33240
192; 262; 33161
193; 262; 33407
194; 262; 33681
195; 262; 33655
196; 262; 33294
197; 262; 33087
198; 262; 33027
199; 262; 32900
200; 262; 32873
201; 262; 33009
202; 262; 33879
203; 262; 34766
204; 262; 35100
205; 262; 35205
206; 262; 35193
207; 262; 35040
208; 262; 34875
209; 262; 34882
210; 262; 35040
211; 262; 35150
212; 262; 35114
213; 262; 35029
214; 262; 35065
215; 262; 35225
216; 262; 35279
217; 262; 34834
218; 262; 34013
219; 262; 33518
220; 262; 33393
221; 262; 33219
222; 262; 33039
169; 263; 33720
170; 263; 33829
171; 263; 33961
172; 263; 33922
173; 263; 33743
174; 263; 33573
175; 263; 33531
176; 263; 33577
177; 263; 33707
178; 263; 33876
179; 263; 33955
180; 263; 33899
181; 263; 33794
182; 263; 33806
183; 263; 33875
184; 263; 33754
185; 263; 33536
186; 263; 33404
187; 263; 33292
188; 263; 33365
189; 263; 33593
190; 263; 33686
191; 263; 33553
192; 263; 33471
193; 263; 33633
194; 263; 33698
195; 263; 33497
196; 263; 33040
197; 263; 32975
198; 263; 32978
199; 263; 32924
200; 263; 32901
201; 263; 33186
202; 263; 34259
203; 263; 34974
204; 263; 35086
205; 263; 35206
206; 263; 35354
207; 263; 35313
208; 263; 35096
209; 263; 35003
210; 263; 35132
211; 263; 35250
212; 263; 35188
213; 263; 35046
214; 263; 35048
215; 263; 35248
216; 263; 35384
217; 263; 35026
218; 263; 34117
219; 263; 33517
220; 263; 33432
221; 263; 33330
222; 263; 33149
169; 264; 33766
170; 264; 33881
171; 264; 33949
172; 264; 33863
173; 264; 33684
174; 264; 33547
175; 264; 33521
176; 264; 33577
177; 264; 33695
178; 264; 33868
179; 264; 33995
180; 264; 33929
181; 264; 33762
182; 264; 33774
183; 264; 33830
184; 264; 33724
185; 264; 33556
186; 264; 33398
187; 264; 33308
188; 264; 33455
189; 264; 33674
190; 264; 33740
191; 264; 33647
192; 264; 33574
193; 264; 33620
194; 264; 33574
195; 264; 33264
196; 264; 32982
197; 264; 33013
198; 264; 33100
199; 264; 33074
200; 264; 33050
201; 264; 33381
202; 264; 34406
203; 264; 34976
204; 264; 34943
205; 264; 35061
206; 264; 35375
207; 264; 35483
208; 264; 35270
209; 264; 35103
210; 264; 35205
211; 264; 35334
212; 264; 35248
213; 264; 35071
214; 264; 35085
215; 264; 35353
216; 264; 35571
217; 264; 35210
218; 264; 34170
219; 264; 33482
220; 264; 33432
221; 264; 33411
222; 264; 33260
169; 265; 33748
170; 265; 33839
171; 265; 33862
172; 265; 33812
173; 265; 33713
174; 265; 33645
175; 265; 33651
176; 265; 33695
177; 265; 33751
178; 265; 33844
179; 265; 33936
180; 265; 33912
181; 265; 33824
182; 265; 33844
183; 265; 33856
184; 265; 33752
185; 265; 33588
186; 265; 33364
187; 265; 33233
188; 265; 33328
189; 265; 33499
190; 265; 33551
191; 265; 33474
192; 265; 33379
193; 265; 33287
194; 265; 33150
195; 265; 33010
196; 265; 32942
197; 265; 33024
198; 265; 33311
199; 265; 33380
200; 265; 33312
201; 265; 33514
202; 265; 34415
203; 265; 34956
204; 265; 34886
205; 265; 34921
206; 265; 35245
207; 265; 35445
208; 265; 35312
209; 265; 35193
210; 265; 35350
211; 265; 35527
212; 265; 35428
213; 265; 35194
214; 265; 35178
215; 265; 35460
216; 265; 35691
217; 265; 35311
218; 265; 34216
219; 265; 33471
220; 265; 33391
221; 265; 33387
222; 265; 33272
169; 266; 33749
170; 266; 33805
171; 266; 33780
172; 266; 33762
173; 266; 33764
174; 266; 33754
175; 266; 33742
176; 266; 33727
177; 266; 33713
178; 266; 33724
179; 266; 33770
180; 266; 33809
181; 266; 33844
182; 266; 33862
183; 266; 33804
184; 266; 33696
185; 266; 33530
186; 266; 33297
187; 266; 33157
188; 266; 33204
189; 266; 33331
190; 266; 33381
191; 266; 33325
192; 266; 33258
193; 266; 33197
194; 266; 33073
195; 266; 32847
196; 266; 32906
197; 266; 32878
198; 266; 33364
199; 266; 33599
200; 266; 33480
201; 266; 33516
202; 266; 34250
203; 266; 34983
204; 266; 35090
205; 266; 35016
206; 266; 35188
207; 266; 35344
208; 266; 35296
209; 266; 35260
210; 266; 35450
211; 266; 35663
212; 266; 35604
213; 266; 35371
214; 266; 35302
215; 266; 35535
216; 266; 35712
217; 266; 35314
218; 266; 34262
219; 266; 33513
220; 266; 33356
221; 266; 33310
222; 266; 33177
169; 267; 33775
170; 267; 33817
171; 267; 33743
172; 267; 33689
173; 267; 33745
174; 267; 33794
175; 267; 33751
176; 267; 33661
177; 267; 33613
178; 267; 33609
179; 267; 33625
180; 267; 33680
181; 267; 33760
182; 267; 33753
183; 267; 33649
184; 267; 33539
185; 267; 33389
186; 267; 33219
187; 267; 33150
188; 267; 33207
189; 267; 33299
190; 267; 33352
191; 267; 33374
192; 267; 33427
193; 267; 33579
194; 267; 33584
195; 267; 33247
196; 267; 32890
197; 267; 32794
198; 267; 33238
199; 267; 33704
200; 267; 33608
201; 267; 33470
202; 267; 33927
203; 267; 34836
204; 267; 35331
205; 267; 35327
206; 267; 35299
207; 267; 35346
208; 267; 35333
209; 267; 35291
210; 267; 35362
211; 267; 35503
212; 267; 35540
213; 267; 35449
214; 267; 35401
215; 267; 35524
216; 267; 35615
217; 267; 35148
218; 267; 34225
219; 267; 33555
220; 267; 33322
221; 267; 33213
222; 267; 33080
169; 268; 33822
170; 268; 33832
171; 268; 33738
172; 268; 33642
173; 268; 33691
174; 268; 33775
175; 268; 33743
176; 268; 33631
177; 268; 33577
178; 268; 33581
179; 268; 33584
180; 268; 33636
181; 268; 33710
182; 268; 33676
183; 268; 33532
184; 268; 33392
185; 268; 33267
186; 268; 33154
187; 268; 33118
188; 268; 33161
189; 268; 33237
190; 268; 33348
191; 268; 33517
192; 268; 33855
193; 268; 34205
194; 268; 34308
195; 268; 34005
196; 268; 33234
197; 268; 32862
198; 268; 33109
199; 268; 33713
200; 268; 33852
201; 268; 33586
202; 268; 33729
203; 268; 34439
204; 268; 35179
205; 268; 35384
206; 268; 35364
207; 268; 35412
208; 268; 35463
209; 268; 35382
210; 268; 35283
211; 268; 35304
212; 268; 35431
213; 268; 35517
214; 268; 35536
215; 268; 35505
216; 268; 35314
217; 268; 34768
218; 268; 34056
219; 268; 33539
220; 268; 33234
221; 268; 33101
222; 268; 33031
169; 269; 33836
170; 269; 33824
171; 269; 33771
172; 269; 33706
173; 269; 33717
174; 269; 33758
175; 269; 33724
176; 269; 33634
177; 269; 33590
178; 269; 33600
179; 269; 33627
180; 269; 33698
181; 269; 33766
182; 269; 33684
183; 269; 33469
184; 269; 33307
185; 269; 33234
186; 269; 33149
187; 269; 33030
188; 269; 32969
189; 269; 33041
190; 269; 33355
191; 269; 33806
192; 269; 34187
193; 269; 34453
194; 269; 34547
195; 269; 34332
196; 269; 33614
197; 269; 32970
198; 269; 32999
199; 269; 33642
200; 269; 34103
201; 269; 34102
202; 269; 33966
203; 269; 34249
204; 269; 34691
205; 269; 35042
206; 269; 35202
207; 269; 35403
208; 269; 35568
209; 269; 35579
210; 269; 35463
211; 269; 35454
212; 269; 35601
213; 269; 35744
214; 269; 35708
215; 269; 35388
216; 269; 34850
217; 269; 34208
218; 269; 33753
219; 269; 33433
220; 269; 33192
221; 269; 33079
222; 269; 33060
169; 270; 33700
170; 270; 33771
171; 270; 33835
172; 270; 33857
173; 270; 33814
174; 270; 33749
175; 270; 33674
176; 270; 33615
177; 270; 33608
178; 270; 33638
179; 270; 33679
180; 270; 33764
181; 270; 33822
182; 270; 33666
183; 270; 33374
184; 270; 33233
185; 270; 33260
186; 270; 33224
187; 270; 33021
188; 270; 32880
189; 270; 33001
190; 270; 33574
191; 270; 34115
192; 270; 34345
193; 270; 34428
194; 270; 34455
195; 270; 34305
196; 270; 33776
197; 270; 33101
198; 270; 32965
199; 270; 33393
200; 270; 34110
201; 270; 34477
202; 270; 34488
203; 270; 34411
204; 270; 34457
205; 270; 34550
206; 270; 34755
207; 270; 35130
208; 270; 35467
209; 270; 35634
210; 270; 35644
211; 270; 35671
212; 270; 35766
213; 270; 35749
214; 270; 35455
215; 270; 34899
216; 270; 34194
217; 270; 33680
218; 270; 33402
219; 270; 33311
220; 270; 33235
221; 270; 33161
222; 270; 33162
169; 271; 33430
170; 271; 33640
171; 271; 33848
172; 271; 33968
173; 271; 33914
174; 271; 33757
175; 271; 33623
176; 271; 33601
177; 271; 33667
178; 271; 33716
179; 271; 33727
180; 271; 33784
181; 271; 33805
182; 271; 33595
183; 271; 33279
184; 271; 33144
185; 271; 33239
186; 271; 33277
187; 271; 33114
188; 271; 32957
189; 271; 33123
190; 271; 33763
191; 271; 34301
192; 271; 34422
193; 271; 34329
194; 271; 34248
195; 271; 34130
196; 271; 33826
197; 271; 33273
198; 271; 33022
199; 271; 33141
200; 271; 33705
201; 271; 34315
202; 271; 34640
203; 271; 34615
204; 271; 34527
205; 271; 34460
206; 271; 34499
207; 271; 34695
208; 271; 35014
209; 271; 35287
210; 271; 35387
211; 271; 35379
212; 271; 35271
213; 271; 35019
214; 271; 34587
215; 271; 34070
216; 271; 33632
217; 271; 33297
218; 271; 33142
219; 271; 33206
220; 271; 33262
221; 271; 33239
222; 271; 33216
169; 272; 33255
170; 272; 33400
171; 272; 33693
172; 272; 33922
173; 272; 33959
174; 272; 33816
175; 272; 33646
176; 272; 33628
177; 272; 33749
178; 272; 33809
179; 272; 33785
180; 272; 33798
181; 272; 33778
182; 272; 33578
183; 272; 33283
184; 272; 33130
185; 272; 33163
186; 272; 33221
187; 272; 33188
188; 272; 33131
189; 272; 33188
190; 272; 33476
191; 272; 33956
192; 272; 34157
193; 272; 34090
194; 272; 33947
195; 272; 33874
196; 272; 33758
197; 272; 33421
198; 272; 32991
199; 272; 32906
200; 272; 33154
201; 272; 33714
202; 272; 34266
203; 272; 34571
204; 272; 34600
205; 272; 34510
206; 272; 34459
207; 272; 34472
208; 272; 34521
209; 272; 34557
210; 272; 34485
211; 272; 34366
212; 272; 34233
213; 272; 34040
214; 272; 33773
215; 272; 33518
216; 272; 33308
217; 272; 33134
218; 272; 33067
219; 272; 33148
220; 272; 33217
221; 272; 33180
222; 272; 33137
169; 273; 33209
170; 273; 33120
171; 273; 33322
172; 273; 33641
173; 273; 33859
174; 273; 33870
175; 273; 33740
176; 273; 33701
177; 273; 33816
178; 273; 33860
179; 273; 33797
180; 273; 33757
181; 273; 33731
182; 273; 33632
183; 273; 33447
184; 273; 33242
185; 273; 33170
186; 273; 33160
187; 273; 33194
188; 273; 33188
189; 273; 33082
190; 273; 33016
191; 273; 33223
192; 273; 33561
193; 273; 33638
194; 273; 33555
195; 273; 33492
196; 273; 33458
197; 273; 33293
198; 273; 32957
199; 273; 32838
200; 273; 32832
201; 273; 33146
202; 273; 33626
203; 273; 34099
204; 273; 34343
205; 273; 34437
206; 273; 34433
207; 273; 34405
208; 273; 34319
209; 273; 34103
210; 273; 33856
211; 273; 33692
212; 273; 33660
213; 273; 33641
214; 273; 33535
215; 273; 33357
216; 273; 33190
217; 273; 33053
218; 273; 33042
219; 273; 33126
220; 273; 33134
221; 273; 33049
222; 273; 33011
169; 274; 33027
170; 274; 32941
171; 274; 33009
172; 274; 33260
173; 274; 33589
174; 274; 33797
175; 274; 33810
176; 274; 33827
177; 274; 33916
178; 274; 33853
179; 274; 33667
180; 274; 33566
181; 274; 33606
182; 274; 33691
183; 274; 33728
184; 274; 33577
185; 274; 33343
186; 274; 33185
187; 274; 33179
188; 274; 33175
189; 274; 32999
190; 274; 32835
191; 274; 32864
192; 274; 33079
193; 274; 33156
194; 274; 33022
195; 274; 32969
196; 274; 33001
197; 274; 33035
198; 274; 32973
199; 274; 32882
200; 274; 32868
201; 274; 32941
202; 274; 33222
203; 274; 33525
204; 274; 33769
205; 274; 33990
206; 274; 34200
207; 274; 34336
208; 274; 34322
209; 274; 34143
210; 274; 33940
211; 274; 33811
212; 274; 33750
213; 274; 33657
214; 274; 33504
215; 274; 33292
216; 274; 33117
217; 274; 33039
218; 274; 33090
219; 274; 33174
220; 274; 33138
221; 274; 33012
222; 274; 32961
169; 275; 33037
170; 275; 32993
171; 275; 32966
172; 275; 32977
173; 275; 33208
174; 275; 33548
175; 275; 33779
176; 275; 33958
177; 275; 34048
178; 275; 33822
179; 275; 33433
180; 275; 33266
181; 275; 33433
182; 275; 33742
183; 275; 33913
184; 275; 33811
185; 275; 33481
186; 275; 33211
187; 275; 33175
188; 275; 33162
189; 275; 33029
190; 275; 32897
191; 275; 32916
192; 275; 32994
193; 275; 32934
194; 275; 32893
195; 275; 32911
196; 275; 32857
197; 275; 32893
198; 275; 33015
199; 275; 33066
200; 275; 33029
201; 275; 33006
202; 275; 33083
203; 275; 33164
204; 275; 33230
205; 275; 33380
206; 275; 33704
207; 275; 34125
208; 275; 34375
209; 275; 34493
210; 275; 34519
211; 275; 34442
212; 275; 34128
213; 275; 33695
214; 275; 33340
215; 275; 33169
216; 275; 33099
217; 275; 33114
218; 275; 33196
219; 275; 33254
220; 275; 33205
221; 275; 33076
222; 275; 32989
169; 276; 33349
170; 276; 33306
171; 276; 33161
172; 276; 33009
173; 276; 32985
174; 276; 33216
175; 276; 33566
176; 276; 33939
177; 276; 34121
178; 276; 33825
179; 276; 33285
180; 276; 33057
181; 276; 33311
182; 276; 33740
183; 276; 33930
184; 276; 33793
185; 276; 33350
186; 276; 33179
187; 276; 33203
188; 276; 33183
189; 276; 33053
190; 276; 32985
191; 276; 33034
192; 276; 33015
193; 276; 32837
194; 276; 32806
195; 276; 32830
196; 276; 32792
197; 276; 32828
198; 276; 32990
199; 276; 33150
200; 276; 33144
201; 276; 33032
202; 276; 32984
203; 276; 32973
204; 276; 32945
205; 276; 32999
206; 276; 33306
207; 276; 33765
208; 276; 34276
209; 276; 34656
210; 276; 34900
211; 276; 34908
212; 276; 34579
213; 276; 33934
214; 276; 33350
215; 276; 33072
216; 276; 33100
217; 276; 33198
218; 276; 33276
219; 276; 33270
220; 276; 33217
221; 276; 33143
222; 276; 33047
169; 277; 33579
170; 277; 33534
171; 277; 33408
172; 277; 33236
173; 277; 33025
174; 277; 33006
175; 277; 33241
176; 277; 33668
177; 277; 34019
178; 277; 33886
179; 277; 33364
180; 277; 33048
181; 277; 33264
182; 277; 33733
183; 277; 33892
184; 277; 33652
185; 277; 33160
186; 277; 33098
187; 277; 33226
188; 277; 33197
189; 277; 32988
190; 277; 32944
191; 277; 33064
192; 277; 33116
193; 277; 33045
194; 277; 32996
195; 277; 33019
196; 277; 32937
197; 277; 32849
198; 277; 32870
199; 277; 33029
200; 277; 33107
201; 277; 33003
202; 277; 32921
203; 277; 32919
204; 277; 32927
205; 277; 32994
206; 277; 33183
207; 277; 33581
208; 277; 34063
209; 277; 34566
210; 277; 34884
211; 277; 34949
212; 277; 34893
213; 277; 34492
214; 277; 33834
215; 277; 33319
216; 277; 33163
217; 277; 33235
218; 277; 33266
219; 277; 33189
220; 277; 33147
221; 277; 33172
222; 277; 33114
169; 278; 33524
170; 278; 33497
171; 278; 33509
172; 278; 33460
173; 278; 33262
174; 278; 33047
175; 278; 33059
176; 278; 33292
177; 278; 33672
178; 278; 33848
179; 278; 33581
180; 278; 33207
181; 278; 33239
182; 278; 33665
183; 278; 33884
184; 278; 33653
185; 278; 33141
186; 278; 33036
187; 278; 33146
188; 278; 33111
189; 278; 32940
190; 278; 32919
191; 278; 33236
192; 278; 33591
193; 278; 33773
194; 278; 33925
195; 278; 33950
196; 278; 33575
197; 278; 33009
198; 278; 32777
199; 278; 32890
200; 278; 33090
201; 278; 33038
202; 278; 32930
203; 278; 32986
204; 278; 33179
205; 278; 33316
206; 278; 33406
207; 278; 33629
208; 278; 33990
209; 278; 34374
210; 278; 34638
211; 278; 34806
212; 278; 34903
213; 278; 34915
214; 278; 34496
215; 278; 33770
216; 278; 33309
217; 278; 33255
218; 278; 33231
219; 278; 33130
220; 278; 33102
221; 278; 33181
222; 278; 33169
169; 279; 33426
170; 279; 33401
171; 279; 33491
172; 279; 33568
173; 279; 33517
174; 279; 33320
175; 279; 33142
176; 279; 33108
177; 279; 33261
178; 279; 33579
179; 279; 33699
180; 279; 33451
181; 279; 33269
182; 279; 33537
183; 279; 33914
184; 279; 33842
185; 279; 33323
186; 279; 32928
187; 279; 32873
188; 279; 32915
189; 279; 32994
190; 279; 33318
191; 279; 33847
192; 279; 34343
193; 279; 34605
194; 279; 34770
195; 279; 34779
196; 279; 34317
197; 279; 33402
198; 279; 32914
199; 279; 33000
200; 279; 33323
201; 279; 33416
202; 279; 33318
203; 279; 33398
204; 279; 33698
205; 279; 33873
206; 279; 33877
207; 279; 33926
208; 279; 34142
209; 279; 34430
210; 279; 34631
211; 279; 34736
212; 279; 34838
213; 279; 34901
214; 279; 34666
215; 279; 34015
216; 279; 33404
217; 279; 33259
218; 279; 33215
219; 279; 33145
220; 279; 33116
221; 279; 33166
222; 279; 33173
169; 280; 33512
170; 280; 33461
171; 280; 33495
172; 280; 33568
173; 280; 33626
174; 280; 33595
175; 280; 33415
176; 280; 33165
177; 280; 33055
178; 280; 33238
179; 280; 33578
180; 280; 33616
181; 280; 33385
182; 280; 33437
183; 280; 33837
184; 280; 33973
185; 280; 33516
186; 280; 32907
187; 280; 32805
188; 280; 32885
189; 280; 33382
190; 280; 34050
191; 280; 34519
192; 280; 34783
193; 280; 34905
194; 280; 35063
195; 280; 35090
196; 280; 34698
197; 280; 33869
198; 280; 33367
199; 280; 33485
200; 280; 33957
201; 280; 34201
202; 280; 34164
203; 280; 34186
204; 280; 34277
205; 280; 34307
206; 280; 34303
207; 280; 34376
208; 280; 34512
209; 280; 34751
210; 280; 34988
211; 280; 35032
212; 280; 34948
213; 280; 34802
214; 280; 34432
215; 280; 33805
216; 280; 33303
217; 280; 33158
218; 280; 33134
219; 280; 33109
220; 280; 33082
221; 280; 33095
222; 280; 33124
169; 281; 33673
170; 281; 33605
171; 281; 33552
172; 281; 33539
173; 281; 33584
174; 281; 33652
175; 281; 33611
176; 281; 33374
177; 281; 33093
178; 281; 33044
179; 281; 33326
180; 281; 33618
181; 281; 33528
182; 281; 33447
183; 281; 33710
184; 281; 33952
185; 281; 33538
186; 281; 32940
187; 281; 32804
188; 281; 33083
189; 281; 33939
190; 281; 34595
191; 281; 34760
192; 281; 34721
193; 281; 34719
194; 281; 34853
195; 281; 34950
196; 281; 34711
197; 281; 34208
198; 281; 33949
199; 281; 34189
200; 281; 34641
201; 281; 34907
202; 281; 34978
203; 281; 34921
204; 281; 34683
205; 281; 34397
206; 281; 34335
207; 281; 34564
208; 281; 34868
209; 281; 35220
210; 281; 35553
211; 281; 35610
212; 281; 35293
213; 281; 34749
214; 281; 34115
215; 281; 33489
216; 281; 33087
217; 281; 32953
218; 281; 32965
219; 281; 33002
220; 281; 33011
221; 281; 33028
222; 281; 33088
169; 282; 33726
170; 282; 33670
171; 282; 33604
172; 282; 33561
173; 282; 33550
174; 282; 33563
175; 282; 33576
176; 282; 33526
177; 282; 33325
178; 282; 33048
179; 282; 33089
180; 282; 33461
181; 282; 33606
182; 282; 33549
183; 282; 33653
184; 282; 33829
185; 282; 33456
186; 282; 32943
187; 282; 32768
188; 282; 33315
189; 282; 34343
190; 282; 34785
191; 282; 34671
192; 282; 34466
193; 282; 34409
194; 282; 34571
195; 282; 34709
196; 282; 34610
197; 282; 34412
198; 282; 34439
199; 282; 34747
200; 282; 34992
201; 282; 35195
202; 282; 35393
203; 282; 35381
204; 282; 35000
205; 282; 34437
206; 282; 34246
207; 282; 34389
208; 282; 34865
209; 282; 35361
210; 282; 35725
211; 282; 35703
212; 282; 35227
213; 282; 34482
214; 282; 33746
215; 282; 33254
216; 282; 32949
217; 282; 32861
218; 282; 32875
219; 282; 32950
220; 282; 33020
221; 282; 33060
222; 282; 33103
169; 283; 33604
170; 283; 33594
171; 283; 33616
172; 283; 33646
173; 283; 33635
174; 283; 33542
175; 283; 33456
176; 283; 33529
177; 283; 33590
178; 283; 33261
179; 283; 33039
180; 283; 33164
181; 283; 33591
182; 283; 33658
183; 283; 33667
184; 283; 33718
185; 283; 33410
186; 283; 32874
187; 283; 32768
188; 283; 33444
189; 283; 34387
190; 283; 34721
191; 283; 34614
192; 283; 34451
193; 283; 34396
194; 283; 34555
195; 283; 34662
196; 283; 34602
197; 283; 34560
198; 283; 34785
199; 283; 35017
200; 283; 35072
201; 283; 35153
202; 283; 35420
203; 283; 35562
204; 283; 35379
205; 283; 34805
206; 283; 34295
207; 283; 34150
208; 283; 34395
209; 283; 34888
210; 283; 35121
211; 283; 34904
212; 283; 34388
213; 283; 33798
214; 283; 33380
215; 283; 33103
216; 283; 32968
217; 283; 32912
218; 283; 32917
219; 283; 32992
220; 283; 33104
221; 283; 33157
222; 283; 33130
169; 284; 33408
170; 284; 33457
171; 284; 33601
172; 284; 33734
173; 284; 33777
174; 284; 33646
175; 284; 33475
176; 284; 33527
177; 284; 33682
178; 284; 33521
179; 284; 32966
180; 284; 32970
181; 284; 33448
182; 284; 33704
183; 284; 33696
184; 284; 33637
185; 284; 33409
186; 284; 32933
187; 284; 32849
188; 284; 33398
189; 284; 34143
190; 284; 34546
191; 284; 34730
192; 284; 34830
193; 284; 34833
194; 284; 34829
195; 284; 34775
196; 284; 34708
197; 284; 34751
198; 284; 34983
199; 284; 35113
200; 284; 35109
201; 284; 35100
202; 284; 35284
203; 284; 35598
204; 284; 35690
205; 284; 35373
206; 284; 34637
207; 284; 34012
208; 284; 33812
209; 284; 33937
210; 284; 33946
211; 284; 33674
212; 284; 33398
213; 284; 33248
214; 284; 33128
215; 284; 33045
216; 284; 33002
217; 284; 32980
218; 284; 32966
219; 284; 33012
220; 284; 33129
221; 284; 33203
222; 284; 33147
169; 285; 33320
170; 285; 33388
171; 285; 33585
172; 285; 33771
173; 285; 33847
174; 285; 33741
175; 285; 33586
176; 285; 33589
177; 285; 33698
178; 285; 33574
179; 285; 33003
180; 285; 32971
181; 285; 33288
182; 285; 33658
183; 285; 33700
184; 285; 33621
185; 285; 33463
186; 285; 33122
187; 285; 33036
188; 285; 33274
189; 285; 33707
190; 285; 34239
191; 285; 34721
192; 285; 35052
193; 285; 35022
194; 285; 34927
195; 285; 34856
196; 285; 34885
197; 285; 35012
198; 285; 35109
199; 285; 35167
200; 285; 35151
201; 285; 35131
202; 285; 35174
203; 285; 35450
204; 285; 35734
205; 285; 35699
206; 285; 34927
207; 285; 33894
208; 285; 33388
209; 285; 33293
210; 285; 33211
211; 285; 33082
212; 285; 33105
213; 285; 33173
214; 285; 33128
215; 285; 33028
216; 285; 32989
217; 285; 32984
218; 285; 32942
219; 285; 32925
220; 285; 33025
221; 285; 33154
222; 285; 33161
169; 286; 33380
170; 286; 33409
171; 286; 33583
172; 286; 33745
173; 286; 33789
174; 286; 33704
175; 286; 33600
176; 286; 33598
177; 286; 33643
178; 286; 33559
179; 286; 33109
180; 286; 33049
181; 286; 33237
182; 286; 33579
183; 286; 33698
184; 286; 33708
185; 286; 33615
186; 286; 33320
187; 286; 33161
188; 286; 33168
189; 286; 33341
190; 286; 33708
191; 286; 34205
192; 286; 34576
193; 286; 34685
194; 286; 34669
195; 286; 34753
196; 286; 34981
197; 286; 35152
198; 286; 35202
199; 286; 35202
200; 286; 35203
201; 286; 35167
202; 286; 35134
203; 286; 35327
204; 286; 35724
205; 286; 35689
206; 286; 34826
207; 286; 33670
208; 286; 33150
209; 286; 33138
210; 286; 33104
211; 286; 33064
212; 286; 33144
213; 286; 33234
214; 286; 33180
215; 286; 33040
216; 286; 32959
217; 286; 32931
218; 286; 32871
219; 286; 32841
220; 286; 32935
221; 286; 33087
222; 286; 33166
169; 287; 33467
170; 287; 33453
171; 287; 33577
172; 287; 33679
173; 287; 33648
174; 287; 33558
175; 287; 33508
176; 287; 33544
177; 287; 33588
178; 287; 33560
179; 287; 33321
180; 287; 33117
181; 287; 33160
182; 287; 33438
183; 287; 33694
184; 287; 33788
185; 287; 33763
186; 287; 33431
187; 287; 33163
188; 287; 33090
189; 287; 33151
190; 287; 33291
191; 287; 33458
192; 287; 33595
193; 287; 33718
194; 287; 33920
195; 287; 34321
196; 287; 34872
197; 287; 35188
198; 287; 35249
199; 287; 35278
200; 287; 35291
201; 287; 35218
202; 287; 35137
203; 287; 35359
204; 287; 35662
205; 287; 35433
206; 287; 34425
207; 287; 33388
208; 287; 33038
209; 287; 33102
210; 287; 33063
211; 287; 33002
212; 287; 33082
213; 287; 33207
214; 287; 33170
215; 287; 33040
216; 287; 32962
217; 287; 32925
218; 287; 32877
219; 287; 32883
220; 287; 32969
221; 287; 33066
222; 287; 33138
169; 288; 33393
170; 288; 33373
171; 288; 33478
172; 288; 33573
173; 288; 33533
174; 288; 33442
175; 288; 33443
176; 288; 33558
177; 288; 33646
178; 288; 33679
179; 288; 33511
180; 288; 33099
181; 288; 33057
182; 288; 33244
183; 288; 33653
184; 288; 33838
185; 288; 33799
186; 288; 33386
187; 288; 33133
188; 288; 33105
189; 288; 33188
190; 288; 33254
191; 288; 33140
192; 288; 32980
193; 288; 32998
194; 288; 33333
195; 288; 33972
196; 288; 34673
197; 288; 35092
198; 288; 35310
199; 288; 35416
200; 288; 35428
201; 288; 35327
202; 288; 35262
203; 288; 35461
204; 288; 35555
205; 288; 34989
206; 288; 33923
207; 288; 33180
208; 288; 33054
209; 288; 33095
210; 288; 33051
211; 288; 32967
212; 288; 33055
213; 288; 33168
214; 288; 33152
215; 288; 33060
216; 288; 32999
217; 288; 32975
218; 288; 32973
219; 288; 33005
220; 288; 33049
221; 288; 33070
222; 288; 33085
169; 289; 33228
170; 289; 33204
171; 289; 33291
172; 289; 33427
173; 289; 33455
174; 289; 33401
175; 289; 33449
176; 289; 33632
177; 289; 33778
178; 289; 33828
179; 289; 33618
180; 289; 33073
181; 289; 33019
182; 289; 33164
183; 289; 33651
184; 289; 33947
185; 289; 33838
186; 289; 33344
187; 289; 33168
188; 289; 33228
189; 289; 33374
190; 289; 33473
191; 289; 33233
192; 289; 32897
193; 289; 32804
194; 289; 33146
195; 289; 33833
196; 289; 34502
197; 289; 34953
198; 289; 35292
199; 289; 35475
200; 289; 35473
201; 289; 35387
202; 289; 35368
203; 289; 35451
204; 289; 35132
205; 289; 34286
206; 289; 33491
207; 289; 33102
208; 289; 33071
209; 289; 33144
210; 289; 33235
211; 289; 33323
212; 289; 33332
213; 289; 33270
214; 289; 33223
215; 289; 33139
216; 289; 33047
217; 289; 32996
218; 289; 33039
219; 289; 33108
220; 289; 33095
221; 289; 33040
222; 289; 33045
169; 290; 33117
170; 290; 33089
171; 290; 33169
172; 290; 33327
173; 290; 33393
174; 290; 33369
175; 290; 33433
176; 290; 33612
177; 290; 33789
178; 290; 33853
179; 290; 33683
180; 290; 33108
181; 290; 33015
182; 290; 33182
183; 290; 33726
184; 290; 34074
185; 290; 33970
186; 290; 33416
187; 290; 33257
188; 290; 33333
189; 290; 33496
190; 290; 33640
191; 290; 33490
192; 290; 33036
193; 290; 32894
194; 290; 33195
195; 290; 33810
196; 290; 34329
197; 290; 34765
198; 290; 35129
199; 290; 35308
200; 290; 35288
201; 290; 35236
202; 290; 35227
203; 290; 35024
204; 290; 34359
205; 290; 33557
206; 290; 33181
207; 290; 33120
208; 290; 33100
209; 290; 33168
210; 290; 33544
211; 290; 33839
212; 290; 33784
213; 290; 33499
214; 290; 33280
215; 290; 33206
216; 290; 33101
217; 290; 33016
218; 290; 33045
219; 290; 33088
220; 290; 33033
221; 290; 32977
222; 290; 33072
169; 291; 33098
170; 291; 33111
171; 291; 33228
172; 291; 33365
173; 291; 33379
174; 291; 33318
175; 291; 33347
176; 291; 33466
177; 291; 33623
178; 291; 33767
179; 291; 33705
180; 291; 33241
181; 291; 33051
182; 291; 33163
183; 291; 33688
184; 291; 34115
185; 291; 34049
186; 291; 33520
187; 291; 33263
188; 291; 33313
189; 291; 33455
190; 291; 33579
191; 291; 33514
192; 291; 33139
193; 291; 33029
194; 291; 33203
195; 291; 33663
196; 291; 34119
197; 291; 34540
198; 291; 34845
199; 291; 34901
200; 291; 34786
201; 291; 34731
202; 291; 34696
203; 291; 34337
204; 291; 33588
205; 291; 33087
206; 291; 33049
207; 291; 33129
208; 291; 33099
209; 291; 33085
210; 291; 33490
211; 291; 33889
212; 291; 33851
213; 291; 33458
214; 291; 33193
215; 291; 33169
216; 291; 33143
217; 291; 33080
218; 291; 33039
219; 291; 32982
220; 291; 32910
221; 291; 32961
222; 291; 33228
169; 292; 33151
170; 292; 33241
171; 292; 33378
172; 292; 33462
173; 292; 33409
174; 292; 33307
175; 292; 33296
176; 292; 33353
177; 292; 33448
178; 292; 33604
179; 292; 33665
180; 292; 33405
181; 292; 33074
182; 292; 33018
183; 292; 33397
184; 292; 33914
185; 292; 33933
186; 292; 33547
187; 292; 33277
188; 292; 33261
189; 292; 33377
190; 292; 33477
191; 292; 33419
192; 292; 33188
193; 292; 33094
194; 292; 33160
195; 292; 33475
196; 292; 33909
197; 292; 34285
198; 292; 34507
199; 292; 34451
200; 292; 34220
201; 292; 34134
202; 292; 34132
203; 292; 33824
204; 292; 33250
205; 292; 32935
206; 292; 33004
207; 292; 33124
208; 292; 33078
209; 292; 32971
210; 292; 33151
211; 292; 33576
212; 292; 33614
213; 292; 33306
214; 292; 33085
215; 292; 33114
216; 292; 33192
217; 292; 33165
218; 292; 33050
219; 292; 32924
220; 292; 32877
221; 292; 33056
222; 292; 33446
169; 293; 33207
170; 293; 33321
171; 293; 33427
172; 293; 33475
173; 293; 33438
174; 293; 33376
175; 293; 33356
176; 293; 33353
177; 293; 33376
178; 293; 33487
179; 293; 33586
180; 293; 33473
181; 293; 33087
182; 293; 33027
183; 293; 33180
184; 293; 33651
185; 293; 33800
186; 293; 33646
187; 293; 33510
188; 293; 33517
189; 293; 33539
190; 293; 33519
191; 293; 33479
192; 293; 33344
193; 293; 33179
194; 293; 33200
195; 293; 33374
196; 293; 33678
197; 293; 33915
198; 293; 34047
199; 293; 34014
200; 293; 33822
201; 293; 33718
202; 293; 33729
203; 293; 33544
204; 293; 33143
205; 293; 32928
206; 293; 32987
207; 293; 33152
208; 293; 33146
209; 293; 33099
210; 293; 33204
211; 293; 33448
212; 293; 33517
213; 293; 33299
214; 293; 33134
215; 293; 33183
216; 293; 33272
217; 293; 33202
218; 293; 33023
219; 293; 32915
220; 293; 32962
221; 293; 33199
222; 293; 33517
169; 294; 33215
170; 294; 33304
171; 294; 33352
172; 294; 33395
173; 294; 33444
174; 294; 33469
175; 294; 33447
176; 294; 33374
177; 294; 33321
178; 294; 33368
179; 294; 33469
180; 294; 33452
181; 294; 33241
182; 294; 33115
183; 294; 33205
184; 294; 33518
185; 294; 33857
186; 294; 33980
187; 294; 34091
188; 294; 34148
189; 294; 34042
190; 294; 33894
191; 294; 33848
192; 294; 33724
193; 294; 33405
194; 294; 33275
195; 294; 33344
196; 294; 33400
197; 294; 33391
198; 294; 33427
199; 294; 33530
200; 294; 33564
201; 294; 33427
202; 294; 33361
203; 294; 33254
204; 294; 32989
205; 294; 32911
206; 294; 33015
207; 294; 33343
208; 294; 33631
209; 294; 33794
210; 294; 33842
211; 294; 33771
212; 294; 33601
213; 294; 33378
214; 294; 33282
215; 294; 33321
216; 294; 33320
217; 294; 33145
218; 294; 32940
219; 294; 32916
220; 294; 33078
221; 294; 33263
222; 294; 33344
169; 295; 33180
170; 295; 33258
171; 295; 33269
172; 295; 33302
173; 295; 33416
174; 295; 33511
175; 295; 33485
176; 295; 33357
177; 295; 33255
178; 295; 33277
179; 295; 33408
180; 295; 33531
181; 295; 33545
182; 295; 33374
183; 295; 33360
184; 295; 33552
185; 295; 33915
186; 295; 34186
187; 295; 34395
188; 295; 34455
189; 295; 34295
190; 295; 34056
191; 295; 33996
192; 295; 33952
193; 295; 33649
194; 295; 33396
195; 295; 33373
196; 295; 33307
197; 295; 33115
198; 295; 33030
199; 295; 33191
200; 295; 33333
201; 295; 33248
202; 295; 33089
203; 295; 32908
204; 295; 32850
205; 295; 32860
206; 295; 33200
207; 295; 33778
208; 295; 34385
209; 295; 34694
210; 295; 34632
211; 295; 34228
212; 295; 33788
213; 295; 33461
214; 295; 33381
215; 295; 33388
216; 295; 33293
217; 295; 33085
218; 295; 32933
219; 295; 32985
220; 295; 33156
221; 295; 33211
222; 295; 33094
169; 296; 33149
170; 296; 33223
171; 296; 33224
172; 296; 33240
173; 296; 33366
174; 296; 33504
175; 296; 33501
176; 296; 33377
177; 296; 33285
178; 296; 33321
179; 296; 33472
180; 296; 33675
181; 296; 33717
182; 296; 33578
183; 296; 33444
184; 296; 33527
185; 296; 33765
186; 296; 34047
187; 296; 34260
188; 296; 34348
189; 296; 34241
190; 296; 33946
191; 296; 33845
192; 296; 33809
193; 296; 33680
194; 296; 33492
195; 296; 33451
196; 296; 33410
197; 296; 33223
198; 296; 33059
199; 296; 33083
200; 296; 33171
201; 296; 33219
202; 296; 33131
203; 296; 32967
204; 296; 32836
205; 296; 32931
206; 296; 33444
207; 296; 34197
208; 296; 34791
209; 296; 35097
210; 296; 35023
211; 296; 34652
212; 296; 34113
213; 296; 33667
214; 296; 33460
215; 296; 33394
216; 296; 33287
217; 296; 33163
218; 296; 33085
219; 296; 33097
220; 296; 33152
221; 296; 33126
222; 296; 32990
169; 297; 33144
170; 297; 33189
171; 297; 33203
172; 297; 33235
173; 297; 33356
174; 297; 33513
175; 297; 33562
176; 297; 33486
177; 297; 33420
178; 297; 33440
179; 297; 33500
180; 297; 33587
181; 297; 33637
182; 297; 33540
183; 297; 33444
184; 297; 33503
185; 297; 33637
186; 297; 33760
187; 297; 33949
188; 297; 34232
189; 297; 34268
190; 297; 33984
191; 297; 33691
192; 297; 33626
193; 297; 33597
194; 297; 33499
195; 297; 33452
196; 297; 33489
197; 297; 33445
198; 297; 33243
199; 297; 33028
200; 297; 33045
201; 297; 33330
202; 297; 33562
203; 297; 33402
204; 297; 33028
205; 297; 32998
206; 297; 33544
207; 297; 34322
208; 297; 34830
209; 297; 35039
210; 297; 35054
211; 297; 34965
212; 297; 34637
213; 297; 34098
214; 297; 33654
215; 297; 33415
216; 297; 33354
217; 297; 33324
218; 297; 33234
219; 297; 33098
220; 297; 33048
221; 297; 33094
222; 297; 33104
