297; 198; 33325
298; 198; 33316
299; 198; 33282
300; 198; 33255
301; 198; 33227
302; 198; 33259
303; 198; 33300
304; 198; 33275
305; 198; 33340
306; 198; 33383
307; 198; 33278
308; 198; 33205
309; 198; 33300
310; 198; 33398
311; 198; 33424
312; 198; 33296
313; 198; 33252
314; 198; 33500
315; 198; 33996
316; 198; 34200
317; 198; 33928
318; 198; 33507
319; 198; 33326
320; 198; 33247
321; 198; 33214
322; 198; 33314
323; 198; 33677
324; 198; 34410
325; 198; 34902
326; 198; 34975
327; 198; 34904
328; 198; 34834
329; 198; 34826
330; 198; 34879
331; 198; 35010
332; 198; 35137
333; 198; 35140
334; 198; 35125
335; 198; 35232
336; 198; 35312
337; 198; 35146
338; 198; 34868
339; 198; 34821
340; 198; 35071
341; 198; 35190
342; 198; 34790
343; 198; 34009
344; 198; 33721
345; 198; 34037
346; 198; 34361
347; 198; 34273
348; 198; 34045
349; 198; 33928
350; 198; 33958
351; 198; 34102
352; 198; 34301
353; 198; 34433
354; 198; 34396
355; 198; 34291
356; 198; 34231
297; 199; 33385
298; 199; 33393
299; 199; 33310
300; 199; 33203
301; 199; 33202
302; 199; 33268
303; 199; 33333
304; 199; 33374
305; 199; 33436
306; 199; 33487
307; 199; 33410
308; 199; 33320
309; 199; 33293
310; 199; 33345
311; 199; 33402
312; 199; 33298
313; 199; 33249
314; 199; 33528
315; 199; 34085
316; 199; 34313
317; 199; 33995
318; 199; 33528
319; 199; 33377
320; 199; 33388
321; 199; 33374
322; 199; 33451
323; 199; 34004
324; 199; 34684
325; 199; 34989
326; 199; 34951
327; 199; 34812
328; 199; 34752
329; 199; 34763
330; 199; 34805
331; 199; 34931
332; 199; 35085
333; 199; 35123
334; 199; 35158
335; 199; 35295
336; 199; 35348
337; 199; 35121
338; 199; 34844
339; 199; 34877
340; 199; 35105
341; 199; 35094
342; 199; 34487
343; 199; 33987
344; 199; 33996
345; 199; 34216
346; 199; 34263
347; 199; 34141
348; 199; 34112
349; 199; 34130
350; 199; 34116
351; 199; 34133
352; 199; 34235
353; 199; 34306
354; 199; 34244
355; 199; 34189
356; 199; 34247
297; 200; 33354
298; 200; 33348
299; 200; 33238
300; 200; 33159
301; 200; 33254
302; 200; 33386
303; 200; 33431
304; 200; 33387
305; 200; 33419
306; 200; 33487
307; 200; 33440
308; 200; 33352
309; 200; 33305
310; 200; 33396
311; 200; 33492
312; 200; 33383
313; 200; 33306
314; 200; 33589
315; 200; 34101
316; 200; 34265
317; 200; 33938
318; 200; 33547
319; 200; 33453
320; 200; 33476
321; 200; 33429
322; 200; 33494
323; 200; 34162
324; 200; 34759
325; 200; 34926
326; 200; 34864
327; 200; 34755
328; 200; 34757
329; 200; 34778
330; 200; 34772
331; 200; 34827
332; 200; 34900
333; 200; 34901
334; 200; 34947
335; 200; 35121
336; 200; 35233
337; 200; 35112
338; 200; 34971
339; 200; 35057
340; 200; 35130
341; 200; 34869
342; 200; 34221
343; 200; 34001
344; 200; 34046
345; 200; 34148
346; 200; 34090
347; 200; 34017
348; 200; 34063
349; 200; 34082
350; 200; 34020
351; 200; 33994
352; 200; 34077
353; 200; 34169
354; 200; 34187
355; 200; 34226
356; 200; 34366
297; 201; 33238
298; 201; 33235
299; 201; 33166
300; 201; 33184
301; 201; 33390
302; 201; 33543
303; 201; 33494
304; 201; 33360
305; 201; 33345
306; 201; 33410
307; 201; 33388
308; 201; 33325
309; 201; 33304
310; 201; 33422
311; 201; 33547
312; 201; 33451
313; 201; 33364
314; 201; 33664
315; 201; 34052
316; 201; 34022
317; 201; 33647
318; 201; 33380
319; 201; 33394
320; 201; 33451
321; 201; 33411
322; 201; 33505
323; 201; 34203
324; 201; 34751
325; 201; 34842
326; 201; 34756
327; 201; 34695
328; 201; 34749
329; 201; 34775
330; 201; 34752
331; 201; 34793
332; 201; 34846
333; 201; 34801
334; 201; 34777
335; 201; 34930
336; 201; 35115
337; 201; 35150
338; 201; 35160
339; 201; 35225
340; 201; 35146
341; 201; 34572
342; 201; 34079
343; 201; 34004
344; 201; 34037
345; 201; 34032
346; 201; 33970
347; 201; 33952
348; 201; 33989
349; 201; 33995
350; 201; 33969
351; 201; 33970
352; 201; 34022
353; 201; 34093
354; 201; 34173
355; 201; 34290
356; 201; 34432
297; 202; 33135
298; 202; 33135
299; 202; 33120
300; 202; 33212
301; 202; 33450
302; 202; 33582
303; 202; 33504
304; 202; 33354
305; 202; 33309
306; 202; 33358
307; 202; 33375
308; 202; 33333
309; 202; 33309
310; 202; 33390
311; 202; 33491
312; 202; 33435
313; 202; 33441
314; 202; 33786
315; 202; 34019
316; 202; 33765
317; 202; 33328
318; 202; 33163
319; 202; 33261
320; 202; 33357
321; 202; 33373
322; 202; 33573
323; 202; 34328
324; 202; 34852
325; 202; 34877
326; 202; 34755
327; 202; 34701
328; 202; 34747
329; 202; 34753
330; 202; 34754
331; 202; 34874
332; 202; 35003
333; 202; 34949
334; 202; 34837
335; 202; 34896
336; 202; 35066
337; 202; 35194
338; 202; 35282
339; 202; 35278
340; 202; 34976
341; 202; 34366
342; 202; 34101
343; 202; 34087
344; 202; 34091
345; 202; 34017
346; 202; 33943
347; 202; 33944
348; 202; 33989
349; 202; 34040
350; 202; 34103
351; 202; 34147
352; 202; 34135
353; 202; 34095
354; 202; 34116
355; 202; 34225
356; 202; 34360
297; 203; 33181
298; 203; 33160
299; 203; 33154
300; 203; 33222
301; 203; 33345
302; 203; 33474
303; 203; 33519
304; 203; 33458
305; 203; 33389
306; 203; 33388
307; 203; 33408
308; 203; 33371
309; 203; 33321
310; 203; 33336
311; 203; 33358
312; 203; 33336
313; 203; 33483
314; 203; 33870
315; 203; 34003
316; 203; 33662
317; 203; 33242
318; 203; 33112
319; 203; 33203
320; 203; 33275
321; 203; 33323
322; 203; 33660
323; 203; 34443
324; 203; 34959
325; 203; 34998
326; 203; 34898
327; 203; 34814
328; 203; 34791
329; 203; 34774
330; 203; 34813
331; 203; 34981
332; 203; 35135
333; 203; 35101
334; 203; 34974
335; 203; 34939
336; 203; 35033
337; 203; 35181
338; 203; 35272
339; 203; 35188
340; 203; 34676
341; 203; 34151
342; 203; 34039
343; 203; 34106
344; 203; 34151
345; 203; 34083
346; 203; 34002
347; 203; 33998
348; 203; 34054
349; 203; 34119
350; 203; 34199
351; 203; 34272
352; 203; 34248
353; 203; 34120
354; 203; 34035
355; 203; 34091
356; 203; 34246
297; 204; 33365
298; 204; 33337
299; 204; 33277
300; 204; 33227
301; 204; 33244
302; 204; 33368
303; 204; 33543
304; 204; 33586
305; 204; 33490
306; 204; 33387
307; 204; 33355
308; 204; 33342
309; 204; 33315
310; 204; 33293
311; 204; 33230
312; 204; 33211
313; 204; 33446
314; 204; 33851
315; 204; 33941
316; 204; 33647
317; 204; 33322
318; 204; 33193
319; 204; 33208
320; 204; 33220
321; 204; 33297
322; 204; 33753
323; 204; 34481
324; 204; 34925
325; 204; 35023
326; 204; 35025
327; 204; 34940
328; 204; 34854
329; 204; 34847
330; 204; 34932
331; 204; 35044
332; 204; 35084
333; 204; 35048
334; 204; 34991
335; 204; 34954
336; 204; 35004
337; 204; 35153
338; 204; 35223
339; 204; 35049
340; 204; 34457
341; 204; 34002
342; 204; 33940
343; 204; 34047
344; 204; 34172
345; 204; 34171
346; 204; 34090
347; 204; 34064
348; 204; 34108
349; 204; 34130
350; 204; 34129
351; 204; 34160
352; 204; 34183
353; 204; 34126
354; 204; 34052
355; 204; 34074
356; 204; 34211
297; 205; 33429
298; 205; 33400
299; 205; 33364
300; 205; 33317
301; 205; 33279
302; 205; 33353
303; 205; 33510
304; 205; 33559
305; 205; 33446
306; 205; 33314
307; 205; 33251
308; 205; 33269
309; 205; 33325
310; 205; 33294
311; 205; 33146
312; 205; 33140
313; 205; 33439
314; 205; 33823
315; 205; 33809
316; 205; 33528
317; 205; 33291
318; 205; 33169
319; 205; 33136
320; 205; 33146
321; 205; 33332
322; 205; 33897
323; 205; 34471
324; 205; 34735
325; 205; 34899
326; 205; 34998
327; 205; 34949
328; 205; 34858
329; 205; 34916
330; 205; 35069
331; 205; 35091
332; 205; 34957
333; 205; 34881
334; 205; 34924
335; 205; 34979
336; 205; 35062
337; 205; 35207
338; 205; 35237
339; 205; 34990
340; 205; 34489
341; 205; 34110
342; 205; 33989
343; 205; 34085
344; 205; 34212
345; 205; 34230
346; 205; 34130
347; 205; 34075
348; 205; 34120
349; 205; 34138
350; 205; 34074
351; 205; 34006
352; 205; 34012
353; 205; 34094
354; 205; 34168
355; 205; 34190
356; 205; 34223
297; 206; 33335
298; 206; 33339
299; 206; 33387
300; 206; 33411
301; 206; 33384
302; 206; 33386
303; 206; 33425
304; 206; 33386
305; 206; 33275
306; 206; 33220
307; 206; 33225
308; 206; 33282
309; 206; 33365
310; 206; 33292
311; 206; 33107
312; 206; 33164
313; 206; 33488
314; 206; 33737
315; 206; 33587
316; 206; 33244
317; 206; 33115
318; 206; 33051
319; 206; 33025
320; 206; 33058
321; 206; 33352
322; 206; 33966
323; 206; 34425
324; 206; 34582
325; 206; 34769
326; 206; 34922
327; 206; 34885
328; 206; 34797
329; 206; 34928
330; 206; 35160
331; 206; 35143
332; 206; 34910
333; 206; 34813
334; 206; 34940
335; 206; 35101
336; 206; 35220
337; 206; 35274
338; 206; 35157
339; 206; 34852
340; 206; 34503
341; 206; 34261
342; 206; 34209
343; 206; 34259
344; 206; 34333
345; 206; 34295
346; 206; 34119
347; 206; 33999
348; 206; 34048
349; 206; 34151
350; 206; 34156
351; 206; 34054
352; 206; 33982
353; 206; 34066
354; 206; 34237
355; 206; 34281
356; 206; 34194
297; 207; 33241
298; 207; 33276
299; 207; 33343
300; 207; 33372
301; 207; 33362
302; 207; 33349
303; 207; 33339
304; 207; 33248
305; 207; 33119
306; 207; 33174
307; 207; 33289
308; 207; 33336
309; 207; 33330
310; 207; 33220
311; 207; 33084
312; 207; 33188
313; 207; 33552
314; 207; 33718
315; 207; 33399
316; 207; 33096
317; 207; 33032
318; 207; 33014
319; 207; 33009
320; 207; 33070
321; 207; 33360
322; 207; 33935
323; 207; 34358
324; 207; 34540
325; 207; 34800
326; 207; 34981
327; 207; 34889
328; 207; 34748
329; 207; 34875
330; 207; 35128
331; 207; 35145
332; 207; 34965
333; 207; 34906
334; 207; 35060
335; 207; 35270
336; 207; 35353
337; 207; 35259
338; 207; 34870
339; 207; 34417
340; 207; 34284
341; 207; 34262
342; 207; 34270
343; 207; 34356
344; 207; 34444
345; 207; 34375
346; 207; 34157
347; 207; 33966
348; 207; 33952
349; 207; 34081
350; 207; 34197
351; 207; 34175
352; 207; 34087
353; 207; 34093
354; 207; 34197
355; 207; 34242
356; 207; 34170
297; 208; 33308
298; 208; 33327
299; 208; 33311
300; 208; 33257
301; 208; 33217
302; 208; 33231
303; 208; 33268
304; 208; 33217
305; 208; 33171
306; 208; 33256
307; 208; 33366
308; 208; 33376
309; 208; 33295
310; 208; 33148
311; 208; 33069
312; 208; 33206
313; 208; 33600
314; 208; 33838
315; 208; 33545
316; 208; 33134
317; 208; 33073
318; 208; 33064
319; 208; 33050
320; 208; 33104
321; 208; 33359
322; 208; 33865
323; 208; 34331
324; 208; 34644
325; 208; 35011
326; 208; 35154
327; 208; 34966
328; 208; 34754
329; 208; 34805
330; 208; 34993
331; 208; 35080
332; 208; 35052
333; 208; 35060
334; 208; 35193
335; 208; 35368
336; 208; 35362
337; 208; 34969
338; 208; 34310
339; 208; 34067
340; 208; 34119
341; 208; 34155
342; 208; 34165
343; 208; 34301
344; 208; 34444
345; 208; 34434
346; 208; 34286
347; 208; 34094
348; 208; 33966
349; 208; 33993
350; 208; 34121
351; 208; 34179
352; 208; 34140
353; 208; 34107
354; 208; 34124
355; 208; 34165
356; 208; 34194
297; 209; 33416
298; 209; 33404
299; 209; 33314
300; 209; 33198
301; 209; 33140
302; 209; 33202
303; 209; 33286
304; 209; 33276
305; 209; 33253
306; 209; 33300
307; 209; 33334
308; 209; 33350
309; 209; 33306
310; 209; 33144
311; 209; 33076
312; 209; 33255
313; 209; 33672
314; 209; 33936
315; 209; 33780
316; 209; 33372
317; 209; 33170
318; 209; 33087
319; 209; 33010
320; 209; 33048
321; 209; 33305
322; 209; 33780
323; 209; 34355
324; 209; 34856
325; 209; 35199
326; 209; 35239
327; 209; 35003
328; 209; 34792
329; 209; 34790
330; 209; 34900
331; 209; 35016
332; 209; 35088
333; 209; 35130
334; 209; 35228
335; 209; 35345
336; 209; 35248
337; 209; 34600
338; 209; 33978
339; 209; 33934
340; 209; 34079
341; 209; 34130
342; 209; 34115
343; 209; 34202
344; 209; 34308
345; 209; 34346
346; 209; 34324
347; 209; 34235
348; 209; 34118
349; 209; 34084
350; 209; 34129
351; 209; 34138
352; 209; 34108
353; 209; 34093
354; 209; 34102
355; 209; 34135
356; 209; 34199
297; 210; 33449
298; 210; 33435
299; 210; 33367
300; 210; 33263
301; 210; 33228
302; 210; 33303
303; 210; 33385
304; 210; 33379
305; 210; 33309
306; 210; 33244
307; 210; 33228
308; 210; 33280
309; 210; 33349
310; 210; 33273
311; 210; 33162
312; 210; 33332
313; 210; 33709
314; 210; 33899
315; 210; 33748
316; 210; 33421
317; 210; 33252
318; 210; 33088
319; 210; 32963
320; 210; 32990
321; 210; 33213
322; 210; 33624
323; 210; 34273
324; 210; 34870
325; 210; 35155
326; 210; 35124
327; 210; 34970
328; 210; 34875
329; 210; 34873
330; 210; 34911
331; 210; 34972
332; 210; 35014
333; 210; 35056
334; 210; 35177
335; 210; 35257
336; 210; 35047
337; 210; 34358
338; 210; 33987
339; 210; 34040
340; 210; 34179
341; 210; 34199
342; 210; 34174
343; 210; 34196
344; 210; 34214
345; 210; 34218
346; 210; 34240
347; 210; 34256
348; 210; 34272
349; 210; 34311
350; 210; 34307
351; 210; 34194
352; 210; 34099
353; 210; 34126
354; 210; 34175
355; 210; 34137
356; 210; 34086
297; 211; 33482
298; 211; 33464
299; 211; 33414
300; 211; 33333
301; 211; 33302
302; 211; 33368
303; 211; 33443
304; 211; 33423
305; 211; 33330
306; 211; 33211
307; 211; 33163
308; 211; 33231
309; 211; 33286
310; 211; 33217
311; 211; 33159
312; 211; 33370
313; 211; 33708
314; 211; 33733
315; 211; 33405
316; 211; 33265
317; 211; 33223
318; 211; 33115
319; 211; 33030
320; 211; 33090
321; 211; 33230
322; 211; 33451
323; 211; 33995
324; 211; 34637
325; 211; 34885
326; 211; 34890
327; 211; 34894
328; 211; 34965
329; 211; 35010
330; 211; 34994
331; 211; 34946
332; 211; 34896
333; 211; 34964
334; 211; 35162
335; 211; 35203
336; 211; 34795
337; 211; 34167
338; 211; 34067
339; 211; 34168
340; 211; 34205
341; 211; 34186
342; 211; 34229
343; 211; 34274
344; 211; 34240
345; 211; 34188
346; 211; 34171
347; 211; 34187
348; 211; 34272
349; 211; 34392
350; 211; 34398
351; 211; 34241
352; 211; 34124
353; 211; 34163
354; 211; 34199
355; 211; 34077
356; 211; 33887
297; 212; 33494
298; 212; 33459
299; 212; 33380
300; 212; 33293
301; 212; 33248
302; 212; 33326
303; 212; 33411
304; 212; 33384
305; 212; 33294
306; 212; 33200
307; 212; 33173
308; 212; 33237
309; 212; 33244
310; 212; 33136
311; 212; 33110
312; 212; 33405
313; 212; 33726
314; 212; 33639
315; 212; 33196
316; 212; 33068
317; 212; 33068
318; 212; 33067
319; 212; 33109
320; 212; 33217
321; 212; 33280
322; 212; 33348
323; 212; 33768
324; 212; 34368
325; 212; 34607
326; 212; 34701
327; 212; 34827
328; 212; 34983
329; 212; 35070
330; 212; 35059
331; 212; 34961
332; 212; 34886
333; 212; 35008
334; 212; 35194
335; 212; 35075
336; 212; 34362
337; 212; 33872
338; 212; 33990
339; 212; 34146
340; 212; 34118
341; 212; 34095
342; 212; 34194
343; 212; 34270
344; 212; 34251
345; 212; 34212
346; 212; 34182
347; 212; 34143
348; 212; 34169
349; 212; 34270
350; 212; 34281
351; 212; 34171
352; 212; 34102
353; 212; 34123
354; 212; 34105
355; 212; 33955
356; 212; 33724
297; 213; 33396
298; 213; 33363
299; 213; 33277
300; 213; 33215
301; 213; 33193
302; 213; 33286
303; 213; 33348
304; 213; 33301
305; 213; 33239
306; 213; 33194
307; 213; 33227
308; 213; 33310
309; 213; 33297
310; 213; 33163
311; 213; 33175
312; 213; 33531
313; 213; 33872
314; 213; 33748
315; 213; 33247
316; 213; 32992
317; 213; 32912
318; 213; 32936
319; 213; 33062
320; 213; 33217
321; 213; 33253
322; 213; 33311
323; 213; 33633
324; 213; 34188
325; 213; 34463
326; 213; 34628
327; 213; 34781
328; 213; 34908
329; 213; 34992
330; 213; 35036
331; 213; 35011
332; 213; 35015
333; 213; 35157
334; 213; 35247
335; 213; 34735
336; 213; 33897
337; 213; 33637
338; 213; 33881
339; 213; 34067
340; 213; 34039
341; 213; 34069
342; 213; 34183
343; 213; 34205
344; 213; 34179
345; 213; 34186
346; 213; 34181
347; 213; 34143
348; 213; 34141
349; 213; 34194
350; 213; 34178
351; 213; 34108
352; 213; 34083
353; 213; 34065
354; 213; 33982
355; 213; 33849
356; 213; 33677
297; 214; 33277
298; 214; 33248
299; 214; 33201
300; 214; 33182
301; 214; 33211
302; 214; 33291
303; 214; 33287
304; 214; 33199
305; 214; 33169
306; 214; 33202
307; 214; 33274
308; 214; 33346
309; 214; 33310
310; 214; 33185
311; 214; 33267
312; 214; 33622
313; 214; 33926
314; 214; 33875
315; 214; 33385
316; 214; 33059
317; 214; 32929
318; 214; 32920
319; 214; 33014
320; 214; 33128
321; 214; 33132
322; 214; 33179
323; 214; 33463
324; 214; 34011
325; 214; 34427
326; 214; 34622
327; 214; 34710
328; 214; 34740
329; 214; 34796
330; 214; 34907
331; 214; 35020
332; 214; 35137
333; 214; 35224
334; 214; 34919
335; 214; 34078
336; 214; 33505
337; 214; 33583
338; 214; 33901
339; 214; 33995
340; 214; 33996
341; 214; 34124
342; 214; 34235
343; 214; 34156
344; 214; 34061
345; 214; 34086
346; 214; 34142
347; 214; 34187
348; 214; 34253
349; 214; 34283
350; 214; 34215
351; 214; 34140
352; 214; 34125
353; 214; 34079
354; 214; 33967
355; 214; 33867
356; 214; 33762
297; 215; 33286
298; 215; 33243
299; 215; 33223
300; 215; 33231
301; 215; 33254
302; 215; 33276
303; 215; 33224
304; 215; 33187
305; 215; 33176
306; 215; 33226
307; 215; 33285
308; 215; 33282
309; 215; 33194
310; 215; 33083
311; 215; 33226
312; 215; 33578
313; 215; 33843
314; 215; 33776
315; 215; 33338
316; 215; 33105
317; 215; 33025
318; 215; 33035
319; 215; 33085
320; 215; 33108
321; 215; 33047
322; 215; 33048
323; 215; 33295
324; 215; 33851
325; 215; 34360
326; 215; 34578
327; 215; 34608
328; 215; 34571
329; 215; 34591
330; 215; 34719
331; 215; 34939
332; 215; 35102
333; 215; 34956
334; 215; 34225
335; 215; 33447
336; 215; 33333
337; 215; 33710
338; 215; 34025
339; 215; 33972
340; 215; 33953
341; 215; 34138
342; 215; 34258
343; 215; 34180
344; 215; 34094
345; 215; 34121
346; 215; 34194
347; 215; 34283
348; 215; 34374
349; 215; 34358
350; 215; 34232
351; 215; 34155
352; 215; 34178
353; 215; 34169
354; 215; 34082
355; 215; 33999
356; 215; 33905
297; 216; 33348
298; 216; 33304
299; 216; 33297
300; 216; 33299
301; 216; 33269
302; 216; 33215
303; 216; 33153
304; 216; 33223
305; 216; 33324
306; 216; 33360
307; 216; 33303
308; 216; 33205
309; 216; 33102
310; 216; 33034
311; 216; 33181
312; 216; 33530
313; 216; 33734
314; 216; 33559
315; 216; 33150
316; 216; 33051
317; 216; 33043
318; 216; 33107
319; 216; 33149
320; 216; 33150
321; 216; 33073
322; 216; 33057
323; 216; 33300
324; 216; 33835
325; 216; 34321
326; 216; 34486
327; 216; 34515
328; 216; 34498
329; 216; 34501
330; 216; 34561
331; 216; 34750
332; 216; 34811
333; 216; 34409
334; 216; 33576
335; 216; 33142
336; 216; 33332
337; 216; 33896
338; 216; 34140
339; 216; 33986
340; 216; 33946
341; 216; 34119
342; 216; 34231
343; 216; 34215
344; 216; 34193
345; 216; 34205
346; 216; 34255
347; 216; 34344
348; 216; 34381
349; 216; 34270
350; 216; 34096
351; 216; 34041
352; 216; 34107
353; 216; 34148
354; 216; 34111
355; 216; 34056
356; 216; 33987
297; 217; 33333
298; 217; 33324
299; 217; 33314
300; 217; 33303
301; 217; 33267
302; 217; 33184
303; 217; 33133
304; 217; 33220
305; 217; 33358
306; 217; 33387
307; 217; 33305
308; 217; 33217
309; 217; 33160
310; 217; 33136
311; 217; 33276
312; 217; 33579
313; 217; 33706
314; 217; 33382
315; 217; 33045
316; 217; 32970
317; 217; 32968
318; 217; 33030
319; 217; 33086
320; 217; 33145
321; 217; 33139
322; 217; 33179
323; 217; 33432
324; 217; 33942
325; 217; 34337
326; 217; 34450
327; 217; 34500
328; 217; 34527
329; 217; 34470
330; 217; 34406
331; 217; 34371
332; 217; 34279
333; 217; 33824
334; 217; 33297
335; 217; 33212
336; 217; 33552
337; 217; 34077
338; 217; 34159
339; 217; 33973
340; 217; 33967
341; 217; 34112
342; 217; 34227
343; 217; 34272
344; 217; 34270
345; 217; 34221
346; 217; 34201
347; 217; 34241
348; 217; 34213
349; 217; 34053
350; 217; 33882
351; 217; 33821
352; 217; 33849
353; 217; 33895
354; 217; 33886
355; 217; 33860
356; 217; 33877
297; 218; 33310
298; 218; 33263
299; 218; 33203
300; 218; 33224
301; 218; 33252
302; 218; 33182
303; 218; 33120
304; 218; 33184
305; 218; 33294
306; 218; 33283
307; 218; 33218
308; 218; 33210
309; 218; 33228
310; 218; 33240
311; 218; 33397
312; 218; 33672
313; 218; 33667
314; 218; 33242
315; 218; 32978
316; 218; 32928
317; 218; 32942
318; 218; 32967
319; 218; 33009
320; 218; 33093
321; 218; 33146
322; 218; 33253
323; 218; 33534
324; 218; 34039
325; 218; 34376
326; 218; 34497
327; 218; 34590
328; 218; 34606
329; 218; 34391
330; 218; 33996
331; 218; 33816
332; 218; 33676
333; 218; 33452
334; 218; 33297
335; 218; 33346
336; 218; 33788
337; 218; 34181
338; 218; 34096
339; 218; 33908
340; 218; 33938
341; 218; 34088
342; 218; 34224
343; 218; 34298
344; 218; 34265
345; 218; 34127
346; 218; 34007
347; 218; 33966
348; 218; 33908
349; 218; 33770
350; 218; 33622
351; 218; 33525
352; 218; 33501
353; 218; 33526
354; 218; 33523
355; 218; 33516
356; 218; 33554
297; 219; 33296
298; 219; 33181
299; 219; 33116
300; 219; 33165
301; 219; 33192
302; 219; 33100
303; 219; 33062
304; 219; 33135
305; 219; 33189
306; 219; 33112
307; 219; 33018
308; 219; 33090
309; 219; 33179
310; 219; 33218
311; 219; 33410
312; 219; 33641
313; 219; 33611
314; 219; 33123
315; 219; 32928
316; 219; 32930
317; 219; 32998
318; 219; 32997
319; 219; 32999
320; 219; 33034
321; 219; 33088
322; 219; 33242
323; 219; 33624
324; 219; 34134
325; 219; 34414
326; 219; 34592
327; 219; 34695
328; 219; 34646
329; 219; 34131
330; 219; 33560
331; 219; 33321
332; 219; 33246
333; 219; 33222
334; 219; 33195
335; 219; 33364
336; 219; 33805
337; 219; 34097
338; 219; 33990
339; 219; 33847
340; 219; 33896
341; 219; 34049
342; 219; 34181
343; 219; 34224
344; 219; 34135
345; 219; 33952
346; 219; 33763
347; 219; 33637
348; 219; 33554
349; 219; 33440
350; 219; 33288
351; 219; 33180
352; 219; 33179
353; 219; 33216
354; 219; 33204
355; 219; 33193
356; 219; 33244
297; 220; 33193
298; 220; 33139
299; 220; 33120
300; 220; 33161
301; 220; 33142
302; 220; 33030
303; 220; 33023
304; 220; 33093
305; 220; 33093
306; 220; 33021
307; 220; 32992
308; 220; 33020
309; 220; 33105
310; 220; 33129
311; 220; 33338
312; 220; 33582
313; 220; 33526
314; 220; 33032
315; 220; 32898
316; 220; 32917
317; 220; 32994
318; 220; 32997
319; 220; 32989
320; 220; 33008
321; 220; 33085
322; 220; 33317
323; 220; 33815
324; 220; 34342
325; 220; 34575
326; 220; 34682
327; 220; 34721
328; 220; 34567
329; 220; 33903
330; 220; 33291
331; 220; 33069
332; 220; 33069
333; 220; 33065
334; 220; 33071
335; 220; 33251
336; 220; 33632
337; 220; 33875
338; 220; 33891
339; 220; 33878
340; 220; 33941
341; 220; 34024
342; 220; 34049
343; 220; 33991
344; 220; 33871
345; 220; 33707
346; 220; 33510
347; 220; 33337
348; 220; 33241
349; 220; 33145
350; 220; 32989
351; 220; 32899
352; 220; 32971
353; 220; 33030
354; 220; 32982
355; 220; 32972
356; 220; 33058
297; 221; 33019
298; 221; 33084
299; 221; 33161
300; 221; 33185
301; 221; 33118
302; 221; 33058
303; 221; 33070
304; 221; 33089
305; 221; 33049
306; 221; 32983
307; 221; 32993
308; 221; 33094
309; 221; 33110
310; 221; 33073
311; 221; 33273
312; 221; 33566
313; 221; 33516
314; 221; 33031
315; 221; 32876
316; 221; 32872
317; 221; 32934
318; 221; 32955
319; 221; 32954
320; 221; 32993
321; 221; 33100
322; 221; 33452
323; 221; 34068
324; 221; 34576
325; 221; 34747
326; 221; 34742
327; 221; 34691
328; 221; 34486
329; 221; 33909
330; 221; 33341
331; 221; 33114
332; 221; 33097
333; 221; 33157
334; 221; 33212
335; 221; 33378
336; 221; 33615
337; 221; 33764
338; 221; 33856
339; 221; 33955
340; 221; 34025
341; 221; 33993
342; 221; 33853
343; 221; 33677
344; 221; 33546
345; 221; 33428
346; 221; 33269
347; 221; 33120
348; 221; 33051
349; 221; 32985
350; 221; 32920
351; 221; 32888
352; 221; 32895
353; 221; 32934
354; 221; 32900
355; 221; 32878
356; 221; 33027
297; 222; 32978
298; 222; 33054
299; 222; 33127
300; 222; 33131
301; 222; 33091
302; 222; 33076
303; 222; 33080
304; 222; 33092
305; 222; 33040
306; 222; 32990
307; 222; 33075
308; 222; 33201
309; 222; 33162
310; 222; 33092
311; 222; 33263
312; 222; 33578
313; 222; 33583
314; 222; 33121
315; 222; 32892
316; 222; 32899
317; 222; 32944
318; 222; 32951
319; 222; 32952
320; 222; 33003
321; 222; 33161
322; 222; 33558
323; 222; 34185
324; 222; 34648
325; 222; 34760
326; 222; 34727
327; 222; 34649
328; 222; 34519
329; 222; 34156
330; 222; 33636
331; 222; 33325
332; 222; 33324
333; 222; 33451
334; 222; 33608
335; 222; 33741
336; 222; 33808
337; 222; 33826
338; 222; 33892
339; 222; 33995
340; 222; 34003
341; 222; 33853
342; 222; 33623
343; 222; 33417
344; 222; 33283
345; 222; 33177
346; 222; 33048
347; 222; 32954
348; 222; 32936
349; 222; 32886
350; 222; 32918
351; 222; 33004
352; 222; 32928
353; 222; 32926
354; 222; 32948
355; 222; 32987
356; 222; 33199
297; 223; 33071
298; 223; 33109
299; 223; 33061
300; 223; 33039
301; 223; 33068
302; 223; 33101
303; 223; 33103
304; 223; 33086
305; 223; 33040
306; 223; 33059
307; 223; 33138
308; 223; 33207
309; 223; 33159
310; 223; 33113
311; 223; 33267
312; 223; 33609
313; 223; 33637
314; 223; 33258
315; 223; 32996
316; 223; 32972
317; 223; 33003
318; 223; 32972
319; 223; 32963
320; 223; 33024
321; 223; 33197
322; 223; 33587
323; 223; 34174
324; 223; 34581
325; 223; 34685
326; 223; 34670
327; 223; 34640
328; 223; 34612
329; 223; 34443
330; 223; 34019
331; 223; 33565
332; 223; 33465
333; 223; 33586
334; 223; 33785
335; 223; 33881
336; 223; 33876
337; 223; 33868
338; 223; 33913
339; 223; 33933
340; 223; 33793
341; 223; 33552
342; 223; 33379
343; 223; 33282
344; 223; 33171
345; 223; 33026
346; 223; 32916
347; 223; 32878
348; 223; 32878
349; 223; 32871
350; 223; 32880
351; 223; 32965
352; 223; 32921
353; 223; 32955
354; 223; 33093
355; 223; 33188
356; 223; 33370
297; 224; 33151
298; 224; 33174
299; 224; 33073
300; 224; 33032
301; 224; 33098
302; 224; 33155
303; 224; 33117
304; 224; 33069
305; 224; 33047
306; 224; 33077
307; 224; 33123
308; 224; 33157
309; 224; 33111
310; 224; 33082
311; 224; 33245
312; 224; 33583
313; 224; 33669
314; 224; 33368
315; 224; 33071
316; 224; 33022
317; 224; 33077
318; 224; 33044
319; 224; 32974
320; 224; 33005
321; 224; 33137
322; 224; 33557
323; 224; 34162
324; 224; 34542
325; 224; 34635
326; 224; 34638
327; 224; 34644
328; 224; 34665
329; 224; 34599
330; 224; 34234
331; 224; 33701
332; 224; 33441
333; 224; 33440
334; 224; 33560
335; 224; 33627
336; 224; 33649
337; 224; 33730
338; 224; 33815
339; 224; 33762
340; 224; 33495
341; 224; 33237
342; 224; 33216
343; 224; 33272
344; 224; 33185
345; 224; 32996
346; 224; 32873
347; 224; 32837
348; 224; 32894
349; 224; 33023
350; 224; 32972
351; 224; 32878
352; 224; 32875
353; 224; 32964
354; 224; 33086
355; 224; 33174
356; 224; 33349
297; 225; 33095
298; 225; 33125
299; 225; 33057
300; 225; 33036
301; 225; 33105
302; 225; 33157
303; 225; 33140
304; 225; 33077
305; 225; 33068
306; 225; 33099
307; 225; 33152
308; 225; 33156
309; 225; 33045
310; 225; 32975
311; 225; 33169
312; 225; 33511
313; 225; 33604
314; 225; 33335
315; 225; 33052
316; 225; 32982
317; 225; 33055
318; 225; 33082
319; 225; 33009
320; 225; 32982
321; 225; 33083
322; 225; 33524
323; 225; 34175
324; 225; 34571
325; 225; 34633
326; 225; 34610
327; 225; 34604
328; 225; 34594
329; 225; 34502
330; 225; 34182
331; 225; 33708
332; 225; 33398
333; 225; 33252
334; 225; 33241
335; 225; 33272
336; 225; 33318
337; 225; 33437
338; 225; 33543
339; 225; 33485
340; 225; 33230
341; 225; 33048
342; 225; 33130
343; 225; 33257
344; 225; 33191
345; 225; 33029
346; 225; 32939
347; 225; 32908
348; 225; 32959
349; 225; 33086
350; 225; 33078
351; 225; 32975
352; 225; 32945
353; 225; 32979
354; 225; 32996
355; 225; 33059
356; 225; 33283
297; 226; 33027
298; 226; 33042
299; 226; 33040
300; 226; 33057
301; 226; 33090
302; 226; 33142
303; 226; 33153
304; 226; 33108
305; 226; 33071
306; 226; 33118
307; 226; 33200
308; 226; 33176
309; 226; 32999
310; 226; 32904
311; 226; 33106
312; 226; 33446
313; 226; 33479
314; 226; 33157
315; 226; 32943
316; 226; 32922
317; 226; 32985
318; 226; 33088
319; 226; 33089
320; 226; 33032
321; 226; 33074
322; 226; 33485
323; 226; 34162
324; 226; 34579
325; 226; 34601
326; 226; 34540
327; 226; 34508
328; 226; 34444
329; 226; 34253
330; 226; 33893
331; 226; 33605
332; 226; 33406
333; 226; 33242
334; 226; 33134
335; 226; 33065
336; 226; 33042
337; 226; 33110
338; 226; 33193
339; 226; 33146
340; 226; 32994
341; 226; 32931
342; 226; 33019
343; 226; 33131
344; 226; 33118
345; 226; 33037
346; 226; 32981
347; 226; 32949
348; 226; 32957
349; 226; 32999
350; 226; 33011
351; 226; 33012
352; 226; 33013
353; 226; 33007
354; 226; 33004
355; 226; 33111
356; 226; 33393
297; 227; 33033
298; 227; 33053
299; 227; 33068
300; 227; 33063
301; 227; 33071
302; 227; 33090
303; 227; 33125
304; 227; 33086
305; 227; 33031
306; 227; 33076
307; 227; 33189
308; 227; 33184
309; 227; 32997
310; 227; 32903
311; 227; 33112
312; 227; 33471
313; 227; 33478
314; 227; 33064
315; 227; 32907
316; 227; 32913
317; 227; 32964
318; 227; 33046
319; 227; 33078
320; 227; 33051
321; 227; 33079
322; 227; 33395
323; 227; 34064
324; 227; 34516
325; 227; 34508
326; 227; 34399
327; 227; 34359
328; 227; 34296
329; 227; 34029
330; 227; 33691
331; 227; 33508
332; 227; 33408
333; 227; 33303
334; 227; 33148
335; 227; 32979
336; 227; 32886
337; 227; 32909
338; 227; 32953
339; 227; 32935
340; 227; 32914
341; 227; 32908
342; 227; 32885
343; 227; 32953
344; 227; 33017
345; 227; 33021
346; 227; 33008
347; 227; 32970
348; 227; 32921
349; 227; 32906
350; 227; 32941
351; 227; 32991
352; 227; 33009
353; 227; 33008
354; 227; 33062
355; 227; 33263
356; 227; 33557
297; 228; 33011
298; 228; 33047
299; 228; 33075
300; 228; 33065
301; 228; 33098
302; 228; 33161
303; 228; 33159
304; 228; 33062
305; 228; 32968
306; 228; 32997
307; 228; 33161
308; 228; 33199
309; 228; 33034
310; 228; 33014
311; 228; 33224
312; 228; 33583
313; 228; 33562
314; 228; 33119
315; 228; 32957
316; 228; 32969
317; 228; 33005
318; 228; 32939
319; 228; 32923
320; 228; 32958
321; 228; 32998
322; 228; 33326
323; 228; 33978
324; 228; 34467
325; 228; 34454
326; 228; 34259
327; 228; 34204
328; 228; 34207
329; 228; 34047
330; 228; 33640
331; 228; 33418
332; 228; 33330
333; 228; 33263
334; 228; 33127
335; 228; 32950
336; 228; 32870
337; 228; 32883
338; 228; 32896
339; 228; 32900
340; 228; 32943
341; 228; 32908
342; 228; 32851
343; 228; 32931
344; 228; 33020
345; 228; 33017
346; 228; 33007
347; 228; 32973
348; 228; 32931
349; 228; 32925
350; 228; 32944
351; 228; 32981
352; 228; 32996
353; 228; 32990
354; 228; 33090
355; 228; 33316
356; 228; 33535
297; 229; 32981
298; 229; 33026
299; 229; 33062
300; 229; 33096
301; 229; 33164
302; 229; 33226
303; 229; 33197
304; 229; 33092
305; 229; 32987
306; 229; 32994
307; 229; 33112
308; 229; 33198
309; 229; 33113
310; 229; 33119
311; 229; 33291
312; 229; 33615
313; 229; 33604
314; 229; 33198
315; 229; 33022
316; 229; 33031
317; 229; 33014
318; 229; 32897
319; 229; 32900
320; 229; 32907
321; 229; 33071
322; 229; 33465
323; 229; 34087
324; 229; 34493
325; 229; 34485
326; 229; 34211
327; 229; 34103
328; 229; 34158
329; 229; 34087
330; 229; 33690
331; 229; 33372
332; 229; 33242
333; 229; 33149
334; 229; 33056
335; 229; 32964
336; 229; 32940
337; 229; 32966
338; 229; 32942
339; 229; 32880
340; 229; 32886
341; 229; 32881
342; 229; 32946
343; 229; 33079
344; 229; 33114
345; 229; 33044
346; 229; 32997
347; 229; 33011
348; 229; 33014
349; 229; 32987
350; 229; 32990
351; 229; 33035
352; 229; 33040
353; 229; 33045
354; 229; 33171
355; 229; 33345
356; 229; 33463
297; 230; 33017
298; 230; 33032
299; 230; 33063
300; 230; 33093
301; 230; 33151
302; 230; 33199
303; 230; 33180
304; 230; 33128
305; 230; 33091
306; 230; 33109
307; 230; 33171
308; 230; 33215
309; 230; 33158
310; 230; 33109
311; 230; 33230
312; 230; 33522
313; 230; 33533
314; 230; 33199
315; 230; 33039
316; 230; 33036
317; 230; 33027
318; 230; 32926
319; 230; 32927
320; 230; 32941
321; 230; 33272
322; 230; 33811
323; 230; 34307
324; 230; 34594
325; 230; 34503
326; 230; 34238
327; 230; 34131
328; 230; 34170
329; 230; 34091
330; 230; 33726
331; 230; 33437
332; 230; 33220
333; 230; 33041
334; 230; 32962
335; 230; 32977
336; 230; 33048
337; 230; 33091
338; 230; 33036
339; 230; 32929
340; 230; 32891
341; 230; 32987
342; 230; 33129
343; 230; 33221
344; 230; 33202
345; 230; 33081
346; 230; 32999
347; 230; 33001
348; 230; 32994
349; 230; 32975
350; 230; 33026
351; 230; 33119
352; 230; 33164
353; 230; 33190
354; 230; 33313
355; 230; 33484
356; 230; 33580
297; 231; 33137
298; 231; 33122
299; 231; 33111
300; 231; 33091
301; 231; 33113
302; 231; 33157
303; 231; 33170
304; 231; 33168
305; 231; 33176
306; 231; 33193
307; 231; 33209
308; 231; 33214
309; 231; 33154
310; 231; 33093
311; 231; 33195
312; 231; 33449
313; 231; 33546
314; 231; 33260
315; 231; 33078
316; 231; 33076
317; 231; 33074
318; 231; 32947
319; 231; 32880
320; 231; 32934
321; 231; 33362
322; 231; 33963
323; 231; 34422
324; 231; 34550
325; 231; 34422
326; 231; 34224
327; 231; 34196
328; 231; 34214
329; 231; 34031
330; 231; 33675
331; 231; 33471
332; 231; 33226
333; 231; 33012
334; 231; 32904
335; 231; 32940
336; 231; 33038
337; 231; 33099
338; 231; 33070
339; 231; 33016
340; 231; 33013
341; 231; 33065
342; 231; 33133
343; 231; 33190
344; 231; 33183
345; 231; 33081
346; 231; 32970
347; 231; 32937
348; 231; 32947
349; 231; 32970
350; 231; 33058
351; 231; 33199
352; 231; 33274
353; 231; 33292
354; 231; 33409
355; 231; 33623
356; 231; 33739
297; 232; 33275
298; 232; 33275
299; 232; 33249
300; 232; 33197
301; 232; 33169
302; 232; 33225
303; 232; 33280
304; 232; 33272
305; 232; 33244
306; 232; 33224
307; 232; 33231
308; 232; 33231
309; 232; 33167
310; 232; 33111
311; 232; 33216
312; 232; 33478
313; 232; 33645
314; 232; 33433
315; 232; 33189
316; 232; 33166
317; 232; 33163
318; 232; 33029
319; 232; 32899
320; 232; 32955
321; 232; 33262
322; 232; 33875
323; 232; 34368
324; 232; 34438
325; 232; 34261
326; 232; 34136
327; 232; 34200
328; 232; 34190
329; 232; 33897
330; 232; 33509
331; 232; 33377
332; 232; 33258
333; 232; 33082
334; 232; 32942
335; 232; 32935
336; 232; 32972
337; 232; 33018
338; 232; 33067
339; 232; 33107
340; 232; 33103
341; 232; 33041
342; 232; 32991
343; 232; 33019
344; 232; 33068
345; 232; 33055
346; 232; 33002
347; 232; 32984
348; 232; 32994
349; 232; 33025
350; 232; 33145
351; 232; 33294
352; 232; 33319
353; 232; 33264
354; 232; 33316
355; 232; 33508
356; 232; 33629
297; 233; 33374
298; 233; 33434
299; 233; 33438
300; 233; 33351
301; 233; 33289
302; 233; 33353
303; 233; 33427
304; 233; 33400
305; 233; 33317
306; 233; 33277
307; 233; 33295
308; 233; 33297
309; 233; 33219
310; 233; 33141
311; 233; 33245
312; 233; 33529
313; 233; 33685
314; 233; 33510
315; 233; 33220
316; 233; 33200
317; 233; 33232
318; 233; 33152
319; 233; 33030
320; 233; 33018
321; 233; 33162
322; 233; 33715
323; 233; 34331
324; 233; 34414
325; 233; 34177
326; 233; 34045
327; 233; 34107
328; 233; 34072
329; 233; 33716
330; 233; 33394
331; 233; 33297
332; 233; 33246
333; 233; 33163
334; 233; 33086
335; 233; 33029
336; 233; 32983
337; 233; 32980
338; 233; 33048
339; 233; 33130
340; 233; 33123
341; 233; 33022
342; 233; 32924
343; 233; 32935
344; 233; 33034
345; 233; 33104
346; 233; 33111
347; 233; 33106
348; 233; 33123
349; 233; 33176
350; 233; 33266
351; 233; 33324
352; 233; 33273
353; 233; 33166
354; 233; 33149
355; 233; 33251
356; 233; 33342
297; 234; 33436
298; 234; 33522
299; 234; 33546
300; 234; 33453
301; 234; 33381
302; 234; 33437
303; 234; 33513
304; 234; 33498
305; 234; 33423
306; 234; 33395
307; 234; 33428
308; 234; 33445
309; 234; 33350
310; 234; 33213
311; 234; 33280
312; 234; 33559
313; 234; 33678
314; 234; 33455
315; 234; 33135
316; 234; 33149
317; 234; 33246
318; 234; 33237
319; 234; 33143
320; 234; 33086
321; 234; 33143
322; 234; 33588
323; 234; 34266
324; 234; 34429
325; 234; 34259
326; 234; 33978
327; 234; 33923
328; 234; 33862
329; 234; 33659
330; 234; 33458
331; 234; 33346
332; 234; 33272
333; 234; 33221
334; 234; 33205
335; 234; 33147
336; 234; 33041
337; 234; 32987
338; 234; 33030
339; 234; 33101
340; 234; 33104
341; 234; 33051
342; 234; 32996
343; 234; 33028
344; 234; 33137
345; 234; 33207
346; 234; 33205
347; 234; 33198
348; 234; 33229
349; 234; 33268
350; 234; 33265
351; 234; 33203
352; 234; 33115
353; 234; 33071
354; 234; 33098
355; 234; 33162
356; 234; 33205
297; 235; 33515
298; 235; 33600
299; 235; 33630
300; 235; 33554
301; 235; 33481
302; 235; 33505
303; 235; 33568
304; 235; 33573
305; 235; 33534
306; 235; 33521
307; 235; 33558
308; 235; 33608
309; 235; 33551
310; 235; 33364
311; 235; 33395
312; 235; 33623
313; 235; 33721
314; 235; 33454
315; 235; 33069
316; 235; 33096
317; 235; 33198
318; 235; 33211
319; 235; 33140
320; 235; 33097
321; 235; 33146
322; 235; 33409
323; 235; 33988
324; 235; 34310
325; 235; 34169
326; 235; 33861
327; 235; 33644
328; 235; 33601
329; 235; 33618
330; 235; 33615
331; 235; 33531
332; 235; 33363
333; 235; 33232
334; 235; 33186
335; 235; 33139
336; 235; 33069
337; 235; 33036
338; 235; 33027
339; 235; 33025
340; 235; 33019
341; 235; 33026
342; 235; 33037
343; 235; 33093
344; 235; 33194
345; 235; 33247
346; 235; 33221
347; 235; 33178
348; 235; 33183
349; 235; 33200
350; 235; 33147
351; 235; 33028
352; 235; 32950
353; 235; 33012
354; 235; 33166
355; 235; 33272
356; 235; 33261
297; 236; 33638
298; 236; 33713
299; 236; 33803
300; 236; 33775
301; 236; 33680
302; 236; 33638
303; 236; 33664
304; 236; 33649
305; 236; 33617
306; 236; 33604
307; 236; 33643
308; 236; 33727
309; 236; 33748
310; 236; 33563
311; 236; 33539
312; 236; 33716
313; 236; 33821
314; 236; 33585
315; 236; 33158
316; 236; 33097
317; 236; 33130
318; 236; 33109
319; 236; 33057
320; 236; 33062
321; 236; 33121
322; 236; 33230
323; 236; 33524
324; 236; 33860
325; 236; 33830
326; 236; 33574
327; 236; 33431
328; 236; 33448
329; 236; 33584
330; 236; 33722
331; 236; 33685
332; 236; 33470
333; 236; 33262
334; 236; 33166
335; 236; 33111
336; 236; 33086
337; 236; 33085
338; 236; 33042
339; 236; 32979
340; 236; 32964
341; 236; 32992
342; 236; 33011
343; 236; 33052
344; 236; 33143
345; 236; 33225
346; 236; 33226
347; 236; 33145
348; 236; 33077
349; 236; 33063
350; 236; 33059
351; 236; 33024
352; 236; 32960
353; 236; 33012
354; 236; 33208
355; 236; 33340
356; 236; 33287
297; 237; 33754
298; 237; 33831
299; 237; 33944
300; 237; 33989
301; 237; 33925
302; 237; 33875
303; 237; 33852
304; 237; 33791
305; 237; 33708
306; 237; 33691
307; 237; 33736
308; 237; 33870
309; 237; 33901
310; 237; 33745
311; 237; 33661
312; 237; 33803
313; 237; 33922
314; 237; 33712
315; 237; 33258
316; 237; 33118
317; 237; 33099
318; 237; 33068
319; 237; 33042
320; 237; 33113
321; 237; 33193
322; 237; 33221
323; 237; 33278
324; 237; 33401
325; 237; 33449
326; 237; 33402
327; 237; 33373
328; 237; 33433
329; 237; 33578
330; 237; 33697
331; 237; 33668
332; 237; 33490
333; 237; 33320
334; 237; 33262
335; 237; 33210
336; 237; 33160
337; 237; 33141
338; 237; 33085
339; 237; 33018
340; 237; 33005
341; 237; 33033
342; 237; 33047
343; 237; 33056
344; 237; 33112
345; 237; 33226
346; 237; 33282
347; 237; 33166
348; 237; 33006
349; 237; 32962
350; 237; 32995
351; 237; 33002
352; 237; 32977
353; 237; 33029
354; 237; 33174
355; 237; 33257
356; 237; 33183
297; 238; 33926
298; 238; 33956
299; 238; 34028
300; 238; 34058
301; 238; 34030
302; 238; 34030
303; 238; 34085
304; 238; 34026
305; 238; 33886
306; 238; 33829
307; 238; 33912
308; 238; 34053
309; 238; 34052
310; 238; 33865
311; 238; 33779
312; 238; 33909
313; 238; 33976
314; 238; 33719
315; 238; 33259
316; 238; 33132
317; 238; 33133
318; 238; 33139
319; 238; 33153
320; 238; 33258
321; 238; 33330
322; 238; 33283
323; 238; 33239
324; 238; 33276
325; 238; 33319
326; 238; 33351
327; 238; 33424
328; 238; 33532
329; 238; 33612
330; 238; 33631
331; 238; 33575
332; 238; 33448
333; 238; 33345
334; 238; 33359
335; 238; 33360
336; 238; 33289
337; 238; 33213
338; 238; 33133
339; 238; 33078
340; 238; 33081
341; 238; 33117
342; 238; 33120
343; 238; 33097
344; 238; 33119
345; 238; 33214
346; 238; 33259
347; 238; 33119
348; 238; 32953
349; 238; 32921
350; 238; 32936
351; 238; 32942
352; 238; 32965
353; 238; 33012
354; 238; 33091
355; 238; 33140
356; 238; 33071
297; 239; 34119
298; 239; 34054
299; 239; 34066
300; 239; 34077
301; 239; 34062
302; 239; 34118
303; 239; 34205
304; 239; 34200
305; 239; 34056
306; 239; 34037
307; 239; 34172
308; 239; 34270
309; 239; 34199
310; 239; 34049
311; 239; 34021
312; 239; 34136
313; 239; 34068
314; 239; 33654
315; 239; 33239
316; 239; 33181
317; 239; 33222
318; 239; 33259
319; 239; 33268
320; 239; 33307
321; 239; 33324
322; 239; 33281
323; 239; 33251
324; 239; 33266
325; 239; 33287
326; 239; 33345
327; 239; 33497
328; 239; 33625
329; 239; 33639
330; 239; 33586
331; 239; 33517
332; 239; 33439
333; 239; 33378
334; 239; 33398
335; 239; 33428
336; 239; 33381
337; 239; 33277
338; 239; 33161
339; 239; 33090
340; 239; 33086
341; 239; 33115
342; 239; 33101
343; 239; 33067
344; 239; 33082
345; 239; 33119
346; 239; 33084
347; 239; 32990
348; 239; 32939
349; 239; 32909
350; 239; 32905
351; 239; 32948
352; 239; 32972
353; 239; 32953
354; 239; 32993
355; 239; 33067
356; 239; 33021
297; 240; 34333
298; 240; 34234
299; 240; 34155
300; 240; 34124
301; 240; 34147
302; 240; 34255
303; 240; 34364
304; 240; 34330
305; 240; 34214
306; 240; 34251
307; 240; 34419
308; 240; 34452
309; 240; 34337
310; 240; 34266
311; 240; 34357
312; 240; 34397
313; 240; 34181
314; 240; 33661
315; 240; 33292
316; 240; 33256
317; 240; 33293
318; 240; 33335
319; 240; 33323
320; 240; 33279
321; 240; 33216
322; 240; 33183
323; 240; 33212
324; 240; 33244
325; 240; 33233
326; 240; 33262
327; 240; 33497
328; 240; 33644
329; 240; 33620
330; 240; 33513
331; 240; 33468
332; 240; 33457
333; 240; 33402
334; 240; 33367
335; 240; 33384
336; 240; 33399
337; 240; 33347
338; 240; 33226
339; 240; 33105
340; 240; 33031
341; 240; 32993
342; 240; 32961
343; 240; 32967
344; 240; 33018
345; 240; 33035
346; 240; 33009
347; 240; 32985
348; 240; 32967
349; 240; 32911
350; 240; 32915
351; 240; 33056
352; 240; 33165
353; 240; 33046
354; 240; 32930
355; 240; 32996
356; 240; 32975
297; 241; 34458
298; 241; 34460
299; 241; 34384
300; 241; 34361
301; 241; 34427
302; 241; 34531
303; 241; 34569
304; 241; 34494
305; 241; 34387
306; 241; 34474
307; 241; 34630
308; 241; 34616
309; 241; 34480
310; 241; 34462
311; 241; 34545
312; 241; 34538
313; 241; 34291
314; 241; 33766
315; 241; 33387
316; 241; 33276
317; 241; 33274
318; 241; 33347
319; 241; 33357
320; 241; 33273
321; 241; 33156
322; 241; 33117
323; 241; 33155
324; 241; 33155
325; 241; 33099
326; 241; 33140
327; 241; 33460
328; 241; 33664
329; 241; 33602
330; 241; 33437
331; 241; 33412
332; 241; 33454
333; 241; 33412
334; 241; 33333
335; 241; 33321
336; 241; 33376
337; 241; 33396
338; 241; 33304
339; 241; 33156
340; 241; 33040
341; 241; 32953
342; 241; 32916
343; 241; 32961
344; 241; 32996
345; 241; 33000
346; 241; 33001
347; 241; 32978
348; 241; 32958
349; 241; 32951
350; 241; 33028
351; 241; 33218
352; 241; 33334
353; 241; 33197
354; 241; 32932
355; 241; 32908
356; 241; 32918
297; 242; 34501
298; 242; 34602
299; 242; 34621
300; 242; 34635
301; 242; 34696
302; 242; 34768
303; 242; 34767
304; 242; 34638
305; 242; 34559
306; 242; 34648
307; 242; 34806
308; 242; 34770
309; 242; 34605
310; 242; 34567
311; 242; 34606
312; 242; 34573
313; 242; 34360
314; 242; 33922
315; 242; 33495
316; 242; 33250
317; 242; 33197
318; 242; 33301
319; 242; 33369
320; 242; 33277
321; 242; 33152
322; 242; 33142
323; 242; 33159
324; 242; 33080
325; 242; 32981
326; 242; 33035
327; 242; 33481
328; 242; 33708
329; 242; 33605
330; 242; 33371
331; 242; 33308
332; 242; 33374
333; 242; 33392
334; 242; 33329
335; 242; 33287
336; 242; 33302
337; 242; 33336
338; 242; 33309
339; 242; 33203
340; 242; 33098
341; 242; 33008
342; 242; 32939
343; 242; 32929
344; 242; 32920
345; 242; 32928
346; 242; 32973
347; 242; 32966
348; 242; 32965
349; 242; 33049
350; 242; 33182
351; 242; 33298
352; 242; 33327
353; 242; 33232
354; 242; 33035
355; 242; 32889
356; 242; 32868
297; 243; 34549
298; 243; 34722
299; 243; 34770
300; 243; 34765
301; 243; 34803
302; 243; 34848
303; 243; 34817
304; 243; 34697
305; 243; 34633
306; 243; 34754
307; 243; 34912
308; 243; 34877
309; 243; 34717
310; 243; 34658
311; 243; 34678
312; 243; 34627
313; 243; 34440
314; 243; 34071
315; 243; 33597
316; 243; 33270
317; 243; 33148
318; 243; 33223
319; 243; 33307
320; 243; 33228
321; 243; 33156
322; 243; 33218
323; 243; 33233
324; 243; 33081
325; 243; 32922
326; 243; 32996
327; 243; 33472
328; 243; 33706
329; 243; 33612
330; 243; 33366
331; 243; 33262
332; 243; 33298
333; 243; 33331
334; 243; 33295
335; 243; 33228
336; 243; 33159
337; 243; 33145
338; 243; 33157
339; 243; 33146
340; 243; 33113
341; 243; 33057
342; 243; 32971
343; 243; 32918
344; 243; 32909
345; 243; 32907
346; 243; 32943
347; 243; 32966
348; 243; 32985
349; 243; 33129
350; 243; 33293
351; 243; 33332
352; 243; 33269
353; 243; 33193
354; 243; 33109
355; 243; 32993
356; 243; 32931
297; 244; 34755
298; 244; 34887
299; 244; 34914
300; 244; 34858
301; 244; 34851
302; 244; 34861
303; 244; 34820
304; 244; 34726
305; 244; 34695
306; 244; 34823
307; 244; 34974
308; 244; 34954
309; 244; 34827
310; 244; 34782
311; 244; 34879
312; 244; 34824
313; 244; 34567
314; 244; 34139
315; 244; 33621
316; 244; 33283
317; 244; 33143
318; 244; 33176
319; 244; 33217
320; 244; 33127
321; 244; 33112
322; 244; 33260
323; 244; 33292
324; 244; 33099
325; 244; 32897
326; 244; 32958
327; 244; 33417
328; 244; 33700
329; 244; 33661
330; 244; 33466
331; 244; 33342
332; 244; 33287
333; 244; 33261
334; 244; 33227
335; 244; 33153
336; 244; 33050
337; 244; 32995
338; 244; 32992
339; 244; 33017
340; 244; 33047
341; 244; 33040
342; 244; 32984
343; 244; 32954
344; 244; 32989
345; 244; 32990
346; 244; 32971
347; 244; 32997
348; 244; 32995
349; 244; 33116
350; 244; 33328
351; 244; 33355
352; 244; 33241
353; 244; 33128
354; 244; 33072
355; 244; 33024
356; 244; 33000
297; 245; 34974
298; 245; 35064
299; 245; 35029
300; 245; 34945
301; 245; 34903
302; 245; 34905
303; 245; 34881
304; 245; 34815
305; 245; 34800
306; 245; 34913
307; 245; 35042
308; 245; 35036
309; 245; 34955
310; 245; 34986
311; 245; 35088
312; 245; 35020
313; 245; 34685
314; 245; 34130
315; 245; 33556
316; 245; 33257
317; 245; 33172
318; 245; 33194
319; 245; 33199
320; 245; 33082
321; 245; 33043
322; 245; 33183
323; 245; 33223
324; 245; 33048
325; 245; 32870
326; 245; 32933
327; 245; 33407
328; 245; 33769
329; 245; 33780
330; 245; 33634
331; 245; 33478
332; 245; 33331
333; 245; 33247
334; 245; 33193
335; 245; 33122
336; 245; 33036
337; 245; 32983
338; 245; 32979
339; 245; 32974
340; 245; 32979
341; 245; 32991
342; 245; 32963
343; 245; 32957
344; 245; 32999
345; 245; 32987
346; 245; 32981
347; 245; 33014
348; 245; 32998
349; 245; 33106
350; 245; 33314
351; 245; 33355
352; 245; 33225
353; 245; 33052
354; 245; 32965
355; 245; 32954
356; 245; 32959
297; 246; 35047
298; 246; 35129
299; 246; 35115
300; 246; 35028
301; 246; 34981
302; 246; 34995
303; 246; 34988
304; 246; 34929
305; 246; 34918
306; 246; 35021
307; 246; 35135
308; 246; 35139
309; 246; 35083
310; 246; 35113
311; 246; 35183
312; 246; 35119
313; 246; 34736
314; 246; 34073
315; 246; 33488
316; 246; 33225
317; 246; 33192
318; 246; 33221
319; 246; 33220
320; 246; 33098
321; 246; 32986
322; 246; 33019
323; 246; 33052
324; 246; 32958
325; 246; 32851
326; 246; 32897
327; 246; 33379
328; 246; 33837
329; 246; 33881
330; 246; 33757
331; 246; 33571
332; 246; 33385
333; 246; 33316
334; 246; 33252
335; 246; 33159
336; 246; 33075
337; 246; 33024
338; 246; 32991
339; 246; 32963
340; 246; 32966
341; 246; 32987
342; 246; 32950
343; 246; 32907
344; 246; 32913
345; 246; 32917
346; 246; 32938
347; 246; 32963
348; 246; 33005
349; 246; 33141
350; 246; 33276
351; 246; 33289
352; 246; 33189
353; 246; 33039
354; 246; 32914
355; 246; 32896
356; 246; 32896
297; 247; 35079
298; 247; 35158
299; 247; 35169
300; 247; 35120
301; 247; 35099
302; 247; 35119
303; 247; 35088
304; 247; 35005
305; 247; 34996
306; 247; 35110
307; 247; 35226
308; 247; 35232
309; 247; 35180
310; 247; 35195
311; 247; 35252
312; 247; 35174
313; 247; 34765
314; 247; 34066
315; 247; 33497
316; 247; 33239
317; 247; 33173
318; 247; 33185
319; 247; 33209
320; 247; 33119
321; 247; 32970
322; 247; 32930
323; 247; 32962
324; 247; 32925
325; 247; 32849
326; 247; 32845
327; 247; 33211
328; 247; 33779
329; 247; 33886
330; 247; 33776
331; 247; 33501
332; 247; 33378
333; 247; 33400
334; 247; 33377
335; 247; 33238
336; 247; 33097
337; 247; 33046
338; 247; 33032
339; 247; 32998
340; 247; 32959
341; 247; 32943
342; 247; 32926
343; 247; 32897
344; 247; 32893
345; 247; 32939
346; 247; 32988
347; 247; 32997
348; 247; 33032
349; 247; 33130
350; 247; 33194
351; 247; 33153
352; 247; 33095
353; 247; 33074
354; 247; 33003
355; 247; 32904
356; 247; 32895
297; 248; 35161
298; 248; 35236
299; 248; 35263
300; 248; 35244
301; 248; 35246
302; 248; 35259
303; 248; 35200
304; 248; 35099
305; 248; 35098
306; 248; 35212
307; 248; 35313
308; 248; 35307
309; 248; 35258
310; 248; 35279
311; 248; 35357
312; 248; 35295
313; 248; 34873
314; 248; 34153
315; 248; 33582
316; 248; 33303
317; 248; 33143
318; 248; 33108
319; 248; 33153
320; 248; 33130
321; 248; 33005
322; 248; 32946
323; 248; 32966
324; 248; 32947
325; 248; 32856
326; 248; 32849
327; 248; 33058
328; 248; 33635
329; 248; 33816
330; 248; 33711
331; 248; 33407
332; 248; 33268
333; 248; 33346
334; 248; 33392
335; 248; 33269
336; 248; 33097
337; 248; 33025
338; 248; 33031
339; 248; 33010
340; 248; 32931
341; 248; 32889
342; 248; 32901
343; 248; 32883
344; 248; 32926
345; 248; 33086
346; 248; 33172
347; 248; 33099
348; 248; 33057
349; 248; 33117
350; 248; 33114
351; 248; 33008
352; 248; 32996
353; 248; 33080
354; 248; 33103
355; 248; 33025
356; 248; 32997
297; 249; 35308
298; 249; 35357
299; 249; 35376
300; 249; 35355
301; 249; 35351
302; 249; 35367
303; 249; 35332
304; 249; 35267
305; 249; 35272
306; 249; 35352
307; 249; 35418
308; 249; 35399
309; 249; 35355
310; 249; 35393
311; 249; 35517
312; 249; 35473
313; 249; 35059
314; 249; 34293
315; 249; 33657
316; 249; 33371
317; 249; 33184
318; 249; 33098
319; 249; 33127
320; 249; 33151
321; 249; 33066
322; 249; 32983
323; 249; 32989
324; 249; 33004
325; 249; 32914
326; 249; 32851
327; 249; 33071
328; 249; 33607
329; 249; 33811
330; 249; 33694
331; 249; 33363
332; 249; 33158
333; 249; 33182
334; 249; 33268
335; 249; 33218
336; 249; 33086
337; 249; 33014
338; 249; 33029
339; 249; 33046
340; 249; 32995
341; 249; 32939
342; 249; 32924
343; 249; 32890
344; 249; 32916
345; 249; 33089
346; 249; 33203
347; 249; 33128
348; 249; 33087
349; 249; 33159
350; 249; 33127
351; 249; 32991
352; 249; 32985
353; 249; 33058
354; 249; 33108
355; 249; 33133
356; 249; 33107
297; 250; 35371
298; 250; 35421
299; 250; 35446
300; 250; 35406
301; 250; 35372
302; 250; 35396
303; 250; 35424
304; 250; 35417
305; 250; 35418
306; 250; 35461
307; 250; 35523
308; 250; 35545
309; 250; 35489
310; 250; 35505
311; 250; 35649
312; 250; 35640
313; 250; 35264
314; 250; 34443
315; 250; 33689
316; 250; 33411
317; 250; 33302
318; 250; 33197
319; 250; 33150
320; 250; 33147
321; 250; 33099
322; 250; 33032
323; 250; 33040
324; 250; 33049
325; 250; 32964
326; 250; 32926
327; 250; 33167
328; 250; 33678
329; 250; 33870
330; 250; 33757
331; 250; 33415
332; 250; 33111
333; 250; 33069
334; 250; 33110
335; 250; 33107
336; 250; 33032
337; 250; 32978
338; 250; 33010
339; 250; 33084
340; 250; 33079
341; 250; 32986
342; 250; 32919
343; 250; 32921
344; 250; 32893
345; 250; 32930
346; 250; 33085
347; 250; 33103
348; 250; 33099
349; 250; 33163
350; 250; 33147
351; 250; 33036
352; 250; 32986
353; 250; 32990
354; 250; 33011
355; 250; 33101
356; 250; 33142
297; 251; 35393
298; 251; 35458
299; 251; 35501
300; 251; 35450
301; 251; 35383
302; 251; 35400
303; 251; 35455
304; 251; 35458
305; 251; 35440
306; 251; 35492
307; 251; 35615
308; 251; 35715
309; 251; 35690
310; 251; 35678
311; 251; 35789
312; 251; 35817
313; 251; 35452
314; 251; 34607
315; 251; 33716
316; 251; 33420
317; 251; 33405
318; 251; 33311
319; 251; 33167
320; 251; 33076
321; 251; 33066
322; 251; 33097
323; 251; 33163
324; 251; 33111
325; 251; 32956
326; 251; 32901
327; 251; 33167
328; 251; 33701
329; 251; 33911
330; 251; 33856
331; 251; 33591
332; 251; 33229
333; 251; 33057
334; 251; 33006
335; 251; 32989
336; 251; 32943
337; 251; 32900
338; 251; 32948
339; 251; 33077
340; 251; 33132
341; 251; 33036
342; 251; 32919
343; 251; 32909
344; 251; 32892
345; 251; 32877
346; 251; 33008
347; 251; 33083
348; 251; 33047
349; 251; 33037
350; 251; 33049
351; 251; 33041
352; 251; 33010
353; 251; 33016
354; 251; 33012
355; 251; 32986
356; 251; 33015
297; 252; 35438
298; 252; 35514
299; 252; 35571
300; 252; 35514
301; 252; 35422
302; 252; 35426
303; 252; 35478
304; 252; 35456
305; 252; 35419
306; 252; 35509
307; 252; 35706
308; 252; 35834
309; 252; 35815
310; 252; 35799
311; 252; 35898
312; 252; 35964
313; 252; 35616
314; 252; 34763
315; 252; 33772
316; 252; 33400
317; 252; 33426
318; 252; 33352
319; 252; 33166
320; 252; 33021
321; 252; 33037
322; 252; 33250
323; 252; 33414
324; 252; 33286
325; 252; 32956
326; 252; 32879
327; 252; 33107
328; 252; 33695
329; 252; 33932
330; 252; 33901
331; 252; 33662
332; 252; 33333
333; 252; 33081
334; 252; 32968
335; 252; 32938
336; 252; 32905
337; 252; 32865
338; 252; 32900
339; 252; 33024
340; 252; 33100
341; 252; 33011
342; 252; 32879
343; 252; 32861
344; 252; 32865
345; 252; 32904
346; 252; 33017
347; 252; 33024
348; 252; 32950
349; 252; 32910
350; 252; 32948
351; 252; 33021
352; 252; 33009
353; 252; 33081
354; 252; 33264
355; 252; 33237
356; 252; 33077
297; 253; 35498
298; 253; 35561
299; 253; 35609
300; 253; 35541
301; 253; 35439
302; 253; 35453
303; 253; 35533
304; 253; 35521
305; 253; 35477
306; 253; 35578
307; 253; 35783
308; 253; 35888
309; 253; 35845
310; 253; 35829
311; 253; 35951
312; 253; 36033
313; 253; 35745
314; 253; 34916
315; 253; 33884
316; 253; 33403
317; 253; 33412
318; 253; 33373
319; 253; 33227
320; 253; 33093
321; 253; 33146
322; 253; 33440
323; 253; 33586
324; 253; 33549
325; 253; 33160
326; 253; 32910
327; 253; 33126
328; 253; 33724
329; 253; 33955
330; 253; 33861
331; 253; 33607
332; 253; 33259
333; 253; 33043
334; 253; 32956
335; 253; 32951
336; 253; 32942
337; 253; 32893
338; 253; 32884
339; 253; 32966
340; 253; 33045
341; 253; 32991
342; 253; 32876
343; 253; 32866
344; 253; 32918
345; 253; 32952
346; 253; 32980
347; 253; 32925
348; 253; 32887
349; 253; 32914
350; 253; 32951
351; 253; 33026
352; 253; 33011
353; 253; 33086
354; 253; 33341
355; 253; 33433
356; 253; 33352
297; 254; 35542
298; 254; 35573
299; 254; 35611
300; 254; 35548
301; 254; 35452
302; 254; 35483
303; 254; 35606
304; 254; 35644
305; 254; 35612
306; 254; 35685
307; 254; 35853
308; 254; 35916
309; 254; 35833
310; 254; 35804
311; 254; 35943
312; 254; 36071
313; 254; 35827
314; 254; 35034
315; 254; 34009
316; 254; 33471
317; 254; 33456
318; 254; 33447
319; 254; 33357
320; 254; 33257
321; 254; 33283
322; 254; 33552
323; 254; 33749
324; 254; 33742
325; 254; 33461
326; 254; 33081
327; 254; 33162
328; 254; 33708
329; 254; 33955
330; 254; 33814
331; 254; 33494
332; 254; 33209
333; 254; 33022
334; 254; 32956
335; 254; 32948
336; 254; 32944
337; 254; 32905
338; 254; 32889
339; 254; 32943
340; 254; 32996
341; 254; 32960
342; 254; 32867
343; 254; 32851
344; 254; 32940
345; 254; 32983
346; 254; 32945
347; 254; 32866
348; 254; 32840
349; 254; 32878
350; 254; 32979
351; 254; 33040
352; 254; 32998
353; 254; 33038
354; 254; 33210
355; 254; 33305
356; 254; 33291
297; 255; 35579
298; 255; 35593
299; 255; 35652
300; 255; 35631
301; 255; 35548
302; 255; 35555
303; 255; 35672
304; 255; 35751
305; 255; 35746
306; 255; 35796
307; 255; 35936
308; 255; 35992
309; 255; 35894
310; 255; 35836
311; 255; 35967
312; 255; 36109
313; 255; 35870
314; 255; 35070
315; 255; 34062
316; 255; 33565
317; 255; 33577
318; 255; 33570
319; 255; 33462
320; 255; 33357
321; 255; 33367
322; 255; 33568
323; 255; 33769
324; 255; 33811
325; 255; 33577
326; 255; 33155
327; 255; 33129
328; 255; 33576
329; 255; 33961
330; 255; 33899
331; 255; 33577
332; 255; 33272
333; 255; 33039
334; 255; 32963
335; 255; 32913
336; 255; 32891
337; 255; 32874
338; 255; 32883
339; 255; 32922
340; 255; 32919
341; 255; 32869
342; 255; 32839
343; 255; 32875
344; 255; 32939
345; 255; 32971
346; 255; 32940
347; 255; 32870
348; 255; 32827
349; 255; 32844
350; 255; 32946
351; 255; 33056
352; 255; 33016
353; 255; 32974
354; 255; 33077
355; 255; 33134
356; 255; 33107
297; 256; 35614
298; 256; 35637
299; 256; 35731
300; 256; 35760
301; 256; 35687
302; 256; 35640
303; 256; 35708
304; 256; 35801
305; 256; 35829
306; 256; 35878
307; 256; 36017
308; 256; 36096
309; 256; 36006
310; 256; 35920
311; 256; 36028
312; 256; 36170
313; 256; 35907
314; 256; 35049
315; 256; 34029
316; 256; 33616
317; 256; 33710
318; 256; 33707
319; 256; 33479
320; 256; 33315
321; 256; 33329
322; 256; 33437
323; 256; 33585
324; 256; 33631
325; 256; 33488
326; 256; 33209
327; 256; 33140
328; 256; 33423
329; 256; 33954
330; 256; 34029
331; 256; 33789
332; 256; 33420
333; 256; 33114
334; 256; 32970
335; 256; 32891
336; 256; 32867
337; 256; 32878
338; 256; 32885
339; 256; 32861
340; 256; 32849
341; 256; 32882
342; 256; 32881
343; 256; 32897
344; 256; 32928
345; 256; 32943
346; 256; 32927
347; 256; 32877
348; 256; 32860
349; 256; 32883
350; 256; 32902
351; 256; 32996
352; 256; 33000
353; 256; 32928
354; 256; 33029
355; 256; 33137
356; 256; 33102
297; 257; 35640
298; 257; 35667
299; 257; 35764
300; 257; 35807
301; 257; 35736
302; 257; 35655
303; 257; 35693
304; 257; 35800
305; 257; 35864
306; 257; 35917
307; 257; 36029
308; 257; 36097
309; 257; 36019
310; 257; 35946
311; 257; 36077
312; 257; 36249
313; 257; 35972
314; 257; 35035
315; 257; 33965
316; 257; 33641
317; 257; 33834
318; 257; 33891
319; 257; 33504
320; 257; 33236
321; 257; 33244
322; 257; 33298
323; 257; 33265
324; 257; 33302
325; 257; 33303
326; 257; 33237
327; 257; 33203
328; 257; 33373
329; 257; 33889
330; 257; 34042
331; 257; 33844
332; 257; 33474
333; 257; 33125
334; 257; 32941
335; 257; 32889
336; 257; 32889
337; 257; 32892
338; 257; 32882
339; 257; 32910
340; 257; 32965
341; 257; 32916
342; 257; 32852
343; 257; 32869
344; 257; 32899
345; 257; 32907
346; 257; 32886
347; 257; 32853
348; 257; 32878
349; 257; 32916
350; 257; 32916
351; 257; 33012
352; 257; 33059
353; 257; 32919
354; 257; 32941
355; 257; 33106
356; 257; 33131
