168; 75; 36688
169; 75; 35915
170; 75; 36637
171; 75; 36146
172; 75; 35409
173; 75; 35718
174; 75; 35335
175; 75; 34874
176; 75; 34394
177; 75; 34833
178; 75; 34114
179; 75; 33905
180; 75; 34933
181; 75; 35528
182; 75; 35885
183; 75; 35685
184; 75; 35347
185; 75; 35746
186; 75; 35809
187; 75; 35479
188; 75; 35340
189; 75; 35156
190; 75; 35052
191; 75; 35003
192; 75; 34775
193; 75; 34472
194; 75; 34416
195; 75; 34499
196; 75; 34300
197; 75; 33714
198; 75; 32797
168; 76; 35860
169; 76; 35078
170; 76; 35787
171; 76; 36112
172; 76; 35644
173; 76; 34752
174; 76; 35088
175; 76; 35444
176; 76; 35018
177; 76; 35406
178; 76; 34599
179; 76; 33323
180; 76; 34286
181; 76; 35428
182; 76; 35957
183; 76; 35577
184; 76; 35114
185; 76; 35155
186; 76; 35182
187; 76; 34966
188; 76; 35117
189; 76; 35020
190; 76; 34901
191; 76; 34837
192; 76; 34664
193; 76; 34591
194; 76; 34461
195; 76; 34396
196; 76; 34352
197; 76; 34267
198; 76; 33841
168; 77; 35708
169; 77; 34381
170; 77; 34856
171; 77; 35550
172; 77; 35885
173; 77; 35444
174; 77; 35165
175; 77; 35700
176; 77; 35345
177; 77; 35579
178; 77; 34613
179; 77; 32512
180; 77; 33428
181; 77; 35030
182; 77; 35908
183; 77; 35246
184; 77; 34908
185; 77; 34986
186; 77; 35005
187; 77; 34851
188; 77; 34910
189; 77; 34775
190; 77; 34818
191; 77; 34773
192; 77; 34449
193; 77; 34390
194; 77; 34311
195; 77; 34204
196; 77; 34328
197; 77; 34472
198; 77; 34287
168; 78; 35284
169; 78; 33860
170; 78; 34281
171; 78; 35166
172; 78; 35951
173; 78; 35863
174; 78; 35216
175; 78; 34815
176; 78; 34471
177; 78; 34575
178; 78; 33625
179; 78; 32512
180; 78; 33323
181; 78; 34376
182; 78; 34481
183; 78; 34714
184; 78; 35160
185; 78; 35005
186; 78; 35078
187; 78; 35212
188; 78; 35108
189; 78; 34856
190; 78; 35065
191; 78; 34966
192; 78; 34427
193; 78; 34241
194; 78; 34359
195; 78; 34348
196; 78; 34365
197; 78; 34585
198; 78; 34728
168; 79; 34386
169; 79; 33999
170; 79; 34518
171; 79; 34810
172; 79; 35116
173; 79; 35817
174; 79; 34887
175; 79; 34484
176; 79; 34269
177; 79; 33487
178; 79; 33046
179; 79; 32512
180; 79; 33742
181; 79; 34242
182; 79; 34160
183; 79; 34806
184; 79; 35189
185; 79; 34717
186; 79; 35003
187; 79; 35712
188; 79; 35517
189; 79; 35318
190; 79; 35214
191; 79; 35111
192; 79; 34781
193; 79; 34482
194; 79; 34607
195; 79; 34651
196; 79; 34496
197; 79; 34401
198; 79; 34605
168; 80; 33836
169; 80; 34227
170; 80; 34621
171; 80; 34087
172; 80; 33753
173; 80; 33973
174; 80; 34277
175; 80; 34819
176; 80; 34652
177; 80; 33355
178; 80; 33178
179; 80; 32512
180; 80; 33609
181; 80; 33836
182; 80; 33398
183; 80; 34288
184; 80; 34682
185; 80; 34024
186; 80; 34459
187; 80; 35650
188; 80; 35597
189; 80; 35268
190; 80; 35182
191; 80; 35163
192; 80; 35190
193; 80; 34847
194; 80; 34741
195; 80; 34783
196; 80; 34711
197; 80; 34313
198; 80; 34200
168; 81; 33334
169; 81; 34327
170; 81; 34748
171; 81; 34271
172; 81; 34255
173; 81; 33676
174; 81; 34304
175; 81; 34949
176; 81; 34811
177; 81; 33356
178; 81; 33694
179; 81; 34955
180; 81; 34376
181; 81; 32512
182; 81; 32512
183; 81; 33468
184; 81; 34279
185; 81; 32512
186; 81; 32512
187; 81; 34748
188; 81; 35018
189; 81; 35002
190; 81; 34811
191; 81; 34856
192; 81; 35078
193; 81; 34928
194; 81; 34936
195; 81; 34897
196; 81; 35169
197; 81; 34762
198; 81; 34494
168; 82; 33238
169; 82; 34057
170; 82; 34906
171; 82; 35023
172; 82; 33969
173; 82; 34361
174; 82; 34481
175; 82; 34572
176; 82; 34408
177; 82; 33213
178; 82; 34508
179; 82; 36019
180; 82; 34403
181; 82; 32512
182; 82; 32824
183; 82; 34501
184; 82; 35333
185; 82; 35048
186; 82; 35329
187; 82; 34599
188; 82; 34497
189; 82; 34497
190; 82; 33722
191; 82; 34057
192; 82; 34599
193; 82; 34933
194; 82; 35355
195; 82; 35402
196; 82; 35822
197; 82; 35504
198; 82; 35289
168; 83; 34260
169; 83; 34389
170; 83; 34864
171; 83; 34566
172; 83; 34021
173; 83; 34215
174; 83; 34829
175; 83; 34499
176; 83; 34107
177; 83; 34085
178; 83; 35010
179; 83; 34875
180; 83; 33964
181; 83; 32855
182; 83; 33577
183; 83; 35421
184; 83; 36210
185; 83; 35792
186; 83; 34957
187; 83; 32512
188; 83; 32512
189; 83; 34005
190; 83; 33752
191; 83; 34319
192; 83; 34599
193; 83; 34724
194; 83; 34775
195; 83; 34871
196; 83; 35552
197; 83; 35995
198; 83; 35721
168; 84; 34285
169; 84; 34584
170; 84; 34920
171; 84; 34556
172; 84; 34205
173; 84; 34198
174; 84; 34524
175; 84; 33759
176; 84; 33679
177; 84; 35059
178; 84; 35599
179; 84; 34546
180; 84; 34168
181; 84; 33454
182; 84; 33315
183; 84; 33547
184; 84; 34531
185; 84; 35370
186; 84; 34982
187; 84; 34041
188; 84; 32512
189; 84; 32512
190; 84; 32512
191; 84; 34376
192; 84; 35301
193; 84; 35538
194; 84; 34838
195; 84; 35068
196; 84; 36281
197; 84; 36314
198; 84; 35346
168; 85; 34418
169; 85; 34426
170; 85; 33662
171; 85; 32512
172; 85; 33688
173; 85; 33761
174; 85; 34265
175; 85; 34665
176; 85; 34303
177; 85; 35304
178; 85; 35994
179; 85; 35744
180; 85; 34312
181; 85; 33398
182; 85; 33405
183; 85; 33158
184; 85; 32512
185; 85; 35259
186; 85; 36014
187; 85; 36363
188; 85; 32512
189; 85; 32512
190; 85; 32512
191; 85; 34204
192; 85; 35567
193; 85; 36503
194; 85; 36654
195; 85; 36199
196; 85; 36083
197; 85; 35830
198; 85; 35004
168; 86; 34180
169; 86; 34393
170; 86; 33816
171; 86; 34481
172; 86; 35790
173; 86; 34586
174; 86; 35169
175; 86; 35920
176; 86; 35351
177; 86; 35341
178; 86; 36002
179; 86; 35217
180; 86; 33402
181; 86; 33433
182; 86; 33644
183; 86; 33709
184; 86; 34169
185; 86; 35969
186; 86; 36557
187; 86; 36915
188; 86; 34829
189; 86; 33709
190; 86; 32512
191; 86; 33962
192; 86; 35410
193; 86; 36234
194; 86; 36948
195; 86; 36206
196; 86; 35384
197; 86; 34899
198; 86; 34751
168; 87; 34469
169; 87; 35567
170; 87; 35911
171; 87; 36096
172; 87; 36622
173; 87; 35518
174; 87; 35303
175; 87; 36158
176; 87; 36025
177; 87; 35245
178; 87; 35168
179; 87; 34435
180; 87; 33756
181; 87; 33755
182; 87; 33841
183; 87; 33996
184; 87; 34832
185; 87; 36371
186; 87; 35764
187; 87; 34624
188; 87; 35476
189; 87; 35408
190; 87; 32512
191; 87; 32913
192; 87; 34551
193; 87; 35129
194; 87; 35100
195; 87; 34671
196; 87; 34371
197; 87; 33831
198; 87; 34074
168; 88; 36289
169; 88; 36457
170; 88; 36363
171; 88; 36183
172; 88; 35723
173; 88; 34553
174; 88; 34242
175; 88; 35670
176; 88; 35971
177; 88; 34964
178; 88; 34667
179; 88; 34495
180; 88; 34114
181; 88; 33962
182; 88; 34067
183; 88; 34394
184; 88; 34997
185; 88; 35576
186; 88; 34346
187; 88; 32512
188; 88; 35036
189; 88; 35078
190; 88; 32512
191; 88; 33627
192; 88; 34227
193; 88; 33555
194; 88; 32939
195; 88; 33391
196; 88; 33656
197; 88; 33542
198; 88; 34163
168; 89; 36872
169; 89; 36257
170; 89; 35814
171; 89; 35088
172; 89; 34655
173; 89; 34723
174; 89; 34982
175; 89; 35024
176; 89; 35172
177; 89; 34158
178; 89; 34434
179; 89; 34599
180; 89; 34009
181; 89; 33960
182; 89; 34516
183; 89; 35328
184; 89; 35418
185; 89; 35539
186; 89; 32512
187; 89; 33217
188; 89; 33577
189; 89; 34136
190; 89; 35011
191; 89; 35888
192; 89; 35566
193; 89; 34709
194; 89; 34146
195; 89; 34258
196; 89; 34225
197; 89; 33972
198; 89; 34327
168; 90; 35799
169; 90; 35789
170; 90; 35861
171; 90; 35443
172; 90; 35597
173; 90; 36234
174; 90; 35711
175; 90; 35082
176; 90; 34746
177; 90; 34306
178; 90; 34004
179; 90; 34155
180; 90; 34026
181; 90; 34396
182; 90; 35521
183; 90; 36246
184; 90; 35568
185; 90; 34900
186; 90; 33515
187; 90; 33930
188; 90; 34149
189; 90; 34590
190; 90; 34863
191; 90; 35395
192; 90; 35549
193; 90; 35304
194; 90; 34965
195; 90; 34777
196; 90; 34692
197; 90; 34407
198; 90; 34323
168; 91; 36353
169; 91; 37529
170; 91; 37562
171; 91; 36715
172; 91; 36155
173; 91; 36108
174; 91; 35545
175; 91; 35155
176; 91; 35188
177; 91; 34842
178; 91; 34011
179; 91; 33929
180; 91; 34304
181; 91; 34961
182; 91; 36828
183; 91; 35341
184; 91; 33936
185; 91; 33444
186; 91; 34250
187; 91; 34487
188; 91; 34522
189; 91; 34549
190; 91; 34353
191; 91; 34479
192; 91; 34888
193; 91; 35068
194; 91; 34788
195; 91; 34666
196; 91; 34807
197; 91; 34653
198; 91; 34447
168; 92; 37281
169; 92; 38303
170; 92; 38157
171; 92; 37138
172; 92; 36213
173; 92; 35530
174; 92; 35323
175; 92; 35277
176; 92; 35342
177; 92; 34800
178; 92; 33943
179; 92; 34068
180; 92; 34550
181; 92; 35294
182; 92; 35133
183; 92; 33656
184; 92; 34267
185; 92; 34368
186; 92; 34760
187; 92; 34804
188; 92; 34476
189; 92; 34288
190; 92; 34418
191; 92; 34511
192; 92; 34801
193; 92; 34771
194; 92; 34317
195; 92; 34277
196; 92; 34459
197; 92; 34451
198; 92; 34527
168; 93; 37293
169; 93; 37262
170; 93; 37419
171; 93; 37010
172; 93; 36520
173; 93; 35342
174; 93; 35165
175; 93; 35221
176; 93; 35075
177; 93; 34185
178; 93; 33940
179; 93; 34355
180; 93; 34953
181; 93; 35174
182; 93; 34131
183; 93; 35237
184; 93; 35495
185; 93; 35149
186; 93; 35065
187; 93; 34803
188; 93; 34513
189; 93; 34705
190; 93; 34836
191; 93; 34719
192; 93; 34953
193; 93; 34839
194; 93; 34298
195; 93; 34237
196; 93; 34423
197; 93; 34363
198; 93; 34488
168; 94; 36671
169; 94; 36003
170; 94; 36960
171; 94; 37210
172; 94; 37462
173; 94; 35690
174; 94; 35044
175; 94; 34896
176; 94; 34773
177; 94; 34051
178; 94; 34176
179; 94; 34749
180; 94; 35234
181; 94; 34638
182; 94; 34586
183; 94; 35189
184; 94; 35692
185; 94; 35324
186; 94; 34813
187; 94; 34526
188; 94; 34701
189; 94; 34947
190; 94; 34872
191; 94; 34605
192; 94; 34775
193; 94; 34834
194; 94; 34531
195; 94; 34425
196; 94; 34547
197; 94; 34512
198; 94; 34481
168; 95; 36239
169; 95; 36408
170; 95; 37604
171; 95; 37873
172; 95; 37839
173; 95; 36371
174; 95; 34977
175; 95; 34684
176; 95; 35129
177; 95; 34547
178; 95; 34708
179; 95; 35148
180; 95; 34386
181; 95; 34605
182; 95; 34513
183; 95; 34420
184; 95; 34985
185; 95; 34959
186; 95; 34520
187; 95; 34649
188; 95; 34826
189; 95; 34696
190; 95; 34514
191; 95; 34477
192; 95; 34548
193; 95; 34567
194; 95; 34589
195; 95; 34495
196; 95; 34498
197; 95; 34640
198; 95; 34700
168; 96; 37397
169; 96; 37597
170; 96; 38043
171; 96; 38051
172; 96; 36890
173; 96; 36364
174; 96; 34893
175; 96; 34724
176; 96; 35421
177; 96; 35223
178; 96; 35542
179; 96; 34892
180; 96; 34515
181; 96; 34558
182; 96; 34230
183; 96; 34245
184; 96; 34615
185; 96; 34898
186; 96; 34650
187; 96; 34698
188; 96; 34813
189; 96; 34701
190; 96; 34455
191; 96; 34395
192; 96; 34457
193; 96; 34577
194; 96; 34766
195; 96; 34737
196; 96; 34672
197; 96; 34729
198; 96; 34739
168; 97; 37926
169; 97; 37639
170; 97; 38230
171; 97; 37715
172; 97; 36132
173; 97; 35737
174; 97; 34700
175; 97; 34690
176; 97; 35207
177; 97; 35362
178; 97; 35043
179; 97; 34557
180; 97; 34686
181; 97; 34513
182; 97; 34340
183; 97; 34394
184; 97; 34498
185; 97; 35011
186; 97; 34953
187; 97; 34541
188; 97; 34629
189; 97; 34972
190; 97; 34903
191; 97; 34620
192; 97; 34561
193; 97; 34901
194; 97; 35041
195; 97; 34853
196; 97; 34921
197; 97; 34883
198; 97; 34621
168; 98; 37325
169; 98; 37807
170; 98; 37868
171; 98; 36569
172; 98; 35592
173; 98; 35286
174; 98; 34463
175; 98; 34145
176; 98; 34614
177; 98; 34920
178; 98; 34517
179; 98; 34535
180; 98; 34457
181; 98; 34657
182; 98; 34722
183; 98; 34435
184; 98; 34251
185; 98; 34903
186; 98; 35444
187; 98; 34803
188; 98; 34651
189; 98; 34867
190; 98; 35022
191; 98; 34825
192; 98; 34730
193; 98; 34959
194; 98; 34906
195; 98; 34655
196; 98; 34938
197; 98; 35242
198; 98; 34927
168; 99; 37260
169; 99; 37907
170; 99; 36615
171; 99; 35720
172; 99; 35511
173; 99; 35097
174; 99; 34521
175; 99; 33943
176; 99; 34337
177; 99; 34797
178; 99; 35008
179; 99; 34933
180; 99; 34441
181; 99; 34643
182; 99; 34884
183; 99; 34476
184; 99; 34270
185; 99; 34829
186; 99; 35308
187; 99; 34992
188; 99; 34823
189; 99; 34605
190; 99; 34547
191; 99; 34645
192; 99; 34726
193; 99; 34731
194; 99; 34563
195; 99; 34561
196; 99; 34913
197; 99; 35291
198; 99; 35111
168; 100; 37397
169; 100; 37442
170; 100; 36183
171; 100; 35790
172; 100; 35307
173; 100; 35164
174; 100; 34848
175; 100; 34419
176; 100; 34449
177; 100; 34693
178; 100; 35099
179; 100; 35050
180; 100; 34473
181; 100; 34358
182; 100; 34682
183; 100; 34468
184; 100; 34413
185; 100; 34715
186; 100; 34661
187; 100; 34599
188; 100; 34868
189; 100; 34639
190; 100; 34444
191; 100; 34610
192; 100; 34723
193; 100; 34599
194; 100; 34467
195; 100; 34608
196; 100; 34775
197; 100; 34607
198; 100; 34306
168; 101; 36726
169; 101; 36312
170; 101; 36337
171; 101; 35699
172; 101; 34841
173; 101; 34842
174; 101; 34755
175; 101; 34729
176; 101; 34571
177; 101; 34538
178; 101; 34637
179; 101; 34696
180; 101; 34470
181; 101; 34307
182; 101; 34592
183; 101; 34386
184; 101; 34338
185; 101; 34474
186; 101; 34403
187; 101; 34422
188; 101; 34637
189; 101; 34740
190; 101; 34793
191; 101; 34762
192; 101; 34567
193; 101; 34458
194; 101; 34509
195; 101; 34652
196; 101; 34671
197; 101; 34073
198; 101; 34007
168; 102; 35901
169; 102; 35771
170; 102; 35897
171; 102; 34971
172; 102; 34660
173; 102; 34592
174; 102; 34556
175; 102; 34893
176; 102; 34860
177; 102; 34651
178; 102; 34545
179; 102; 34464
180; 102; 34526
181; 102; 34638
182; 102; 34761
183; 102; 34533
184; 102; 34364
185; 102; 34330
186; 102; 34345
187; 102; 34374
188; 102; 34330
189; 102; 34458
190; 102; 34649
191; 102; 34633
192; 102; 34510
193; 102; 34455
194; 102; 34506
195; 102; 34604
196; 102; 34620
197; 102; 34185
198; 102; 34469
168; 103; 35739
169; 103; 35293
170; 103; 34720
171; 103; 34692
172; 103; 34919
173; 103; 35028
174; 103; 34949
175; 103; 34826
176; 103; 34687
177; 103; 34816
178; 103; 34614
179; 103; 34371
180; 103; 34720
181; 103; 34749
182; 103; 34565
183; 103; 34776
184; 103; 34708
185; 103; 34526
186; 103; 34391
187; 103; 34307
188; 103; 34289
189; 103; 34206
190; 103; 34113
191; 103; 34457
192; 103; 34886
193; 103; 34616
194; 103; 34361
195; 103; 34472
196; 103; 34513
197; 103; 34193
198; 103; 34256
168; 104; 35944
169; 104; 35485
170; 104; 34861
171; 104; 35018
172; 104; 34965
173; 104; 35086
174; 104; 35251
175; 104; 34565
176; 104; 34242
177; 104; 34705
178; 104; 34512
179; 104; 34247
180; 104; 34795
181; 104; 34543
182; 104; 34282
183; 104; 34732
184; 104; 34845
185; 104; 34698
186; 104; 34656
187; 104; 34469
188; 104; 34503
189; 104; 34262
190; 104; 33983
191; 104; 34493
192; 104; 35002
193; 104; 34577
194; 104; 34368
195; 104; 34462
196; 104; 34335
197; 104; 33762
198; 104; 33923
168; 105; 35685
169; 105; 35784
170; 105; 35352
171; 105; 35050
172; 105; 34549
173; 105; 34599
174; 105; 35114
175; 105; 34678
176; 105; 34329
177; 105; 34599
178; 105; 34416
179; 105; 34070
180; 105; 34456
181; 105; 34492
182; 105; 34443
183; 105; 34787
184; 105; 34696
185; 105; 34565
186; 105; 34759
187; 105; 34683
188; 105; 34670
189; 105; 34544
190; 105; 34338
191; 105; 34615
192; 105; 34696
193; 105; 34375
194; 105; 34418
195; 105; 34447
196; 105; 33831
197; 105; 32512
198; 105; 33056
168; 106; 35363
169; 106; 34639
170; 106; 34588
171; 106; 34616
172; 106; 34489
173; 106; 34620
174; 106; 34762
175; 106; 34790
176; 106; 34448
177; 106; 34400
178; 106; 34239
179; 106; 34013
180; 106; 34153
181; 106; 34591
182; 106; 34834
183; 106; 35107
184; 106; 34699
185; 106; 34370
186; 106; 34317
187; 106; 34506
188; 106; 34604
189; 106; 34627
190; 106; 34560
191; 106; 34583
192; 106; 34506
193; 106; 34325
194; 106; 34426
195; 106; 34419
196; 106; 33582
197; 106; 32512
198; 106; 32512
