81; 102; 36194
82; 102; 35646
83; 102; 36319
84; 102; 37322
85; 102; 37474
86; 102; 36951
87; 102; 37096
88; 102; 38280
89; 102; 39160
90; 102; 38885
91; 102; 38229
92; 102; 37870
93; 102; 38352
94; 102; 39993
95; 102; 41715
96; 102; 42142
97; 102; 40643
98; 102; 38821
81; 103; 35897
82; 103; 35371
83; 103; 36199
84; 103; 37167
85; 103; 37247
86; 103; 37003
87; 103; 37310
88; 103; 38154
89; 103; 38753
90; 103; 39192
91; 103; 39205
92; 103; 38945
93; 103; 39627
94; 103; 41073
95; 103; 42171
96; 103; 42294
97; 103; 40836
98; 103; 39519
81; 104; 35779
82; 104; 35309
83; 104; 36127
84; 104; 36890
85; 104; 37136
86; 104; 37336
87; 104; 37562
88; 104; 37770
89; 104; 38175
90; 104; 39285
91; 104; 40006
92; 104; 39939
93; 104; 40837
94; 104; 42189
95; 104; 42318
96; 104; 41818
97; 104; 41033
98; 104; 40643
81; 105; 35613
82; 105; 35357
83; 105; 36132
84; 105; 36827
85; 105; 37472
86; 105; 38250
87; 105; 38590
88; 105; 38448
89; 105; 38440
90; 105; 39122
91; 105; 39806
92; 105; 40022
93; 105; 41120
94; 105; 42637
95; 105; 42673
96; 105; 41792
97; 105; 41361
98; 105; 41866
81; 106; 35613
82; 106; 35605
83; 106; 36348
84; 106; 37196
85; 106; 38123
86; 106; 39174
87; 106; 39931
88; 106; 40360
89; 106; 40415
90; 106; 40156
91; 106; 39792
92; 106; 39730
93; 106; 40532
94; 106; 41496
95; 106; 41756
96; 106; 41173
97; 106; 41159
98; 106; 42691
81; 107; 36011
82; 107; 36140
83; 107; 36843
84; 107; 37920
85; 107; 39050
86; 107; 40057
87; 107; 41632
88; 107; 44062
89; 107; 45007
90; 107; 43287
91; 107; 40737
92; 107; 39591
93; 107; 39720
94; 107; 39695
95; 107; 39932
96; 107; 40180
97; 107; 40597
98; 107; 42372
81; 108; 36739
82; 108; 36966
83; 108; 37390
84; 108; 38384
85; 108; 39740
86; 108; 41115
87; 108; 44148
88; 108; 49642
89; 108; 52355
90; 108; 49026
91; 108; 43124
92; 108; 39675
93; 108; 38818
94; 108; 38427
95; 108; 38851
96; 108; 39501
97; 108; 39926
98; 108; 41406
81; 109; 37321
82; 109; 37663
83; 109; 37770
84; 109; 38372
85; 109; 39525
86; 109; 41423
87; 109; 45874
88; 109; 54594
89; 109; 60840
90; 109; 57364
91; 109; 47542
92; 109; 40489
93; 109; 38306
94; 109; 37876
95; 109; 38097
96; 109; 38448
97; 109; 38850
98; 109; 40381
81; 110; 37261
82; 110; 37658
83; 110; 37730
84; 110; 38034
85; 110; 38792
86; 110; 40690
87; 110; 45659
88; 110; 56341
89; 110; 65534
90; 110; 62421
91; 110; 50329
92; 110; 41230
93; 110; 38378
94; 110; 37632
95; 110; 37045
96; 110; 36839
97; 110; 37258
98; 110; 39030
81; 111; 37142
82; 111; 37139
83; 111; 37153
84; 111; 37435
85; 111; 38237
86; 111; 39966
87; 111; 43963
88; 111; 52630
89; 111; 60333
90; 111; 57698
91; 111; 47870
92; 111; 40903
93; 111; 38679
94; 111; 37406
95; 111; 36257
96; 111; 35858
97; 111; 36106
98; 111; 37394
81; 112; 37556
82; 112; 37009
83; 112; 36953
84; 112; 37406
85; 112; 38657
86; 112; 40427
87; 112; 42409
88; 112; 46478
89; 112; 50224
90; 112; 48591
91; 112; 43600
92; 112; 40346
93; 112; 38952
94; 112; 37283
95; 112; 36025
96; 112; 35729
97; 112; 35783
98; 112; 36255
81; 113; 37815
82; 113; 37076
83; 113; 37158
84; 113; 37873
85; 113; 39487
86; 113; 41261
87; 113; 41816
88; 113; 42445
89; 113; 43023
90; 113; 42282
91; 113; 40863
92; 113; 40135
93; 113; 39462
94; 113; 37676
95; 113; 36185
96; 113; 35816
97; 113; 35809
98; 113; 35844
81; 114; 37604
82; 114; 36958
83; 114; 37242
84; 114; 38268
85; 114; 39711
86; 114; 40843
87; 114; 41038
88; 114; 40625
89; 114; 39926
90; 114; 39568
91; 114; 39609
92; 114; 40020
93; 114; 40044
94; 114; 38535
95; 114; 36638
96; 114; 35884
97; 114; 35849
98; 114; 35871
81; 115; 37406
82; 115; 36881
83; 115; 37327
84; 115; 38744
85; 115; 40145
86; 115; 40552
87; 115; 40324
88; 115; 39864
89; 115; 38967
90; 115; 38429
91; 115; 38913
92; 115; 40049
93; 115; 40778
94; 115; 39814
95; 115; 37566
96; 115; 36105
97; 115; 35849
98; 115; 36111
81; 116; 37679
82; 116; 37125
83; 116; 37483
84; 116; 39051
85; 116; 40520
86; 116; 40600
87; 116; 39901
88; 116; 39544
89; 116; 39009
90; 116; 38252
91; 116; 38516
92; 116; 39736
93; 116; 40933
94; 116; 40780
95; 116; 38848
96; 116; 36876
97; 116; 36111
98; 116; 36497
81; 117; 38259
82; 117; 37734
83; 117; 37849
84; 117; 39090
85; 117; 40082
86; 117; 40087
87; 117; 39664
88; 117; 39705
89; 117; 39581
90; 117; 38675
91; 117; 38322
92; 117; 38866
93; 117; 39965
94; 117; 40642
95; 117; 39732
96; 117; 37994
97; 117; 36873
98; 117; 37143
81; 118; 38441
82; 118; 38237
83; 118; 38193
84; 118; 38871
85; 118; 39628
86; 118; 40044
87; 118; 39985
88; 118; 40030
89; 118; 39927
90; 118; 38944
91; 118; 38082
92; 118; 37989
93; 118; 38783
94; 118; 39858
95; 118; 39744
96; 118; 38748
97; 118; 37800
98; 118; 37805
81; 119; 38476
82; 119; 38446
83; 119; 38306
84; 119; 38644
85; 119; 39459
86; 119; 40358
87; 119; 40494
88; 119; 40216
89; 119; 39747
90; 119; 38949
91; 119; 38137
92; 119; 37871
93; 119; 38233
94; 119; 38825
95; 119; 38984
96; 119; 38768
97; 119; 38360
98; 119; 38305
81; 120; 38755
82; 120; 38854
83; 120; 38407
84; 120; 38489
85; 120; 39495
86; 120; 40762
87; 120; 40905
88; 120; 40165
89; 120; 39267
90; 120; 38889
91; 120; 38722
92; 120; 38625
93; 120; 38411
94; 120; 38238
95; 120; 38331
96; 120; 38323
97; 120; 38290
98; 120; 38433
