132; 116; 33111
133; 116; 33141
134; 116; 33213
135; 116; 33273
136; 116; 33238
137; 116; 33161
138; 116; 33160
139; 116; 33196
140; 116; 33170
141; 116; 33089
142; 116; 33014
143; 116; 32975
144; 116; 32953
145; 116; 32944
146; 116; 32930
147; 116; 32897
148; 116; 32871
149; 116; 32866
150; 116; 32888
151; 116; 32893
152; 116; 32865
153; 116; 32897
154; 116; 33016
155; 116; 33223
156; 116; 33399
157; 116; 33184
158; 116; 33216
159; 116; 33369
160; 116; 33482
161; 116; 33595
162; 116; 33678
163; 116; 33591
164; 116; 33213
132; 117; 32949
133; 117; 32922
134; 117; 32938
135; 117; 32997
136; 117; 33035
137; 117; 33059
138; 117; 33069
139; 117; 33021
140; 117; 32954
141; 117; 32934
142; 117; 32955
143; 117; 32981
144; 117; 32989
145; 117; 32957
146; 117; 32894
147; 117; 32852
148; 117; 32818
149; 117; 32813
150; 117; 32879
151; 117; 32899
152; 117; 32846
153; 117; 32880
154; 117; 32976
155; 117; 33158
156; 117; 33393
157; 117; 33267
158; 117; 33177
159; 117; 33303
160; 117; 33360
161; 117; 33558
162; 117; 33601
163; 117; 33455
164; 117; 33104
132; 118; 32941
133; 118; 32925
134; 118; 32893
135; 118; 32892
136; 118; 32912
137; 118; 32935
138; 118; 32936
139; 118; 32917
140; 118; 32909
141; 118; 32920
142; 118; 32936
143; 118; 32946
144; 118; 32930
145; 118; 32883
146; 118; 32859
147; 118; 32843
148; 118; 32816
149; 118; 32810
150; 118; 32873
151; 118; 32905
152; 118; 32826
153; 118; 32853
154; 118; 32928
155; 118; 33025
156; 118; 33287
157; 118; 33319
158; 118; 33164
159; 118; 33214
160; 118; 33289
161; 118; 33459
162; 118; 33416
163; 118; 33251
164; 118; 33017
132; 119; 32958
133; 119; 32958
134; 119; 32917
135; 119; 32871
136; 119; 32871
137; 119; 32898
138; 119; 32901
139; 119; 32906
140; 119; 32913
141; 119; 32896
142; 119; 32886
143; 119; 32885
144; 119; 32872
145; 119; 32871
146; 119; 32889
147; 119; 32850
148; 119; 32815
149; 119; 32810
150; 119; 32842
151; 119; 32881
152; 119; 32812
153; 119; 32829
154; 119; 32880
155; 119; 32895
156; 119; 33092
157; 119; 33226
158; 119; 33137
159; 119; 33164
160; 119; 33259
161; 119; 33341
162; 119; 33231
163; 119; 33086
164; 119; 33077
132; 120; 32895
133; 120; 32917
134; 120; 32883
135; 120; 32844
136; 120; 32857
137; 120; 32880
138; 120; 32868
139; 120; 32856
140; 120; 32874
141; 120; 32875
142; 120; 32863
143; 120; 32853
144; 120; 32829
145; 120; 32834
146; 120; 32859
147; 120; 32841
148; 120; 32817
149; 120; 32816
150; 120; 32814
151; 120; 32841
152; 120; 32800
153; 120; 32810
154; 120; 32855
155; 120; 32876
156; 120; 32965
157; 120; 33085
158; 120; 33063
159; 120; 33118
160; 120; 33207
161; 120; 33186
162; 120; 33098
163; 120; 33045
164; 120; 33132
132; 121; 32859
133; 121; 32900
134; 121; 32853
135; 121; 32832
136; 121; 32839
137; 121; 32824
138; 121; 32827
139; 121; 32839
140; 121; 32841
141; 121; 32834
142; 121; 32845
143; 121; 32826
144; 121; 32800
145; 121; 32803
146; 121; 32830
147; 121; 32840
148; 121; 32831
149; 121; 32823
150; 121; 32811
151; 121; 32832
152; 121; 32823
153; 121; 32842
154; 121; 32853
155; 121; 32895
156; 121; 32941
157; 121; 33061
158; 121; 33086
159; 121; 33101
160; 121; 33127
161; 121; 33034
162; 121; 32986
163; 121; 33042
164; 121; 33090
132; 122; 32899
133; 122; 32931
134; 122; 32860
135; 122; 32817
136; 122; 32816
137; 122; 32814
138; 122; 32833
139; 122; 32850
140; 122; 32831
141; 122; 32809
142; 122; 32829
143; 122; 32817
144; 122; 32791
145; 122; 32796
146; 122; 32818
147; 122; 32830
148; 122; 32823
149; 122; 32809
150; 122; 32807
151; 122; 32837
152; 122; 32836
153; 122; 32842
154; 122; 32841
155; 122; 32869
156; 122; 32921
157; 122; 33101
158; 122; 33272
159; 122; 33231
160; 122; 33098
161; 122; 32967
162; 122; 32898
163; 122; 33028
164; 122; 33060
132; 123; 32931
133; 123; 32955
134; 123; 32906
135; 123; 32832
136; 123; 32810
137; 123; 32840
138; 123; 32869
139; 123; 32860
140; 123; 32827
141; 123; 32801
142; 123; 32806
143; 123; 32809
144; 123; 32799
145; 123; 32793
146; 123; 32799
147; 123; 32815
148; 123; 32816
149; 123; 32809
150; 123; 32827
151; 123; 32840
152; 123; 32827
153; 123; 32826
154; 123; 32814
155; 123; 32839
156; 123; 32907
157; 123; 33081
158; 123; 33416
159; 123; 33386
160; 123; 33079
161; 123; 32864
162; 123; 32878
163; 123; 33001
164; 123; 33065
132; 124; 32896
133; 124; 32944
134; 124; 32949
135; 124; 32858
136; 124; 32826
137; 124; 32902
138; 124; 32934
139; 124; 32873
140; 124; 32813
141; 124; 32788
142; 124; 32795
143; 124; 32817
144; 124; 32817
145; 124; 32793
146; 124; 32784
147; 124; 32800
148; 124; 32827
149; 124; 32838
150; 124; 32841
151; 124; 32821
152; 124; 32811
153; 124; 32827
154; 124; 32824
155; 124; 32811
156; 124; 32897
157; 124; 32990
158; 124; 33321
159; 124; 33339
160; 124; 33018
161; 124; 32838
162; 124; 32854
163; 124; 32976
164; 124; 33083
132; 125; 32854
133; 125; 32928
134; 125; 32988
135; 125; 32911
136; 125; 32888
137; 125; 32971
138; 125; 32974
139; 125; 32870
140; 125; 32793
141; 125; 32779
142; 125; 32804
143; 125; 32864
144; 125; 32907
145; 125; 32876
146; 125; 32807
147; 125; 32793
148; 125; 32814
149; 125; 32823
150; 125; 32828
151; 125; 32836
152; 125; 32830
153; 125; 32802
154; 125; 32803
155; 125; 32804
156; 125; 32908
157; 125; 32909
158; 125; 33099
159; 125; 33185
160; 125; 32983
161; 125; 32861
162; 125; 32909
163; 125; 33088
164; 125; 33113
132; 126; 32831
133; 126; 32918
134; 126; 33021
135; 126; 32995
136; 126; 32959
137; 126; 32974
138; 126; 32929
139; 126; 32842
140; 126; 32807
141; 126; 32817
142; 126; 32855
143; 126; 32957
144; 126; 33095
145; 126; 33092
146; 126; 32901
147; 126; 32777
148; 126; 32798
149; 126; 32800
150; 126; 32822
151; 126; 32854
152; 126; 32882
153; 126; 32835
154; 126; 32787
155; 126; 32821
156; 126; 32970
157; 126; 32903
158; 126; 32949
159; 126; 33100
160; 126; 33026
161; 126; 32892
162; 126; 33033
163; 126; 33181
164; 126; 33078
132; 127; 32807
133; 127; 32908
134; 127; 33013
135; 127; 32991
136; 127; 32936
137; 127; 32904
138; 127; 32854
139; 127; 32838
140; 127; 32871
141; 127; 32907
142; 127; 32958
143; 127; 33067
144; 127; 33238
145; 127; 33271
146; 127; 33016
147; 127; 32791
148; 127; 32822
149; 127; 32819
150; 127; 32838
151; 127; 32879
152; 127; 32921
153; 127; 32881
154; 127; 32846
155; 127; 32911
156; 127; 33018
157; 127; 32891
158; 127; 32861
159; 127; 33029
160; 127; 33026
161; 127; 32898
162; 127; 33036
163; 127; 33066
164; 127; 32925
132; 128; 32831
133; 128; 32928
134; 128; 32966
135; 128; 32921
136; 128; 32903
137; 128; 32874
138; 128; 32828
139; 128; 32853
140; 128; 32907
141; 128; 32944
142; 128; 33017
143; 128; 33118
144; 128; 33235
145; 128; 33278
146; 128; 33069
147; 128; 32818
148; 128; 32836
149; 128; 32835
150; 128; 32850
151; 128; 32899
152; 128; 32979
153; 128; 33006
154; 128; 33036
155; 128; 33079
156; 128; 33045
157; 128; 32901
158; 128; 32857
159; 128; 32924
160; 128; 32972
161; 128; 33000
162; 128; 32994
163; 128; 32862
164; 128; 32813
132; 129; 32888
133; 129; 32951
134; 129; 32927
135; 129; 32919
136; 129; 32971
137; 129; 32935
138; 129; 32848
139; 129; 32836
140; 129; 32860
141; 129; 32892
142; 129; 32980
143; 129; 33083
144; 129; 33165
145; 129; 33206
146; 129; 33058
147; 129; 32823
148; 129; 32804
149; 129; 32820
150; 129; 32850
151; 129; 32930
152; 129; 33052
153; 129; 33140
154; 129; 33225
155; 129; 33247
156; 129; 33159
157; 129; 33020
158; 129; 32908
159; 129; 32854
160; 129; 32952
161; 129; 32957
162; 129; 32877
163; 129; 32836
164; 129; 32809
132; 130; 32902
133; 130; 32922
134; 130; 32927
135; 130; 32993
136; 130; 33046
137; 130; 32991
138; 130; 32896
139; 130; 32828
140; 130; 32819
141; 130; 32886
142; 130; 32999
143; 130; 33102
144; 130; 33178
145; 130; 33158
146; 130; 32988
147; 130; 32805
148; 130; 32789
149; 130; 32823
150; 130; 32883
151; 130; 33002
152; 130; 33104
153; 130; 33178
154; 130; 33267
155; 130; 33337
156; 130; 33328
157; 130; 33197
158; 130; 33006
159; 130; 32856
160; 130; 32912
161; 130; 32919
162; 130; 32849
163; 130; 32828
164; 130; 32942
132; 131; 32891
133; 131; 32876
134; 131; 32960
135; 131; 33071
136; 131; 33048
137; 131; 33004
138; 131; 32997
139; 131; 32894
140; 131; 32831
141; 131; 32957
142; 131; 33143
143; 131; 33285
144; 131; 33312
145; 131; 33132
146; 131; 32894
147; 131; 32827
148; 131; 32870
149; 131; 32871
150; 131; 32942
151; 131; 33080
152; 131; 33116
153; 131; 33162
154; 131; 33271
155; 131; 33337
156; 131; 33430
157; 131; 33311
158; 131; 33087
159; 131; 32938
160; 131; 32923
161; 131; 32905
162; 131; 32832
163; 131; 32927
164; 131; 33047
132; 132; 32895
133; 132; 32869
134; 132; 32989
135; 132; 33115
136; 132; 33064
137; 132; 33044
138; 132; 33102
139; 132; 32982
140; 132; 32858
141; 132; 32979
142; 132; 33217
143; 132; 33413
144; 132; 33384
145; 132; 33085
146; 132; 32852
147; 132; 32901
148; 132; 32971
149; 132; 32901
150; 132; 32975
151; 132; 33158
152; 132; 33179
153; 132; 33220
154; 132; 33384
155; 132; 33453
156; 132; 33505
157; 132; 33375
158; 132; 33221
159; 132; 33087
160; 132; 33018
161; 132; 32941
162; 132; 32922
163; 132; 33071
164; 132; 33151
132; 133; 32908
133; 133; 32920
134; 133; 32998
135; 133; 33118
136; 133; 33124
137; 133; 33096
138; 133; 33102
139; 133; 32992
140; 133; 32879
141; 133; 32937
142; 133; 33105
143; 133; 33272
144; 133; 33240
145; 133; 32989
146; 133; 32839
147; 133; 32914
148; 133; 32956
149; 133; 32876
150; 133; 32959
151; 133; 33209
152; 133; 33321
153; 133; 33394
154; 133; 33585
155; 133; 33733
156; 133; 33632
157; 133; 33510
158; 133; 33364
159; 133; 33185
160; 133; 33098
161; 133; 33024
162; 133; 33075
163; 133; 33196
164; 133; 33282
132; 134; 32959
133; 134; 33012
134; 134; 32985
135; 134; 33056
136; 134; 33152
137; 134; 33128
138; 134; 33040
139; 134; 32948
140; 134; 32908
141; 134; 32935
142; 134; 32992
143; 134; 33074
144; 134; 33056
145; 134; 32903
146; 134; 32843
147; 134; 32896
148; 134; 32884
149; 134; 32834
150; 134; 32907
151; 134; 33129
152; 134; 33360
153; 134; 33507
154; 134; 33693
155; 134; 33944
156; 134; 33931
157; 134; 33701
158; 134; 33465
159; 134; 33135
160; 134; 32993
161; 134; 33101
162; 134; 33205
163; 134; 33266
164; 134; 33309
132; 135; 33068
133; 135; 33077
134; 135; 32937
135; 135; 32969
136; 135; 33151
137; 135; 33192
138; 135; 33065
139; 135; 32946
140; 135; 32932
141; 135; 32979
142; 135; 33037
143; 135; 33086
144; 135; 33021
145; 135; 32883
146; 135; 32905
147; 135; 32975
148; 135; 32902
149; 135; 32847
150; 135; 32884
151; 135; 32978
152; 135; 33215
153; 135; 33434
154; 135; 33611
155; 135; 33850
156; 135; 34105
157; 135; 33883
158; 135; 33559
159; 135; 33154
160; 135; 33009
161; 135; 33119
162; 135; 33218
163; 135; 33329
164; 135; 33334
132; 136; 33169
133; 136; 33085
134; 136; 32900
135; 136; 32934
136; 136; 33139
137; 136; 33230
138; 136; 33137
139; 136; 33004
140; 136; 32957
141; 136; 33018
142; 136; 33151
143; 136; 33215
144; 136; 33062
145; 136; 32876
146; 136; 32948
147; 136; 33068
148; 136; 32983
149; 136; 32917
150; 136; 32925
151; 136; 32903
152; 136; 33039
153; 136; 33308
154; 136; 33511
155; 136; 33605
156; 136; 33909
157; 136; 33835
158; 136; 33570
159; 136; 33276
160; 136; 33121
161; 136; 33093
162; 136; 33143
163; 136; 33395
164; 136; 33454
132; 137; 33179
133; 137; 33058
134; 137; 32896
135; 137; 32904
136; 137; 33032
137; 137; 33135
138; 137; 33142
139; 137; 33076
140; 137; 33016
141; 137; 33058
142; 137; 33220
143; 137; 33308
144; 137; 33131
145; 137; 32893
146; 137; 32913
147; 137; 33037
148; 137; 33007
149; 137; 32969
150; 137; 32967
151; 137; 32895
152; 137; 32914
153; 137; 33231
154; 137; 33508
155; 137; 33474
156; 137; 33565
157; 137; 33567
158; 137; 33422
159; 137; 33265
160; 137; 33136
161; 137; 33054
162; 137; 33070
163; 137; 33300
164; 137; 33412
132; 138; 33105
133; 138; 32996
134; 138; 32892
135; 138; 32863
136; 138; 32918
137; 138; 33047
138; 138; 33111
139; 138; 33073
140; 138; 33057
141; 138; 33110
142; 138; 33224
143; 138; 33327
144; 138; 33242
145; 138; 33005
146; 138; 32913
147; 138; 32963
148; 138; 32971
149; 138; 32973
150; 138; 32978
151; 138; 32897
152; 138; 32847
153; 138; 33150
154; 138; 33484
155; 138; 33424
156; 138; 33316
157; 138; 33293
158; 138; 33189
159; 138; 33119
160; 138; 33060
161; 138; 33024
162; 138; 33012
163; 138; 33070
164; 138; 33172
132; 139; 33028
133; 139; 32924
134; 139; 32905
135; 139; 32926
136; 139; 33038
137; 139; 33201
138; 139; 33126
139; 139; 32961
140; 139; 33049
141; 139; 33187
142; 139; 33193
143; 139; 33250
144; 139; 33272
145; 139; 33078
146; 139; 32950
147; 139; 32963
148; 139; 32972
149; 139; 32983
150; 139; 32988
151; 139; 32888
152; 139; 32848
153; 139; 33078
154; 139; 33411
155; 139; 33396
156; 139; 33228
157; 139; 33094
158; 139; 32987
159; 139; 33022
160; 139; 33008
161; 139; 33024
162; 139; 32984
163; 139; 32949
164; 139; 33020
132; 140; 32998
133; 140; 32896
134; 140; 32918
135; 140; 33004
136; 140; 33294
137; 140; 33532
138; 140; 33228
139; 140; 32888
140; 140; 33091
141; 140; 33312
142; 140; 33214
143; 140; 33173
144; 140; 33171
145; 140; 32989
146; 140; 32902
147; 140; 32970
148; 140; 33005
149; 140; 33013
150; 140; 32993
151; 140; 32869
152; 140; 32888
153; 140; 33076
154; 140; 33363
155; 140; 33434
156; 140; 33299
157; 140; 33011
158; 140; 32959
159; 140; 33010
160; 140; 33018
161; 140; 33047
162; 140; 33015
163; 140; 32945
164; 140; 32970
132; 141; 32995
133; 141; 32924
134; 141; 32887
135; 141; 32925
136; 141; 33353
137; 141; 33703
138; 141; 33331
139; 141; 32953
140; 141; 33179
141; 141; 33395
142; 141; 33302
143; 141; 33192
144; 141; 33087
145; 141; 32922
146; 141; 32846
147; 141; 32917
148; 141; 32979
149; 141; 33002
150; 141; 32991
151; 141; 32864
152; 141; 32921
153; 141; 33126
154; 141; 33333
155; 141; 33465
156; 141; 33356
157; 141; 32911
158; 141; 33059
159; 141; 33017
160; 141; 33061
161; 141; 33111
162; 141; 33076
163; 141; 32918
164; 141; 32919
132; 142; 32979
133; 142; 32978
134; 142; 32867
135; 142; 32808
136; 142; 33189
137; 142; 33529
138; 142; 33310
139; 142; 33083
140; 142; 33195
141; 142; 33342
142; 142; 33410
143; 142; 33302
144; 142; 33090
145; 142; 32998
146; 142; 32899
147; 142; 32868
148; 142; 32935
149; 142; 32996
150; 142; 33012
151; 142; 32907
152; 142; 32982
153; 142; 33201
154; 142; 33293
155; 142; 33396
156; 142; 33288
157; 142; 32922
158; 142; 33112
159; 142; 33038
160; 142; 33153
161; 142; 33236
162; 142; 33133
163; 142; 32886
164; 142; 32897
132; 143; 32926
133; 143; 32975
134; 143; 32874
135; 143; 32802
136; 143; 33019
137; 143; 33213
138; 143; 33240
139; 143; 33257
140; 143; 33187
141; 143; 33223
142; 143; 33529
143; 143; 33509
144; 143; 33137
145; 143; 33030
146; 143; 32961
147; 143; 32876
148; 143; 32953
149; 143; 33052
150; 143; 33059
151; 143; 33014
152; 143; 33156
153; 143; 33294
154; 143; 33274
155; 143; 33295
156; 143; 33224
157; 143; 33083
158; 143; 33045
159; 143; 33067
160; 143; 33251
161; 143; 33383
162; 143; 33198
163; 143; 32906
164; 143; 32893
132; 144; 32891
133; 144; 32926
134; 144; 32871
135; 144; 32866
136; 144; 32964
137; 144; 33027
138; 144; 33220
139; 144; 33424
140; 144; 33224
141; 144; 33117
142; 144; 33578
143; 144; 33737
144; 144; 33226
145; 144; 32934
146; 144; 32956
147; 144; 32935
148; 144; 32995
149; 144; 33115
150; 144; 33102
151; 144; 33111
152; 144; 33335
153; 144; 33369
154; 144; 33282
155; 144; 33236
156; 144; 33171
157; 144; 33100
158; 144; 32924
159; 144; 33126
160; 144; 33345
161; 144; 33466
162; 144; 33244
163; 144; 32960
164; 144; 32898
