81; 153; 32846
82; 153; 32882
83; 153; 32964
84; 153; 33108
85; 153; 33162
86; 153; 33148
87; 153; 33200
88; 153; 33123
89; 153; 32929
90; 153; 32922
91; 153; 33039
92; 153; 33120
93; 153; 33192
94; 153; 33218
95; 153; 33239
96; 153; 33312
97; 153; 33339
98; 153; 33270
99; 153; 33169
100; 153; 33088
101; 153; 33038
102; 153; 33000
103; 153; 32979
104; 153; 33017
105; 153; 33073
106; 153; 33098
107; 153; 33125
108; 153; 33215
109; 153; 33386
110; 153; 33665
81; 154; 32851
82; 154; 32891
83; 154; 32979
84; 154; 33139
85; 154; 33186
86; 154; 33146
87; 154; 33193
88; 154; 33135
89; 154; 32947
90; 154; 32879
91; 154; 32941
92; 154; 33074
93; 154; 33184
94; 154; 33148
95; 154; 33123
96; 154; 33152
97; 154; 33184
98; 154; 33258
99; 154; 33285
100; 154; 33215
101; 154; 33100
102; 154; 33025
103; 154; 32994
104; 154; 33028
105; 154; 33072
106; 154; 33042
107; 154; 33000
108; 154; 32993
109; 154; 33014
110; 154; 33119
81; 155; 32831
82; 155; 32885
83; 155; 32984
84; 155; 33175
85; 155; 33235
86; 155; 33150
87; 155; 33158
88; 155; 33132
89; 155; 32988
90; 155; 32897
91; 155; 32915
92; 155; 33011
93; 155; 33088
94; 155; 33091
95; 155; 33125
96; 155; 33132
97; 155; 33117
98; 155; 33251
99; 155; 33375
100; 155; 33324
101; 155; 33156
102; 155; 33016
103; 155; 32942
104; 155; 32969
105; 155; 33036
106; 155; 33031
107; 155; 33003
108; 155; 33014
109; 155; 33027
110; 155; 33037
81; 156; 32805
82; 156; 32856
83; 156; 32924
84; 156; 33133
85; 156; 33289
86; 156; 33204
87; 156; 33138
88; 156; 33103
89; 156; 32973
90; 156; 32860
91; 156; 32864
92; 156; 32943
93; 156; 33032
94; 156; 33193
95; 156; 33310
96; 156; 33266
97; 156; 33268
98; 156; 33429
99; 156; 33502
100; 156; 33397
101; 156; 33222
102; 156; 33104
103; 156; 33097
104; 156; 33100
105; 156; 33121
106; 156; 33109
107; 156; 32992
108; 156; 32897
109; 156; 32906
110; 156; 32944
81; 157; 32827
82; 157; 32880
83; 157; 32866
84; 157; 33007
85; 157; 33268
86; 157; 33278
87; 157; 33169
88; 157; 33097
89; 157; 32948
90; 157; 32813
91; 157; 32850
92; 157; 32956
93; 157; 33019
94; 157; 33208
95; 157; 33334
96; 157; 33233
97; 157; 33421
98; 157; 33747
99; 157; 33634
100; 157; 33347
101; 157; 33199
102; 157; 33187
103; 157; 33296
104; 157; 33255
105; 157; 33223
106; 157; 33334
107; 157; 33234
108; 157; 33007
109; 157; 32943
110; 157; 32929
81; 158; 32866
82; 158; 32929
83; 158; 32882
84; 158; 32910
85; 158; 33134
86; 158; 33242
87; 158; 33181
88; 158; 33111
89; 158; 32976
90; 158; 32814
91; 158; 32896
92; 158; 33082
93; 158; 33035
94; 158; 33058
95; 158; 33182
96; 158; 33121
97; 158; 33433
98; 158; 33869
99; 158; 33655
100; 158; 33312
101; 158; 33228
102; 158; 33242
103; 158; 33363
104; 158; 33337
105; 158; 33326
106; 158; 33568
107; 158; 33603
108; 158; 33357
109; 158; 33197
110; 158; 33120
81; 159; 32861
82; 159; 32906
83; 159; 32898
84; 159; 32902
85; 159; 33026
86; 159; 33153
87; 159; 33157
88; 159; 33101
89; 159; 32992
90; 159; 32810
91; 159; 32911
92; 159; 33188
93; 159; 33060
94; 159; 32935
95; 159; 33157
96; 159; 33271
97; 159; 33493
98; 159; 33751
99; 159; 33508
100; 159; 33258
101; 159; 33296
102; 159; 33314
103; 159; 33367
104; 159; 33401
105; 159; 33437
106; 159; 33577
107; 159; 33621
108; 159; 33502
109; 159; 33399
110; 159; 33428
81; 160; 32844
82; 160; 32872
83; 160; 32876
84; 160; 32894
85; 160; 32986
86; 160; 33120
87; 160; 33176
88; 160; 33114
89; 160; 32973
90; 160; 32789
91; 160; 32930
92; 160; 33297
93; 160; 33221
94; 160; 33078
95; 160; 33351
96; 160; 33510
97; 160; 33531
98; 160; 33560
99; 160; 33302
100; 160; 33079
101; 160; 33203
102; 160; 33303
103; 160; 33289
104; 160; 33314
105; 160; 33388
106; 160; 33379
107; 160; 33295
108; 160; 33277
109; 160; 33312
110; 160; 33521
81; 161; 32836
82; 161; 32863
83; 161; 32846
84; 161; 32832
85; 161; 32902
86; 161; 33049
87; 161; 33189
88; 161; 33185
89; 161; 32996
90; 161; 32805
91; 161; 33017
92; 161; 33526
93; 161; 33658
94; 161; 33570
95; 161; 33637
96; 161; 33508
97; 161; 33329
98; 161; 33335
99; 161; 33159
100; 161; 32919
101; 161; 33044
102; 161; 33236
103; 161; 33190
104; 161; 33130
105; 161; 33249
106; 161; 33268
107; 161; 33126
108; 161; 33087
109; 161; 33151
110; 161; 33327
81; 162; 32848
82; 162; 32865
83; 162; 32846
84; 162; 32800
85; 162; 32830
86; 162; 32961
87; 162; 33147
88; 162; 33236
89; 162; 33061
90; 162; 32852
91; 162; 33071
92; 162; 33652
93; 162; 34021
94; 162; 33996
95; 162; 33740
96; 162; 33335
97; 162; 33124
98; 162; 33211
99; 162; 33104
100; 162; 32854
101; 162; 33028
102; 162; 33365
103; 162; 33306
104; 162; 33085
105; 162; 33162
106; 162; 33251
107; 162; 33160
108; 162; 33121
109; 162; 33225
110; 162; 33323
81; 163; 32887
82; 163; 32872
83; 163; 32875
84; 163; 32842
85; 163; 32863
86; 163; 32968
87; 163; 33098
88; 163; 33225
89; 163; 33165
90; 163; 32966
91; 163; 33008
92; 163; 33399
93; 163; 33822
94; 163; 33877
95; 163; 33517
96; 163; 33169
97; 163; 33102
98; 163; 33189
99; 163; 33065
100; 163; 32901
101; 163; 33277
102; 163; 33787
103; 163; 33606
104; 163; 33131
105; 163; 33096
106; 163; 33188
107; 163; 33163
108; 163; 33141
109; 163; 33272
110; 163; 33502
81; 164; 32979
82; 164; 32902
83; 164; 32903
84; 164; 32906
85; 164; 32917
86; 164; 32993
87; 164; 33040
88; 164; 33200
89; 164; 33374
90; 164; 33222
91; 164; 32999
92; 164; 33078
93; 164; 33339
94; 164; 33451
95; 164; 33259
96; 164; 33113
97; 164; 33112
98; 164; 33101
99; 164; 32993
100; 164; 33014
101; 164; 33635
102; 164; 34296
103; 164; 33962
104; 164; 33220
105; 164; 33036
106; 164; 33122
107; 164; 33199
108; 164; 33182
109; 164; 33191
110; 164; 33451
81; 165; 33141
82; 165; 33048
83; 165; 33021
84; 165; 33000
85; 165; 32965
86; 165; 33023
87; 165; 33015
88; 165; 33137
89; 165; 33471
90; 165; 33428
91; 165; 33128
92; 165; 33068
93; 165; 33128
94; 165; 33182
95; 165; 33163
96; 165; 33140
97; 165; 33094
98; 165; 33027
99; 165; 32987
100; 165; 33054
101; 165; 33706
102; 165; 34466
103; 165; 34099
104; 165; 33260
105; 165; 33056
106; 165; 33227
107; 165; 33427
108; 165; 33430
109; 165; 33259
110; 165; 33303
81; 166; 33228
82; 166; 33212
83; 166; 33227
84; 166; 33220
85; 166; 33133
86; 166; 33137
87; 166; 33062
88; 166; 32999
89; 166; 33228
90; 166; 33290
91; 166; 33137
92; 166; 33149
93; 166; 33132
94; 166; 33047
95; 166; 33041
96; 166; 33066
97; 166; 33013
98; 166; 33004
99; 166; 33064
100; 166; 33065
101; 166; 33499
102; 166; 34091
103; 166; 33890
104; 166; 33487
105; 166; 33573
106; 166; 33759
107; 166; 33843
108; 166; 33723
109; 166; 33364
110; 166; 33273
81; 167; 33190
82; 167; 33189
83; 167; 33282
84; 167; 33405
85; 167; 33344
86; 167; 33272
87; 167; 33157
88; 167; 32949
89; 167; 32964
90; 167; 33065
91; 167; 33050
92; 167; 33130
93; 167; 33165
94; 167; 33004
95; 167; 32911
96; 167; 32908
97; 167; 32879
98; 167; 32946
99; 167; 33092
100; 167; 33139
101; 167; 33331
102; 167; 33622
103; 167; 33948
104; 167; 34430
105; 167; 34736
106; 167; 34509
107; 167; 34172
108; 167; 33815
109; 167; 33386
110; 167; 33337
81; 168; 33182
82; 168; 33093
83; 168; 33148
84; 168; 33309
85; 168; 33301
86; 168; 33269
87; 168; 33300
88; 168; 33173
89; 168; 33030
90; 168; 33058
91; 168; 33064
92; 168; 33100
93; 168; 33173
94; 168; 33045
95; 168; 32881
96; 168; 32820
97; 168; 32808
98; 168; 32894
99; 168; 33044
100; 168; 33145
101; 168; 33202
102; 168; 33505
103; 168; 34412
104; 168; 35362
105; 168; 35398
106; 168; 34667
107; 168; 34058
108; 168; 33678
109; 168; 33505
110; 168; 33515
81; 169; 33195
82; 169; 33119
83; 169; 33090
84; 169; 33088
85; 169; 33021
86; 169; 33075
87; 169; 33339
88; 169; 33423
89; 169; 33254
90; 169; 33179
91; 169; 33125
92; 169; 33072
93; 169; 33122
94; 169; 33053
95; 169; 32884
96; 169; 32806
97; 169; 32800
98; 169; 32848
99; 169; 32978
100; 169; 33025
101; 169; 33070
102; 169; 33559
103; 169; 34457
104; 169; 35072
105; 169; 34807
106; 169; 34148
107; 169; 33622
108; 169; 33432
109; 169; 33602
110; 169; 33606
81; 170; 33169
82; 170; 33189
83; 170; 33167
84; 170; 33053
85; 170; 32899
86; 170; 32899
87; 170; 33146
88; 170; 33332
89; 170; 33350
90; 170; 33348
91; 170; 33172
92; 170; 33046
93; 170; 33176
94; 170; 33170
95; 170; 32959
96; 170; 32837
97; 170; 32812
98; 170; 32806
99; 170; 32940
100; 170; 32927
101; 170; 33027
102; 170; 33562
103; 170; 34116
104; 170; 34327
105; 170; 34104
106; 170; 33713
107; 170; 33289
108; 170; 33228
109; 170; 33422
110; 170; 33366
81; 171; 33203
82; 171; 33227
83; 171; 33220
84; 171; 33155
85; 171; 33037
86; 171; 32956
87; 171; 33006
88; 171; 33085
89; 171; 33246
90; 171; 33402
91; 171; 33171
92; 171; 33047
93; 171; 33340
94; 171; 33399
95; 171; 33113
96; 171; 32918
97; 171; 32826
98; 171; 32802
99; 171; 32946
100; 171; 32942
101; 171; 33050
102; 171; 33498
103; 171; 33952
104; 171; 34189
105; 171; 34027
106; 171; 33543
107; 171; 33133
108; 171; 33117
109; 171; 33151
110; 171; 33066
81; 172; 33298
82; 172; 33282
83; 172; 33254
84; 172; 33227
85; 172; 33172
86; 172; 33123
87; 172; 33112
88; 172; 33039
89; 172; 33079
90; 172; 33295
91; 172; 33473
92; 172; 33410
93; 172; 33445
94; 172; 33362
95; 172; 33133
96; 172; 32992
97; 172; 32866
98; 172; 32838
99; 172; 32980
100; 172; 33031
101; 172; 33080
102; 172; 33308
103; 172; 33675
104; 172; 34085
105; 172; 34108
106; 172; 33530
107; 172; 33039
108; 172; 33031
109; 172; 33046
110; 172; 33012
81; 173; 33389
82; 173; 33369
83; 173; 33342
84; 173; 33296
85; 173; 33242
86; 173; 33218
87; 173; 33229
88; 173; 33122
89; 173; 33055
90; 173; 33329
91; 173; 34077
92; 173; 34039
93; 173; 33502
94; 173; 33090
95; 173; 32973
96; 173; 33025
97; 173; 32953
98; 173; 32914
99; 173; 33035
100; 173; 33116
101; 173; 33088
102; 173; 33063
103; 173; 33162
104; 173; 33669
105; 173; 34186
106; 173; 33772
107; 173; 33024
108; 173; 32948
109; 173; 33066
110; 173; 33044
81; 174; 33422
82; 174; 33417
83; 174; 33412
84; 174; 33379
85; 174; 33347
86; 174; 33303
87; 174; 33276
88; 174; 33205
89; 174; 33184
90; 174; 33442
91; 174; 34029
92; 174; 34074
93; 174; 33435
94; 174; 32989
95; 174; 32965
96; 174; 33134
97; 174; 33088
98; 174; 32966
99; 174; 33064
100; 174; 33143
101; 174; 33033
102; 174; 32898
103; 174; 33035
104; 174; 33681
105; 174; 34272
106; 174; 33856
107; 174; 33029
108; 174; 32919
109; 174; 33090
110; 174; 33020
81; 175; 33349
82; 175; 33365
83; 175; 33387
84; 175; 33407
85; 175; 33447
86; 175; 33416
87; 175; 33363
88; 175; 33323
89; 175; 33313
90; 175; 33399
91; 175; 33471
92; 175; 33473
93; 175; 33138
94; 175; 33078
95; 175; 33309
96; 175; 33473
97; 175; 33325
98; 175; 33015
99; 175; 33050
100; 175; 33137
101; 175; 32928
102; 175; 32830
103; 175; 33625
104; 175; 34530
105; 175; 34300
106; 175; 33461
107; 175; 32960
108; 175; 32926
109; 175; 33066
110; 175; 33019
81; 176; 33252
82; 176; 33269
83; 176; 33308
84; 176; 33370
85; 176; 33451
86; 176; 33452
87; 176; 33426
88; 176; 33416
89; 176; 33399
90; 176; 33395
91; 176; 33307
92; 176; 33245
93; 176; 33006
94; 176; 33098
95; 176; 33609
96; 176; 33837
97; 176; 33561
98; 176; 33167
99; 176; 33091
100; 176; 33138
101; 176; 32886
102; 176; 32884
103; 176; 34286
104; 176; 35313
105; 176; 34241
106; 176; 33056
107; 176; 32903
108; 176; 32922
109; 176; 33009
110; 176; 33041
81; 177; 33207
82; 177; 33211
83; 177; 33240
84; 177; 33292
85; 177; 33347
86; 177; 33374
87; 177; 33399
88; 177; 33419
89; 177; 33432
90; 177; 33453
91; 177; 33444
92; 177; 33377
93; 177; 33106
94; 177; 33053
95; 177; 33489
96; 177; 33786
97; 177; 33547
98; 177; 33281
99; 177; 33181
100; 177; 33140
101; 177; 32980
102; 177; 33017
103; 177; 34157
104; 177; 34951
105; 177; 33989
106; 177; 32985
107; 177; 32923
108; 177; 32933
109; 177; 32987
110; 177; 33040
81; 178; 33197
82; 178; 33201
83; 178; 33208
84; 178; 33202
85; 178; 33196
86; 178; 33242
87; 178; 33307
88; 178; 33347
89; 178; 33385
90; 178; 33418
91; 178; 33456
92; 178; 33407
93; 178; 33160
94; 178; 33067
95; 178; 33238
96; 178; 33413
97; 178; 33305
98; 178; 33251
99; 178; 33268
100; 178; 33149
101; 178; 33071
102; 178; 33105
103; 178; 33594
104; 178; 34091
105; 178; 33697
106; 178; 33033
107; 178; 32919
108; 178; 32932
109; 178; 32986
110; 178; 33011
81; 179; 33210
82; 179; 33205
83; 179; 33203
84; 179; 33163
85; 179; 33116
86; 179; 33137
87; 179; 33175
88; 179; 33220
89; 179; 33296
90; 179; 33358
91; 179; 33409
92; 179; 33379
93; 179; 33251
94; 179; 33219
95; 179; 33311
96; 179; 33296
97; 179; 33301
98; 179; 33529
99; 179; 33637
100; 179; 33368
101; 179; 33128
102; 179; 33113
103; 179; 33420
104; 179; 33845
105; 179; 33551
106; 179; 32993
107; 179; 32891
108; 179; 32912
109; 179; 32951
110; 179; 32967
