190; 321; 33509
191; 321; 33827
192; 321; 33986
193; 321; 33919
194; 321; 33731
190; 322; 33721
191; 322; 34002
192; 322; 34164
193; 322; 34156
194; 322; 34074
195; 322; 33980
190; 323; 34152
191; 323; 34164
192; 323; 34169
193; 323; 34146
194; 323; 34122
195; 323; 34194
196; 323; 34236
197; 323; 34069
198; 323; 33749
199; 323; 33693
190; 324; 34410
191; 324; 34211
192; 324; 34095
193; 324; 34049
194; 324; 34031
195; 324; 34045
196; 324; 34219
197; 324; 34271
198; 324; 34032
199; 324; 33673
190; 325; 34443
191; 325; 34286
192; 325; 34107
193; 325; 33980
194; 325; 33845
195; 325; 33743
196; 325; 33880
197; 325; 34102
198; 325; 34051
199; 325; 33629
191; 326; 34340
192; 326; 34271
193; 326; 34111
194; 326; 33872
195; 326; 33726
196; 326; 33792
197; 326; 34023
198; 326; 34041
199; 326; 33648
191; 327; 34121
192; 327; 34351
193; 327; 34356
194; 327; 34258
195; 327; 34166
196; 327; 34138
197; 327; 34098
198; 327; 33969
199; 327; 33617
194; 328; 34355
195; 328; 34349
196; 328; 34217
197; 328; 33941
