292; 180; 33682
293; 180; 33677
294; 180; 33650
295; 180; 33657
296; 180; 33696
297; 180; 33716
298; 180; 33705
299; 180; 33686
300; 180; 33674
301; 180; 33691
302; 180; 33725
303; 180; 33718
304; 180; 33672
305; 180; 33679
306; 180; 33733
307; 180; 33740
308; 180; 33707
309; 180; 33666
310; 180; 33553
311; 180; 33258
312; 180; 33154
313; 180; 33167
314; 180; 33256
315; 180; 33327
316; 180; 33359
317; 180; 33337
318; 180; 33288
319; 180; 33297
320; 180; 33353
321; 180; 33390
322; 180; 33417
323; 180; 33482
324; 180; 33560
325; 180; 33585
326; 180; 33503
327; 180; 33271
328; 180; 32999
329; 180; 32935
330; 180; 33000
331; 180; 33153
332; 180; 33221
333; 180; 33146
334; 180; 33003
335; 180; 32924
336; 180; 32942
337; 180; 33000
338; 180; 33017
339; 180; 32939
340; 180; 32883
341; 180; 32915
342; 180; 32950
343; 180; 33021
344; 180; 33284
345; 180; 33666
346; 180; 33895
347; 180; 33810
348; 180; 33530
349; 180; 33165
350; 180; 32896
351; 180; 32964
352; 180; 33184
353; 180; 33170
354; 180; 33061
355; 180; 32980
356; 180; 32949
292; 181; 33681
293; 181; 33660
294; 181; 33647
295; 181; 33680
296; 181; 33735
297; 181; 33750
298; 181; 33717
299; 181; 33681
300; 181; 33682
301; 181; 33727
302; 181; 33776
303; 181; 33762
304; 181; 33700
305; 181; 33687
306; 181; 33721
307; 181; 33711
308; 181; 33688
309; 181; 33688
310; 181; 33624
311; 181; 33288
312; 181; 33106
313; 181; 33125
314; 181; 33229
315; 181; 33296
316; 181; 33317
317; 181; 33309
318; 181; 33288
319; 181; 33310
320; 181; 33368
321; 181; 33405
322; 181; 33433
323; 181; 33502
324; 181; 33575
325; 181; 33562
326; 181; 33416
327; 181; 33098
328; 181; 32963
329; 181; 32974
330; 181; 33057
331; 181; 33087
332; 181; 33073
333; 181; 33070
334; 181; 33042
335; 181; 32995
336; 181; 32985
337; 181; 33028
338; 181; 33047
339; 181; 32986
340; 181; 32936
341; 181; 32904
342; 181; 32911
343; 181; 33077
344; 181; 33435
345; 181; 33805
346; 181; 33738
347; 181; 33313
348; 181; 33038
349; 181; 32993
350; 181; 32987
351; 181; 33030
352; 181; 33079
353; 181; 33053
354; 181; 33033
355; 181; 33029
356; 181; 32974
292; 182; 33676
293; 182; 33680
294; 182; 33683
295; 182; 33706
296; 182; 33743
297; 182; 33747
298; 182; 33711
299; 182; 33680
300; 182; 33693
301; 182; 33741
302; 182; 33786
303; 182; 33778
304; 182; 33732
305; 182; 33721
306; 182; 33735
307; 182; 33702
308; 182; 33672
309; 182; 33702
310; 182; 33680
311; 182; 33327
312; 182; 33059
313; 182; 33046
314; 182; 33155
315; 182; 33243
316; 182; 33284
317; 182; 33328
318; 182; 33359
319; 182; 33375
320; 182; 33395
321; 182; 33408
322; 182; 33433
323; 182; 33492
324; 182; 33526
325; 182; 33472
326; 182; 33307
327; 182; 33061
328; 182; 32987
329; 182; 33021
330; 182; 33083
331; 182; 33027
332; 182; 32946
333; 182; 32958
334; 182; 32997
335; 182; 32985
336; 182; 32950
337; 182; 32956
338; 182; 32989
339; 182; 33016
340; 182; 32996
341; 182; 32902
342; 182; 32917
343; 182; 33137
344; 182; 33533
345; 182; 33765
346; 182; 33462
347; 182; 32988
348; 182; 32905
349; 182; 33120
350; 182; 33192
351; 182; 33103
352; 182; 32997
353; 182; 32956
354; 182; 32996
355; 182; 33031
356; 182; 32976
292; 183; 33681
293; 183; 33717
294; 183; 33720
295; 183; 33724
296; 183; 33756
297; 183; 33761
298; 183; 33717
299; 183; 33685
300; 183; 33701
301; 183; 33733
302; 183; 33752
303; 183; 33744
304; 183; 33720
305; 183; 33730
306; 183; 33758
307; 183; 33734
308; 183; 33693
309; 183; 33710
310; 183; 33704
311; 183; 33384
312; 183; 33028
313; 183; 33006
314; 183; 33113
315; 183; 33213
316; 183; 33269
317; 183; 33351
318; 183; 33411
319; 183; 33412
320; 183; 33400
321; 183; 33406
322; 183; 33442
323; 183; 33476
324; 183; 33439
325; 183; 33334
326; 183; 33210
327; 183; 33072
328; 183; 32983
329; 183; 33016
330; 183; 33078
331; 183; 33040
332; 183; 32959
333; 183; 32938
334; 183; 32952
335; 183; 32934
336; 183; 32918
337; 183; 32931
338; 183; 32955
339; 183; 33008
340; 183; 32978
341; 183; 32891
342; 183; 32958
343; 183; 33204
344; 183; 33541
345; 183; 33533
346; 183; 33183
347; 183; 32919
348; 183; 33003
349; 183; 33204
350; 183; 33188
351; 183; 33054
352; 183; 32982
353; 183; 33003
354; 183; 33034
355; 183; 33020
356; 183; 32973
292; 184; 33716
293; 184; 33743
294; 184; 33716
295; 184; 33713
296; 184; 33770
297; 184; 33787
298; 184; 33730
299; 184; 33690
300; 184; 33705
301; 184; 33722
302; 184; 33716
303; 184; 33700
304; 184; 33690
305; 184; 33724
306; 184; 33780
307; 184; 33779
308; 184; 33733
309; 184; 33714
310; 184; 33689
311; 184; 33404
312; 184; 33050
313; 184; 33023
314; 184; 33141
315; 184; 33243
316; 184; 33293
317; 184; 33358
318; 184; 33406
319; 184; 33396
320; 184; 33369
321; 184; 33384
322; 184; 33441
323; 184; 33458
324; 184; 33369
325; 184; 33224
326; 184; 33113
327; 184; 33031
328; 184; 32973
329; 184; 32996
330; 184; 33041
331; 184; 33029
332; 184; 32996
333; 184; 32979
334; 184; 32958
335; 184; 32935
336; 184; 32952
337; 184; 32974
338; 184; 32955
339; 184; 32958
340; 184; 32926
341; 184; 32903
342; 184; 33044
343; 184; 33297
344; 184; 33447
345; 184; 33248
346; 184; 33001
347; 184; 32996
348; 184; 33097
349; 184; 33112
350; 184; 33037
351; 184; 32974
352; 184; 33009
353; 184; 33084
354; 184; 33097
355; 184; 33045
356; 184; 32988
292; 185; 33754
293; 185; 33740
294; 185; 33686
295; 185; 33688
296; 185; 33759
297; 185; 33785
298; 185; 33729
299; 185; 33688
300; 185; 33700
301; 185; 33717
302; 185; 33716
303; 185; 33707
304; 185; 33710
305; 185; 33749
306; 185; 33801
307; 185; 33790
308; 185; 33730
309; 185; 33690
310; 185; 33642
311; 185; 33364
312; 185; 33043
313; 185; 33045
314; 185; 33189
315; 185; 33303
316; 185; 33342
317; 185; 33374
318; 185; 33403
319; 185; 33392
320; 185; 33357
321; 185; 33359
322; 185; 33402
323; 185; 33406
324; 185; 33314
325; 185; 33170
326; 185; 33066
327; 185; 33023
328; 185; 33004
329; 185; 33003
330; 185; 32994
331; 185; 32958
332; 185; 32963
333; 185; 32980
334; 185; 32960
335; 185; 32940
336; 185; 32964
337; 185; 32985
338; 185; 32950
339; 185; 32919
340; 185; 32903
341; 185; 32945
342; 185; 33115
343; 185; 33310
344; 185; 33293
345; 185; 33058
346; 185; 32963
347; 185; 33074
348; 185; 33097
349; 185; 33029
350; 185; 32976
351; 185; 32962
352; 185; 33013
353; 185; 33060
354; 185; 33084
355; 185; 33073
356; 185; 33040
292; 186; 33749
293; 186; 33726
294; 186; 33693
295; 186; 33704
296; 186; 33754
297; 186; 33771
298; 186; 33734
299; 186; 33696
300; 186; 33695
301; 186; 33724
302; 186; 33756
303; 186; 33768
304; 186; 33769
305; 186; 33799
306; 186; 33822
307; 186; 33767
308; 186; 33689
309; 186; 33661
310; 186; 33615
311; 186; 33319
312; 186; 33058
313; 186; 33046
314; 186; 33219
315; 186; 33341
316; 186; 33366
317; 186; 33387
318; 186; 33426
319; 186; 33433
320; 186; 33406
321; 186; 33385
322; 186; 33371
323; 186; 33333
324; 186; 33249
325; 186; 33136
326; 186; 33057
327; 186; 33034
328; 186; 33043
329; 186; 33038
330; 186; 32987
331; 186; 32929
332; 186; 32929
333; 186; 32954
334; 186; 32955
335; 186; 32938
336; 186; 32945
337; 186; 32971
338; 186; 32950
339; 186; 32915
340; 186; 32908
341; 186; 32973
342; 186; 33140
343; 186; 33268
344; 186; 33179
345; 186; 33009
346; 186; 33002
347; 186; 33087
348; 186; 33074
349; 186; 33016
350; 186; 32993
351; 186; 32989
352; 186; 32989
353; 186; 33001
354; 186; 33020
355; 186; 33028
356; 186; 33060
292; 187; 33725
293; 187; 33730
294; 187; 33749
295; 187; 33768
296; 187; 33771
297; 187; 33765
298; 187; 33757
299; 187; 33739
300; 187; 33722
301; 187; 33747
302; 187; 33801
303; 187; 33811
304; 187; 33789
305; 187; 33810
306; 187; 33829
307; 187; 33756
308; 187; 33673
309; 187; 33669
310; 187; 33633
311; 187; 33297
312; 187; 33053
313; 187; 33074
314; 187; 33234
315; 187; 33342
316; 187; 33358
317; 187; 33386
318; 187; 33433
319; 187; 33454
320; 187; 33462
321; 187; 33461
322; 187; 33403
323; 187; 33288
324; 187; 33178
325; 187; 33092
326; 187; 33026
327; 187; 33004
328; 187; 33028
329; 187; 33031
330; 187; 32989
331; 187; 32963
332; 187; 32957
333; 187; 32964
334; 187; 32970
335; 187; 32962
336; 187; 32954
337; 187; 32958
338; 187; 32943
339; 187; 32921
340; 187; 32948
341; 187; 33042
342; 187; 33181
343; 187; 33248
344; 187; 33148
345; 187; 33033
346; 187; 33053
347; 187; 33103
348; 187; 33062
349; 187; 33015
350; 187; 33008
351; 187; 33007
352; 187; 33008
353; 187; 33034
354; 187; 33016
355; 187; 32978
356; 187; 33026
292; 188; 33730
293; 188; 33745
294; 188; 33788
295; 188; 33801
296; 188; 33763
297; 188; 33741
298; 188; 33772
299; 188; 33800
300; 188; 33783
301; 188; 33780
302; 188; 33808
303; 188; 33793
304; 188; 33751
305; 188; 33772
306; 188; 33816
307; 188; 33779
308; 188; 33723
309; 188; 33711
310; 188; 33637
311; 188; 33250
312; 188; 33031
313; 188; 33086
314; 188; 33249
315; 188; 33336
316; 188; 33356
317; 188; 33397
318; 188; 33421
319; 188; 33410
320; 188; 33446
321; 188; 33507
322; 188; 33455
323; 188; 33286
324; 188; 33141
325; 188; 33056
326; 188; 32985
327; 188; 32957
328; 188; 32983
329; 188; 32992
330; 188; 32969
331; 188; 32969
332; 188; 32981
333; 188; 32995
334; 188; 32987
335; 188; 32978
336; 188; 32968
337; 188; 32942
338; 188; 32920
339; 188; 32922
340; 188; 32972
341; 188; 33111
342; 188; 33232
343; 188; 33231
344; 188; 33117
345; 188; 33034
346; 188; 33068
347; 188; 33103
348; 188; 33040
349; 188; 32988
350; 188; 33016
351; 188; 33038
352; 188; 33042
353; 188; 33070
354; 188; 33044
355; 188; 32990
356; 188; 33016
292; 189; 33757
293; 189; 33746
294; 189; 33771
295; 189; 33773
296; 189; 33725
297; 189; 33706
298; 189; 33765
299; 189; 33831
300; 189; 33823
301; 189; 33788
302; 189; 33776
303; 189; 33756
304; 189; 33728
305; 189; 33754
306; 189; 33812
307; 189; 33820
308; 189; 33791
309; 189; 33750
310; 189; 33589
311; 189; 33186
312; 189; 33030
313; 189; 33104
314; 189; 33270
315; 189; 33335
316; 189; 33361
317; 189; 33420
318; 189; 33419
319; 189; 33351
320; 189; 33380
321; 189; 33489
322; 189; 33469
323; 189; 33301
324; 189; 33150
325; 189; 33056
326; 189; 32979
327; 189; 32952
328; 189; 32969
329; 189; 32968
330; 189; 32933
331; 189; 32912
332; 189; 32940
333; 189; 32977
334; 189; 32978
335; 189; 32976
336; 189; 32976
337; 189; 32951
338; 189; 32913
339; 189; 32898
340; 189; 32982
341; 189; 33166
342; 189; 33234
343; 189; 33154
344; 189; 33035
345; 189; 32993
346; 189; 33031
347; 189; 33049
348; 189; 33016
349; 189; 32989
350; 189; 33027
351; 189; 33066
352; 189; 33044
353; 189; 33027
354; 189; 33022
355; 189; 33025
356; 189; 33050
292; 190; 33780
293; 190; 33752
294; 190; 33751
295; 190; 33749
296; 190; 33713
297; 190; 33700
298; 190; 33753
299; 190; 33815
300; 190; 33814
301; 190; 33776
302; 190; 33758
303; 190; 33753
304; 190; 33753
305; 190; 33782
306; 190; 33830
307; 190; 33845
308; 190; 33819
309; 190; 33742
310; 190; 33542
311; 190; 33175
312; 190; 33056
313; 190; 33135
314; 190; 33293
315; 190; 33328
316; 190; 33342
317; 190; 33411
318; 190; 33414
319; 190; 33337
320; 190; 33351
321; 190; 33463
322; 190; 33470
323; 190; 33321
324; 190; 33160
325; 190; 33056
326; 190; 32991
327; 190; 32980
328; 190; 32984
329; 190; 32961
330; 190; 32914
331; 190; 32890
332; 190; 32928
333; 190; 32965
334; 190; 32987
335; 190; 32976
336; 190; 32965
337; 190; 32960
338; 190; 32933
339; 190; 32920
340; 190; 33041
341; 190; 33200
342; 190; 33191
343; 190; 33064
344; 190; 32972
345; 190; 32972
346; 190; 33004
347; 190; 33014
348; 190; 33026
349; 190; 33055
350; 190; 33103
351; 190; 33109
352; 190; 33034
353; 190; 32979
354; 190; 32998
355; 190; 33060
356; 190; 33089
292; 191; 33793
293; 191; 33778
294; 191; 33776
295; 191; 33775
296; 191; 33742
297; 191; 33718
298; 191; 33749
299; 191; 33795
300; 191; 33805
301; 191; 33795
302; 191; 33790
303; 191; 33784
304; 191; 33781
305; 191; 33808
306; 191; 33839
307; 191; 33834
308; 191; 33797
309; 191; 33715
310; 191; 33527
311; 191; 33219
312; 191; 33116
313; 191; 33171
314; 191; 33298
315; 191; 33322
316; 191; 33325
317; 191; 33384
318; 191; 33412
319; 191; 33367
320; 191; 33371
321; 191; 33456
322; 191; 33478
323; 191; 33341
324; 191; 33141
325; 191; 33023
326; 191; 33000
327; 191; 33012
328; 191; 32995
329; 191; 32949
330; 191; 32907
331; 191; 32916
332; 191; 32971
333; 191; 33002
334; 191; 32998
335; 191; 32956
336; 191; 32940
337; 191; 32956
338; 191; 32958
339; 191; 33003
340; 191; 33133
341; 191; 33205
342; 191; 33133
343; 191; 33005
344; 191; 32958
345; 191; 32985
346; 191; 33007
347; 191; 33012
348; 191; 33035
349; 191; 33078
350; 191; 33121
351; 191; 33097
352; 191; 33013
353; 191; 32965
354; 191; 32993
355; 191; 33064
356; 191; 33087
292; 192; 33802
293; 192; 33797
294; 192; 33809
295; 192; 33815
296; 192; 33775
297; 192; 33737
298; 192; 33760
299; 192; 33804
300; 192; 33828
301; 192; 33841
302; 192; 33839
303; 192; 33805
304; 192; 33781
305; 192; 33807
306; 192; 33828
307; 192; 33799
308; 192; 33756
309; 192; 33687
310; 192; 33527
311; 192; 33233
312; 192; 33130
313; 192; 33172
314; 192; 33289
315; 192; 33343
316; 192; 33364
317; 192; 33399
318; 192; 33422
319; 192; 33406
320; 192; 33400
321; 192; 33441
322; 192; 33459
323; 192; 33343
324; 192; 33129
325; 192; 33001
326; 192; 33010
327; 192; 33041
328; 192; 33003
329; 192; 32930
330; 192; 32894
331; 192; 32923
332; 192; 32994
333; 192; 33020
334; 192; 32986
335; 192; 32934
336; 192; 32912
337; 192; 32941
338; 192; 32999
339; 192; 33104
340; 192; 33181
341; 192; 33141
342; 192; 33049
343; 192; 32982
344; 192; 32981
345; 192; 33011
346; 192; 32999
347; 192; 32977
348; 192; 32999
349; 192; 33031
350; 192; 33043
351; 192; 33015
352; 192; 32984
353; 192; 32986
354; 192; 33019
355; 192; 33054
356; 192; 33045
292; 193; 33802
293; 193; 33783
294; 193; 33802
295; 193; 33823
296; 193; 33792
297; 193; 33765
298; 193; 33793
299; 193; 33826
300; 193; 33832
301; 193; 33842
302; 193; 33843
303; 193; 33804
304; 193; 33784
305; 193; 33821
306; 193; 33830
307; 193; 33774
308; 193; 33727
309; 193; 33672
310; 193; 33506
311; 193; 33188
312; 193; 33087
313; 193; 33138
314; 193; 33272
315; 193; 33375
316; 193; 33427
317; 193; 33437
318; 193; 33430
319; 193; 33433
320; 193; 33440
321; 193; 33436
322; 193; 33420
323; 193; 33333
324; 193; 33160
325; 193; 33030
326; 193; 33021
327; 193; 33054
328; 193; 33016
329; 193; 32925
330; 193; 32895
331; 193; 32931
332; 193; 32977
333; 193; 32995
334; 193; 32971
335; 193; 32937
336; 193; 32901
337; 193; 32925
338; 193; 33051
339; 193; 33207
340; 193; 33182
341; 193; 33035
342; 193; 32963
343; 193; 32987
344; 193; 33018
345; 193; 33005
346; 193; 32966
347; 193; 32932
348; 193; 32957
349; 193; 33008
350; 193; 33009
351; 193; 32976
352; 193; 32978
353; 193; 33023
354; 193; 33061
355; 193; 33053
356; 193; 33009
292; 194; 33788
293; 194; 33762
294; 194; 33774
295; 194; 33800
296; 194; 33800
297; 194; 33806
298; 194; 33832
299; 194; 33822
300; 194; 33787
301; 194; 33794
302; 194; 33811
303; 194; 33794
304; 194; 33803
305; 194; 33861
306; 194; 33854
307; 194; 33769
308; 194; 33726
309; 194; 33690
310; 194; 33507
311; 194; 33150
312; 194; 33057
313; 194; 33124
314; 194; 33269
315; 194; 33396
316; 194; 33454
317; 194; 33434
318; 194; 33406
319; 194; 33434
320; 194; 33478
321; 194; 33457
322; 194; 33403
323; 194; 33337
324; 194; 33223
325; 194; 33096
326; 194; 33026
327; 194; 33027
328; 194; 33012
329; 194; 32945
330; 194; 32911
331; 194; 32925
332; 194; 32924
333; 194; 32932
334; 194; 32948
335; 194; 32949
336; 194; 32904
337; 194; 32932
338; 194; 33120
339; 194; 33272
340; 194; 33154
341; 194; 32981
342; 194; 32970
343; 194; 33027
344; 194; 33034
345; 194; 32987
346; 194; 32956
347; 194; 32948
348; 194; 32975
349; 194; 33028
350; 194; 33023
351; 194; 32991
352; 194; 33015
353; 194; 33084
354; 194; 33110
355; 194; 33075
356; 194; 33011
292; 195; 33760
293; 195; 33763
294; 195; 33770
295; 195; 33788
296; 195; 33815
297; 195; 33844
298; 195; 33847
299; 195; 33794
300; 195; 33748
301; 195; 33773
302; 195; 33801
303; 195; 33782
304; 195; 33808
305; 195; 33886
306; 195; 33870
307; 195; 33770
308; 195; 33743
309; 195; 33735
310; 195; 33539
311; 195; 33146
312; 195; 33063
313; 195; 33158
314; 195; 33297
315; 195; 33392
316; 195; 33428
317; 195; 33410
318; 195; 33387
319; 195; 33417
320; 195; 33467
321; 195; 33454
322; 195; 33394
323; 195; 33335
324; 195; 33266
325; 195; 33164
326; 195; 33047
327; 195; 32986
328; 195; 32983
329; 195; 32978
330; 195; 32944
331; 195; 32912
332; 195; 32890
333; 195; 32887
334; 195; 32920
335; 195; 32934
336; 195; 32908
337; 195; 32997
338; 195; 33199
339; 195; 33249
340; 195; 33078
341; 195; 32964
342; 195; 33012
343; 195; 33047
344; 195; 33000
345; 195; 32974
346; 195; 32999
347; 195; 33017
348; 195; 33041
349; 195; 33041
350; 195; 33007
351; 195; 32994
352; 195; 33044
353; 195; 33118
354; 195; 33138
355; 195; 33084
356; 195; 33036
292; 196; 33734
293; 196; 33774
294; 196; 33790
295; 196; 33807
296; 196; 33845
297; 196; 33875
298; 196; 33849
299; 196; 33780
300; 196; 33760
301; 196; 33812
302; 196; 33829
303; 196; 33781
304; 196; 33799
305; 196; 33890
306; 196; 33880
307; 196; 33777
308; 196; 33758
309; 196; 33767
310; 196; 33565
311; 196; 33152
312; 196; 33081
313; 196; 33206
314; 196; 33331
315; 196; 33362
316; 196; 33380
317; 196; 33410
318; 196; 33418
319; 196; 33414
320; 196; 33414
321; 196; 33405
322; 196; 33377
323; 196; 33329
324; 196; 33277
325; 196; 33205
326; 196; 33092
327; 196; 33001
328; 196; 32978
329; 196; 32988
330; 196; 32983
331; 196; 32950
332; 196; 32923
333; 196; 32915
334; 196; 32910
335; 196; 32906
336; 196; 32955
337; 196; 33141
338; 196; 33285
339; 196; 33163
340; 196; 32971
341; 196; 32945
342; 196; 33008
343; 196; 33006
344; 196; 32959
345; 196; 32983
346; 196; 33053
347; 196; 33068
348; 196; 33061
349; 196; 33011
350; 196; 32971
351; 196; 33018
352; 196; 33084
353; 196; 33110
354; 196; 33112
355; 196; 33098
356; 196; 33113
292; 197; 33735
293; 197; 33767
294; 197; 33795
295; 197; 33828
296; 197; 33869
297; 197; 33880
298; 197; 33839
299; 197; 33790
300; 197; 33803
301; 197; 33865
302; 197; 33870
303; 197; 33807
304; 197; 33812
305; 197; 33900
306; 197; 33897
307; 197; 33793
308; 197; 33768
309; 197; 33778
310; 197; 33579
311; 197; 33168
312; 197; 33106
313; 197; 33246
314; 197; 33354
315; 197; 33325
316; 197; 33333
317; 197; 33422
318; 197; 33455
319; 197; 33405
320; 197; 33365
321; 197; 33379
322; 197; 33405
323; 197; 33380
324; 197; 33315
325; 197; 33240
326; 197; 33155
327; 197; 33081
328; 197; 33041
329; 197; 33023
330; 197; 33011
331; 197; 32991
332; 197; 32985
333; 197; 32966
334; 197; 32914
335; 197; 32932
336; 197; 33084
337; 197; 33360
338; 197; 33347
339; 197; 33063
340; 197; 32920
341; 197; 32964
342; 197; 32988
343; 197; 32938
344; 197; 32930
345; 197; 32991
346; 197; 33060
347; 197; 33056
348; 197; 33011
349; 197; 32958
350; 197; 32974
351; 197; 33086
352; 197; 33150
353; 197; 33130
354; 197; 33117
355; 197; 33160
356; 197; 33229
292; 198; 33761
293; 198; 33742
294; 198; 33757
295; 198; 33798
296; 198; 33826
297; 198; 33814
298; 198; 33790
299; 198; 33792
300; 198; 33834
301; 198; 33890
302; 198; 33901
303; 198; 33854
304; 198; 33844
305; 198; 33901
306; 198; 33894
307; 198; 33800
308; 198; 33777
309; 198; 33793
310; 198; 33605
311; 198; 33199
312; 198; 33142
313; 198; 33284
314; 198; 33385
315; 198; 33330
316; 198; 33336
317; 198; 33435
318; 198; 33448
319; 198; 33373
320; 198; 33351
321; 198; 33413
322; 198; 33483
323; 198; 33478
324; 198; 33398
325; 198; 33300
326; 198; 33224
327; 198; 33178
328; 198; 33146
329; 198; 33100
330; 198; 33033
331; 198; 33002
332; 198; 33005
333; 198; 32953
334; 198; 32898
335; 198; 33003
336; 198; 33303
337; 198; 33552
338; 198; 33296
339; 198; 32942
340; 198; 32932
341; 198; 33048
342; 198; 33033
343; 198; 32936
344; 198; 32925
345; 198; 32990
346; 198; 33044
347; 198; 33033
348; 198; 32978
349; 198; 32937
350; 198; 33002
351; 198; 33144
352; 198; 33198
353; 198; 33174
354; 198; 33173
355; 198; 33234
356; 198; 33326
292; 199; 33773
293; 199; 33708
294; 199; 33699
295; 199; 33737
296; 199; 33749
297; 199; 33722
298; 199; 33726
299; 199; 33781
300; 199; 33836
301; 199; 33881
302; 199; 33911
303; 199; 33891
304; 199; 33855
305; 199; 33869
306; 199; 33860
307; 199; 33794
308; 199; 33791
309; 199; 33815
310; 199; 33618
311; 199; 33202
312; 199; 33148
313; 199; 33301
314; 199; 33414
315; 199; 33369
316; 199; 33379
317; 199; 33452
318; 199; 33423
319; 199; 33353
320; 199; 33379
321; 199; 33463
322; 199; 33510
323; 199; 33503
324; 199; 33458
325; 199; 33378
326; 199; 33293
327; 199; 33247
328; 199; 33234
329; 199; 33182
330; 199; 33074
331; 199; 33009
332; 199; 32971
333; 199; 32914
334; 199; 32961
335; 199; 33239
336; 199; 33657
337; 199; 33614
338; 199; 33138
339; 199; 32874
340; 199; 32988
341; 199; 33103
342; 199; 33062
343; 199; 32985
344; 199; 32973
345; 199; 32991
346; 199; 33033
347; 199; 33068
348; 199; 33035
349; 199; 32970
350; 199; 33009
351; 199; 33124
352; 199; 33186
353; 199; 33185
354; 199; 33189
355; 199; 33221
356; 199; 33283
292; 200; 33747
293; 200; 33666
294; 200; 33656
295; 200; 33717
296; 200; 33736
297; 200; 33699
298; 200; 33710
299; 200; 33780
300; 200; 33826
301; 200; 33851
302; 200; 33889
303; 200; 33887
304; 200; 33839
305; 200; 33828
306; 200; 33829
307; 200; 33795
308; 200; 33812
309; 200; 33828
310; 200; 33603
311; 200; 33167
312; 200; 33126
313; 200; 33292
314; 200; 33400
315; 200; 33368
316; 200; 33405
317; 200; 33466
318; 200; 33420
319; 200; 33385
320; 200; 33450
321; 200; 33492
322; 200; 33442
323; 200; 33403
324; 200; 33422
325; 200; 33409
326; 200; 33328
327; 200; 33270
328; 200; 33282
329; 200; 33271
330; 200; 33159
331; 200; 33057
332; 200; 33023
333; 200; 33047
334; 200; 33269
335; 200; 33670
336; 200; 33885
337; 200; 33514
338; 200; 32985
339; 200; 32899
340; 200; 33020
341; 200; 33073
342; 200; 33017
343; 200; 33006
344; 200; 33024
345; 200; 33015
346; 200; 33044
347; 200; 33107
348; 200; 33099
349; 200; 33028
350; 200; 33012
351; 200; 33069
352; 200; 33114
353; 200; 33128
354; 200; 33139
355; 200; 33103
356; 200; 33078
292; 201; 33719
293; 201; 33639
294; 201; 33640
295; 201; 33734
296; 201; 33777
297; 201; 33737
298; 201; 33733
299; 201; 33786
300; 201; 33810
301; 201; 33811
302; 201; 33838
303; 201; 33845
304; 201; 33815
305; 201; 33816
306; 201; 33822
307; 201; 33796
308; 201; 33821
309; 201; 33830
310; 201; 33585
311; 201; 33138
312; 201; 33105
313; 201; 33267
314; 201; 33342
315; 201; 33316
316; 201; 33382
317; 201; 33452
318; 201; 33421
319; 201; 33428
320; 201; 33519
321; 201; 33524
322; 201; 33400
323; 201; 33310
324; 201; 33334
325; 201; 33363
326; 201; 33317
327; 201; 33274
328; 201; 33298
329; 201; 33317
330; 201; 33263
331; 201; 33221
332; 201; 33275
333; 201; 33398
334; 201; 33633
335; 201; 33899
336; 201; 33829
337; 201; 33314
338; 201; 32906
339; 201; 32950
340; 201; 33034
341; 201; 33004
342; 201; 32970
343; 201; 33016
344; 201; 33027
345; 201; 33008
346; 201; 33028
347; 201; 33073
348; 201; 33088
349; 201; 33063
350; 201; 33052
351; 201; 33066
352; 201; 33087
353; 201; 33102
354; 201; 33101
355; 201; 33016
356; 201; 32909
292; 202; 33703
293; 202; 33633
294; 202; 33642
295; 202; 33740
296; 202; 33779
297; 202; 33733
298; 202; 33726
299; 202; 33775
300; 202; 33788
301; 202; 33773
302; 202; 33786
303; 202; 33789
304; 202; 33780
305; 202; 33810
306; 202; 33823
307; 202; 33788
308; 202; 33813
309; 202; 33839
310; 202; 33607
311; 202; 33149
312; 202; 33097
313; 202; 33234
314; 202; 33297
315; 202; 33282
316; 202; 33362
317; 202; 33435
318; 202; 33408
319; 202; 33425
320; 202; 33529
321; 202; 33549
322; 202; 33434
323; 202; 33319
324; 202; 33291
325; 202; 33307
326; 202; 33302
327; 202; 33294
328; 202; 33299
329; 202; 33294
330; 202; 33322
331; 202; 33433
332; 202; 33565
333; 202; 33646
334; 202; 33749
335; 202; 33824
336; 202; 33596
337; 202; 33137
338; 202; 32914
339; 202; 33002
340; 202; 33040
341; 202; 32979
342; 202; 32987
343; 202; 33040
344; 202; 33018
345; 202; 32991
346; 202; 33015
347; 202; 33059
348; 202; 33095
349; 202; 33107
350; 202; 33137
351; 202; 33160
352; 202; 33178
353; 202; 33192
354; 202; 33176
355; 202; 33086
356; 202; 32962
292; 203; 33680
293; 203; 33635
294; 203; 33655
295; 203; 33723
296; 203; 33723
297; 203; 33670
298; 203; 33682
299; 203; 33743
300; 203; 33757
301; 203; 33748
302; 203; 33758
303; 203; 33746
304; 203; 33733
305; 203; 33781
306; 203; 33811
307; 203; 33782
308; 203; 33818
309; 203; 33868
310; 203; 33658
311; 203; 33195
312; 203; 33116
313; 203; 33240
314; 203; 33319
315; 203; 33325
316; 203; 33399
317; 203; 33452
318; 203; 33410
319; 203; 33406
320; 203; 33487
321; 203; 33519
322; 203; 33452
323; 203; 33362
324; 203; 33299
325; 203; 33277
326; 203; 33297
327; 203; 33311
328; 203; 33267
329; 203; 33238
330; 203; 33376
331; 203; 33620
332; 203; 33708
333; 203; 33627
334; 203; 33624
335; 203; 33653
336; 203; 33422
337; 203; 33068
338; 203; 32975
339; 203; 33056
340; 203; 33047
341; 203; 32979
342; 203; 32978
343; 203; 33015
344; 203; 33008
345; 203; 33018
346; 203; 33075
347; 203; 33157
348; 203; 33224
349; 203; 33251
350; 203; 33298
351; 203; 33368
352; 203; 33409
353; 203; 33397
354; 203; 33359
355; 203; 33290
356; 203; 33179
292; 204; 33664
293; 204; 33646
294; 204; 33671
295; 204; 33706
296; 204; 33678
297; 204; 33626
298; 204; 33652
299; 204; 33718
300; 204; 33736
301; 204; 33742
302; 204; 33759
303; 204; 33735
304; 204; 33712
305; 204; 33763
306; 204; 33807
307; 204; 33789
308; 204; 33826
309; 204; 33882
310; 204; 33693
311; 204; 33254
312; 204; 33170
313; 204; 33285
314; 204; 33381
315; 204; 33395
316; 204; 33441
317; 204; 33472
318; 204; 33437
319; 204; 33421
320; 204; 33456
321; 204; 33452
322; 204; 33398
323; 204; 33352
324; 204; 33304
325; 204; 33257
326; 204; 33268
327; 204; 33290
328; 204; 33217
329; 204; 33217
330; 204; 33477
331; 204; 33750
332; 204; 33693
333; 204; 33480
334; 204; 33483
335; 204; 33551
336; 204; 33356
337; 204; 33080
338; 204; 33045
339; 204; 33101
340; 204; 33047
341; 204; 32970
342; 204; 32972
343; 204; 33003
344; 204; 33045
345; 204; 33128
346; 204; 33214
347; 204; 33305
348; 204; 33394
349; 204; 33447
350; 204; 33508
351; 204; 33603
352; 204; 33636
353; 204; 33585
354; 204; 33564
355; 204; 33578
356; 204; 33517
292; 205; 33674
293; 205; 33671
294; 205; 33680
295; 205; 33687
296; 205; 33660
297; 205; 33628
298; 205; 33650
299; 205; 33699
300; 205; 33721
301; 205; 33743
302; 205; 33770
303; 205; 33756
304; 205; 33748
305; 205; 33804
306; 205; 33832
307; 205; 33787
308; 205; 33797
309; 205; 33833
310; 205; 33697
311; 205; 33297
312; 205; 33209
313; 205; 33309
314; 205; 33404
315; 205; 33402
316; 205; 33423
317; 205; 33462
318; 205; 33462
319; 205; 33464
320; 205; 33464
321; 205; 33405
322; 205; 33339
323; 205; 33329
324; 205; 33301
325; 205; 33236
326; 205; 33220
327; 205; 33222
328; 205; 33175
329; 205; 33265
330; 205; 33568
331; 205; 33735
332; 205; 33551
333; 205; 33359
334; 205; 33425
335; 205; 33472
336; 205; 33284
337; 205; 33113
338; 205; 33134
339; 205; 33141
340; 205; 33032
341; 205; 32952
342; 205; 32969
343; 205; 33045
344; 205; 33175
345; 205; 33308
346; 205; 33368
347; 205; 33424
348; 205; 33511
349; 205; 33601
350; 205; 33705
351; 205; 33788
352; 205; 33736
353; 205; 33625
354; 205; 33659
355; 205; 33761
356; 205; 33711
292; 206; 33688
293; 206; 33700
294; 206; 33682
295; 206; 33665
296; 206; 33654
297; 206; 33643
298; 206; 33647
299; 206; 33674
300; 206; 33705
301; 206; 33742
302; 206; 33770
303; 206; 33776
304; 206; 33810
305; 206; 33882
306; 206; 33877
307; 206; 33778
308; 206; 33758
309; 206; 33802
310; 206; 33691
311; 206; 33297
312; 206; 33187
313; 206; 33267
314; 206; 33359
315; 206; 33363
316; 206; 33393
317; 206; 33448
318; 206; 33466
319; 206; 33475
320; 206; 33462
321; 206; 33388
322; 206; 33334
323; 206; 33345
324; 206; 33321
325; 206; 33243
326; 206; 33193
327; 206; 33165
328; 206; 33163
329; 206; 33325
330; 206; 33563
331; 206; 33558
332; 206; 33342
333; 206; 33284
334; 206; 33383
335; 206; 33329
336; 206; 33146
337; 206; 33125
338; 206; 33203
339; 206; 33136
340; 206; 32987
341; 206; 32960
342; 206; 33049
343; 206; 33181
344; 206; 33352
345; 206; 33481
346; 206; 33509
347; 206; 33534
348; 206; 33602
349; 206; 33698
350; 206; 33825
351; 206; 33888
352; 206; 33765
353; 206; 33601
354; 206; 33640
355; 206; 33774
356; 206; 33731
292; 207; 33687
293; 207; 33714
294; 207; 33684
295; 207; 33657
296; 207; 33656
297; 207; 33650
298; 207; 33641
299; 207; 33659
300; 207; 33704
301; 207; 33745
302; 207; 33759
303; 207; 33764
304; 207; 33826
305; 207; 33922
306; 207; 33908
307; 207; 33794
308; 207; 33778
309; 207; 33829
310; 207; 33706
311; 207; 33276
312; 207; 33141
313; 207; 33214
314; 207; 33318
315; 207; 33348
316; 207; 33398
317; 207; 33461
318; 207; 33468
319; 207; 33451
320; 207; 33435
321; 207; 33397
322; 207; 33376
323; 207; 33381
324; 207; 33335
325; 207; 33250
326; 207; 33197
327; 207; 33172
328; 207; 33210
329; 207; 33380
330; 207; 33502
331; 207; 33358
332; 207; 33172
333; 207; 33220
334; 207; 33298
335; 207; 33165
336; 207; 33033
337; 207; 33116
338; 207; 33178
339; 207; 33053
340; 207; 32958
341; 207; 33046
342; 207; 33207
343; 207; 33339
344; 207; 33459
345; 207; 33540
346; 207; 33584
347; 207; 33642
348; 207; 33704
349; 207; 33762
350; 207; 33854
351; 207; 33909
352; 207; 33805
353; 207; 33645
354; 207; 33632
355; 207; 33719
356; 207; 33705
292; 208; 33689
293; 208; 33717
294; 208; 33689
295; 208; 33665
296; 208; 33669
297; 208; 33666
298; 208; 33651
299; 208; 33664
300; 208; 33711
301; 208; 33750
302; 208; 33746
303; 208; 33731
304; 208; 33784
305; 208; 33887
306; 208; 33901
307; 208; 33830
308; 208; 33843
309; 208; 33906
310; 208; 33728
311; 208; 33263
312; 208; 33126
313; 208; 33218
314; 208; 33334
315; 208; 33362
316; 208; 33411
317; 208; 33477
318; 208; 33471
319; 208; 33430
320; 208; 33431
321; 208; 33451
322; 208; 33448
323; 208; 33402
324; 208; 33312
325; 208; 33226
326; 208; 33195
327; 208; 33201
328; 208; 33267
329; 208; 33409
330; 208; 33428
331; 208; 33230
332; 208; 33087
333; 208; 33153
334; 208; 33199
335; 208; 33089
336; 208; 33036
337; 208; 33103
338; 208; 33083
339; 208; 33002
340; 208; 33058
341; 208; 33227
342; 208; 33388
343; 208; 33459
344; 208; 33491
345; 208; 33520
346; 208; 33583
347; 208; 33677
348; 208; 33744
349; 208; 33768
350; 208; 33805
351; 208; 33860
352; 208; 33842
353; 208; 33754
354; 208; 33689
355; 208; 33683
356; 208; 33675
292; 209; 33698
293; 209; 33713
294; 209; 33696
295; 209; 33689
296; 209; 33706
297; 209; 33710
298; 209; 33692
299; 209; 33686
300; 209; 33714
301; 209; 33745
302; 209; 33740
303; 209; 33715
304; 209; 33744
305; 209; 33839
306; 209; 33888
307; 209; 33860
308; 209; 33878
309; 209; 33914
310; 209; 33712
311; 209; 33241
312; 209; 33123
313; 209; 33248
314; 209; 33367
315; 209; 33370
316; 209; 33407
317; 209; 33473
318; 209; 33453
319; 209; 33408
320; 209; 33461
321; 209; 33542
322; 209; 33518
323; 209; 33398
324; 209; 33277
325; 209; 33217
326; 209; 33220
327; 209; 33250
328; 209; 33305
329; 209; 33359
330; 209; 33290
331; 209; 33117
332; 209; 33041
333; 209; 33099
334; 209; 33131
335; 209; 33101
336; 209; 33108
337; 209; 33112
338; 209; 33048
339; 209; 33047
340; 209; 33211
341; 209; 33434
342; 209; 33539
343; 209; 33531
344; 209; 33527
345; 209; 33553
346; 209; 33581
347; 209; 33622
348; 209; 33679
349; 209; 33722
350; 209; 33731
351; 209; 33758
352; 209; 33812
353; 209; 33821
354; 209; 33754
355; 209; 33674
356; 209; 33631
292; 210; 33703
293; 210; 33709
294; 210; 33711
295; 210; 33727
296; 210; 33761
297; 210; 33775
298; 210; 33757
299; 210; 33733
300; 210; 33725
301; 210; 33730
302; 210; 33736
303; 210; 33732
304; 210; 33755
305; 210; 33835
306; 210; 33893
307; 210; 33872
308; 210; 33862
309; 210; 33867
310; 210; 33677
311; 210; 33215
312; 210; 33101
313; 210; 33243
314; 210; 33372
315; 210; 33373
316; 210; 33403
317; 210; 33453
318; 210; 33400
319; 210; 33356
320; 210; 33476
321; 210; 33601
322; 210; 33544
323; 210; 33379
324; 210; 33265
325; 210; 33241
326; 210; 33268
327; 210; 33305
328; 210; 33308
329; 210; 33236
330; 210; 33101
331; 210; 33003
332; 210; 33022
333; 210; 33089
334; 210; 33120
335; 210; 33147
336; 210; 33200
337; 210; 33207
338; 210; 33153
339; 210; 33189
340; 210; 33387
341; 210; 33579
342; 210; 33619
343; 210; 33584
344; 210; 33605
345; 210; 33650
346; 210; 33626
347; 210; 33577
348; 210; 33602
349; 210; 33668
350; 210; 33673
351; 210; 33658
352; 210; 33725
353; 210; 33796
354; 210; 33758
355; 210; 33672
356; 210; 33625
292; 211; 33703
293; 211; 33709
294; 211; 33730
295; 211; 33764
296; 211; 33800
297; 211; 33812
298; 211; 33804
299; 211; 33789
300; 211; 33755
301; 211; 33724
302; 211; 33734
303; 211; 33759
304; 211; 33784
305; 211; 33845
306; 211; 33893
307; 211; 33857
308; 211; 33828
309; 211; 33844
310; 211; 33692
311; 211; 33222
312; 211; 33068
313; 211; 33209
314; 211; 33370
315; 211; 33386
316; 211; 33414
317; 211; 33454
318; 211; 33374
319; 211; 33319
320; 211; 33455
321; 211; 33582
322; 211; 33510
323; 211; 33358
324; 211; 33273
325; 211; 33247
326; 211; 33266
327; 211; 33309
328; 211; 33274
329; 211; 33123
330; 211; 32975
331; 211; 32960
332; 211; 33039
333; 211; 33124
334; 211; 33151
335; 211; 33184
336; 211; 33261
337; 211; 33326
338; 211; 33346
339; 211; 33409
340; 211; 33545
341; 211; 33642
342; 211; 33643
343; 211; 33621
344; 211; 33655
345; 211; 33704
346; 211; 33674
347; 211; 33605
348; 211; 33609
349; 211; 33663
350; 211; 33654
351; 211; 33603
352; 211; 33641
353; 211; 33727
354; 211; 33738
355; 211; 33692
356; 211; 33661
292; 212; 33704
293; 212; 33702
294; 212; 33740
295; 212; 33784
296; 212; 33805
297; 212; 33794
298; 212; 33793
299; 212; 33808
300; 212; 33784
301; 212; 33735
302; 212; 33735
303; 212; 33766
304; 212; 33789
305; 212; 33838
306; 212; 33874
307; 212; 33830
308; 212; 33811
309; 212; 33852
310; 212; 33741
311; 212; 33248
312; 212; 33050
313; 212; 33189
314; 212; 33381
315; 212; 33397
316; 212; 33416
317; 212; 33485
318; 212; 33439
319; 212; 33365
320; 212; 33429
321; 212; 33502
322; 212; 33446
323; 212; 33354
324; 212; 33284
325; 212; 33211
326; 212; 33192
327; 212; 33236
328; 212; 33206
329; 212; 33068
330; 212; 32963
331; 212; 32985
332; 212; 33084
333; 212; 33176
334; 212; 33217
335; 212; 33256
336; 212; 33323
337; 212; 33412
338; 212; 33495
339; 212; 33563
340; 212; 33623
341; 212; 33660
342; 212; 33659
343; 212; 33637
344; 212; 33628
345; 212; 33648
346; 212; 33669
347; 212; 33668
348; 212; 33685
349; 212; 33712
350; 212; 33674
351; 212; 33592
352; 212; 33585
353; 212; 33663
354; 212; 33727
355; 212; 33734
356; 212; 33704
292; 213; 33712
293; 213; 33698
294; 213; 33736
295; 213; 33790
296; 213; 33799
297; 213; 33759
298; 213; 33752
299; 213; 33794
300; 213; 33801
301; 213; 33763
302; 213; 33757
303; 213; 33777
304; 213; 33793
305; 213; 33837
306; 213; 33865
307; 213; 33815
308; 213; 33804
309; 213; 33860
310; 213; 33747
311; 213; 33239
312; 213; 33038
313; 213; 33188
314; 213; 33388
315; 213; 33377
316; 213; 33384
317; 213; 33516
318; 213; 33553
319; 213; 33470
320; 213; 33427
321; 213; 33432
322; 213; 33410
323; 213; 33375
324; 213; 33310
325; 213; 33196
326; 213; 33130
327; 213; 33137
328; 213; 33100
329; 213; 33016
330; 213; 32991
331; 213; 33037
332; 213; 33113
333; 213; 33204
334; 213; 33303
335; 213; 33378
336; 213; 33420
337; 213; 33482
338; 213; 33571
339; 213; 33638
340; 213; 33663
341; 213; 33671
342; 213; 33668
343; 213; 33626
344; 213; 33575
345; 213; 33575
346; 213; 33627
347; 213; 33675
348; 213; 33720
349; 213; 33761
350; 213; 33725
351; 213; 33623
352; 213; 33568
353; 213; 33607
354; 213; 33663
355; 213; 33672
356; 213; 33631
292; 214; 33737
293; 214; 33711
294; 214; 33733
295; 214; 33793
296; 214; 33809
297; 214; 33764
298; 214; 33750
299; 214; 33797
300; 214; 33816
301; 214; 33786
302; 214; 33781
303; 214; 33803
304; 214; 33822
305; 214; 33860
306; 214; 33871
307; 214; 33806
308; 214; 33785
309; 214; 33830
310; 214; 33708
311; 214; 33215
312; 214; 33031
313; 214; 33180
314; 214; 33375
315; 214; 33353
316; 214; 33348
317; 214; 33502
318; 214; 33586
319; 214; 33512
320; 214; 33444
321; 214; 33456
322; 214; 33468
323; 214; 33432
324; 214; 33343
325; 214; 33231
326; 214; 33157
327; 214; 33096
328; 214; 33006
329; 214; 32955
330; 214; 33000
331; 214; 33082
332; 214; 33125
333; 214; 33198
334; 214; 33338
335; 214; 33459
336; 214; 33508
337; 214; 33546
338; 214; 33620
339; 214; 33679
340; 214; 33695
341; 214; 33687
342; 214; 33665
343; 214; 33620
344; 214; 33581
345; 214; 33572
346; 214; 33571
347; 214; 33573
348; 214; 33639
349; 214; 33739
350; 214; 33740
351; 214; 33646
352; 214; 33560
353; 214; 33510
354; 214; 33484
355; 214; 33466
356; 214; 33438
292; 215; 33781
293; 215; 33744
294; 215; 33743
295; 215; 33794
296; 215; 33826
297; 215; 33805
298; 215; 33797
299; 215; 33821
300; 215; 33807
301; 215; 33762
302; 215; 33771
303; 215; 33823
304; 215; 33859
305; 215; 33882
306; 215; 33874
307; 215; 33805
308; 215; 33772
309; 215; 33803
310; 215; 33708
311; 215; 33257
312; 215; 33027
313; 215; 33154
314; 215; 33346
315; 215; 33362
316; 215; 33348
317; 215; 33452
318; 215; 33515
319; 215; 33465
320; 215; 33462
321; 215; 33551
322; 215; 33584
323; 215; 33485
324; 215; 33342
325; 215; 33267
326; 215; 33235
327; 215; 33126
328; 215; 32961
329; 215; 32932
330; 215; 32999
331; 215; 33096
332; 215; 33134
333; 215; 33185
334; 215; 33323
335; 215; 33467
336; 215; 33542
337; 215; 33579
338; 215; 33657
339; 215; 33728
340; 215; 33736
341; 215; 33698
342; 215; 33661
343; 215; 33648
344; 215; 33649
345; 215; 33612
346; 215; 33499
347; 215; 33407
348; 215; 33475
349; 215; 33607
350; 215; 33627
351; 215; 33561
352; 215; 33497
353; 215; 33388
354; 215; 33271
355; 215; 33260
356; 215; 33301
292; 216; 33821
293; 216; 33783
294; 216; 33766
295; 216; 33793
296; 216; 33826
297; 216; 33827
298; 216; 33826
299; 216; 33826
300; 216; 33776
301; 216; 33718
302; 216; 33747
303; 216; 33827
304; 216; 33869
305; 216; 33886
306; 216; 33890
307; 216; 33840
308; 216; 33794
309; 216; 33809
310; 216; 33755
311; 216; 33353
312; 216; 33076
313; 216; 33126
314; 216; 33331
315; 216; 33400
316; 216; 33378
317; 216; 33421
318; 216; 33456
319; 216; 33431
320; 216; 33475
321; 216; 33601
322; 216; 33622
323; 216; 33453
324; 216; 33277
325; 216; 33263
326; 216; 33291
327; 216; 33202
328; 216; 32949
329; 216; 32889
330; 216; 32964
331; 216; 33083
332; 216; 33152
333; 216; 33211
334; 216; 33348
335; 216; 33490
336; 216; 33552
337; 216; 33585
338; 216; 33681
339; 216; 33782
340; 216; 33778
341; 216; 33710
342; 216; 33677
343; 216; 33698
344; 216; 33707
345; 216; 33626
346; 216; 33439
347; 216; 33303
348; 216; 33355
349; 216; 33444
350; 216; 33422
351; 216; 33380
352; 216; 33393
353; 216; 33335
354; 216; 33234
355; 216; 33254
356; 216; 33335
292; 217; 33829
293; 217; 33806
294; 217; 33791
295; 217; 33803
296; 217; 33823
297; 217; 33824
298; 217; 33822
299; 217; 33822
300; 217; 33784
301; 217; 33743
302; 217; 33772
303; 217; 33832
304; 217; 33848
305; 217; 33870
306; 217; 33917
307; 217; 33893
308; 217; 33827
309; 217; 33823
310; 217; 33796
311; 217; 33456
312; 217; 33101
313; 217; 33139
314; 217; 33352
315; 217; 33441
316; 217; 33406
317; 217; 33424
318; 217; 33468
319; 217; 33451
320; 217; 33464
321; 217; 33544
322; 217; 33524
323; 217; 33329
324; 217; 33174
325; 217; 33228
326; 217; 33304
327; 217; 33214
328; 217; 32949
329; 217; 32892
330; 217; 32964
331; 217; 33053
332; 217; 33142
333; 217; 33276
334; 217; 33458
335; 217; 33581
336; 217; 33583
337; 217; 33580
338; 217; 33684
339; 217; 33807
340; 217; 33817
341; 217; 33756
342; 217; 33725
343; 217; 33732
344; 217; 33707
345; 217; 33609
346; 217; 33448
347; 217; 33340
348; 217; 33354
349; 217; 33358
350; 217; 33289
351; 217; 33269
352; 217; 33351
353; 217; 33389
354; 217; 33369
355; 217; 33414
356; 217; 33479
292; 218; 33811
293; 218; 33808
294; 218; 33807
295; 218; 33824
296; 218; 33840
297; 218; 33833
298; 218; 33829
299; 218; 33853
300; 218; 33859
301; 218; 33838
302; 218; 33836
303; 218; 33839
304; 218; 33816
305; 218; 33840
306; 218; 33913
307; 218; 33901
308; 218; 33825
309; 218; 33822
310; 218; 33827
311; 218; 33523
312; 218; 33138
313; 218; 33164
314; 218; 33386
315; 218; 33474
316; 218; 33420
317; 218; 33431
318; 218; 33499
319; 218; 33494
320; 218; 33458
321; 218; 33463
322; 218; 33396
323; 218; 33212
324; 218; 33117
325; 218; 33233
326; 218; 33325
327; 218; 33200
328; 218; 32939
329; 218; 32931
330; 218; 33002
331; 218; 33033
332; 218; 33099
333; 218; 33314
334; 218; 33564
335; 218; 33659
336; 218; 33608
337; 218; 33577
338; 218; 33653
339; 218; 33758
340; 218; 33793
341; 218; 33775
342; 218; 33750
343; 218; 33707
344; 218; 33643
345; 218; 33586
346; 218; 33523
347; 218; 33451
348; 218; 33402
349; 218; 33357
350; 218; 33312
351; 218; 33328
352; 218; 33419
353; 218; 33486
354; 218; 33487
355; 218; 33508
356; 218; 33542
292; 219; 33784
293; 219; 33799
294; 219; 33813
295; 219; 33834
296; 219; 33852
297; 219; 33847
298; 219; 33850
299; 219; 33894
300; 219; 33926
301; 219; 33902
302; 219; 33870
303; 219; 33840
304; 219; 33800
305; 219; 33816
306; 219; 33881
307; 219; 33860
308; 219; 33786
309; 219; 33820
310; 219; 33856
311; 219; 33609
312; 219; 33163
313; 219; 33139
314; 219; 33369
315; 219; 33486
316; 219; 33434
317; 219; 33423
318; 219; 33492
319; 219; 33509
320; 219; 33474
321; 219; 33453
322; 219; 33366
323; 219; 33198
324; 219; 33150
325; 219; 33306
326; 219; 33403
327; 219; 33179
328; 219; 32917
329; 219; 32970
330; 219; 33066
331; 219; 33035
332; 219; 33056
333; 219; 33295
334; 219; 33560
335; 219; 33632
336; 219; 33597
337; 219; 33589
338; 219; 33609
339; 219; 33640
340; 219; 33682
341; 219; 33724
342; 219; 33707
343; 219; 33608
344; 219; 33528
345; 219; 33546
346; 219; 33571
347; 219; 33494
348; 219; 33385
349; 219; 33347
350; 219; 33378
351; 219; 33449
352; 219; 33524
353; 219; 33540
354; 219; 33483
355; 219; 33448
356; 219; 33477
292; 220; 33758
293; 220; 33789
294; 220; 33811
295; 220; 33820
296; 220; 33831
297; 220; 33833
298; 220; 33845
299; 220; 33894
300; 220; 33919
301; 220; 33885
302; 220; 33859
303; 220; 33846
304; 220; 33806
305; 220; 33803
306; 220; 33854
307; 220; 33832
308; 220; 33768
309; 220; 33836
310; 220; 33926
311; 220; 33695
312; 220; 33186
313; 220; 33105
314; 220; 33309
315; 220; 33486
316; 220; 33466
317; 220; 33426
318; 220; 33468
319; 220; 33497
320; 220; 33486
321; 220; 33485
322; 220; 33423
323; 220; 33276
324; 220; 33246
325; 220; 33411
326; 220; 33457
327; 220; 33170
328; 220; 32913
329; 220; 32971
330; 220; 33073
331; 220; 33045
332; 220; 33079
333; 220; 33303
334; 220; 33508
335; 220; 33562
336; 220; 33587
337; 220; 33626
338; 220; 33603
339; 220; 33568
340; 220; 33601
341; 220; 33652
342; 220; 33611
343; 220; 33494
344; 220; 33439
345; 220; 33503
346; 220; 33546
347; 220; 33449
348; 220; 33333
349; 220; 33331
350; 220; 33407
351; 220; 33495
352; 220; 33556
353; 220; 33545
354; 220; 33448
355; 220; 33371
356; 220; 33400
292; 221; 33745
293; 221; 33784
294; 221; 33803
295; 221; 33794
296; 221; 33796
297; 221; 33806
298; 221; 33830
299; 221; 33873
300; 221; 33882
301; 221; 33848
302; 221; 33843
303; 221; 33850
304; 221; 33800
305; 221; 33774
306; 221; 33830
307; 221; 33839
308; 221; 33784
309; 221; 33840
310; 221; 33926
311; 221; 33764
312; 221; 33248
313; 221; 33102
314; 221; 33278
315; 221; 33491
316; 221; 33506
317; 221; 33461
318; 221; 33479
319; 221; 33488
320; 221; 33462
321; 221; 33470
322; 221; 33464
323; 221; 33391
324; 221; 33379
325; 221; 33476
326; 221; 33487
327; 221; 33146
328; 221; 32917
329; 221; 32928
330; 221; 33019
331; 221; 33043
332; 221; 33148
333; 221; 33384
334; 221; 33527
335; 221; 33545
336; 221; 33597
337; 221; 33669
338; 221; 33655
339; 221; 33611
340; 221; 33610
341; 221; 33591
342; 221; 33500
343; 221; 33417
344; 221; 33429
345; 221; 33502
346; 221; 33505
347; 221; 33415
348; 221; 33366
349; 221; 33407
350; 221; 33455
351; 221; 33485
352; 221; 33525
353; 221; 33537
354; 221; 33469
355; 221; 33373
356; 221; 33362
292; 222; 33773
293; 222; 33800
294; 222; 33793
295; 222; 33771
296; 222; 33780
297; 222; 33811
298; 222; 33845
299; 222; 33875
300; 222; 33868
301; 222; 33832
302; 222; 33832
303; 222; 33836
304; 222; 33770
305; 222; 33726
306; 222; 33797
307; 222; 33852
308; 222; 33809
309; 222; 33830
310; 222; 33914
311; 222; 33816
312; 222; 33344
313; 222; 33148
314; 222; 33267
315; 222; 33477
316; 222; 33520
317; 222; 33495
318; 222; 33519
319; 222; 33511
320; 222; 33443
321; 222; 33428
322; 222; 33457
323; 222; 33469
324; 222; 33499
325; 222; 33547
326; 222; 33477
327; 222; 33121
328; 222; 32930
329; 222; 32908
330; 222; 32968
331; 222; 33037
332; 222; 33207
333; 222; 33465
334; 222; 33584
335; 222; 33568
336; 222; 33602
337; 222; 33680
338; 222; 33706
339; 222; 33687
340; 222; 33641
341; 222; 33537
342; 222; 33420
343; 222; 33404
344; 222; 33489
345; 222; 33544
346; 222; 33490
347; 222; 33428
348; 222; 33470
349; 222; 33548
350; 222; 33556
351; 222; 33521
352; 222; 33525
353; 222; 33550
354; 222; 33519
355; 222; 33436
356; 222; 33386
292; 223; 33840
293; 223; 33843
294; 223; 33800
295; 223; 33767
296; 223; 33790
297; 223; 33844
298; 223; 33885
299; 223; 33899
300; 223; 33872
301; 223; 33830
302; 223; 33823
303; 223; 33823
304; 223; 33762
305; 223; 33710
306; 223; 33774
307; 223; 33851
308; 223; 33825
309; 223; 33824
310; 223; 33911
311; 223; 33880
312; 223; 33445
313; 223; 33158
314; 223; 33207
315; 223; 33410
316; 223; 33501
317; 223; 33511
318; 223; 33553
319; 223; 33560
320; 223; 33493
321; 223; 33449
322; 223; 33455
323; 223; 33484
324; 223; 33558
325; 223; 33615
326; 223; 33514
327; 223; 33118
328; 223; 32932
329; 223; 32905
330; 223; 32942
331; 223; 33023
332; 223; 33213
333; 223; 33477
334; 223; 33598
335; 223; 33564
336; 223; 33563
337; 223; 33636
338; 223; 33689
339; 223; 33683
340; 223; 33614
341; 223; 33503
342; 223; 33439
343; 223; 33483
344; 223; 33565
345; 223; 33560
346; 223; 33473
347; 223; 33439
348; 223; 33523
349; 223; 33609
350; 223; 33610
351; 223; 33571
352; 223; 33563
353; 223; 33574
354; 223; 33545
355; 223; 33498
356; 223; 33478
292; 224; 33881
293; 224; 33873
294; 224; 33821
295; 224; 33785
296; 224; 33807
297; 224; 33864
298; 224; 33903
299; 224; 33906
300; 224; 33883
301; 224; 33849
302; 224; 33831
303; 224; 33823
304; 224; 33777
305; 224; 33727
306; 224; 33762
307; 224; 33829
308; 224; 33816
309; 224; 33810
310; 224; 33916
311; 224; 33961
312; 224; 33584
313; 224; 33139
314; 224; 33121
315; 224; 33324
316; 224; 33483
317; 224; 33525
318; 224; 33567
319; 224; 33602
320; 224; 33581
321; 224; 33537
322; 224; 33482
323; 224; 33453
324; 224; 33533
325; 224; 33633
326; 224; 33547
327; 224; 33116
328; 224; 32918
329; 224; 32902
330; 224; 32934
331; 224; 33016
332; 224; 33172
333; 224; 33411
334; 224; 33544
335; 224; 33518
336; 224; 33499
337; 224; 33557
338; 224; 33598
339; 224; 33590
340; 224; 33565
341; 224; 33551
342; 224; 33570
343; 224; 33613
344; 224; 33618
345; 224; 33545
346; 224; 33469
347; 224; 33466
348; 224; 33521
349; 224; 33563
350; 224; 33568
351; 224; 33572
352; 224; 33576
353; 224; 33549
354; 224; 33504
355; 224; 33518
356; 224; 33607
292; 225; 33852
293; 225; 33858
294; 225; 33832
295; 225; 33811
296; 225; 33826
297; 225; 33862
298; 225; 33882
299; 225; 33885
300; 225; 33889
301; 225; 33878
302; 225; 33845
303; 225; 33806
304; 225; 33760
305; 225; 33722
306; 225; 33748
307; 225; 33809
308; 225; 33798
309; 225; 33776
310; 225; 33894
311; 225; 33989
312; 225; 33713
313; 225; 33177
314; 225; 33074
315; 225; 33252
316; 225; 33465
317; 225; 33534
318; 225; 33570
319; 225; 33611
320; 225; 33621
321; 225; 33596
322; 225; 33513
323; 225; 33433
324; 225; 33498
325; 225; 33614
326; 225; 33522
327; 225; 33072
328; 225; 32904
329; 225; 32912
330; 225; 32929
331; 225; 33000
332; 225; 33105
333; 225; 33305
334; 225; 33455
335; 225; 33465
336; 225; 33455
337; 225; 33482
338; 225; 33485
339; 225; 33485
340; 225; 33549
341; 225; 33647
342; 225; 33707
343; 225; 33697
344; 225; 33620
345; 225; 33531
346; 225; 33502
347; 225; 33519
348; 225; 33525
349; 225; 33525
350; 225; 33553
351; 225; 33582
352; 225; 33564
353; 225; 33482
354; 225; 33410
355; 225; 33480
356; 225; 33677
292; 226; 33798
293; 226; 33824
294; 226; 33830
295; 226; 33834
296; 226; 33852
297; 226; 33868
298; 226; 33861
299; 226; 33856
300; 226; 33882
301; 226; 33895
302; 226; 33848
303; 226; 33780
304; 226; 33733
305; 226; 33711
306; 226; 33745
307; 226; 33820
308; 226; 33819
309; 226; 33766
310; 226; 33848
311; 226; 33965
312; 226; 33813
313; 226; 33277
314; 226; 33086
315; 226; 33206
316; 226; 33415
317; 226; 33511
318; 226; 33559
319; 226; 33587
320; 226; 33580
321; 226; 33568
322; 226; 33522
323; 226; 33470
324; 226; 33537
325; 226; 33623
326; 226; 33491
327; 226; 33043
328; 226; 32903
329; 226; 32912
330; 226; 32930
331; 226; 32965
332; 226; 33043
333; 226; 33212
334; 226; 33362
335; 226; 33420
336; 226; 33443
337; 226; 33446
338; 226; 33412
339; 226; 33417
340; 226; 33531
341; 226; 33676
342; 226; 33730
343; 226; 33670
344; 226; 33577
345; 226; 33538
346; 226; 33554
347; 226; 33557
348; 226; 33528
349; 226; 33551
350; 226; 33628
351; 226; 33658
352; 226; 33588
353; 226; 33463
354; 226; 33388
355; 226; 33480
356; 226; 33693
292; 227; 33780
293; 227; 33824
294; 227; 33842
295; 227; 33861
296; 227; 33894
297; 227; 33908
298; 227; 33880
299; 227; 33854
300; 227; 33875
301; 227; 33895
302; 227; 33854
303; 227; 33795
304; 227; 33764
305; 227; 33736
306; 227; 33749
307; 227; 33841
308; 227; 33885
309; 227; 33826
310; 227; 33845
311; 227; 33945
312; 227; 33859
313; 227; 33380
314; 227; 33121
315; 227; 33180
316; 227; 33353
317; 227; 33467
318; 227; 33536
319; 227; 33551
320; 227; 33523
321; 227; 33525
322; 227; 33536
323; 227; 33533
324; 227; 33602
325; 227; 33657
326; 227; 33501
327; 227; 33062
328; 227; 32904
329; 227; 32897
330; 227; 32940
331; 227; 32977
332; 227; 33072
333; 227; 33193
334; 227; 33298
335; 227; 33385
336; 227; 33453
337; 227; 33452
338; 227; 33394
339; 227; 33385
340; 227; 33496
341; 227; 33641
342; 227; 33682
343; 227; 33616
344; 227; 33563
345; 227; 33581
346; 227; 33598
347; 227; 33549
348; 227; 33498
349; 227; 33558
350; 227; 33672
351; 227; 33699
352; 227; 33616
353; 227; 33498
354; 227; 33444
355; 227; 33529
356; 227; 33684
292; 228; 33795
293; 228; 33843
294; 228; 33861
295; 228; 33884
296; 228; 33930
297; 228; 33956
298; 228; 33922
299; 228; 33874
300; 228; 33877
301; 228; 33898
302; 228; 33873
303; 228; 33843
304; 228; 33832
305; 228; 33783
306; 228; 33743
307; 228; 33818
308; 228; 33911
309; 228; 33891
310; 228; 33878
311; 228; 33937
312; 228; 33873
313; 228; 33438
314; 228; 33125
315; 228; 33159
316; 228; 33313
317; 228; 33433
318; 228; 33511
319; 228; 33524
320; 228; 33502
321; 228; 33529
322; 228; 33573
323; 228; 33575
324; 228; 33618
325; 228; 33663
326; 228; 33525
327; 228; 33108
328; 228; 32926
329; 228; 32884
330; 228; 32933
331; 228; 33015
332; 228; 33159
333; 228; 33259
334; 228; 33315
335; 228; 33391
336; 228; 33468
337; 228; 33476
338; 228; 33421
339; 228; 33410
340; 228; 33503
341; 228; 33623
342; 228; 33664
343; 228; 33624
344; 228; 33605
345; 228; 33639
346; 228; 33640
347; 228; 33557
348; 228; 33484
349; 228; 33515
350; 228; 33598
351; 228; 33631
352; 228; 33587
353; 228; 33511
354; 228; 33474
355; 228; 33535
356; 228; 33641
292; 229; 33805
293; 229; 33839
294; 229; 33849
295; 229; 33873
296; 229; 33928
297; 229; 33962
298; 229; 33931
299; 229; 33880
300; 229; 33884
301; 229; 33911
302; 229; 33889
303; 229; 33862
304; 229; 33866
305; 229; 33821
306; 229; 33741
307; 229; 33767
308; 229; 33867
309; 229; 33887
310; 229; 33880
311; 229; 33935
312; 229; 33903
313; 229; 33508
314; 229; 33138
315; 229; 33156
316; 229; 33304
317; 229; 33421
318; 229; 33484
319; 229; 33507
320; 229; 33516
321; 229; 33568
322; 229; 33615
323; 229; 33595
324; 229; 33605
325; 229; 33649
326; 229; 33543
327; 229; 33144
328; 229; 32939
329; 229; 32879
330; 229; 32928
331; 229; 33044
332; 229; 33265
333; 229; 33403
334; 229; 33419
335; 229; 33436
336; 229; 33482
337; 229; 33506
338; 229; 33486
339; 229; 33489
340; 229; 33553
341; 229; 33623
342; 229; 33646
343; 229; 33626
344; 229; 33624
345; 229; 33641
346; 229; 33631
347; 229; 33576
348; 229; 33525
349; 229; 33507
350; 229; 33522
351; 229; 33556
352; 229; 33549
353; 229; 33497
354; 229; 33465
355; 229; 33501
356; 229; 33578
292; 230; 33810
293; 230; 33825
294; 230; 33821
295; 230; 33844
296; 230; 33901
297; 230; 33931
298; 230; 33902
299; 230; 33870
300; 230; 33895
301; 230; 33934
302; 230; 33907
303; 230; 33859
304; 230; 33866
305; 230; 33856
306; 230; 33780
307; 230; 33761
308; 230; 33832
309; 230; 33853
310; 230; 33843
311; 230; 33926
312; 230; 33968
313; 230; 33625
314; 230; 33184
315; 230; 33160
316; 230; 33310
317; 230; 33421
318; 230; 33455
319; 230; 33497
320; 230; 33553
321; 230; 33613
322; 230; 33638
323; 230; 33601
324; 230; 33600
325; 230; 33644
326; 230; 33555
327; 230; 33157
328; 230; 32907
329; 230; 32881
330; 230; 32926
331; 230; 33079
332; 230; 33380
333; 230; 33547
334; 230; 33544
335; 230; 33492
336; 230; 33494
337; 230; 33529
338; 230; 33544
339; 230; 33554
340; 230; 33571
341; 230; 33582
342; 230; 33581
343; 230; 33571
344; 230; 33567
345; 230; 33555
346; 230; 33547
347; 230; 33561
348; 230; 33591
349; 230; 33582
350; 230; 33563
351; 230; 33582
352; 230; 33580
353; 230; 33518
354; 230; 33479
355; 230; 33513
356; 230; 33559
292; 231; 33821
293; 231; 33837
294; 231; 33826
295; 231; 33853
296; 231; 33903
297; 231; 33914
298; 231; 33891
299; 231; 33885
300; 231; 33918
301; 231; 33955
302; 231; 33936
303; 231; 33878
304; 231; 33869
305; 231; 33873
306; 231; 33816
307; 231; 33790
308; 231; 33854
309; 231; 33870
310; 231; 33833
311; 231; 33915
312; 231; 33999
313; 231; 33741
314; 231; 33235
315; 231; 33161
316; 231; 33325
317; 231; 33422
318; 231; 33437
319; 231; 33496
320; 231; 33586
321; 231; 33637
322; 231; 33624
323; 231; 33572
324; 231; 33573
325; 231; 33629
326; 231; 33557
327; 231; 33168
328; 231; 32949
329; 231; 32901
330; 231; 32924
331; 231; 33064
332; 231; 33389
333; 231; 33591
334; 231; 33598
335; 231; 33535
336; 231; 33524
337; 231; 33555
338; 231; 33573
339; 231; 33568
340; 231; 33541
341; 231; 33522
342; 231; 33525
343; 231; 33525
344; 231; 33513
345; 231; 33492
346; 231; 33492
347; 231; 33554
348; 231; 33651
349; 231; 33689
350; 231; 33674
351; 231; 33675
352; 231; 33646
353; 231; 33550
354; 231; 33489
355; 231; 33531
356; 231; 33571
292; 232; 33824
293; 232; 33857
294; 232; 33861
295; 232; 33901
296; 232; 33939
297; 232; 33926
298; 232; 33909
299; 232; 33916
300; 232; 33926
301; 232; 33944
302; 232; 33946
303; 232; 33905
304; 232; 33865
305; 232; 33842
306; 232; 33795
307; 232; 33788
308; 232; 33880
309; 232; 33923
310; 232; 33867
311; 232; 33909
312; 232; 34007
313; 232; 33784
314; 232; 33242
315; 232; 33132
316; 232; 33299
317; 232; 33417
318; 232; 33423
319; 232; 33480
320; 232; 33586
321; 232; 33637
322; 232; 33606
323; 232; 33545
324; 232; 33546
325; 232; 33610
326; 232; 33567
327; 232; 33207
328; 232; 32957
329; 232; 32936
330; 232; 32953
331; 232; 33078
332; 232; 33352
333; 232; 33522
334; 232; 33567
335; 232; 33567
336; 232; 33583
337; 232; 33603
338; 232; 33609
339; 232; 33588
340; 232; 33538
341; 232; 33516
342; 232; 33535
343; 232; 33543
344; 232; 33535
345; 232; 33538
346; 232; 33564
347; 232; 33615
348; 232; 33692
349; 232; 33747
350; 232; 33753
351; 232; 33737
352; 232; 33661
353; 232; 33514
354; 232; 33428
355; 232; 33491
356; 232; 33563
292; 233; 33823
293; 233; 33856
294; 233; 33877
295; 233; 33932
296; 233; 33964
297; 233; 33941
298; 233; 33934
299; 233; 33941
300; 233; 33914
301; 233; 33902
302; 233; 33927
303; 233; 33916
304; 233; 33861
305; 233; 33817
306; 233; 33774
307; 233; 33774
308; 233; 33874
309; 233; 33946
310; 233; 33900
311; 233; 33908
312; 233; 33984
313; 233; 33783
314; 233; 33231
315; 233; 33085
316; 233; 33246
317; 233; 33415
318; 233; 33413
319; 233; 33452
320; 233; 33561
321; 233; 33631
322; 233; 33623
323; 233; 33581
324; 233; 33582
325; 233; 33638
326; 233; 33609
327; 233; 33260
328; 233; 32992
329; 233; 32948
330; 233; 32961
331; 233; 33156
332; 233; 33373
333; 233; 33469
334; 233; 33527
335; 233; 33573
336; 233; 33609
337; 233; 33631
338; 233; 33644
339; 233; 33628
340; 233; 33571
341; 233; 33545
342; 233; 33580
343; 233; 33605
344; 233; 33607
345; 233; 33616
346; 233; 33642
347; 233; 33664
348; 233; 33682
349; 233; 33706
350; 233; 33722
351; 233; 33702
352; 233; 33603
353; 233; 33444
354; 233; 33377
355; 233; 33468
356; 233; 33533
292; 234; 33826
293; 234; 33843
294; 234; 33863
295; 234; 33923
296; 234; 33961
297; 234; 33956
298; 234; 33974
299; 234; 33981
300; 234; 33923
301; 234; 33882
302; 234; 33913
303; 234; 33927
304; 234; 33893
305; 234; 33864
306; 234; 33824
307; 234; 33796
308; 234; 33859
309; 234; 33929
310; 234; 33904
311; 234; 33908
312; 234; 33974
313; 234; 33804
314; 234; 33262
315; 234; 33075
316; 234; 33201
317; 234; 33426
318; 234; 33430
319; 234; 33448
320; 234; 33554
321; 234; 33633
322; 234; 33632
323; 234; 33604
324; 234; 33624
325; 234; 33684
326; 234; 33656
327; 234; 33300
328; 234; 33002
329; 234; 32932
330; 234; 32934
331; 234; 33215
332; 234; 33432
333; 234; 33498
334; 234; 33523
335; 234; 33529
336; 234; 33547
337; 234; 33594
338; 234; 33642
339; 234; 33634
340; 234; 33573
341; 234; 33555
342; 234; 33616
343; 234; 33666
344; 234; 33661
345; 234; 33647
346; 234; 33652
347; 234; 33651
348; 234; 33604
349; 234; 33554
350; 234; 33555
351; 234; 33558
352; 234; 33499
353; 234; 33418
354; 234; 33431
355; 234; 33519
356; 234; 33508
292; 235; 33819
293; 235; 33837
294; 235; 33847
295; 235; 33896
296; 235; 33944
297; 235; 33975
298; 235; 34023
299; 235; 34035
300; 235; 33966
301; 235; 33913
302; 235; 33936
303; 235; 33954
304; 235; 33939
305; 235; 33931
306; 235; 33897
307; 235; 33845
308; 235; 33867
309; 235; 33918
310; 235; 33899
311; 235; 33904
312; 235; 33959
313; 235; 33834
314; 235; 33303
315; 235; 33087
316; 235; 33213
317; 235; 33482
318; 235; 33489
319; 235; 33479
320; 235; 33570
321; 235; 33617
322; 235; 33546
323; 235; 33486
324; 235; 33548
325; 235; 33679
326; 235; 33691
327; 235; 33355
328; 235; 32990
329; 235; 32911
330; 235; 32911
331; 235; 33202
332; 235; 33483
333; 235; 33548
334; 235; 33528
335; 235; 33459
336; 235; 33445
337; 235; 33525
338; 235; 33610
339; 235; 33604
340; 235; 33545
341; 235; 33546
342; 235; 33628
343; 235; 33691
344; 235; 33679
345; 235; 33658
346; 235; 33670
347; 235; 33650
348; 235; 33530
349; 235; 33406
350; 235; 33386
351; 235; 33402
352; 235; 33388
353; 235; 33406
354; 235; 33507
355; 235; 33570
356; 235; 33494
292; 236; 33802
293; 236; 33843
294; 236; 33856
295; 236; 33887
296; 236; 33927
297; 236; 33971
298; 236; 34028
299; 236; 34045
300; 236; 33995
301; 236; 33962
302; 236; 33988
303; 236; 33993
304; 236; 33964
305; 236; 33951
306; 236; 33925
307; 236; 33880
308; 236; 33895
309; 236; 33932
310; 236; 33902
311; 236; 33901
312; 236; 33962
313; 236; 33843
314; 236; 33295
315; 236; 33060
316; 236; 33215
317; 236; 33580
318; 236; 33558
319; 236; 33499
320; 236; 33555
321; 236; 33572
322; 236; 33375
323; 236; 33127
324; 236; 33258
325; 236; 33603
326; 236; 33697
327; 236; 33442
328; 236; 33013
329; 236; 32918
330; 236; 32905
331; 236; 33143
332; 236; 33487
333; 236; 33549
334; 236; 33502
335; 236; 33417
336; 236; 33400
337; 236; 33480
338; 236; 33574
339; 236; 33586
340; 236; 33548
341; 236; 33551
342; 236; 33617
343; 236; 33669
344; 236; 33672
345; 236; 33693
346; 236; 33741
347; 236; 33697
348; 236; 33540
349; 236; 33416
350; 236; 33394
351; 236; 33393
352; 236; 33375
353; 236; 33414
354; 236; 33519
355; 236; 33553
356; 236; 33484
292; 237; 33815
293; 237; 33871
294; 237; 33893
295; 237; 33906
296; 237; 33916
297; 237; 33933
298; 237; 33973
299; 237; 33998
300; 237; 33988
301; 237; 33998
302; 237; 34031
303; 237; 34019
304; 237; 33974
305; 237; 33960
306; 237; 33941
307; 237; 33898
308; 237; 33906
309; 237; 33939
310; 237; 33906
311; 237; 33905
312; 237; 33982
313; 237; 33885
314; 237; 33323
315; 237; 33009
316; 237; 33187
317; 237; 33592
318; 237; 33571
319; 237; 33469
320; 237; 33499
321; 237; 33519
322; 237; 33246
323; 237; 32977
324; 237; 32999
325; 237; 33454
326; 237; 33687
327; 237; 33553
328; 237; 33097
329; 237; 32962
330; 237; 32921
331; 237; 33097
332; 237; 33501
333; 237; 33537
334; 237; 33464
335; 237; 33409
336; 237; 33428
337; 237; 33487
338; 237; 33548
339; 237; 33587
340; 237; 33580
341; 237; 33555
342; 237; 33574
343; 237; 33622
344; 237; 33654
345; 237; 33696
346; 237; 33736
347; 237; 33694
348; 237; 33606
349; 237; 33565
350; 237; 33543
351; 237; 33498
352; 237; 33457
353; 237; 33469
354; 237; 33504
355; 237; 33486
356; 237; 33445
