269; 247; 32973
270; 247; 33083
271; 247; 33072
272; 247; 33002
273; 247; 32926
274; 247; 32871
275; 247; 32862
276; 247; 32871
277; 247; 32909
278; 247; 32986
279; 247; 33064
280; 247; 33070
281; 247; 33032
282; 247; 33022
283; 247; 33020
284; 247; 32980
285; 247; 32935
286; 247; 32931
287; 247; 32928
288; 247; 32931
289; 247; 32952
290; 247; 32979
291; 247; 33025
292; 247; 33119
293; 247; 33227
294; 247; 33214
295; 247; 33046
296; 247; 32863
297; 247; 32801
298; 247; 32844
299; 247; 32910
300; 247; 32963
301; 247; 32990
302; 247; 32987
303; 247; 32971
304; 247; 32944
305; 247; 32925
306; 247; 32963
307; 247; 33095
308; 247; 33271
309; 247; 33319
310; 247; 33157
311; 247; 32967
312; 247; 32944
313; 247; 33049
314; 247; 33124
315; 247; 33171
316; 247; 33325
317; 247; 33672
318; 247; 34073
319; 247; 34300
320; 247; 34376
269; 248; 32974
270; 248; 33160
271; 248; 33255
272; 248; 33211
273; 248; 33080
274; 248; 32974
275; 248; 32946
276; 248; 32963
277; 248; 33001
278; 248; 33053
279; 248; 33096
280; 248; 33097
281; 248; 33072
282; 248; 33051
283; 248; 33010
284; 248; 32952
285; 248; 32927
286; 248; 32940
287; 248; 32933
288; 248; 32918
289; 248; 32930
290; 248; 32967
291; 248; 33045
292; 248; 33156
293; 248; 33224
294; 248; 33158
295; 248; 33007
296; 248; 32896
297; 248; 32867
298; 248; 32889
299; 248; 32920
300; 248; 32947
301; 248; 32960
302; 248; 32942
303; 248; 32927
304; 248; 32935
305; 248; 32949
306; 248; 32966
307; 248; 33061
308; 248; 33255
309; 248; 33364
310; 248; 33247
311; 248; 33014
312; 248; 32903
313; 248; 32979
314; 248; 33081
315; 248; 33129
316; 248; 33195
317; 248; 33455
318; 248; 33841
319; 248; 34243
320; 248; 34449
269; 249; 32896
270; 249; 33061
271; 249; 33253
272; 249; 33339
273; 249; 33317
274; 249; 33255
275; 249; 33183
276; 249; 33103
277; 249; 33073
278; 249; 33104
279; 249; 33143
280; 249; 33140
281; 249; 33107
282; 249; 33062
283; 249; 33002
284; 249; 32962
285; 249; 32970
286; 249; 32998
287; 249; 33013
288; 249; 33024
289; 249; 33042
290; 249; 33048
291; 249; 33062
292; 249; 33104
293; 249; 33107
294; 249; 33014
295; 249; 32912
296; 249; 32901
297; 249; 32932
298; 249; 32921
299; 249; 32881
300; 249; 32869
301; 249; 32887
302; 249; 32900
303; 249; 32909
304; 249; 32929
305; 249; 32940
306; 249; 32935
307; 249; 32997
308; 249; 33176
309; 249; 33344
310; 249; 33343
311; 249; 33178
312; 249; 33033
313; 249; 33025
314; 249; 33065
315; 249; 33064
316; 249; 33069
317; 249; 33328
318; 249; 33806
319; 249; 34332
320; 249; 34572
269; 250; 32856
270; 250; 32869
271; 250; 32991
272; 250; 33238
273; 250; 33382
274; 250; 33461
275; 250; 33426
276; 250; 33263
277; 250; 33137
278; 250; 33122
279; 250; 33128
280; 250; 33103
281; 250; 33065
282; 250; 33032
283; 250; 33003
284; 250; 32992
285; 250; 33017
286; 250; 33047
287; 250; 33069
288; 250; 33119
289; 250; 33188
290; 250; 33194
291; 250; 33100
292; 250; 33012
293; 250; 32947
294; 250; 32873
295; 250; 32844
296; 250; 32910
297; 250; 32962
298; 250; 32924
299; 250; 32876
300; 250; 32886
301; 250; 32931
302; 250; 32975
303; 250; 32994
304; 250; 33030
305; 250; 33019
306; 250; 32983
307; 250; 32986
308; 250; 33095
309; 250; 33250
310; 250; 33324
311; 250; 33283
312; 250; 33203
313; 250; 33156
314; 250; 33103
315; 250; 33037
316; 250; 33065
317; 250; 33311
318; 250; 33850
319; 250; 34416
320; 250; 34638
269; 251; 32881
270; 251; 32961
271; 251; 32890
272; 251; 32943
273; 251; 33270
274; 251; 33511
275; 251; 33604
276; 251; 33446
277; 251; 33231
278; 251; 33128
279; 251; 33052
280; 251; 32990
281; 251; 32981
282; 251; 33002
283; 251; 33013
284; 251; 33000
285; 251; 32991
286; 251; 32975
287; 251; 32951
288; 251; 33044
289; 251; 33221
290; 251; 33313
291; 251; 33233
292; 251; 33049
293; 251; 32915
294; 251; 32833
295; 251; 32891
296; 251; 33036
297; 251; 33058
298; 251; 32964
299; 251; 32946
300; 251; 33097
301; 251; 33288
302; 251; 33301
303; 251; 33190
304; 251; 33127
305; 251; 33099
306; 251; 33057
307; 251; 33012
308; 251; 33034
309; 251; 33109
310; 251; 33159
311; 251; 33180
312; 251; 33212
313; 251; 33219
314; 251; 33203
315; 251; 33261
316; 251; 33358
317; 251; 33471
318; 251; 33815
319; 251; 34353
320; 251; 34663
269; 252; 32916
270; 252; 33115
271; 252; 33051
272; 252; 32883
273; 252; 33069
274; 252; 33513
275; 252; 33734
276; 252; 33628
277; 252; 33362
278; 252; 33163
279; 252; 33013
280; 252; 32932
281; 252; 32959
282; 252; 33007
283; 252; 33004
284; 252; 32946
285; 252; 32897
286; 252; 32884
287; 252; 32862
288; 252; 32878
289; 252; 33165
290; 252; 33469
291; 252; 33552
292; 252; 33366
293; 252; 33114
294; 252; 33002
295; 252; 33145
296; 252; 33380
297; 252; 33387
298; 252; 33190
299; 252; 33150
300; 252; 33404
301; 252; 33629
302; 252; 33561
303; 252; 33307
304; 252; 33096
305; 252; 33054
306; 252; 33035
307; 252; 33009
308; 252; 33012
309; 252; 33010
310; 252; 32955
311; 252; 32925
312; 252; 33025
313; 252; 33162
314; 252; 33425
315; 252; 33734
316; 252; 33934
317; 252; 33828
318; 252; 33850
319; 252; 34207
320; 252; 34664
269; 253; 32936
270; 253; 33111
271; 253; 33227
272; 253; 33040
273; 253; 32961
274; 253; 33447
275; 253; 33773
276; 253; 33726
277; 253; 33445
278; 253; 33184
279; 253; 33014
280; 253; 32949
281; 253; 32975
282; 253; 32991
283; 253; 32923
284; 253; 32852
285; 253; 32881
286; 253; 32903
287; 253; 32833
288; 253; 32864
289; 253; 33217
290; 253; 33685
291; 253; 33919
292; 253; 33845
293; 253; 33549
294; 253; 33372
295; 253; 33477
296; 253; 33633
297; 253; 33609
298; 253; 33423
299; 253; 33321
300; 253; 33514
301; 253; 33656
302; 253; 33610
303; 253; 33278
304; 253; 33047
305; 253; 32981
306; 253; 32966
307; 253; 32994
308; 253; 33046
309; 253; 33014
310; 253; 32883
311; 253; 32815
312; 253; 32857
313; 253; 33101
314; 253; 33510
315; 253; 34027
316; 253; 34259
317; 253; 34089
318; 253; 33979
319; 253; 34180
320; 253; 34666
269; 254; 32927
270; 254; 33041
271; 254; 33298
272; 254; 33212
273; 254; 33012
274; 254; 33211
275; 254; 33616
276; 254; 33634
277; 254; 33376
278; 254; 33098
279; 254; 32936
280; 254; 32903
281; 254; 32936
282; 254; 32920
283; 254; 32834
284; 254; 32921
285; 254; 33003
286; 254; 32965
287; 254; 32832
288; 254; 33029
289; 254; 33471
290; 254; 33885
291; 254; 34112
292; 254; 34096
293; 254; 33920
294; 254; 33722
295; 254; 33640
296; 254; 33650
297; 254; 33625
298; 254; 33478
299; 254; 33385
300; 254; 33437
301; 254; 33526
302; 254; 33447
303; 254; 33273
304; 254; 33147
305; 254; 33062
306; 254; 32998
307; 254; 33023
308; 254; 33108
309; 254; 33078
310; 254; 32916
311; 254; 32805
312; 254; 32836
313; 254; 33144
314; 254; 33659
315; 254; 34307
316; 254; 34533
317; 254; 34237
318; 254; 34043
319; 254; 34240
320; 254; 34676
269; 255; 32888
270; 255; 32947
271; 255; 33188
272; 255; 33252
273; 255; 33095
274; 255; 32994
275; 255; 33236
276; 255; 33360
277; 255; 33185
278; 255; 32955
279; 255; 32858
280; 255; 32840
281; 255; 32868
282; 255; 32903
283; 255; 32839
284; 255; 32957
285; 255; 33072
286; 255; 32961
287; 255; 32890
288; 255; 33252
289; 255; 33643
290; 255; 33909
291; 255; 34026
292; 255; 34036
293; 255; 33955
294; 255; 33838
295; 255; 33709
296; 255; 33575
297; 255; 33474
298; 255; 33449
299; 255; 33454
300; 255; 33446
301; 255; 33379
302; 255; 33310
303; 255; 33307
304; 255; 33344
305; 255; 33285
306; 255; 33148
307; 255; 33099
308; 255; 33166
309; 255; 33138
310; 255; 32937
311; 255; 32792
312; 255; 32897
313; 255; 33315
314; 255; 33939
315; 255; 34864
316; 255; 35173
317; 255; 34636
318; 255; 34208
319; 255; 34333
320; 255; 34742
269; 256; 32901
270; 256; 32919
271; 256; 32998
272; 256; 33111
273; 256; 33132
274; 256; 33010
275; 256; 32938
276; 256; 33072
277; 256; 33046
278; 256; 32906
279; 256; 32838
280; 256; 32820
281; 256; 32880
282; 256; 33027
283; 256; 32995
284; 256; 32884
285; 256; 32972
286; 256; 32891
287; 256; 32949
288; 256; 33355
289; 256; 33643
290; 256; 33754
291; 256; 33803
292; 256; 33829
293; 256; 33843
294; 256; 33842
295; 256; 33769
296; 256; 33486
297; 256; 33369
298; 256; 33439
299; 256; 33617
300; 256; 33625
301; 256; 33379
302; 256; 33286
303; 256; 33350
304; 256; 33484
305; 256; 33474
306; 256; 33307
307; 256; 33194
308; 256; 33233
309; 256; 33223
310; 256; 32999
311; 256; 32816
312; 256; 32996
313; 256; 33476
314; 256; 34168
315; 256; 35330
316; 256; 35782
317; 256; 35156
318; 256; 34432
319; 256; 34388
320; 256; 34793
269; 257; 32959
270; 257; 32956
271; 257; 32915
272; 257; 32965
273; 257; 33089
274; 257; 33076
275; 257; 32909
276; 257; 32915
277; 257; 33029
278; 257; 33000
279; 257; 32913
280; 257; 32880
281; 257; 32987
282; 257; 33156
283; 257; 33147
284; 257; 32924
285; 257; 32864
286; 257; 32846
287; 257; 32902
288; 257; 33228
289; 257; 33484
290; 257; 33659
291; 257; 33741
292; 257; 33791
293; 257; 33831
294; 257; 33887
295; 257; 33854
296; 257; 33548
297; 257; 33369
298; 257; 33480
299; 257; 33779
300; 257; 33791
301; 257; 33542
302; 257; 33333
303; 257; 33379
304; 257; 33505
305; 257; 33527
306; 257; 33396
307; 257; 33264
308; 257; 33276
309; 257; 33295
310; 257; 33098
311; 257; 32893
312; 257; 33032
313; 257; 33479
314; 257; 34044
315; 257; 35043
316; 257; 35583
317; 257; 35180
318; 257; 34538
319; 257; 34450
320; 257; 34705
269; 258; 32987
270; 258; 32931
271; 258; 32881
272; 258; 32907
273; 258; 32953
274; 258; 32941
275; 258; 32887
276; 258; 32886
277; 258; 33028
278; 258; 33121
279; 258; 33103
280; 258; 33046
281; 258; 33063
282; 258; 33133
283; 258; 33113
284; 258; 32935
285; 258; 32883
286; 258; 32902
287; 258; 32867
288; 258; 32921
289; 258; 33184
290; 258; 33578
291; 258; 33894
292; 258; 34039
293; 258; 34061
294; 258; 34069
295; 258; 33994
296; 258; 33704
297; 258; 33465
298; 258; 33516
299; 258; 33779
300; 258; 33802
301; 258; 33600
302; 258; 33386
303; 258; 33380
304; 258; 33451
305; 258; 33477
306; 258; 33392
307; 258; 33250
308; 258; 33204
309; 258; 33222
310; 258; 33101
311; 258; 32915
312; 258; 32950
313; 258; 33320
314; 258; 33722
315; 258; 34237
316; 258; 34757
317; 258; 34798
318; 258; 34588
319; 258; 34507
320; 258; 34535
269; 259; 33023
270; 259; 32909
271; 259; 32848
272; 259; 32881
273; 259; 32888
274; 259; 32900
275; 259; 32897
276; 259; 32899
277; 259; 32961
278; 259; 33087
279; 259; 33157
280; 259; 33113
281; 259; 33036
282; 259; 33023
283; 259; 32985
284; 259; 32857
285; 259; 32921
286; 259; 32939
287; 259; 32837
288; 259; 32777
289; 259; 32933
290; 259; 33392
291; 259; 33942
292; 259; 34225
293; 259; 34249
294; 259; 34214
295; 259; 34101
296; 259; 33786
297; 259; 33448
298; 259; 33408
299; 259; 33553
300; 259; 33572
301; 259; 33408
302; 259; 33325
303; 259; 33334
304; 259; 33355
305; 259; 33348
306; 259; 33288
307; 259; 33162
308; 259; 33091
309; 259; 33089
310; 259; 33031
311; 259; 32915
312; 259; 32893
313; 259; 33135
314; 259; 33485
315; 259; 33818
316; 259; 34210
317; 259; 34622
318; 259; 34723
319; 259; 34628
320; 259; 34416
269; 260; 33101
270; 260; 33007
271; 260; 32916
272; 260; 32913
273; 260; 32971
274; 260; 33031
275; 260; 32996
276; 260; 32919
277; 260; 32890
278; 260; 32945
279; 260; 33013
280; 260; 33022
281; 260; 32989
282; 260; 32987
283; 260; 32976
284; 260; 32904
285; 260; 32902
286; 260; 32885
287; 260; 32866
288; 260; 32862
289; 260; 32948
290; 260; 33257
291; 260; 33780
292; 260; 34168
293; 260; 34257
294; 260; 34246
295; 260; 34089
296; 260; 33715
297; 260; 33354
298; 260; 33221
299; 260; 33227
300; 260; 33195
301; 260; 33138
302; 260; 33188
303; 260; 33260
304; 260; 33263
305; 260; 33217
306; 260; 33190
307; 260; 33168
308; 260; 33127
309; 260; 33117
310; 260; 33102
311; 260; 33048
312; 260; 33024
313; 260; 33138
314; 260; 33401
315; 260; 33736
316; 260; 34129
317; 260; 34575
318; 260; 34752
319; 260; 34573
320; 260; 34277
269; 261; 33169
270; 261; 33138
271; 261; 33043
272; 261; 32992
273; 261; 32996
274; 261; 32990
275; 261; 32973
276; 261; 32953
277; 261; 32937
278; 261; 32939
279; 261; 32954
280; 261; 32985
281; 261; 32999
282; 261; 33039
283; 261; 33131
284; 261; 33166
285; 261; 33013
286; 261; 32944
287; 261; 33049
288; 261; 33190
289; 261; 33248
290; 261; 33350
291; 261; 33626
292; 261; 33992
293; 261; 34157
294; 261; 34165
295; 261; 34009
296; 261; 33636
297; 261; 33311
298; 261; 33165
299; 261; 33117
300; 261; 33051
301; 261; 33025
302; 261; 33101
303; 261; 33220
304; 261; 33253
305; 261; 33218
306; 261; 33230
307; 261; 33330
308; 261; 33468
309; 261; 33515
310; 261; 33508
311; 261; 33516
312; 261; 33507
313; 261; 33484
314; 261; 33552
315; 261; 33783
316; 261; 34114
317; 261; 34362
318; 261; 34408
319; 261; 34184
320; 261; 34058
269; 262; 33158
270; 262; 33160
271; 262; 33096
272; 262; 33011
273; 262; 32916
274; 262; 32854
275; 262; 32879
276; 262; 32986
277; 262; 33116
278; 262; 33174
279; 262; 33143
280; 262; 33103
281; 262; 33056
282; 262; 33067
283; 262; 33205
284; 262; 33301
285; 262; 33280
286; 262; 33202
287; 262; 33302
288; 262; 33515
289; 262; 33650
290; 262; 33630
291; 262; 33717
292; 262; 33878
293; 262; 34061
294; 262; 34101
295; 262; 34010
296; 262; 33752
297; 262; 33433
298; 262; 33224
299; 262; 33117
300; 262; 33031
301; 262; 33001
302; 262; 33066
303; 262; 33212
304; 262; 33301
305; 262; 33320
306; 262; 33377
307; 262; 33579
308; 262; 33792
309; 262; 33918
310; 262; 33997
311; 262; 34095
312; 262; 34126
313; 262; 34027
314; 262; 33936
315; 262; 34072
316; 262; 34321
317; 262; 34278
318; 262; 34004
319; 262; 33782
320; 262; 33812
269; 263; 33070
270; 263; 33074
271; 263; 33073
272; 263; 33023
273; 263; 32901
274; 263; 32804
275; 263; 32834
276; 263; 33018
277; 263; 33311
278; 263; 33477
279; 263; 33458
280; 263; 33335
281; 263; 33152
282; 263; 33029
283; 263; 33080
284; 263; 33228
285; 263; 33265
286; 263; 33212
287; 263; 33283
288; 263; 33579
289; 263; 33847
290; 263; 33920
291; 263; 33870
292; 263; 33920
293; 263; 34034
294; 263; 34106
295; 263; 34082
296; 263; 33960
297; 263; 33693
298; 263; 33355
299; 263; 33097
300; 263; 32966
301; 263; 32925
302; 263; 32981
303; 263; 33159
304; 263; 33322
305; 263; 33410
306; 263; 33491
307; 263; 33672
308; 263; 33917
309; 263; 34101
310; 263; 34265
311; 263; 34436
312; 263; 34506
313; 263; 34404
314; 263; 34332
315; 263; 34479
316; 263; 34649
317; 263; 34480
318; 263; 33968
319; 263; 33679
320; 263; 33757
269; 264; 32967
270; 264; 32984
271; 264; 33064
272; 264; 33087
273; 264; 32991
274; 264; 32872
275; 264; 32874
276; 264; 33061
277; 264; 33374
278; 264; 33570
279; 264; 33620
280; 264; 33533
281; 264; 33283
282; 264; 33011
283; 264; 32910
284; 264; 32992
285; 264; 33062
286; 264; 33080
287; 264; 33194
288; 264; 33555
289; 264; 33886
290; 264; 33963
291; 264; 33931
292; 264; 33930
293; 264; 34010
294; 264; 34101
295; 264; 34137
296; 264; 34119
297; 264; 33885
298; 264; 33441
299; 264; 33038
300; 264; 32871
301; 264; 32856
302; 264; 32891
303; 264; 33015
304; 264; 33290
305; 264; 33478
306; 264; 33592
307; 264; 33746
308; 264; 33971
309; 264; 34177
310; 264; 34408
311; 264; 34619
312; 264; 34692
313; 264; 34541
314; 264; 34443
315; 264; 34605
316; 264; 34745
317; 264; 34673
318; 264; 34246
319; 264; 33906
320; 264; 34001
269; 265; 32912
270; 265; 32958
271; 265; 33077
272; 265; 33127
273; 265; 33050
274; 265; 32945
275; 265; 32951
276; 265; 33105
277; 265; 33275
278; 265; 33383
279; 265; 33489
280; 265; 33542
281; 265; 33396
282; 265; 33101
283; 265; 32881
284; 265; 32837
285; 265; 32864
286; 265; 32955
287; 265; 33199
288; 265; 33608
289; 265; 33907
290; 265; 33944
291; 265; 33898
292; 265; 33887
293; 265; 33945
294; 265; 34032
295; 265; 34112
296; 265; 34143
297; 265; 33936
298; 265; 33433
299; 265; 33005
300; 265; 32893
301; 265; 32920
302; 265; 32920
303; 265; 32989
304; 265; 33215
305; 265; 33507
306; 265; 33749
307; 265; 33975
308; 265; 34186
309; 265; 34361
310; 265; 34542
311; 265; 34745
312; 265; 34790
313; 265; 34625
314; 265; 34472
315; 265; 34519
316; 265; 34666
317; 265; 34649
318; 265; 34478
319; 265; 34356
320; 265; 34415
269; 266; 32926
270; 266; 33010
271; 266; 33115
272; 266; 33119
273; 266; 33029
274; 266; 32980
275; 266; 33058
276; 266; 33157
277; 266; 33123
278; 266; 33066
279; 266; 33173
280; 266; 33385
281; 266; 33442
282; 266; 33272
283; 266; 33031
284; 266; 32886
285; 266; 32876
286; 266; 32983
287; 266; 33327
288; 266; 33777
289; 266; 33959
290; 266; 33938
291; 266; 33860
292; 266; 33827
293; 266; 33851
294; 266; 33921
295; 266; 34044
296; 266; 34094
297; 266; 33853
298; 266; 33341
299; 266; 33075
300; 266; 33080
301; 266; 33127
302; 266; 33074
303; 266; 33043
304; 266; 33167
305; 266; 33530
306; 266; 33881
307; 266; 34171
308; 266; 34374
309; 266; 34458
310; 266; 34598
311; 266; 34790
312; 266; 34855
313; 266; 34733
314; 266; 34552
315; 266; 34525
316; 266; 34586
317; 266; 34577
318; 266; 34528
319; 266; 34554
320; 266; 34607
269; 267; 32973
270; 267; 33108
271; 267; 33207
272; 267; 33156
273; 267; 33031
274; 267; 33020
275; 267; 33142
276; 267; 33185
277; 267; 33015
278; 267; 32839
279; 267; 32912
280; 267; 33200
281; 267; 33425
282; 267; 33393
283; 267; 33187
284; 267; 32988
285; 267; 32937
286; 267; 33096
287; 267; 33550
288; 267; 33929
289; 267; 33986
290; 267; 33896
291; 267; 33794
292; 267; 33756
293; 267; 33769
294; 267; 33844
295; 267; 33977
296; 267; 34012
297; 267; 33680
298; 267; 33228
299; 267; 33141
300; 267; 33270
301; 267; 33339
302; 267; 33199
303; 267; 33052
304; 267; 33115
305; 267; 33485
306; 267; 33936
307; 267; 34274
308; 267; 34421
309; 267; 34475
310; 267; 34556
311; 267; 34773
312; 267; 34885
313; 267; 34839
314; 267; 34700
315; 267; 34645
316; 267; 34648
317; 267; 34614
318; 267; 34592
319; 267; 34635
320; 267; 34641
269; 268; 33024
270; 268; 33203
271; 268; 33327
272; 268; 33256
273; 268; 33094
274; 268; 33054
275; 268; 33138
276; 268; 33139
277; 268; 32957
278; 268; 32795
279; 268; 32860
280; 268; 33126
281; 268; 33393
282; 268; 33385
283; 268; 33176
284; 268; 32971
285; 268; 32956
286; 268; 33184
287; 268; 33668
288; 268; 33979
289; 268; 33947
290; 268; 33795
291; 268; 33698
292; 268; 33703
293; 268; 33756
294; 268; 33852
295; 268; 33945
296; 268; 33890
297; 268; 33484
298; 268; 33140
299; 268; 33138
300; 268; 33271
301; 268; 33298
302; 268; 33138
303; 268; 32993
304; 268; 33044
305; 268; 33409
306; 268; 33927
307; 268; 34311
308; 268; 34476
309; 268; 34535
310; 268; 34615
311; 268; 34754
312; 268; 34858
313; 268; 34861
314; 268; 34796
315; 268; 34761
316; 268; 34755
317; 268; 34732
318; 268; 34722
319; 268; 34736
320; 268; 34679
269; 269; 33105
270; 269; 33254
271; 269; 33375
272; 269; 33304
273; 269; 33121
274; 269; 33042
275; 269; 33105
276; 269; 33141
277; 269; 33038
278; 269; 32915
279; 269; 32967
280; 269; 33199
281; 269; 33379
282; 269; 33282
283; 269; 33035
284; 269; 32882
285; 269; 32899
286; 269; 33182
287; 269; 33636
288; 269; 33932
289; 269; 33915
290; 269; 33789
291; 269; 33727
292; 269; 33784
293; 269; 33867
294; 269; 33918
295; 269; 33912
296; 269; 33738
297; 269; 33369
298; 269; 33165
299; 269; 33153
300; 269; 33178
301; 269; 33132
302; 269; 33037
303; 269; 32988
304; 269; 33051
305; 269; 33382
306; 269; 33910
307; 269; 34345
308; 269; 34605
309; 269; 34704
310; 269; 34755
311; 269; 34771
312; 269; 34767
313; 269; 34770
314; 269; 34773
315; 269; 34775
316; 269; 34788
317; 269; 34814
318; 269; 34836
319; 269; 34820
320; 269; 34725
269; 270; 33183
270; 270; 33223
271; 270; 33275
272; 270; 33210
273; 270; 33075
274; 270; 33053
275; 270; 33200
276; 270; 33353
277; 270; 33340
278; 270; 33223
279; 270; 33212
280; 270; 33329
281; 270; 33361
282; 270; 33177
283; 270; 32950
284; 270; 32878
285; 270; 32936
286; 270; 33162
287; 270; 33539
288; 270; 33854
289; 270; 33946
290; 270; 33937
291; 270; 33931
292; 270; 33992
293; 270; 33990
294; 270; 33925
295; 270; 33758
296; 270; 33461
297; 270; 33242
298; 270; 33224
299; 270; 33243
300; 270; 33173
301; 270; 33076
302; 270; 33058
303; 270; 33084
304; 270; 33125
305; 270; 33353
306; 270; 33816
307; 270; 34301
308; 270; 34637
309; 270; 34803
310; 270; 34833
311; 270; 34755
312; 270; 34660
313; 270; 34654
314; 270; 34701
315; 270; 34732
316; 270; 34770
317; 270; 34831
318; 270; 34862
319; 270; 34817
320; 270; 34722
269; 271; 33192
270; 271; 33109
271; 271; 33072
272; 271; 33039
273; 271; 33039
274; 271; 33171
275; 271; 33439
276; 271; 33662
277; 271; 33664
278; 271; 33510
279; 271; 33403
280; 271; 33377
281; 271; 33289
282; 271; 33107
283; 271; 32989
284; 271; 33010
285; 271; 33098
286; 271; 33181
287; 271; 33422
288; 271; 33696
289; 271; 33896
290; 271; 33971
291; 271; 34001
292; 271; 34006
293; 271; 33933
294; 271; 33742
295; 271; 33435
296; 271; 33124
297; 271; 33052
298; 271; 33210
299; 271; 33313
300; 271; 33236
301; 271; 33126
302; 271; 33138
303; 271; 33180
304; 271; 33174
305; 271; 33244
306; 271; 33590
307; 271; 34085
308; 271; 34472
309; 271; 34736
310; 271; 34802
311; 271; 34744
312; 271; 34650
313; 271; 34644
314; 271; 34694
315; 271; 34728
316; 271; 34762
317; 271; 34805
318; 271; 34809
319; 271; 34765
320; 271; 34698
269; 272; 33120
270; 272; 32981
271; 272; 32910
272; 272; 32927
273; 272; 33066
274; 272; 33323
275; 272; 33595
276; 272; 33727
277; 272; 33661
278; 272; 33487
279; 272; 33345
280; 272; 33250
281; 272; 33130
282; 272; 33015
283; 272; 33014
284; 272; 33102
285; 272; 33156
286; 272; 33159
287; 272; 33204
288; 272; 33401
289; 272; 33544
290; 272; 33573
291; 272; 33597
292; 272; 33646
293; 272; 33623
294; 272; 33408
295; 272; 33093
296; 272; 32872
297; 272; 32927
298; 272; 33175
299; 272; 33290
300; 272; 33217
301; 272; 33093
302; 272; 33124
303; 272; 33170
304; 272; 33118
305; 272; 33111
306; 272; 33330
307; 272; 33751
308; 272; 34239
309; 272; 34609
310; 272; 34785
311; 272; 34795
312; 272; 34747
313; 272; 34742
314; 272; 34778
315; 272; 34793
316; 272; 34779
317; 272; 34750
318; 272; 34727
319; 272; 34729
320; 272; 34678
269; 273; 33053
270; 273; 32926
271; 273; 32872
272; 273; 32913
273; 273; 33090
274; 273; 33356
275; 273; 33534
276; 273; 33525
277; 273; 33387
278; 273; 33235
279; 273; 33121
280; 273; 33029
281; 273; 32933
282; 273; 32887
283; 273; 32953
284; 273; 33054
285; 273; 33070
286; 273; 33014
287; 273; 32997
288; 273; 33088
289; 273; 33149
290; 273; 33152
291; 273; 33196
292; 273; 33284
293; 273; 33284
294; 273; 33129
295; 273; 32924
296; 273; 32889
297; 273; 32972
298; 273; 33243
299; 273; 33279
300; 273; 33081
301; 273; 32927
302; 273; 32993
303; 273; 33108
304; 273; 33096
305; 273; 33068
306; 273; 33173
307; 273; 33551
308; 273; 34110
309; 273; 34573
310; 273; 34803
311; 273; 34829
312; 273; 34787
313; 273; 34792
314; 273; 34851
315; 273; 34871
316; 273; 34804
317; 273; 34706
318; 273; 34682
319; 273; 34711
320; 273; 34590
269; 274; 33042
270; 274; 32933
271; 274; 32907
272; 274; 32938
273; 274; 33046
274; 274; 33266
275; 274; 33419
276; 274; 33411
277; 274; 33298
278; 274; 33181
279; 274; 33063
280; 274; 32933
281; 274; 32831
282; 274; 32828
283; 274; 32926
284; 274; 33022
285; 274; 33004
286; 274; 32934
287; 274; 32934
288; 274; 33007
289; 274; 33085
290; 274; 33123
291; 274; 33185
292; 274; 33263
293; 274; 33183
294; 274; 32987
295; 274; 32926
296; 274; 32988
297; 274; 33260
298; 274; 33475
299; 274; 33432
300; 274; 33072
301; 274; 32844
302; 274; 32896
303; 274; 33099
304; 274; 33166
305; 274; 33131
306; 274; 33170
307; 274; 33492
308; 274; 34044
309; 274; 34528
310; 274; 34770
311; 274; 34755
312; 274; 34700
313; 274; 34732
314; 274; 34838
315; 274; 34895
316; 274; 34836
317; 274; 34743
318; 274; 34713
319; 274; 34650
320; 274; 34360
269; 275; 33038
270; 275; 32958
271; 275; 32949
272; 275; 32959
273; 275; 32986
274; 275; 33153
275; 275; 33362
276; 275; 33489
277; 275; 33517
278; 275; 33468
279; 275; 33304
280; 275; 33059
281; 275; 32880
282; 275; 32881
283; 275; 33027
284; 275; 33139
285; 275; 33093
286; 275; 32986
287; 275; 32977
288; 275; 33083
289; 275; 33189
290; 275; 33276
291; 275; 33378
292; 275; 33413
293; 275; 33255
294; 275; 32969
295; 275; 32960
296; 275; 33135
297; 275; 33426
298; 275; 33569
299; 275; 33535
300; 275; 33252
301; 275; 33008
302; 275; 32995
303; 275; 33169
304; 275; 33228
305; 275; 33191
306; 275; 33195
307; 275; 33448
308; 275; 33917
309; 275; 34373
310; 275; 34618
311; 275; 34640
312; 275; 34636
313; 275; 34691
314; 275; 34790
315; 275; 34854
316; 275; 34866
317; 275; 34853
318; 275; 34770
319; 275; 34483
320; 275; 34014
269; 276; 33004
270; 276; 33000
271; 276; 33005
272; 276; 32990
273; 276; 32969
274; 276; 33052
275; 276; 33249
276; 276; 33469
277; 276; 33639
278; 276; 33681
279; 276; 33521
280; 276; 33221
281; 276; 32994
282; 276; 32997
283; 276; 33163
284; 276; 33278
285; 276; 33228
286; 276; 33121
287; 276; 33111
288; 276; 33209
289; 276; 33312
290; 276; 33405
291; 276; 33480
292; 276; 33481
293; 276; 33289
294; 276; 33004
295; 276; 32994
296; 276; 33153
297; 276; 33295
298; 276; 33387
299; 276; 33474
300; 276; 33437
301; 276; 33392
302; 276; 33311
303; 276; 33265
304; 276; 33220
305; 276; 33155
306; 276; 33159
307; 276; 33383
308; 276; 33763
309; 276; 34205
310; 276; 34525
311; 276; 34662
312; 276; 34737
313; 276; 34778
314; 276; 34781
315; 276; 34791
316; 276; 34866
317; 276; 34920
318; 276; 34719
319; 276; 34194
320; 276; 33681
269; 277; 32956
270; 277; 33054
271; 277; 33138
272; 277; 33104
273; 277; 33016
274; 277; 32980
275; 277; 33050
276; 277; 33201
277; 277; 33393
278; 277; 33504
279; 277; 33421
280; 277; 33213
281; 277; 33071
282; 277; 33093
283; 277; 33198
284; 277; 33250
285; 277; 33224
286; 277; 33193
287; 277; 33223
288; 277; 33294
289; 277; 33348
290; 277; 33376
291; 277; 33417
292; 277; 33377
293; 277; 33195
294; 277; 32998
295; 277; 32962
296; 277; 33036
297; 277; 33014
298; 277; 33001
299; 277; 33162
300; 277; 33447
301; 277; 33534
302; 277; 33510
303; 277; 33370
304; 277; 33200
305; 277; 33079
306; 277; 33089
307; 277; 33343
308; 277; 33735
309; 277; 34187
310; 277; 34585
311; 277; 34832
312; 277; 34932
313; 277; 34905
314; 277; 34794
315; 277; 34727
316; 277; 34801
317; 277; 34829
318; 277; 34495
319; 277; 33888
320; 277; 33511
269; 278; 32908
270; 278; 33081
271; 278; 33287
272; 278; 33264
273; 278; 33104
274; 278; 32984
275; 278; 32939
276; 278; 32963
277; 278; 33067
278; 278; 33172
279; 278; 33165
280; 278; 33109
281; 278; 33113
282; 278; 33151
283; 278; 33131
284; 278; 33074
285; 278; 33079
286; 278; 33170
287; 278; 33256
288; 278; 33303
289; 278; 33305
290; 278; 33262
291; 278; 33207
292; 278; 33128
293; 278; 32991
294; 278; 32876
295; 278; 32857
296; 278; 32939
297; 278; 32961
298; 278; 32903
299; 278; 32930
300; 278; 33220
301; 278; 33493
302; 278; 33513
303; 278; 33413
304; 278; 33220
305; 278; 33034
306; 278; 33041
307; 278; 33343
308; 278; 33820
309; 278; 34329
310; 278; 34681
311; 278; 34909
312; 278; 34985
313; 278; 34946
314; 278; 34787
315; 278; 34675
316; 278; 34693
317; 278; 34617
318; 278; 34215
319; 278; 33716
320; 278; 33575
269; 279; 32904
270; 279; 33204
271; 279; 33466
272; 279; 33399
273; 279; 33139
274; 279; 33030
275; 279; 32997
276; 279; 33001
277; 279; 33057
278; 279; 33113
279; 279; 33096
280; 279; 33088
281; 279; 33156
282; 279; 33179
283; 279; 33049
284; 279; 32908
285; 279; 32931
286; 279; 33132
287; 279; 33234
288; 279; 33248
289; 279; 33212
290; 279; 33132
291; 279; 33060
292; 279; 33018
293; 279; 32898
294; 279; 32853
295; 279; 32804
296; 279; 32920
297; 279; 33038
298; 279; 32997
299; 279; 32956
300; 279; 33038
301; 279; 33246
302; 279; 33395
303; 279; 33392
304; 279; 33265
305; 279; 33079
306; 279; 33055
307; 279; 33391
308; 279; 33965
309; 279; 34452
310; 279; 34714
311; 279; 34831
312; 279; 34917
313; 279; 34906
314; 279; 34783
315; 279; 34664
316; 279; 34589
317; 279; 34389
318; 279; 34004
319; 279; 33716
320; 279; 33870
269; 280; 33097
270; 280; 33489
271; 280; 33645
272; 280; 33447
273; 280; 33109
274; 280; 33017
275; 280; 33039
276; 280; 33118
277; 280; 33225
278; 280; 33270
279; 280; 33195
280; 280; 33130
281; 280; 33163
282; 280; 33168
283; 280; 33015
284; 280; 32860
285; 280; 32875
286; 280; 33068
287; 280; 33195
288; 280; 33194
289; 280; 33138
290; 280; 33064
291; 280; 33028
292; 280; 33028
293; 280; 32959
294; 280; 32855
295; 280; 32800
296; 280; 32949
297; 280; 33117
298; 280; 33100
299; 280; 33004
300; 280; 33016
301; 280; 33132
302; 280; 33299
303; 280; 33386
304; 280; 33359
305; 280; 33208
306; 280; 33211
307; 280; 33556
308; 280; 34149
309; 280; 34574
310; 280; 34726
311; 280; 34788
312; 280; 34860
313; 280; 34888
314; 280; 34815
315; 280; 34685
316; 280; 34507
317; 280; 34218
318; 280; 33921
319; 280; 33905
320; 280; 34316
269; 281; 33495
270; 281; 33849
271; 281; 33783
272; 281; 33391
273; 281; 33031
274; 281; 32959
275; 281; 33001
276; 281; 33101
277; 281; 33229
278; 281; 33286
279; 281; 33196
280; 281; 33091
281; 281; 33099
282; 281; 33140
283; 281; 33045
284; 281; 32896
285; 281; 32876
286; 281; 33040
287; 281; 33208
288; 281; 33222
289; 281; 33156
290; 281; 33072
291; 281; 33034
292; 281; 33056
293; 281; 33051
294; 281; 32967
295; 281; 32917
296; 281; 32991
297; 281; 33069
298; 281; 33025
299; 281; 32950
300; 281; 33008
301; 281; 33155
302; 281; 33362
303; 281; 33473
304; 281; 33523
305; 281; 33430
306; 281; 33489
307; 281; 33834
308; 281; 34368
309; 281; 34721
310; 281; 34812
311; 281; 34822
312; 281; 34854
313; 281; 34879
314; 281; 34822
315; 281; 34687
316; 281; 34470
317; 281; 34189
318; 281; 34034
319; 281; 34232
320; 281; 34688
269; 282; 33982
270; 282; 34152
271; 282; 33833
272; 282; 33313
273; 282; 33014
274; 282; 32983
275; 282; 32995
276; 282; 33013
277; 282; 33054
278; 282; 33100
279; 282; 33076
280; 282; 33028
281; 282; 33058
282; 282; 33176
283; 282; 33147
284; 282; 32964
285; 282; 32913
286; 282; 33045
287; 282; 33274
288; 282; 33315
289; 282; 33240
290; 282; 33124
291; 282; 33043
292; 282; 33024
293; 282; 33032
294; 282; 33016
295; 282; 32992
296; 282; 32988
297; 282; 32963
298; 282; 32895
299; 282; 32875
300; 282; 32966
301; 282; 33235
302; 282; 33486
303; 282; 33592
304; 282; 33591
305; 282; 33577
306; 282; 33684
307; 282; 34062
308; 282; 34540
309; 282; 34843
310; 282; 34896
311; 282; 34851
312; 282; 34824
313; 282; 34810
314; 282; 34760
315; 282; 34676
316; 282; 34555
317; 282; 34405
318; 282; 34371
319; 282; 34576
320; 282; 34868
269; 283; 34313
270; 283; 34311
271; 283; 33855
272; 283; 33352
273; 283; 33126
274; 283; 33087
275; 283; 33047
276; 283; 32991
277; 283; 32971
278; 283; 33033
279; 283; 33111
280; 283; 33143
281; 283; 33221
282; 283; 33339
283; 283; 33271
284; 283; 33004
285; 283; 32946
286; 283; 33101
287; 283; 33348
288; 283; 33389
289; 283; 33303
290; 283; 33204
291; 283; 33103
292; 283; 33046
293; 283; 33008
294; 283; 32989
295; 283; 32990
296; 283; 32983
297; 283; 32944
298; 283; 32883
299; 283; 32893
300; 283; 32979
301; 283; 33244
302; 283; 33536
303; 283; 33614
304; 283; 33567
305; 283; 33500
306; 283; 33652
307; 283; 34086
308; 283; 34601
309; 283; 34914
310; 283; 34937
311; 283; 34853
312; 283; 34778
313; 283; 34742
314; 283; 34715
315; 283; 34731
316; 283; 34779
317; 283; 34787
318; 283; 34763
319; 283; 34790
320; 283; 34875
269; 284; 34502
270; 284; 34375
271; 284; 33914
272; 284; 33472
273; 284; 33236
274; 284; 33126
275; 284; 33056
276; 284; 33033
277; 284; 33132
278; 284; 33409
279; 284; 33644
280; 284; 33661
281; 284; 33584
282; 284; 33486
283; 284; 33305
284; 284; 33050
285; 284; 33007
286; 284; 33260
287; 284; 33446
288; 284; 33443
289; 284; 33352
290; 284; 33324
291; 284; 33334
292; 284; 33244
293; 284; 33097
294; 284; 33043
295; 284; 33039
296; 284; 33025
297; 284; 33001
298; 284; 32990
299; 284; 32999
300; 284; 33056
301; 284; 33232
302; 284; 33473
303; 284; 33551
304; 284; 33407
305; 284; 33335
306; 284; 33529
307; 284; 34030
308; 284; 34623
309; 284; 34969
310; 284; 34979
311; 284; 34874
312; 284; 34797
313; 284; 34776
314; 284; 34778
315; 284; 34843
316; 284; 34964
317; 284; 35015
318; 284; 34929
319; 284; 34812
320; 284; 34811
269; 285; 34654
270; 285; 34428
271; 285; 33968
272; 285; 33543
273; 285; 33226
274; 285; 33069
275; 285; 33023
276; 285; 33112
277; 285; 33495
278; 285; 34020
279; 285; 34248
280; 285; 34139
281; 285; 33832
282; 285; 33527
283; 285; 33214
284; 285; 33072
285; 285; 33113
286; 285; 33430
287; 285; 33550
288; 285; 33502
289; 285; 33449
290; 285; 33580
291; 285; 33660
292; 285; 33523
293; 285; 33257
294; 285; 33146
295; 285; 33112
296; 285; 33079
297; 285; 33068
298; 285; 33097
299; 285; 33107
300; 285; 33106
301; 285; 33173
302; 285; 33315
303; 285; 33322
304; 285; 33218
305; 285; 33219
306; 285; 33525
307; 285; 34098
308; 285; 34709
309; 285; 35047
310; 285; 35032
311; 285; 34918
312; 285; 34860
313; 285; 34868
314; 285; 34882
315; 285; 34913
316; 285; 34969
317; 285; 34970
318; 285; 34871
319; 285; 34775
320; 285; 34816
269; 286; 34783
270; 286; 34395
271; 286; 33848
272; 286; 33383
273; 286; 33151
274; 286; 33059
275; 286; 33046
276; 286; 33286
277; 286; 33875
278; 286; 34377
279; 286; 34457
280; 286; 34200
281; 286; 33794
282; 286; 33418
283; 286; 33166
284; 286; 33084
285; 286; 33227
286; 286; 33523
287; 286; 33579
288; 286; 33562
289; 286; 33640
290; 286; 33850
291; 286; 33839
292; 286; 33554
293; 286; 33180
294; 286; 33090
295; 286; 33107
296; 286; 33112
297; 286; 33120
298; 286; 33153
299; 286; 33151
300; 286; 33111
301; 286; 33099
302; 286; 33125
303; 286; 33116
304; 286; 33092
305; 286; 33187
306; 286; 33610
307; 286; 34267
308; 286; 34833
309; 286; 35124
310; 286; 35078
311; 286; 34930
312; 286; 34870
313; 286; 34905
314; 286; 34942
315; 286; 34940
316; 286; 34915
317; 286; 34877
318; 286; 34832
319; 286; 34825
320; 286; 34905
269; 287; 34707
270; 287; 34137
271; 287; 33491
272; 287; 33154
273; 287; 33099
274; 287; 33116
275; 287; 33156
276; 287; 33463
277; 287; 34076
278; 287; 34433
279; 287; 34311
280; 287; 33878
281; 287; 33499
282; 287; 33366
283; 287; 33246
284; 287; 33193
285; 287; 33344
286; 287; 33551
287; 287; 33599
288; 287; 33650
289; 287; 33830
290; 287; 34030
291; 287; 33897
292; 287; 33426
293; 287; 33005
294; 287; 32960
295; 287; 33053
296; 287; 33141
297; 287; 33172
298; 287; 33173
299; 287; 33125
300; 287; 33059
301; 287; 33047
302; 287; 33081
303; 287; 33071
304; 287; 33060
305; 287; 33170
306; 287; 33620
307; 287; 34325
308; 287; 34900
309; 287; 35143
310; 287; 35085
311; 287; 34914
312; 287; 34840
313; 287; 34900
314; 287; 34993
315; 287; 35016
316; 287; 34975
317; 287; 34930
318; 287; 34909
319; 287; 34915
320; 287; 34965
269; 288; 34356
270; 288; 33695
271; 288; 33184
272; 288; 33005
273; 288; 33060
274; 288; 33147
275; 288; 33216
276; 288; 33544
277; 288; 34165
278; 288; 34389
279; 288; 34116
280; 288; 33517
281; 288; 33248
282; 288; 33311
283; 288; 33385
284; 288; 33428
285; 288; 33513
286; 288; 33654
287; 288; 33724
288; 288; 33793
289; 288; 33966
290; 288; 34141
291; 288; 33995
292; 288; 33490
293; 288; 33060
294; 288; 32962
295; 288; 33115
296; 288; 33198
297; 288; 33179
298; 288; 33112
299; 288; 33016
300; 288; 32992
301; 288; 33046
302; 288; 33205
303; 288; 33276
304; 288; 33214
305; 288; 33219
306; 288; 33567
307; 288; 34267
308; 288; 34908
309; 288; 35167
310; 288; 35096
311; 288; 34936
312; 288; 34870
313; 288; 34949
314; 288; 35072
315; 288; 35114
316; 288; 35074
317; 288; 35021
318; 288; 34980
319; 288; 34956
320; 288; 34992
269; 289; 33825
270; 289; 33322
271; 289; 33008
272; 289; 32981
273; 289; 33067
274; 289; 33162
275; 289; 33220
276; 289; 33533
277; 289; 34162
278; 289; 34420
279; 289; 34149
280; 289; 33454
281; 289; 33084
282; 289; 33168
283; 289; 33457
284; 289; 33607
285; 289; 33722
286; 289; 33883
287; 289; 34034
288; 289; 34092
289; 289; 34145
290; 289; 34248
291; 289; 34194
292; 289; 33837
293; 289; 33385
294; 289; 33229
295; 289; 33279
296; 289; 33231
297; 289; 33047
298; 289; 32897
299; 289; 32853
300; 289; 32901
301; 289; 33145
302; 289; 33535
303; 289; 33730
304; 289; 33539
305; 289; 33364
306; 289; 33584
307; 289; 34261
308; 289; 34932
309; 289; 35183
310; 289; 35108
311; 289; 34971
312; 289; 34933
313; 289; 35019
314; 289; 35113
315; 289; 35110
316; 289; 35038
317; 289; 34986
318; 289; 34990
319; 289; 35018
320; 289; 35169
269; 290; 33387
270; 290; 33102
271; 290; 33030
272; 290; 33057
273; 290; 33174
274; 290; 33280
275; 290; 33320
276; 290; 33478
277; 290; 34001
278; 290; 34440
279; 290; 34282
280; 290; 33569
281; 290; 32989
282; 290; 32980
283; 290; 33377
284; 290; 33667
285; 290; 33796
286; 290; 33975
287; 290; 34239
288; 290; 34381
289; 290; 34364
290; 290; 34370
291; 290; 34392
292; 290; 34184
293; 290; 33769
294; 290; 33464
295; 290; 33374
296; 290; 33143
297; 290; 32876
298; 290; 32890
299; 290; 32844
300; 290; 32880
301; 290; 33245
302; 290; 33780
303; 290; 34011
304; 290; 33803
305; 290; 33520
306; 290; 33680
307; 290; 34365
308; 290; 34984
309; 290; 35146
310; 290; 35070
311; 290; 34955
312; 290; 34952
313; 290; 35042
314; 290; 35086
315; 290; 35014
316; 290; 34914
317; 290; 34908
318; 290; 35042
319; 290; 35287
320; 290; 35356
269; 291; 33094
270; 291; 33067
271; 291; 33080
272; 291; 33145
273; 291; 33288
274; 291; 33417
275; 291; 33419
276; 291; 33380
277; 291; 33653
278; 291; 34168
279; 291; 34252
280; 291; 33711
281; 291; 33026
282; 291; 32948
283; 291; 33377
284; 291; 33695
285; 291; 33721
286; 291; 33845
287; 291; 34234
288; 291; 34529
289; 291; 34566
290; 291; 34508
291; 291; 34529
292; 291; 34400
293; 291; 33977
294; 291; 33501
295; 291; 33237
296; 291; 33015
297; 291; 32839
298; 291; 32866
299; 291; 32815
300; 291; 32922
301; 291; 33352
302; 291; 33846
303; 291; 33973
304; 291; 33797
305; 291; 33600
306; 291; 33800
307; 291; 34494
308; 291; 35023
309; 291; 35097
310; 291; 34988
311; 291; 34905
312; 291; 34956
313; 291; 35059
314; 291; 35068
315; 291; 34960
316; 291; 34887
317; 291; 34963
318; 291; 35263
319; 291; 35410
320; 291; 35251
269; 292; 32981
270; 292; 33074
271; 292; 33116
272; 292; 33155
273; 292; 33296
274; 292; 33442
275; 292; 33420
276; 292; 33291
277; 292; 33365
278; 292; 33720
279; 292; 33967
280; 292; 33682
281; 292; 33242
282; 292; 33273
283; 292; 33670
284; 292; 33819
285; 292; 33639
286; 292; 33592
287; 292; 34030
288; 292; 34516
289; 292; 34678
290; 292; 34631
291; 292; 34641
292; 292; 34547
293; 292; 34087
294; 292; 33472
295; 292; 33106
296; 292; 32957
297; 292; 32891
298; 292; 32827
299; 292; 32859
300; 292; 33067
301; 292; 33486
302; 292; 33824
303; 292; 33875
304; 292; 33654
305; 292; 33559
306; 292; 33939
307; 292; 34638
308; 292; 35071
309; 292; 35070
310; 292; 34924
311; 292; 34870
312; 292; 34965
313; 292; 35080
314; 292; 35075
315; 292; 34989
316; 292; 34982
317; 292; 35138
318; 292; 35297
319; 292; 35180
320; 292; 34697
