162; 145; 34674
163; 145; 34729
164; 145; 34780
165; 145; 34841
166; 145; 34865
167; 145; 34790
168; 145; 34673
169; 145; 34614
170; 145; 34608
171; 145; 34637
172; 145; 34695
173; 145; 34758
174; 145; 34749
175; 145; 34649
176; 145; 34450
177; 145; 33941
178; 145; 33279
179; 145; 33083
180; 145; 33295
181; 145; 33685
182; 145; 34039
183; 145; 34215
184; 145; 34329
185; 145; 34418
186; 145; 34320
187; 145; 33993
188; 145; 33485
189; 145; 33117
190; 145; 32968
191; 145; 32933
192; 145; 32965
193; 145; 32908
194; 145; 32894
195; 145; 32907
196; 145; 32922
197; 145; 33039
198; 145; 33062
199; 145; 32952
200; 145; 32890
201; 145; 32902
202; 145; 32939
203; 145; 32947
204; 145; 32937
205; 145; 32907
206; 145; 32893
207; 145; 32896
208; 145; 32875
209; 145; 32871
210; 145; 32885
211; 145; 32950
212; 145; 33006
213; 145; 32973
162; 146; 34768
163; 146; 34802
164; 146; 34822
165; 146; 34835
166; 146; 34822
167; 146; 34739
168; 146; 34652
169; 146; 34620
170; 146; 34610
171; 146; 34607
172; 146; 34629
173; 146; 34686
174; 146; 34732
175; 146; 34716
176; 146; 34636
177; 146; 34318
178; 146; 33626
179; 146; 33217
180; 146; 33295
181; 146; 33323
182; 146; 33294
183; 146; 33394
184; 146; 33603
185; 146; 33772
186; 146; 33689
187; 146; 33437
188; 146; 33239
189; 146; 33059
190; 146; 32931
191; 146; 32884
192; 146; 32923
193; 146; 32950
194; 146; 32881
195; 146; 32862
196; 146; 32909
197; 146; 32992
198; 146; 33033
199; 146; 32995
200; 146; 32954
201; 146; 32924
202; 146; 32913
203; 146; 32896
204; 146; 32880
205; 146; 32871
206; 146; 32857
207; 146; 32884
208; 146; 32882
209; 146; 32847
210; 146; 32897
211; 146; 33022
212; 146; 33074
213; 146; 32969
162; 147; 34889
163; 147; 34891
164; 147; 34872
165; 147; 34833
166; 147; 34775
167; 147; 34713
168; 147; 34687
169; 147; 34697
170; 147; 34682
171; 147; 34650
172; 147; 34666
173; 147; 34722
174; 147; 34740
175; 147; 34695
176; 147; 34659
177; 147; 34588
178; 147; 34288
179; 147; 33698
180; 147; 33343
181; 147; 33183
182; 147; 33111
183; 147; 33165
184; 147; 33203
185; 147; 33158
186; 147; 33113
187; 147; 33152
188; 147; 33187
189; 147; 33120
190; 147; 32998
191; 147; 32927
192; 147; 32961
193; 147; 33037
194; 147; 32970
195; 147; 32860
196; 147; 32863
197; 147; 32918
198; 147; 32942
199; 147; 32919
200; 147; 32932
201; 147; 32972
202; 147; 32956
203; 147; 32898
204; 147; 32863
205; 147; 32864
206; 147; 32856
207; 147; 32850
208; 147; 32879
209; 147; 32912
210; 147; 32930
211; 147; 32968
212; 147; 33006
213; 147; 32948
162; 148; 34842
163; 148; 34855
164; 148; 34853
165; 148; 34838
166; 148; 34786
167; 148; 34731
168; 148; 34716
169; 148; 34727
170; 148; 34697
171; 148; 34676
172; 148; 34734
173; 148; 34812
174; 148; 34798
175; 148; 34679
176; 148; 34593
177; 148; 34606
178; 148; 34589
179; 148; 34307
180; 148; 33700
181; 148; 33271
182; 148; 33203
183; 148; 33209
184; 148; 33102
185; 148; 32994
186; 148; 32990
187; 148; 33078
188; 148; 33101
189; 148; 33042
190; 148; 32993
191; 148; 32966
192; 148; 32989
193; 148; 33027
194; 148; 32995
195; 148; 32918
196; 148; 32902
197; 148; 32921
198; 148; 32898
199; 148; 32870
200; 148; 32896
201; 148; 32970
202; 148; 32983
203; 148; 32928
204; 148; 32903
205; 148; 32929
206; 148; 32955
207; 148; 32961
208; 148; 32947
209; 148; 32933
210; 148; 32911
211; 148; 32913
212; 148; 32956
213; 148; 32961
162; 149; 34807
163; 149; 34847
164; 149; 34850
165; 149; 34832
166; 149; 34766
167; 149; 34696
168; 149; 34672
169; 149; 34668
170; 149; 34629
171; 149; 34631
172; 149; 34730
173; 149; 34848
174; 149; 34859
175; 149; 34742
176; 149; 34610
177; 149; 34584
178; 149; 34615
179; 149; 34559
180; 149; 34242
181; 149; 33651
182; 149; 33302
183; 149; 33171
184; 149; 33068
185; 149; 33069
186; 149; 33088
187; 149; 33050
188; 149; 32954
189; 149; 32930
190; 149; 32971
191; 149; 32979
192; 149; 32974
193; 149; 32974
194; 149; 32963
195; 149; 32959
196; 149; 32993
197; 149; 33001
198; 149; 32954
199; 149; 32936
200; 149; 32966
201; 149; 33000
202; 149; 32983
203; 149; 32949
204; 149; 32959
205; 149; 32988
206; 149; 33015
207; 149; 33031
208; 149; 33004
209; 149; 32943
210; 149; 32942
211; 149; 33010
212; 149; 33065
213; 149; 33048
162; 150; 34952
163; 150; 34939
164; 150; 34850
165; 150; 34750
166; 150; 34658
167; 150; 34615
168; 150; 34643
169; 150; 34662
170; 150; 34610
171; 150; 34582
172; 150; 34677
173; 150; 34826
174; 150; 34882
175; 150; 34811
176; 150; 34687
177; 150; 34599
178; 150; 34598
179; 150; 34631
180; 150; 34557
181; 150; 34093
182; 150; 33397
183; 150; 33019
184; 150; 32998
185; 150; 33123
186; 150; 33189
187; 150; 33053
188; 150; 32908
189; 150; 32931
190; 150; 33001
191; 150; 33005
192; 150; 32992
193; 150; 32983
194; 150; 32945
195; 150; 32915
196; 150; 32941
197; 150; 32993
198; 150; 33016
199; 150; 33034
200; 150; 33063
201; 150; 33051
202; 150; 32984
203; 150; 32941
204; 150; 32967
205; 150; 32978
206; 150; 33018
207; 150; 33013
208; 150; 32950
209; 150; 32940
210; 150; 33044
211; 150; 33184
212; 150; 33214
213; 150; 33096
162; 151; 34994
163; 151; 34862
164; 151; 34657
165; 151; 34545
166; 151; 34528
167; 151; 34622
168; 151; 34719
169; 151; 34737
170; 151; 34650
171; 151; 34585
172; 151; 34665
173; 151; 34828
174; 151; 34895
175; 151; 34810
176; 151; 34671
177; 151; 34577
178; 151; 34577
179; 151; 34666
180; 151; 34726
181; 151; 34473
182; 151; 33678
183; 151; 32989
184; 151; 32874
185; 151; 33000
186; 151; 33098
187; 151; 33023
188; 151; 32975
189; 151; 33119
190; 151; 33231
191; 151; 33154
192; 151; 33061
193; 151; 33021
194; 151; 32936
195; 151; 32859
196; 151; 32857
197; 151; 32915
198; 151; 32976
199; 151; 33019
200; 151; 33038
201; 151; 32990
202; 151; 32942
203; 151; 32914
204; 151; 32967
205; 151; 33001
206; 151; 33069
207; 151; 33088
208; 151; 32987
209; 151; 32969
210; 151; 33094
211; 151; 33214
212; 151; 33191
213; 151; 33012
162; 152; 34393
163; 152; 34190
164; 152; 33947
165; 152; 33972
166; 152; 34378
167; 152; 34686
168; 152; 34776
169; 152; 34720
170; 152; 34638
171; 152; 34652
172; 152; 34768
173; 152; 34900
174; 152; 34893
175; 152; 34727
176; 152; 34548
177; 152; 34487
178; 152; 34523
179; 152; 34613
180; 152; 34748
181; 152; 34779
182; 152; 34224
183; 152; 33305
184; 152; 32848
185; 152; 32865
186; 152; 32944
187; 152; 32949
188; 152; 33008
189; 152; 33276
190; 152; 33447
191; 152; 33298
192; 152; 33089
193; 152; 33008
194; 152; 32949
195; 152; 32863
196; 152; 32856
197; 152; 32907
198; 152; 32938
199; 152; 32971
200; 152; 32952
201; 152; 32892
202; 152; 32885
203; 152; 32900
204; 152; 33023
205; 152; 33086
206; 152; 33081
207; 152; 33081
208; 152; 32998
209; 152; 32998
210; 152; 33058
211; 152; 33088
212; 152; 33029
213; 152; 32886
162; 153; 33662
163; 153; 33566
164; 153; 33388
165; 153; 33409
166; 153; 33928
167; 153; 34636
168; 153; 34742
169; 153; 34606
170; 153; 34555
171; 153; 34726
172; 153; 34919
173; 153; 34960
174; 153; 34825
175; 153; 34612
176; 153; 34468
177; 153; 34460
178; 153; 34482
179; 153; 34488
180; 153; 34625
181; 153; 34786
182; 153; 34590
183; 153; 33740
184; 153; 33063
185; 153; 32892
186; 153; 32891
187; 153; 32912
188; 153; 32987
189; 153; 33224
190; 153; 33385
191; 153; 33252
192; 153; 33036
193; 153; 32979
194; 153; 33014
195; 153; 33001
196; 153; 32974
197; 153; 32953
198; 153; 32976
199; 153; 33033
200; 153; 32980
201; 153; 32897
202; 153; 32877
203; 153; 32930
204; 153; 33047
205; 153; 33098
206; 153; 33034
207; 153; 32973
208; 153; 32952
209; 153; 32996
210; 153; 33011
211; 153; 32983
212; 153; 32919
213; 153; 32872
162; 154; 33557
163; 154; 33523
164; 154; 33292
165; 154; 33124
166; 154; 33435
167; 154; 34380
168; 154; 34761
169; 154; 34565
170; 154; 34483
171; 154; 34713
172; 154; 34945
173; 154; 34910
174; 154; 34700
175; 154; 34532
176; 154; 34500
177; 154; 34551
178; 154; 34519
179; 154; 34406
180; 154; 34461
181; 154; 34683
182; 154; 34692
183; 154; 34109
184; 154; 33347
185; 154; 33022
186; 154; 32976
187; 154; 32954
188; 154; 32954
189; 154; 33075
190; 154; 33192
191; 154; 33152
192; 154; 33047
193; 154; 33010
194; 154; 33064
195; 154; 33107
196; 154; 33068
197; 154; 32974
198; 154; 32994
199; 154; 33062
200; 154; 33079
201; 154; 33109
202; 154; 33084
203; 154; 33040
204; 154; 33029
205; 154; 33010
206; 154; 32949
207; 154; 32902
208; 154; 32931
209; 154; 32965
210; 154; 32943
211; 154; 32925
212; 154; 32910
213; 154; 32937
162; 155; 33589
163; 155; 33595
164; 155; 33365
165; 155; 33111
166; 155; 33199
167; 155; 34065
168; 155; 34841
169; 155; 34703
170; 155; 34518
171; 155; 34619
172; 155; 34831
173; 155; 34832
174; 155; 34654
175; 155; 34529
176; 155; 34541
177; 155; 34609
178; 155; 34575
179; 155; 34428
180; 155; 34399
181; 155; 34576
182; 155; 34650
183; 155; 34314
184; 155; 33603
185; 155; 33176
186; 155; 33110
187; 155; 33050
188; 155; 32986
189; 155; 32998
190; 155; 33086
191; 155; 33163
192; 155; 33149
193; 155; 33061
194; 155; 33036
195; 155; 33073
196; 155; 33044
197; 155; 32938
198; 155; 32926
199; 155; 33006
200; 155; 33137
201; 155; 33256
202; 155; 33226
203; 155; 33082
204; 155; 32982
205; 155; 32953
206; 155; 32909
207; 155; 32885
208; 155; 32930
209; 155; 32921
210; 155; 32917
211; 155; 32934
212; 155; 32882
213; 155; 32921
162; 156; 33508
163; 156; 33660
164; 156; 33614
165; 156; 33236
166; 156; 33222
167; 156; 33763
168; 156; 34701
169; 156; 34859
170; 156; 34653
171; 156; 34573
172; 156; 34738
173; 156; 34851
174; 156; 34751
175; 156; 34566
176; 156; 34483
177; 156; 34527
178; 156; 34569
179; 156; 34501
180; 156; 34433
181; 156; 34525
182; 156; 34632
183; 156; 34491
184; 156; 33856
185; 156; 33249
186; 156; 33073
187; 156; 33036
188; 156; 33006
189; 156; 32979
190; 156; 33030
191; 156; 33140
192; 156; 33167
193; 156; 33073
194; 156; 33004
195; 156; 33027
196; 156; 33021
197; 156; 32942
198; 156; 32906
199; 156; 32957
200; 156; 33049
201; 156; 33102
202; 156; 33076
203; 156; 32980
204; 156; 32935
205; 156; 32942
206; 156; 32906
207; 156; 32914
208; 156; 32950
209; 156; 32929
210; 156; 32907
211; 156; 32909
212; 156; 32872
213; 156; 32911
162; 157; 33412
163; 157; 33705
164; 157; 33966
165; 157; 33653
166; 157; 33343
167; 157; 33515
168; 157; 34289
169; 157; 34873
170; 157; 34811
171; 157; 34658
172; 157; 34725
173; 157; 34885
174; 157; 34842
175; 157; 34579
176; 157; 34371
177; 157; 34395
178; 157; 34535
179; 157; 34565
180; 157; 34477
181; 157; 34494
182; 157; 34625
183; 157; 34591
184; 157; 34033
185; 157; 33292
186; 157; 32990
187; 157; 32963
188; 157; 32953
189; 157; 32940
190; 157; 32988
191; 157; 33087
192; 157; 33126
193; 157; 33099
194; 157; 33084
195; 157; 33096
196; 157; 33067
197; 157; 32989
198; 157; 32954
199; 157; 32973
200; 157; 32991
201; 157; 32995
202; 157; 32954
203; 157; 32887
204; 157; 32888
205; 157; 32913
206; 157; 32923
207; 157; 32968
208; 157; 32980
209; 157; 32967
210; 157; 32945
211; 157; 32946
212; 157; 32948
213; 157; 32938
162; 158; 33436
163; 158; 33707
164; 158; 34086
165; 158; 33988
166; 158; 33505
167; 158; 33332
168; 158; 33781
169; 158; 34576
170; 158; 34859
171; 158; 34773
172; 158; 34707
173; 158; 34807
174; 158; 34827
175; 158; 34612
176; 158; 34375
177; 158; 34372
178; 158; 34531
179; 158; 34582
180; 158; 34485
181; 158; 34475
182; 158; 34606
183; 158; 34597
184; 158; 34151
185; 158; 33418
186; 158; 33057
187; 158; 32986
188; 158; 32946
189; 158; 32915
190; 158; 32989
191; 158; 33120
192; 158; 33182
193; 158; 33186
194; 158; 33188
195; 158; 33152
196; 158; 33051
197; 158; 32976
198; 158; 32981
199; 158; 33038
200; 158; 33089
201; 158; 33098
202; 158; 33035
203; 158; 32973
204; 158; 32963
205; 158; 32953
206; 158; 32950
207; 158; 32970
208; 158; 32963
209; 158; 32978
210; 158; 33065
211; 158; 33173
212; 158; 33140
213; 158; 33001
162; 159; 33511
163; 159; 33693
164; 159; 33978
165; 159; 34095
166; 159; 33778
167; 159; 33404
168; 159; 33524
169; 159; 34150
170; 159; 34770
171; 159; 34793
172; 159; 34688
173; 159; 34708
174; 159; 34788
175; 159; 34708
176; 159; 34513
177; 159; 34443
178; 159; 34520
179; 159; 34534
180; 159; 34439
181; 159; 34430
182; 159; 34569
183; 159; 34619
184; 159; 34276
185; 159; 33629
186; 159; 33293
187; 159; 33145
188; 159; 33034
189; 159; 32976
190; 159; 33060
191; 159; 33206
192; 159; 33264
193; 159; 33229
194; 159; 33160
195; 159; 33065
196; 159; 32993
197; 159; 33001
198; 159; 33032
199; 159; 33094
200; 159; 33173
201; 159; 33203
202; 159; 33158
203; 159; 33110
204; 159; 33083
205; 159; 33036
206; 159; 32974
207; 159; 32946
208; 159; 32953
209; 159; 32998
210; 159; 33122
211; 159; 33227
212; 159; 33145
213; 159; 32971
162; 160; 33542
163; 160; 33703
164; 160; 33886
165; 160; 34027
166; 160; 33917
167; 160; 33612
168; 160; 33509
169; 160; 33843
170; 160; 34463
171; 160; 34755
172; 160; 34759
173; 160; 34733
174; 160; 34773
175; 160; 34737
176; 160; 34569
177; 160; 34445
178; 160; 34455
179; 160; 34452
180; 160; 34358
181; 160; 34345
182; 160; 34503
183; 160; 34574
184; 160; 34338
185; 160; 33775
186; 160; 33495
187; 160; 33319
188; 160; 33158
189; 160; 33034
190; 160; 33055
191; 160; 33186
192; 160; 33257
193; 160; 33222
194; 160; 33122
195; 160; 33022
196; 160; 33007
197; 160; 33059
198; 160; 33087
199; 160; 33107
200; 160; 33136
201; 160; 33147
202; 160; 33129
203; 160; 33125
204; 160; 33141
205; 160; 33115
206; 160; 33040
207; 160; 33012
208; 160; 33050
209; 160; 33090
210; 160; 33102
211; 160; 33074
212; 160; 32986
213; 160; 32892
162; 161; 33639
163; 161; 33829
164; 161; 33883
165; 161; 33876
166; 161; 33906
167; 161; 33811
168; 161; 33599
169; 161; 33634
170; 161; 34045
171; 161; 34662
172; 161; 34859
173; 161; 34846
174; 161; 34753
175; 161; 34632
176; 161; 34486
177; 161; 34405
178; 161; 34419
179; 161; 34407
180; 161; 34311
181; 161; 34301
182; 161; 34463
183; 161; 34547
184; 161; 34332
185; 161; 33773
186; 161; 33495
187; 161; 33376
188; 161; 33235
189; 161; 33058
190; 161; 33002
191; 161; 33100
192; 161; 33223
193; 161; 33267
194; 161; 33215
195; 161; 33142
196; 161; 33117
197; 161; 33151
198; 161; 33175
199; 161; 33149
200; 161; 33116
201; 161; 33084
202; 161; 33055
203; 161; 33066
204; 161; 33118
205; 161; 33142
206; 161; 33117
207; 161; 33127
208; 161; 33184
209; 161; 33184
210; 161; 33066
211; 161; 32951
212; 161; 32939
213; 161; 32963
162; 162; 33772
163; 162; 33925
164; 162; 33873
165; 162; 33787
166; 162; 33872
167; 162; 33902
168; 162; 33679
169; 162; 33556
170; 162; 33766
171; 162; 34386
172; 162; 34806
173; 162; 34881
174; 162; 34749
175; 162; 34565
176; 162; 34471
177; 162; 34482
178; 162; 34519
179; 162; 34475
180; 162; 34355
181; 162; 34338
182; 162; 34499
183; 162; 34605
184; 162; 34404
185; 162; 33781
186; 162; 33428
187; 162; 33381
188; 162; 33368
189; 162; 33230
190; 162; 33141
191; 162; 33186
192; 162; 33283
193; 162; 33370
194; 162; 33368
195; 162; 33305
196; 162; 33218
197; 162; 33169
198; 162; 33193
199; 162; 33210
200; 162; 33191
201; 162; 33123
202; 162; 33035
203; 162; 33007
204; 162; 33053
205; 162; 33116
206; 162; 33145
207; 162; 33172
208; 162; 33200
209; 162; 33146
210; 162; 33001
211; 162; 32928
212; 162; 33019
213; 162; 33184
162; 163; 33787
163; 163; 33903
164; 163; 33879
165; 163; 33827
166; 163; 33883
167; 163; 33908
168; 163; 33764
169; 163; 33627
170; 163; 33701
171; 163; 34004
172; 163; 34495
173; 163; 34759
174; 163; 34761
175; 163; 34645
176; 163; 34587
177; 163; 34637
178; 163; 34683
179; 163; 34611
180; 163; 34487
181; 163; 34493
182; 163; 34643
183; 163; 34728
184; 163; 34452
185; 163; 33807
186; 163; 33446
187; 163; 33480
188; 163; 33700
189; 163; 33723
190; 163; 33600
191; 163; 33484
192; 163; 33460
193; 163; 33425
194; 163; 33391
195; 163; 33350
196; 163; 33249
197; 163; 33151
198; 163; 33175
199; 163; 33258
200; 163; 33272
201; 163; 33174
202; 163; 33035
203; 163; 32980
204; 163; 33016
205; 163; 33070
206; 163; 33103
207; 163; 33126
208; 163; 33133
209; 163; 33070
210; 163; 32964
211; 163; 32946
212; 163; 33113
213; 163; 33321
162; 164; 33781
163; 164; 33920
164; 164; 33968
165; 164; 33919
166; 164; 33871
167; 164; 33852
168; 164; 33830
169; 164; 33791
170; 164; 33764
171; 164; 33799
172; 164; 33995
173; 164; 34459
174; 164; 34720
175; 164; 34743
176; 164; 34695
177; 164; 34682
178; 164; 34668
179; 164; 34620
180; 164; 34608
181; 164; 34683
182; 164; 34732
183; 164; 34627
184; 164; 34175
185; 164; 33673
186; 164; 33534
187; 164; 33672
188; 164; 33926
189; 164; 34047
190; 164; 34000
191; 164; 33875
192; 164; 33651
193; 164; 33449
194; 164; 33332
195; 164; 33335
196; 164; 33316
197; 164; 33247
198; 164; 33237
199; 164; 33283
200; 164; 33251
201; 164; 33117
202; 164; 32998
203; 164; 32990
204; 164; 33033
205; 164; 33042
206; 164; 33055
207; 164; 33099
208; 164; 33116
209; 164; 33057
210; 164; 32974
211; 164; 32997
212; 164; 33191
213; 164; 33368
162; 165; 33840
163; 165; 33970
164; 165; 33995
165; 165; 33894
166; 165; 33793
167; 165; 33791
168; 165; 33876
169; 165; 33892
170; 165; 33794
171; 165; 33680
172; 165; 33634
173; 165; 33945
174; 165; 34500
175; 165; 34757
176; 165; 34727
177; 165; 34581
178; 165; 34472
179; 165; 34509
180; 165; 34670
181; 165; 34782
182; 165; 34681
183; 165; 34205
184; 165; 33666
185; 165; 33492
186; 165; 33598
187; 165; 33872
188; 165; 34084
189; 165; 34167
190; 165; 34184
191; 165; 34196
192; 165; 34022
193; 165; 33590
194; 165; 33349
195; 165; 33349
196; 165; 33399
197; 165; 33391
198; 165; 33344
199; 165; 33289
200; 165; 33178
201; 165; 33033
202; 165; 32990
203; 165; 33057
204; 165; 33094
205; 165; 33055
206; 165; 33049
207; 165; 33104
208; 165; 33145
209; 165; 33107
210; 165; 33066
211; 165; 33129
212; 165; 33275
213; 165; 33516
162; 166; 33919
163; 166; 33949
164; 166; 33848
165; 166; 33729
166; 166; 33724
167; 166; 33799
168; 166; 33869
169; 166; 33842
170; 166; 33745
171; 166; 33619
172; 166; 33491
173; 166; 33524
174; 166; 34009
175; 166; 34563
176; 166; 34684
177; 166; 34524
178; 166; 34423
179; 166; 34545
180; 166; 34762
181; 166; 34800
182; 166; 34424
183; 166; 33760
184; 166; 33413
185; 166; 33437
186; 166; 33718
187; 166; 34058
188; 166; 34207
189; 166; 34260
190; 166; 34331
191; 166; 34447
192; 166; 34335
193; 166; 33919
194; 166; 33471
195; 166; 33338
196; 166; 33352
197; 166; 33372
198; 166; 33326
199; 166; 33221
200; 166; 33094
201; 166; 33015
202; 166; 33040
203; 166; 33135
204; 166; 33144
205; 166; 33073
206; 166; 33052
207; 166; 33095
208; 166; 33150
209; 166; 33159
210; 166; 33172
211; 166; 33267
212; 166; 33429
213; 166; 33755
162; 167; 33885
163; 167; 33846
164; 167; 33686
165; 167; 33593
166; 167; 33693
167; 167; 33832
168; 167; 33810
169; 167; 33670
170; 167; 33607
171; 167; 33609
172; 167; 33486
173; 167; 33358
174; 167; 33510
175; 167; 34013
176; 167; 34419
177; 167; 34519
178; 167; 34612
179; 167; 34751
180; 167; 34840
181; 167; 34596
182; 167; 34042
183; 167; 33623
184; 167; 33482
185; 167; 33602
186; 167; 33941
187; 167; 34190
188; 167; 34315
189; 167; 34357
190; 167; 34417
191; 167; 34506
192; 167; 34410
193; 167; 34096
194; 167; 33551
195; 167; 33256
196; 167; 33225
197; 167; 33246
198; 167; 33211
199; 167; 33122
200; 167; 33057
201; 167; 33056
202; 167; 33103
203; 167; 33169
204; 167; 33172
205; 167; 33116
206; 167; 33090
207; 167; 33096
208; 167; 33110
209; 167; 33131
210; 167; 33193
211; 167; 33313
212; 167; 33606
213; 167; 34030
162; 168; 33771
163; 168; 33755
164; 168; 33637
165; 168; 33596
166; 168; 33714
167; 168; 33812
168; 168; 33737
169; 168; 33588
170; 168; 33570
171; 168; 33638
172; 168; 33577
173; 168; 33369
174; 168; 33298
175; 168; 33454
176; 168; 33780
177; 168; 34221
178; 168; 34608
179; 168; 34764
180; 168; 34526
181; 168; 34018
182; 168; 33716
183; 168; 33615
184; 168; 33603
185; 168; 33789
186; 168; 34118
187; 168; 34268
188; 168; 34384
189; 168; 34421
190; 168; 34400
191; 168; 34402
192; 168; 34348
193; 168; 34101
194; 168; 33523
195; 168; 33176
196; 168; 33132
197; 168; 33169
198; 168; 33153
199; 168; 33098
200; 168; 33090
201; 168; 33121
202; 168; 33146
203; 168; 33146
204; 168; 33135
205; 168; 33138
206; 168; 33144
207; 168; 33120
208; 168; 33083
209; 168; 33095
210; 168; 33165
211; 168; 33458
212; 168; 33932
213; 168; 34271
162; 169; 33723
163; 169; 33713
164; 169; 33652
165; 169; 33673
166; 169; 33770
167; 169; 33780
168; 169; 33677
169; 169; 33609
170; 169; 33631
171; 169; 33630
172; 169; 33581
173; 169; 33493
174; 169; 33349
175; 169; 33283
176; 169; 33263
177; 169; 33525
178; 169; 34039
179; 169; 34196
180; 169; 33859
181; 169; 33501
182; 169; 33450
183; 169; 33517
184; 169; 33676
185; 169; 33974
186; 169; 34224
187; 169; 34358
188; 169; 34436
189; 169; 34418
190; 169; 34310
191; 169; 34292
192; 169; 34325
193; 169; 34157
194; 169; 33555
195; 169; 33111
196; 169; 33063
197; 169; 33134
198; 169; 33151
199; 169; 33129
200; 169; 33152
201; 169; 33178
202; 169; 33145
203; 169; 33080
204; 169; 33043
205; 169; 33084
206; 169; 33140
207; 169; 33148
208; 169; 33129
209; 169; 33155
210; 169; 33336
211; 169; 33779
212; 169; 34230
213; 169; 34423
162; 170; 33740
163; 170; 33662
164; 170; 33634
165; 170; 33705
166; 170; 33811
167; 170; 33780
168; 170; 33643
169; 170; 33620
170; 170; 33660
171; 170; 33584
172; 170; 33497
173; 170; 33560
174; 170; 33584
175; 170; 33416
176; 170; 33209
177; 170; 33158
178; 170; 33396
179; 170; 33645
180; 170; 33407
181; 170; 33238
182; 170; 33293
183; 170; 33503
184; 170; 33824
185; 170; 34167
186; 170; 34389
187; 170; 34499
188; 170; 34486
189; 170; 34358
190; 170; 34228
191; 170; 34286
192; 170; 34393
193; 170; 34235
194; 170; 33579
195; 170; 33074
196; 170; 33020
197; 170; 33093
198; 170; 33108
199; 170; 33099
200; 170; 33136
201; 170; 33161
202; 170; 33101
203; 170; 33011
204; 170; 32975
205; 170; 33008
206; 170; 33076
207; 170; 33152
208; 170; 33221
209; 170; 33329
210; 170; 33586
211; 170; 34042
212; 170; 34368
213; 170; 34454
162; 171; 33826
163; 171; 33697
164; 171; 33651
165; 171; 33733
166; 171; 33854
167; 171; 33814
168; 171; 33649
169; 171; 33596
170; 171; 33609
171; 171; 33521
172; 171; 33434
173; 171; 33555
174; 171; 33710
175; 171; 33575
176; 171; 33252
177; 171; 33075
178; 171; 33192
179; 171; 33377
180; 171; 33305
181; 171; 33218
182; 171; 33381
183; 171; 33751
184; 171; 34053
185; 171; 34288
186; 171; 34494
187; 171; 34580
188; 171; 34480
189; 171; 34281
190; 171; 34203
191; 171; 34322
192; 171; 34393
193; 171; 34153
194; 171; 33487
195; 171; 33052
196; 171; 33030
197; 171; 33074
198; 171; 33065
199; 171; 33045
200; 171; 33057
201; 171; 33079
202; 171; 33063
203; 171; 33009
204; 171; 32963
205; 171; 32967
206; 171; 33050
207; 171; 33170
208; 171; 33289
209; 171; 33427
210; 171; 33745
211; 171; 34154
212; 171; 34374
213; 171; 34457
162; 172; 33904
163; 172; 33836
164; 172; 33804
165; 172; 33848
166; 172; 33887
167; 172; 33799
168; 172; 33640
169; 172; 33567
170; 172; 33584
171; 172; 33561
172; 172; 33480
173; 172; 33521
174; 172; 33630
175; 172; 33500
176; 172; 33175
177; 172; 33003
178; 172; 33138
179; 172; 33325
180; 172; 33294
181; 172; 33257
182; 172; 33493
183; 172; 33980
184; 172; 34179
185; 172; 34308
186; 172; 34464
187; 172; 34531
188; 172; 34416
189; 172; 34232
190; 172; 34236
191; 172; 34372
192; 172; 34378
193; 172; 33941
194; 172; 33343
195; 172; 33115
196; 172; 33117
197; 172; 33114
198; 172; 33075
199; 172; 33040
200; 172; 33010
201; 172; 33012
202; 172; 33051
203; 172; 33059
204; 172; 33039
205; 172; 33046
206; 172; 33111
207; 172; 33197
208; 172; 33299
209; 172; 33476
210; 172; 33852
211; 172; 34241
212; 172; 34446
213; 172; 34519
162; 173; 33872
163; 173; 33870
164; 173; 33876
165; 173; 33872
166; 173; 33831
167; 173; 33697
168; 173; 33537
169; 173; 33501
170; 173; 33580
171; 173; 33620
172; 173; 33577
173; 173; 33550
174; 173; 33535
175; 173; 33357
176; 173; 33099
177; 173; 32979
178; 173; 33114
179; 173; 33278
180; 173; 33238
181; 173; 33190
182; 173; 33446
183; 173; 34011
184; 173; 34267
185; 173; 34331
186; 173; 34418
187; 173; 34485
188; 173; 34379
189; 173; 34231
190; 173; 34318
191; 173; 34471
192; 173; 34328
193; 173; 33686
194; 173; 33232
195; 173; 33189
196; 173; 33209
197; 173; 33161
198; 173; 33114
199; 173; 33080
200; 173; 33013
201; 173; 32966
202; 173; 33016
203; 173; 33091
204; 173; 33106
205; 173; 33111
206; 173; 33147
207; 173; 33193
208; 173; 33283
209; 173; 33532
210; 173; 33994
211; 173; 34378
212; 173; 34547
213; 173; 34582
162; 174; 33784
163; 174; 33720
164; 174; 33748
165; 174; 33751
166; 174; 33712
167; 174; 33613
168; 174; 33490
169; 174; 33481
170; 174; 33554
171; 174; 33618
172; 174; 33655
173; 174; 33656
174; 174; 33604
175; 174; 33393
176; 174; 33108
177; 174; 33009
178; 174; 33110
179; 174; 33188
180; 174; 33143
181; 174; 33136
182; 174; 33414
183; 174; 34000
184; 174; 34299
185; 174; 34380
186; 174; 34494
187; 174; 34572
188; 174; 34426
189; 174; 34269
190; 174; 34406
191; 174; 34542
192; 174; 34248
193; 174; 33515
194; 174; 33193
195; 174; 33208
196; 174; 33191
197; 174; 33099
198; 174; 33104
199; 174; 33116
200; 174; 33038
201; 174; 32960
202; 174; 33002
203; 174; 33083
204; 174; 33098
205; 174; 33120
206; 174; 33153
207; 174; 33185
208; 174; 33280
209; 174; 33661
210; 174; 34206
211; 174; 34500
212; 174; 34556
213; 174; 34514
162; 175; 33735
163; 175; 33608
164; 175; 33607
165; 175; 33642
166; 175; 33661
167; 175; 33636
168; 175; 33597
169; 175; 33558
170; 175; 33552
171; 175; 33590
172; 175; 33690
173; 175; 33768
174; 175; 33751
175; 175; 33583
176; 175; 33314
177; 175; 33138
178; 175; 33104
179; 175; 33148
180; 175; 33198
181; 175; 33270
182; 175; 33560
183; 175; 34019
184; 175; 34330
185; 175; 34453
186; 175; 34629
187; 175; 34714
188; 175; 34514
189; 175; 34335
190; 175; 34473
191; 175; 34546
192; 175; 34072
193; 175; 33366
194; 175; 33202
195; 175; 33230
196; 175; 33123
197; 175; 32981
198; 175; 33035
199; 175; 33118
200; 175; 33065
201; 175; 32998
202; 175; 33039
203; 175; 33071
204; 175; 33069
205; 175; 33131
206; 175; 33182
207; 175; 33199
208; 175; 33351
209; 175; 33845
210; 175; 34430
211; 175; 34616
212; 175; 34526
213; 175; 34412
162; 176; 33766
163; 176; 33626
164; 176; 33567
165; 176; 33599
166; 176; 33654
167; 176; 33721
168; 176; 33765
169; 176; 33688
170; 176; 33604
171; 176; 33603
172; 176; 33697
173; 176; 33780
174; 176; 33785
175; 176; 33694
176; 176; 33474
177; 176; 33210
178; 176; 33085
179; 176; 33170
180; 176; 33320
181; 176; 33456
182; 176; 33713
183; 176; 34035
184; 176; 34321
185; 176; 34489
186; 176; 34685
187; 176; 34739
188; 176; 34564
189; 176; 34414
190; 176; 34509
191; 176; 34472
192; 176; 33834
193; 176; 33282
194; 176; 33260
195; 176; 33304
196; 176; 33121
197; 176; 32943
198; 176; 33000
199; 176; 33120
200; 176; 33105
201; 176; 33070
202; 176; 33102
203; 176; 33076
204; 176; 33032
205; 176; 33119
206; 176; 33217
207; 176; 33254
208; 176; 33468
209; 176; 34071
210; 176; 34612
211; 176; 34672
212; 176; 34536
213; 176; 34434
162; 177; 33729
163; 177; 33673
164; 177; 33599
165; 177; 33543
166; 177; 33568
167; 177; 33708
168; 177; 33823
169; 177; 33773
170; 177; 33693
171; 177; 33681
172; 177; 33707
173; 177; 33750
174; 177; 33752
175; 177; 33666
176; 177; 33441
177; 177; 33175
178; 177; 33081
179; 177; 33180
180; 177; 33308
181; 177; 33425
182; 177; 33659
183; 177; 33987
184; 177; 34288
185; 177; 34420
186; 177; 34533
187; 177; 34602
188; 177; 34464
189; 177; 34403
190; 177; 34474
191; 177; 34328
192; 177; 33721
193; 177; 33352
194; 177; 33373
195; 177; 33410
196; 177; 33209
197; 177; 33031
198; 177; 33052
199; 177; 33121
200; 177; 33105
201; 177; 33089
202; 177; 33101
203; 177; 33048
204; 177; 33001
205; 177; 33122
206; 177; 33265
207; 177; 33316
208; 177; 33623
209; 177; 34278
210; 177; 34722
211; 177; 34694
212; 177; 34566
213; 177; 34528
162; 178; 33634
163; 178; 33678
164; 178; 33616
165; 178; 33496
166; 178; 33481
167; 178; 33617
168; 178; 33751
169; 178; 33774
170; 178; 33751
171; 178; 33729
172; 178; 33715
173; 178; 33767
174; 178; 33766
175; 178; 33616
176; 178; 33358
177; 178; 33136
178; 178; 33119
179; 178; 33198
180; 178; 33219
181; 178; 33214
182; 178; 33328
183; 178; 33761
184; 178; 34114
185; 178; 34234
186; 178; 34233
187; 178; 34227
188; 178; 34203
189; 178; 34201
190; 178; 34222
191; 178; 34064
192; 178; 33671
193; 178; 33482
194; 178; 33480
195; 178; 33479
196; 178; 33321
197; 178; 33178
198; 178; 33140
199; 178; 33111
200; 178; 33063
201; 178; 33040
202; 178; 33027
203; 178; 32979
204; 178; 33012
205; 178; 33194
206; 178; 33359
207; 178; 33441
208; 178; 33819
209; 178; 34484
210; 178; 34795
211; 178; 34697
212; 178; 34562
213; 178; 34555
162; 179; 33637
163; 179; 33673
164; 179; 33651
165; 179; 33558
166; 179; 33541
167; 179; 33630
168; 179; 33731
169; 179; 33789
170; 179; 33763
171; 179; 33648
172; 179; 33620
173; 179; 33793
174; 179; 33891
175; 179; 33707
176; 179; 33389
177; 179; 33191
178; 179; 33216
179; 179; 33261
180; 179; 33170
181; 179; 33111
182; 179; 33124
183; 179; 33398
184; 179; 33835
185; 179; 33967
186; 179; 33953
187; 179; 33951
188; 179; 33967
189; 179; 33928
190; 179; 33823
191; 179; 33705
192; 179; 33598
193; 179; 33527
194; 179; 33495
195; 179; 33444
196; 179; 33338
197; 179; 33255
198; 179; 33204
199; 179; 33137
200; 179; 33089
201; 179; 33081
202; 179; 33028
203; 179; 32954
204; 179; 33040
205; 179; 33274
206; 179; 33439
207; 179; 33529
208; 179; 33982
209; 179; 34669
210; 179; 34897
211; 179; 34725
212; 179; 34575
213; 179; 34551
162; 180; 33747
163; 180; 33748
164; 180; 33749
165; 180; 33672
166; 180; 33622
167; 180; 33657
168; 180; 33736
169; 180; 33801
170; 180; 33768
171; 180; 33594
172; 180; 33507
173; 180; 33730
174; 180; 33969
175; 180; 33867
176; 180; 33539
177; 180; 33306
178; 180; 33298
179; 180; 33327
180; 180; 33213
181; 180; 33087
182; 180; 33073
183; 180; 33289
184; 180; 33661
185; 180; 33873
186; 180; 33869
187; 180; 33874
188; 180; 33916
189; 180; 33858
190; 180; 33688
191; 180; 33530
192; 180; 33465
193; 180; 33477
194; 180; 33434
195; 180; 33322
196; 180; 33228
197; 180; 33214
198; 180; 33218
199; 180; 33194
200; 180; 33203
201; 180; 33247
202; 180; 33168
203; 180; 33024
204; 180; 33065
205; 180; 33281
206; 180; 33403
207; 180; 33538
208; 180; 34084
209; 180; 34775
210; 180; 34907
211; 180; 34750
212; 180; 34631
213; 180; 34599
162; 181; 33750
163; 181; 33763
164; 181; 33764
165; 181; 33664
166; 181; 33582
167; 181; 33592
168; 181; 33652
169; 181; 33721
170; 181; 33729
171; 181; 33604
172; 181; 33490
173; 181; 33657
174; 181; 33943
175; 181; 33957
176; 181; 33689
177; 181; 33432
178; 181; 33354
179; 181; 33368
180; 181; 33340
181; 181; 33254
182; 181; 33236
183; 181; 33414
184; 181; 33739
185; 181; 33859
186; 181; 33845
187; 181; 33861
188; 181; 33911
189; 181; 33843
190; 181; 33626
191; 181; 33405
192; 181; 33327
193; 181; 33384
194; 181; 33381
195; 181; 33238
196; 181; 33121
197; 181; 33132
198; 181; 33205
199; 181; 33242
200; 181; 33282
201; 181; 33328
202; 181; 33224
203; 181; 33045
204; 181; 33054
205; 181; 33211
206; 181; 33300
207; 181; 33556
208; 181; 34224
209; 181; 34812
210; 181; 34827
211; 181; 34668
212; 181; 34639
213; 181; 34663
162; 182; 33462
163; 182; 33543
164; 182; 33592
165; 182; 33527
166; 182; 33497
167; 182; 33547
168; 182; 33571
169; 182; 33609
170; 182; 33687
171; 182; 33649
172; 182; 33538
173; 182; 33638
174; 182; 33906
175; 182; 33996
176; 182; 33818
177; 182; 33584
178; 182; 33457
179; 182; 33413
180; 182; 33402
181; 182; 33417
182; 182; 33464
183; 182; 33599
184; 182; 33721
185; 182; 33748
186; 182; 33740
187; 182; 33795
188; 182; 33837
189; 182; 33722
190; 182; 33491
191; 182; 33271
192; 182; 33203
193; 182; 33309
194; 182; 33382
195; 182; 33261
196; 182; 33108
197; 182; 33110
198; 182; 33212
199; 182; 33251
200; 182; 33246
201; 182; 33216
202; 182; 33093
203; 182; 32994
204; 182; 33065
205; 182; 33201
206; 182; 33298
207; 182; 33665
208; 182; 34398
209; 182; 34834
210; 182; 34704
211; 182; 34540
212; 182; 34602
213; 182; 34700
162; 183; 33158
163; 183; 33310
164; 183; 33397
165; 183; 33409
166; 183; 33464
167; 183; 33557
168; 183; 33574
169; 183; 33607
170; 183; 33749
171; 183; 33787
172; 183; 33653
173; 183; 33653
174; 183; 33886
175; 183; 34036
176; 183; 33916
177; 183; 33719
178; 183; 33592
179; 183; 33494
180; 183; 33417
181; 183; 33438
182; 183; 33549
183; 183; 33649
184; 183; 33640
185; 183; 33577
186; 183; 33619
187; 183; 33737
188; 183; 33759
189; 183; 33599
190; 183; 33380
191; 183; 33204
192; 183; 33163
193; 183; 33280
194; 183; 33373
195; 183; 33289
196; 183; 33156
197; 183; 33158
198; 183; 33253
199; 183; 33276
200; 183; 33219
201; 183; 33102
202; 183; 32968
203; 183; 32975
204; 183; 33129
205; 183; 33266
206; 183; 33368
207; 183; 33817
208; 183; 34550
209; 183; 34857
210; 183; 34692
211; 183; 34558
212; 183; 34643
213; 183; 34741
162; 184; 33058
163; 184; 33196
164; 184; 33289
165; 184; 33336
166; 184; 33450
167; 184; 33585
168; 184; 33615
169; 184; 33680
170; 184; 33875
171; 184; 33977
172; 184; 33820
173; 184; 33706
174; 184; 33889
175; 184; 34075
176; 184; 33969
177; 184; 33763
178; 184; 33659
179; 184; 33581
180; 184; 33471
181; 184; 33467
182; 184; 33620
183; 184; 33737
184; 184; 33669
185; 184; 33557
186; 184; 33620
187; 184; 33766
188; 184; 33776
189; 184; 33637
190; 184; 33475
191; 184; 33352
192; 184; 33306
193; 184; 33343
194; 184; 33339
195; 184; 33224
196; 184; 33137
197; 184; 33179
198; 184; 33294
199; 184; 33338
200; 184; 33268
201; 184; 33106
202; 184; 32960
203; 184; 33014
204; 184; 33209
205; 184; 33340
206; 184; 33433
207; 184; 33931
208; 184; 34635
209; 184; 34898
210; 184; 34801
211; 184; 34727
212; 184; 34763
213; 184; 34784
162; 185; 33135
163; 185; 33171
164; 185; 33191
165; 185; 33168
166; 185; 33228
167; 185; 33395
168; 185; 33516
169; 185; 33619
170; 185; 33856
171; 185; 34075
172; 185; 34006
173; 185; 33858
174; 185; 33937
175; 185; 34046
176; 185; 33935
177; 185; 33753
178; 185; 33688
179; 185; 33655
180; 185; 33573
181; 185; 33598
182; 185; 33768
183; 185; 33873
184; 185; 33805
185; 185; 33704
186; 185; 33716
187; 185; 33785
188; 185; 33796
189; 185; 33745
190; 185; 33679
191; 185; 33619
192; 185; 33575
193; 185; 33502
194; 185; 33339
195; 185; 33125
196; 185; 33037
197; 185; 33134
198; 185; 33285
199; 185; 33334
200; 185; 33267
201; 185; 33122
202; 185; 32997
203; 185; 33052
204; 185; 33260
205; 185; 33413
206; 185; 33552
207; 185; 34104
208; 185; 34717
209; 185; 34886
210; 185; 34870
211; 185; 34877
212; 185; 34871
213; 185; 34821
162; 186; 33178
163; 186; 33150
164; 186; 33133
165; 186; 33122
166; 186; 33084
167; 186; 33126
168; 186; 33260
169; 186; 33328
170; 186; 33545
171; 186; 33923
172; 186; 34111
173; 186; 34069
174; 186; 34018
175; 186; 33973
176; 186; 33849
177; 186; 33734
178; 186; 33710
179; 186; 33691
180; 186; 33654
181; 186; 33701
182; 186; 33816
183; 186; 33884
184; 186; 33862
185; 186; 33818
186; 186; 33794
187; 186; 33762
188; 186; 33739
189; 186; 33742
190; 186; 33751
191; 186; 33763
192; 186; 33774
193; 186; 33673
194; 186; 33397
195; 186; 33095
196; 186; 32984
197; 186; 33089
198; 186; 33228
199; 186; 33234
200; 186; 33121
201; 186; 32990
202; 186; 32971
203; 186; 33068
204; 186; 33248
205; 186; 33407
206; 186; 33726
207; 186; 34397
208; 186; 34856
209; 186; 34880
210; 186; 34861
211; 186; 34930
212; 186; 34927
213; 186; 34866
162; 187; 33102
163; 187; 33109
164; 187; 33181
165; 187; 33222
166; 187; 33158
167; 187; 33128
168; 187; 33153
169; 187; 33128
170; 187; 33272
171; 187; 33640
172; 187; 33970
173; 187; 34081
174; 187; 34031
175; 187; 33933
176; 187; 33831
177; 187; 33768
178; 187; 33733
179; 187; 33683
180; 187; 33656
181; 187; 33674
182; 187; 33697
183; 187; 33751
184; 187; 33794
185; 187; 33803
186; 187; 33780
187; 187; 33698
188; 187; 33646
189; 187; 33652
190; 187; 33698
191; 187; 33768
192; 187; 33809
193; 187; 33682
194; 187; 33379
195; 187; 33097
196; 187; 33025
197; 187; 33134
198; 187; 33244
199; 187; 33195
200; 187; 33001
201; 187; 32907
202; 187; 32950
203; 187; 33114
204; 187; 33250
205; 187; 33376
206; 187; 33899
207; 187; 34688
208; 187; 34994
209; 187; 34879
210; 187; 34832
211; 187; 34939
212; 187; 34965
213; 187; 34926
162; 188; 33086
163; 188; 33176
164; 188; 33346
165; 188; 33422
166; 188; 33379
167; 188; 33363
168; 188; 33367
169; 188; 33325
170; 188; 33339
171; 188; 33479
172; 188; 33653
173; 188; 33798
174; 188; 33888
175; 188; 33919
176; 188; 33912
177; 188; 33867
178; 188; 33769
179; 188; 33645
180; 188; 33580
181; 188; 33595
182; 188; 33605
183; 188; 33630
184; 188; 33671
185; 188; 33710
186; 188; 33701
187; 188; 33617
188; 188; 33572
189; 188; 33612
190; 188; 33706
191; 188; 33788
192; 188; 33756
193; 188; 33533
194; 188; 33236
195; 188; 33076
196; 188; 33142
197; 188; 33302
198; 188; 33402
199; 188; 33312
200; 188; 33054
201; 188; 32930
202; 188; 32989
203; 188; 33223
204; 188; 33315
205; 188; 33384
206; 188; 34046
207; 188; 34910
208; 188; 35108
209; 188; 34886
210; 188; 34826
211; 188; 34947
212; 188; 34983
213; 188; 34969
162; 189; 33181
163; 189; 33289
164; 189; 33460
165; 189; 33547
166; 189; 33502
167; 189; 33466
168; 189; 33520
169; 189; 33558
170; 189; 33510
171; 189; 33426
172; 189; 33406
173; 189; 33515
174; 189; 33713
175; 189; 33872
176; 189; 33912
177; 189; 33856
178; 189; 33727
179; 189; 33579
180; 189; 33518
181; 189; 33594
182; 189; 33684
183; 189; 33677
184; 189; 33619
185; 189; 33588
186; 189; 33572
187; 189; 33558
188; 189; 33584
189; 189; 33683
190; 189; 33799
191; 189; 33846
192; 189; 33718
193; 189; 33406
194; 189; 33120
195; 189; 33100
196; 189; 33289
197; 189; 33468
198; 189; 33540
199; 189; 33432
200; 189; 33149
201; 189; 32970
202; 189; 33109
203; 189; 33362
204; 189; 33401
205; 189; 33433
206; 189; 34170
207; 189; 35026
208; 189; 35114
209; 189; 34889
210; 189; 34837
211; 189; 34943
212; 189; 34977
213; 189; 35011
162; 190; 33229
163; 190; 33305
164; 190; 33438
165; 190; 33532
166; 190; 33479
167; 190; 33380
168; 190; 33416
169; 190; 33557
170; 190; 33603
171; 190; 33462
172; 190; 33352
173; 190; 33465
174; 190; 33668
175; 190; 33770
176; 190; 33725
177; 190; 33611
178; 190; 33521
179; 190; 33458
180; 190; 33462
181; 190; 33597
182; 190; 33751
183; 190; 33748
184; 190; 33595
185; 190; 33447
186; 190; 33418
187; 190; 33503
188; 190; 33666
189; 190; 33807
190; 190; 33855
191; 190; 33822
192; 190; 33663
193; 190; 33364
194; 190; 33137
195; 190; 33193
196; 190; 33395
197; 190; 33502
198; 190; 33478
199; 190; 33354
200; 190; 33133
201; 190; 33022
202; 190; 33176
203; 190; 33408
204; 190; 33416
205; 190; 33515
206; 190; 34351
207; 190; 35073
208; 190; 35085
209; 190; 34893
210; 190; 34884
211; 190; 34975
212; 190; 35007
213; 190; 35093
162; 191; 33149
163; 191; 33207
164; 191; 33355
165; 191; 33497
166; 191; 33478
167; 191; 33337
168; 191; 33279
169; 191; 33398
170; 191; 33504
171; 191; 33463
172; 191; 33466
173; 191; 33621
174; 191; 33720
175; 191; 33644
176; 191; 33482
177; 191; 33341
178; 191; 33319
179; 191; 33362
180; 191; 33419
181; 191; 33517
182; 191; 33641
183; 191; 33679
184; 191; 33562
185; 191; 33385
186; 191; 33317
187; 191; 33475
188; 191; 33762
189; 191; 33894
190; 191; 33801
191; 191; 33658
192; 191; 33519
193; 191; 33323
194; 191; 33175
195; 191; 33224
196; 191; 33361
197; 191; 33373
198; 191; 33270
199; 191; 33152
200; 191; 33021
201; 191; 33006
202; 191; 33135
203; 191; 33303
204; 191; 33324
205; 191; 33653
206; 191; 34561
207; 191; 35121
208; 191; 35038
209; 191; 34889
210; 191; 34948
211; 191; 35033
212; 191; 35059
213; 191; 35169
162; 192; 33115
163; 192; 33111
164; 192; 33227
165; 192; 33436
166; 192; 33521
167; 192; 33416
168; 192; 33289
169; 192; 33288
170; 192; 33347
171; 192; 33409
172; 192; 33545
173; 192; 33726
174; 192; 33760
175; 192; 33591
176; 192; 33375
177; 192; 33281
178; 192; 33373
179; 192; 33507
180; 192; 33530
181; 192; 33472
182; 192; 33494
183; 192; 33621
184; 192; 33651
185; 192; 33488
186; 192; 33346
187; 192; 33466
188; 192; 33749
189; 192; 33852
190; 192; 33673
191; 192; 33446
192; 192; 33301
193; 192; 33179
194; 192; 33110
195; 192; 33171
196; 192; 33243
197; 192; 33200
198; 192; 33103
199; 192; 33031
200; 192; 32967
201; 192; 32993
202; 192; 33091
203; 192; 33195
204; 192; 33270
205; 192; 33895
206; 192; 34829
207; 192; 35184
208; 192; 35004
209; 192; 34887
210; 192; 34975
211; 192; 35037
212; 192; 35044
213; 192; 35151
162; 193; 33171
163; 193; 33065
164; 193; 33111
165; 193; 33358
166; 193; 33530
167; 193; 33476
168; 193; 33361
169; 193; 33341
170; 193; 33356
171; 193; 33367
172; 193; 33469
173; 193; 33649
174; 193; 33717
175; 193; 33594
176; 193; 33433
177; 193; 33435
178; 193; 33604
179; 193; 33745
180; 193; 33694
181; 193; 33535
182; 193; 33500
183; 193; 33670
184; 193; 33796
185; 193; 33662
186; 193; 33435
187; 193; 33420
188; 193; 33598
189; 193; 33688
190; 193; 33549
191; 193; 33311
192; 193; 33126
193; 193; 33047
194; 193; 33109
195; 193; 33207
196; 193; 33222
197; 193; 33155
198; 193; 33091
199; 193; 33052
200; 193; 32999
201; 193; 32992
202; 193; 33064
203; 193; 33144
204; 193; 33344
205; 193; 34139
206; 193; 35040
207; 193; 35213
208; 193; 35009
209; 193; 34902
210; 193; 34967
211; 193; 34972
212; 193; 34965
213; 193; 35084
162; 194; 33170
163; 194; 33129
164; 194; 33187
165; 194; 33388
166; 194; 33557
167; 194; 33546
168; 194; 33499
169; 194; 33517
170; 194; 33464
171; 194; 33326
172; 194; 33338
173; 194; 33527
174; 194; 33636
175; 194; 33544
176; 194; 33423
177; 194; 33481
178; 194; 33646
179; 194; 33713
180; 194; 33660
181; 194; 33606
182; 194; 33629
183; 194; 33738
184; 194; 33785
185; 194; 33644
186; 194; 33422
187; 194; 33344
188; 194; 33475
189; 194; 33588
190; 194; 33497
191; 194; 33263
192; 194; 33068
193; 194; 33051
194; 194; 33218
195; 194; 33356
196; 194; 33333
197; 194; 33236
198; 194; 33170
199; 194; 33089
200; 194; 32979
201; 194; 32974
202; 194; 33088
203; 194; 33172
204; 194; 33483
205; 194; 34348
206; 194; 35137
207; 194; 35211
208; 194; 35004
209; 194; 34942
210; 194; 34983
211; 194; 34933
212; 194; 34934
213; 194; 35091
