326; 219; 34592
327; 219; 34695
328; 219; 34646
323; 220; 33815
324; 220; 34342
325; 220; 34575
326; 220; 34682
327; 220; 34721
328; 220; 34567
323; 221; 34068
324; 221; 34576
325; 221; 34747
326; 221; 34742
327; 221; 34691
328; 221; 34486
323; 222; 34185
324; 222; 34648
325; 222; 34760
326; 222; 34727
327; 222; 34649
328; 222; 34519
323; 223; 34174
324; 223; 34581
325; 223; 34685
326; 223; 34670
327; 223; 34640
328; 223; 34612
324; 224; 34542
325; 224; 34635
326; 224; 34638
327; 224; 34644
328; 224; 34665
324; 225; 34571
325; 225; 34633
326; 225; 34610
327; 225; 34604
328; 225; 34594
329; 225; 34502
324; 226; 34579
325; 226; 34601
326; 226; 34540
327; 226; 34508
328; 226; 34444
329; 226; 34253
324; 227; 34516
325; 227; 34508
326; 227; 34399
327; 227; 34359
328; 227; 34296
329; 227; 34029
324; 228; 34467
325; 228; 34454
326; 228; 34259
327; 228; 34204
328; 228; 34207
329; 228; 34047
324; 229; 34493
325; 229; 34485
326; 229; 34211
327; 229; 34103
328; 229; 34158
329; 229; 34087
324; 230; 34594
325; 230; 34503
326; 230; 34238
327; 230; 34131
328; 230; 34170
329; 230; 34091
324; 231; 34550
325; 231; 34422
326; 231; 34224
327; 231; 34196
328; 231; 34214
329; 231; 34031
324; 232; 34438
325; 232; 34261
326; 232; 34136
327; 232; 34200
328; 232; 34190
329; 232; 33897
324; 233; 34414
325; 233; 34177
326; 233; 34045
327; 233; 34107
328; 233; 34072
323; 234; 34266
324; 234; 34429
325; 234; 34259
324; 235; 34310
325; 235; 34169
