294; 300; 33575
295; 300; 33708
296; 300; 33901
297; 300; 33720
298; 300; 33475
299; 300; 33421
300; 300; 33419
301; 300; 33474
302; 300; 33594
303; 300; 33829
304; 300; 33872
305; 300; 33551
306; 300; 33424
307; 300; 33628
308; 300; 34173
309; 300; 34393
310; 300; 34382
311; 300; 34249
312; 300; 34031
313; 300; 33750
314; 300; 33697
315; 300; 33656
316; 300; 33317
317; 300; 33001
318; 300; 33131
319; 300; 33691
320; 300; 34145
321; 300; 34172
322; 300; 34190
323; 300; 34279
324; 300; 34270
325; 300; 34134
326; 300; 34097
327; 300; 34206
328; 300; 34223
329; 300; 33860
330; 300; 33350
331; 300; 33138
332; 300; 33071
333; 300; 32972
334; 300; 32872
335; 300; 32910
336; 300; 33064
337; 300; 33127
338; 300; 33061
339; 300; 33091
340; 300; 33283
341; 300; 33286
342; 300; 33033
343; 300; 32962
294; 301; 33864
295; 301; 34037
296; 301; 34247
297; 301; 34155
298; 301; 33774
299; 301; 33460
300; 301; 33352
301; 301; 33408
302; 301; 33708
303; 301; 34014
304; 301; 34085
305; 301; 33814
306; 301; 33479
307; 301; 33638
308; 301; 34151
309; 301; 34174
310; 301; 33728
311; 301; 33461
312; 301; 33602
313; 301; 33728
314; 301; 33638
315; 301; 33586
316; 301; 33494
317; 301; 33328
318; 301; 33436
319; 301; 33806
320; 301; 33946
321; 301; 33946
322; 301; 34045
323; 301; 34233
324; 301; 34322
325; 301; 34227
326; 301; 34116
327; 301; 34196
328; 301; 34355
329; 301; 34198
330; 301; 33628
331; 301; 33165
332; 301; 33006
333; 301; 32922
334; 301; 32911
335; 301; 32972
336; 301; 33070
337; 301; 33058
338; 301; 33016
339; 301; 33102
340; 301; 33230
341; 301; 33153
342; 301; 32971
343; 301; 32941
294; 302; 34342
295; 302; 34403
296; 302; 34504
297; 302; 34407
298; 302; 34072
299; 302; 33666
300; 302; 33549
301; 302; 33724
302; 302; 33929
303; 302; 34001
304; 302; 34068
305; 302; 34060
306; 302; 33737
307; 302; 33706
308; 302; 33971
309; 302; 33845
310; 302; 33150
311; 302; 33049
312; 302; 33684
313; 302; 34093
314; 302; 33758
315; 302; 33463
316; 302; 33545
317; 302; 33735
318; 302; 33820
319; 302; 33812
320; 302; 33785
321; 302; 33813
322; 302; 33978
323; 302; 34192
324; 302; 34307
325; 302; 34223
326; 302; 34049
327; 302; 34085
328; 302; 34309
329; 302; 34273
330; 302; 33690
331; 302; 33182
332; 302; 33014
333; 302; 32978
334; 302; 32998
335; 302; 33019
336; 302; 33009
337; 302; 32990
338; 302; 33023
339; 302; 33150
340; 302; 33188
341; 302; 33053
342; 302; 32940
343; 302; 32935
294; 303; 34747
295; 303; 34736
296; 303; 34626
297; 303; 34443
298; 303; 34117
299; 303; 33842
300; 303; 33815
301; 303; 34014
302; 303; 33986
303; 303; 33818
304; 303; 33870
305; 303; 34045
306; 303; 33954
307; 303; 33764
308; 303; 33882
309; 303; 33797
310; 303; 33151
311; 303; 33070
312; 303; 33858
313; 303; 34204
314; 303; 33899
315; 303; 33458
316; 303; 33643
317; 303; 34001
318; 303; 34021
319; 303; 33840
320; 303; 33756
321; 303; 33820
322; 303; 33982
323; 303; 34140
324; 303; 34224
325; 303; 34137
326; 303; 33969
327; 303; 33998
328; 303; 34261
329; 303; 34172
330; 303; 33529
331; 303; 33120
332; 303; 33040
333; 303; 33022
334; 303; 33013
335; 303; 33006
336; 303; 32985
337; 303; 33004
338; 303; 33105
339; 303; 33220
340; 303; 33187
341; 303; 33035
342; 303; 32971
343; 303; 32990
294; 304; 34888
295; 304; 34906
296; 304; 34715
297; 304; 34404
298; 304; 34134
299; 304; 33995
300; 304; 33975
301; 304; 34007
302; 304; 33924
303; 304; 33584
304; 304; 33602
305; 304; 33967
306; 304; 33989
307; 304; 33870
308; 304; 33960
309; 304; 34001
310; 304; 33472
311; 304; 33194
312; 304; 33655
313; 304; 34151
314; 304; 34044
315; 304; 33747
316; 304; 33900
317; 304; 34185
318; 304; 34134
319; 304; 33952
320; 304; 33872
321; 304; 33937
322; 304; 34033
323; 304; 34100
324; 304; 34141
325; 304; 34068
326; 304; 33959
327; 304; 34070
328; 304; 34280
329; 304; 34085
330; 304; 33389
331; 304; 33024
332; 304; 33015
333; 304; 32998
334; 304; 32956
335; 304; 32953
336; 304; 32987
337; 304; 33044
338; 304; 33144
339; 304; 33233
340; 304; 33225
341; 304; 33107
342; 304; 32997
343; 304; 33012
294; 305; 34778
295; 305; 34823
296; 305; 34591
297; 305; 34336
298; 305; 34278
299; 305; 34252
300; 305; 34116
301; 305; 33902
302; 305; 33778
303; 305; 33508
304; 305; 33409
305; 305; 33620
306; 305; 33848
307; 305; 33830
308; 305; 33969
309; 305; 34127
310; 305; 33914
311; 305; 33537
312; 305; 33692
313; 305; 34078
314; 305; 34139
315; 305; 34008
316; 305; 34046
317; 305; 34210
318; 305; 34240
319; 305; 34107
320; 305; 34024
321; 305; 34064
322; 305; 34095
323; 305; 34068
324; 305; 34053
325; 305; 33994
326; 305; 33930
327; 305; 34065
328; 305; 34325
329; 305; 34131
330; 305; 33385
331; 305; 32981
332; 305; 32974
333; 305; 32962
334; 305; 32935
335; 305; 32963
336; 305; 33002
337; 305; 33013
338; 305; 33085
339; 305; 33183
340; 305; 33251
341; 305; 33191
342; 305; 33027
343; 305; 32973
294; 306; 34469
295; 306; 34467
296; 306; 34246
297; 306; 34258
298; 306; 34412
299; 306; 34525
300; 306; 34295
301; 306; 33905
302; 306; 33731
303; 306; 33503
304; 306; 33319
305; 306; 33354
306; 306; 33531
307; 306; 33680
308; 306; 33812
309; 306; 34144
310; 306; 34303
311; 306; 34283
312; 306; 34289
313; 306; 34311
314; 306; 34172
315; 306; 33958
316; 306; 34011
317; 306; 34199
318; 306; 34276
319; 306; 34181
320; 306; 34106
321; 306; 34138
322; 306; 34123
323; 306; 34016
324; 306; 33939
325; 306; 33876
326; 306; 33803
327; 306; 33972
328; 306; 34428
329; 306; 34362
330; 306; 33616
331; 306; 33077
332; 306; 32962
333; 306; 32934
334; 306; 32927
335; 306; 32987
336; 306; 33038
337; 306; 32998
338; 306; 33029
339; 306; 33132
340; 306; 33208
341; 306; 33160
342; 306; 33021
343; 306; 32934
294; 307; 34392
295; 307; 34143
296; 307; 34086
297; 307; 34203
298; 307; 34476
299; 307; 34583
300; 307; 34353
301; 307; 33899
302; 307; 33655
303; 307; 33482
304; 307; 33301
305; 307; 33293
306; 307; 33499
307; 307; 33691
308; 307; 33750
309; 307; 34074
310; 307; 34508
311; 307; 34779
312; 307; 34800
313; 307; 34595
314; 307; 34193
315; 307; 33870
316; 307; 33952
317; 307; 34147
318; 307; 34189
319; 307; 34116
320; 307; 34118
321; 307; 34176
322; 307; 34132
323; 307; 33995
324; 307; 33902
325; 307; 33829
326; 307; 33742
327; 307; 33855
328; 307; 34423
329; 307; 34633
330; 307; 34063
331; 307; 33318
332; 307; 33065
333; 307; 32932
334; 307; 32901
335; 307; 32992
336; 307; 33083
337; 307; 33061
338; 307; 33053
339; 307; 33127
340; 307; 33130
341; 307; 33039
342; 307; 32961
343; 307; 32902
294; 308; 34478
295; 308; 34197
296; 308; 34140
297; 308; 34331
298; 308; 34459
299; 308; 34459
300; 308; 34202
301; 308; 33812
302; 308; 33583
303; 308; 33473
304; 308; 33354
305; 308; 33356
306; 308; 33690
307; 308; 33899
308; 308; 33873
309; 308; 33940
310; 308; 34294
311; 308; 34527
312; 308; 34576
313; 308; 34498
314; 308; 34256
315; 308; 33968
316; 308; 33972
317; 308; 34062
318; 308; 34037
319; 308; 34005
320; 308; 34089
321; 308; 34161
322; 308; 34124
323; 308; 34054
324; 308; 34028
325; 308; 33982
326; 308; 33827
327; 308; 33787
328; 308; 34219
329; 308; 34579
330; 308; 34299
331; 308; 33551
332; 308; 33230
333; 308; 33040
334; 308; 32910
335; 308; 32996
336; 308; 33097
337; 308; 33117
338; 308; 33148
339; 308; 33203
340; 308; 33120
341; 308; 33004
342; 308; 32959
343; 308; 32906
294; 309; 34635
295; 309; 34496
296; 309; 34447
297; 309; 34470
298; 309; 34407
299; 309; 34252
300; 309; 34061
301; 309; 33775
302; 309; 33610
303; 309; 33502
304; 309; 33415
305; 309; 33439
306; 309; 33773
307; 309; 34031
308; 309; 33992
309; 309; 33941
310; 309; 33883
311; 309; 33736
312; 309; 33688
313; 309; 33966
314; 309; 34179
315; 309; 34125
316; 309; 34093
317; 309; 34121
318; 309; 34048
319; 309; 33960
320; 309; 33977
321; 309; 34022
322; 309; 34056
323; 309; 34115
324; 309; 34181
325; 309; 34202
326; 309; 34085
327; 309; 33833
328; 309; 33856
329; 309; 34249
330; 309; 34234
331; 309; 33639
332; 309; 33261
333; 309; 33150
334; 309; 32965
335; 309; 32906
336; 309; 32999
337; 309; 33062
338; 309; 33169
339; 309; 33247
340; 309; 33148
341; 309; 33032
342; 309; 32977
343; 309; 32905
294; 310; 34698
295; 310; 34649
296; 310; 34566
297; 310; 34455
298; 310; 34234
299; 310; 34080
300; 310; 33991
301; 310; 33795
302; 310; 33677
303; 310; 33759
304; 310; 33798
305; 310; 33686
306; 310; 33786
307; 310; 33992
308; 310; 34017
309; 310; 34004
310; 310; 33948
311; 310; 33530
312; 310; 33342
313; 310; 33505
314; 310; 34011
315; 310; 34205
316; 310; 34277
317; 310; 34318
318; 310; 34182
319; 310; 33939
320; 310; 33821
321; 310; 33862
322; 310; 33966
323; 310; 34037
324; 310; 34075
325; 310; 34171
326; 310; 34189
327; 310; 33917
328; 310; 33731
329; 310; 33930
330; 310; 34139
331; 310; 33691
332; 310; 33183
333; 310; 33102
334; 310; 33070
335; 310; 32970
336; 310; 32910
337; 310; 32963
338; 310; 33109
339; 310; 33185
340; 310; 33101
341; 310; 33020
342; 310; 32947
343; 310; 32889
294; 311; 34748
295; 311; 34711
296; 311; 34479
297; 311; 34143
298; 311; 33872
299; 311; 33782
300; 311; 33748
301; 311; 33687
302; 311; 33765
303; 311; 34254
304; 311; 34542
305; 311; 34205
306; 311; 33853
307; 311; 33875
308; 311; 33940
309; 311; 34053
310; 311; 34269
311; 311; 34139
312; 311; 33651
313; 311; 33493
314; 311; 33783
315; 311; 34170
316; 311; 34361
317; 311; 34370
318; 311; 34159
319; 311; 33898
320; 311; 33831
321; 311; 33916
322; 311; 33943
323; 311; 33821
324; 311; 33722
325; 311; 33874
326; 311; 34078
327; 311; 33953
328; 311; 33733
329; 311; 33955
330; 311; 34213
331; 311; 33832
332; 311; 33146
333; 311; 32972
334; 311; 33069
335; 311; 33045
336; 311; 32932
337; 311; 32986
338; 311; 33135
339; 311; 33123
340; 311; 32998
341; 311; 32944
342; 311; 32927
343; 311; 32931
294; 312; 34776
295; 312; 34664
296; 312; 34336
297; 312; 33909
298; 312; 33634
299; 312; 33547
300; 312; 33549
301; 312; 33570
302; 312; 33981
303; 312; 34677
304; 312; 34994
305; 312; 34599
306; 312; 33985
307; 312; 33784
308; 312; 33776
309; 312; 33916
310; 312; 34388
311; 312; 34654
312; 312; 34373
313; 312; 33819
314; 312; 33712
315; 312; 33989
316; 312; 34266
317; 312; 34217
318; 312; 34015
319; 312; 33943
320; 312; 34059
321; 312; 34132
322; 312; 33984
323; 312; 33700
324; 312; 33567
325; 312; 33758
326; 312; 34012
327; 312; 33979
328; 312; 33853
329; 312; 34092
330; 312; 34368
331; 312; 34044
332; 312; 33297
333; 312; 32928
334; 312; 32924
335; 312; 33017
336; 312; 33042
337; 312; 33176
338; 312; 33360
339; 312; 33222
340; 312; 32976
341; 312; 32894
342; 312; 32968
343; 312; 33017
294; 313; 34597
295; 313; 34512
296; 313; 34272
297; 313; 33917
298; 313; 33658
299; 313; 33514
300; 313; 33553
301; 313; 33806
302; 313; 34236
303; 313; 34624
304; 313; 34754
305; 313; 34501
306; 313; 34041
307; 313; 33730
308; 313; 33616
309; 313; 33700
310; 313; 34183
311; 313; 34713
312; 313; 34717
313; 313; 34133
314; 313; 33767
315; 313; 33903
316; 313; 34183
317; 313; 34115
318; 313; 33999
319; 313; 34105
320; 313; 34269
321; 313; 34232
322; 313; 34031
323; 313; 33858
324; 313; 33858
325; 313; 34030
326; 313; 34167
327; 313; 34091
328; 313; 33963
329; 313; 34099
330; 313; 34347
331; 313; 34247
332; 313; 33618
333; 313; 33112
334; 313; 32849
335; 313; 32955
336; 313; 33151
337; 313; 33477
338; 313; 33574
339; 313; 33301
340; 313; 33041
341; 313; 32926
342; 313; 32928
343; 313; 32993
294; 314; 34211
295; 314; 34269
296; 314; 34231
297; 314; 34056
298; 314; 33829
299; 314; 33764
300; 314; 33916
301; 314; 34201
302; 314; 34270
303; 314; 34242
304; 314; 34191
305; 314; 34194
306; 314; 34017
307; 314; 33662
308; 314; 33536
309; 314; 33635
310; 314; 34107
311; 314; 34652
312; 314; 34778
313; 314; 34273
314; 314; 33876
315; 314; 33958
316; 314; 34197
317; 314; 34148
318; 314; 34084
319; 314; 34205
320; 314; 34275
321; 314; 34176
322; 314; 34098
323; 314; 34144
324; 314; 34237
325; 314; 34302
326; 314; 34302
327; 314; 34210
328; 314; 34061
329; 314; 34049
330; 314; 34262
331; 314; 34365
332; 314; 34010
333; 314; 33472
334; 314; 33167
335; 314; 33151
336; 314; 33409
337; 314; 33686
338; 314; 33671
339; 314; 33274
340; 314; 33023
341; 314; 32938
342; 314; 32907
343; 314; 32914
294; 315; 34137
295; 315; 34159
296; 315; 34184
297; 315; 34085
298; 315; 33974
299; 315; 34012
300; 315; 34219
301; 315; 34308
302; 315; 34215
303; 315; 33961
304; 315; 33913
305; 315; 34024
306; 315; 33895
307; 315; 33525
308; 315; 33461
309; 315; 33714
310; 315; 34204
311; 315; 34592
312; 315; 34624
313; 315; 34200
314; 315; 33984
315; 315; 34115
316; 315; 34247
317; 315; 34163
318; 315; 34112
319; 315; 34180
320; 315; 34186
321; 315; 34145
322; 315; 34180
323; 315; 34264
324; 315; 34304
325; 315; 34279
326; 315; 34248
327; 315; 34221
328; 315; 34116
329; 315; 34021
330; 315; 34148
331; 315; 34337
332; 315; 34289
333; 315; 34042
334; 315; 33889
335; 315; 33776
336; 315; 33757
337; 315; 33831
338; 315; 33726
339; 315; 33246
340; 315; 32985
341; 315; 32916
342; 315; 32947
343; 315; 32949
294; 316; 34255
295; 316; 34239
296; 316; 34260
297; 316; 34132
298; 316; 34010
299; 316; 34036
300; 316; 34164
301; 316; 34229
302; 316; 34154
303; 316; 34017
304; 316; 33999
305; 316; 33982
306; 316; 33746
307; 316; 33525
308; 316; 33527
309; 316; 33806
310; 316; 34185
311; 316; 34357
312; 316; 34187
313; 316; 33951
314; 316; 34046
315; 316; 34324
316; 316; 34273
317; 316; 34109
318; 316; 34115
319; 316; 34165
320; 316; 34178
321; 316; 34221
322; 316; 34245
323; 316; 34201
324; 316; 34181
325; 316; 34191
326; 316; 34185
327; 316; 34168
328; 316; 34115
329; 316; 34066
330; 316; 34158
331; 316; 34307
332; 316; 34309
333; 316; 34264
334; 316; 34204
335; 316; 33956
336; 316; 33835
337; 316; 33872
338; 316; 33751
339; 316; 33244
340; 316; 32991
341; 316; 32900
342; 316; 33012
343; 316; 33074
294; 317; 34324
295; 317; 34346
296; 317; 34356
297; 317; 34259
298; 317; 34059
299; 317; 33988
300; 317; 34031
301; 317; 34134
302; 317; 34205
303; 317; 34193
304; 317; 34080
305; 317; 33805
306; 317; 33688
307; 317; 33698
308; 317; 33836
309; 317; 33967
310; 317; 34121
311; 317; 34091
312; 317; 33849
313; 317; 33817
314; 317; 34258
315; 317; 34490
316; 317; 34259
317; 317; 34079
318; 317; 34156
319; 317; 34216
320; 317; 34233
321; 317; 34312
322; 317; 34281
323; 317; 34143
324; 317; 34144
325; 317; 34230
326; 317; 34204
327; 317; 34131
328; 317; 34136
329; 317; 34172
330; 317; 34181
331; 317; 34148
332; 317; 34088
333; 317; 34020
334; 317; 33778
335; 317; 33477
336; 317; 33544
337; 317; 33786
338; 317; 33619
339; 317; 33117
340; 317; 32966
341; 317; 32904
342; 317; 33061
343; 317; 33132
294; 318; 34213
295; 318; 34318
296; 318; 34339
297; 318; 34270
298; 318; 34139
299; 318; 34028
300; 318; 34028
301; 318; 34148
302; 318; 34253
303; 318; 34247
304; 318; 33940
305; 318; 33568
306; 318; 33568
307; 318; 33952
308; 318; 34220
309; 318; 34203
310; 318; 34165
311; 318; 34084
312; 318; 33866
313; 318; 33935
314; 318; 34441
315; 318; 34536
316; 318; 34167
317; 318; 34049
318; 318; 34162
319; 318; 34195
320; 318; 34214
321; 318; 34290
322; 318; 34274
323; 318; 34173
324; 318; 34199
325; 318; 34261
326; 318; 34192
327; 318; 34138
328; 318; 34197
329; 318; 34217
330; 318; 33990
331; 318; 33737
332; 318; 33654
333; 318; 33542
334; 318; 33199
335; 318; 32952
336; 318; 33147
337; 318; 33515
338; 318; 33317
339; 318; 32939
340; 318; 32911
341; 318; 32971
342; 318; 33182
343; 318; 33351
294; 319; 34089
295; 319; 34140
296; 319; 34157
297; 319; 34182
298; 319; 34188
299; 319; 34153
300; 319; 34133
301; 319; 34141
302; 319; 34123
303; 319; 33990
304; 319; 33780
305; 319; 33547
306; 319; 33581
307; 319; 34052
308; 319; 34257
309; 319; 34203
310; 319; 34057
311; 319; 34004
312; 319; 33987
313; 319; 34147
314; 319; 34526
315; 319; 34511
316; 319; 34129
317; 319; 34018
318; 319; 34055
319; 319; 33938
320; 319; 33899
321; 319; 34083
322; 319; 34212
323; 319; 34241
324; 319; 34265
325; 319; 34220
326; 319; 34144
327; 319; 34186
328; 319; 34232
329; 319; 34000
330; 319; 33537
331; 319; 33323
332; 319; 33385
333; 319; 33443
334; 319; 33241
335; 319; 33121
336; 319; 33207
337; 319; 33251
338; 319; 33144
339; 319; 33001
340; 319; 33059
341; 319; 33237
342; 319; 33539
343; 319; 33940
294; 320; 34042
295; 320; 34018
296; 320; 34029
297; 320; 34100
298; 320; 34172
299; 320; 34197
300; 320; 34167
301; 320; 34013
302; 320; 33735
303; 320; 33739
304; 320; 33850
305; 320; 33775
306; 320; 33753
307; 320; 34038
308; 320; 34154
309; 320; 33867
310; 320; 33524
311; 320; 33568
312; 320; 33851
313; 320; 34300
314; 320; 34591
315; 320; 34504
316; 320; 34128
317; 320; 34003
318; 320; 33877
319; 320; 33515
320; 320; 33421
321; 320; 33713
322; 320; 34102
323; 320; 34289
324; 320; 34320
325; 320; 34221
326; 320; 34163
327; 320; 34224
328; 320; 34094
329; 320; 33592
330; 320; 33219
331; 320; 33215
332; 320; 33360
333; 320; 33553
334; 320; 33732
335; 320; 33744
336; 320; 33425
337; 320; 33041
338; 320; 33036
339; 320; 33394
340; 320; 33614
341; 320; 33762
342; 320; 34098
343; 320; 34530
294; 321; 34050
295; 321; 34060
296; 321; 34084
297; 321; 34105
298; 321; 34096
299; 321; 34089
300; 321; 34063
301; 321; 33857
302; 321; 33675
303; 321; 33769
304; 321; 34107
305; 321; 34109
306; 321; 33916
307; 321; 33930
308; 321; 33901
309; 321; 33580
310; 321; 33329
311; 321; 33374
312; 321; 33689
313; 321; 34209
314; 321; 34595
315; 321; 34454
316; 321; 34014
317; 321; 33878
318; 321; 33771
319; 321; 33370
320; 321; 33302
321; 321; 33524
322; 321; 33916
323; 321; 34224
324; 321; 34301
325; 321; 34287
326; 321; 34257
327; 321; 34158
328; 321; 33743
329; 321; 33247
330; 321; 33154
331; 321; 33242
332; 321; 33211
333; 321; 33451
334; 321; 33904
335; 321; 33975
336; 321; 33412
337; 321; 32950
338; 321; 33112
339; 321; 33894
340; 321; 34386
341; 321; 34488
342; 321; 34576
343; 321; 34632
294; 322; 34101
295; 322; 34193
296; 322; 34224
297; 322; 34177
298; 322; 34061
299; 322; 33986
300; 322; 34000
301; 322; 33961
302; 322; 33959
303; 322; 34170
304; 322; 34281
305; 322; 34137
306; 322; 33832
307; 322; 33803
308; 322; 33806
309; 322; 33829
310; 322; 33950
311; 322; 33927
312; 322; 33792
313; 322; 34004
314; 322; 34462
315; 322; 34355
316; 322; 33817
317; 322; 33654
318; 322; 33693
319; 322; 33516
320; 322; 33369
321; 322; 33526
322; 322; 33787
323; 322; 34003
324; 322; 34254
325; 322; 34345
326; 322; 34308
327; 322; 33942
328; 322; 33397
329; 322; 33140
330; 322; 33177
331; 322; 33124
332; 322; 32961
333; 322; 33196
334; 322; 33733
335; 322; 33780
336; 322; 33359
337; 322; 33118
338; 322; 33418
339; 322; 34083
340; 322; 34579
341; 322; 34831
342; 322; 34727
343; 322; 34514
294; 323; 34146
295; 323; 34224
296; 323; 34237
297; 323; 34205
298; 323; 34112
299; 323; 34032
300; 323; 34045
301; 323; 34123
302; 323; 34241
303; 323; 34315
304; 323; 34263
305; 323; 33979
306; 323; 33782
307; 323; 33790
308; 323; 33915
309; 323; 34346
310; 323; 34815
311; 323; 34757
312; 323; 34104
313; 323; 33902
314; 323; 34383
315; 323; 34467
316; 323; 33855
317; 323; 33479
318; 323; 33611
319; 323; 33690
320; 323; 33606
321; 323; 33657
322; 323; 33783
323; 323; 33954
324; 323; 34217
325; 323; 34350
326; 323; 34088
327; 323; 33563
328; 323; 33274
329; 323; 33281
330; 323; 33277
331; 323; 33057
332; 323; 32919
333; 323; 33078
334; 323; 33550
335; 323; 33731
336; 323; 33877
337; 323; 34100
338; 323; 34027
339; 323; 33665
340; 323; 33731
341; 323; 34269
342; 323; 34556
343; 323; 34462
294; 324; 34130
295; 324; 34112
296; 324; 34109
297; 324; 34159
298; 324; 34192
299; 324; 34165
300; 324; 34105
301; 324; 34083
302; 324; 34131
303; 324; 34183
304; 324; 34135
305; 324; 33954
306; 324; 33881
307; 324; 33923
308; 324; 34123
309; 324; 34495
310; 324; 34925
311; 324; 34890
312; 324; 34262
313; 324; 34016
314; 324; 34485
315; 324; 34744
316; 324; 34205
317; 324; 33551
318; 324; 33548
319; 324; 33743
320; 324; 33788
321; 324; 33812
322; 324; 33895
323; 324; 34124
324; 324; 34227
325; 324; 34129
326; 324; 33602
327; 324; 33190
328; 324; 33283
329; 324; 33507
330; 324; 33448
331; 324; 33135
332; 324; 32904
333; 324; 33043
334; 324; 33450
335; 324; 33765
336; 324; 34294
337; 324; 34620
338; 324; 34366
339; 324; 33410
340; 324; 33031
341; 324; 33419
342; 324; 34046
343; 324; 34421
294; 325; 34103
295; 325; 34041
296; 325; 34033
297; 325; 34116
298; 325; 34219
299; 325; 34225
300; 325; 34119
301; 325; 34012
302; 325; 33967
303; 325; 33982
304; 325; 34041
305; 325; 34052
306; 325; 33977
307; 325; 33962
308; 325; 34123
309; 325; 34289
310; 325; 34390
311; 325; 34383
312; 325; 34183
313; 325; 34150
314; 325; 34485
315; 325; 34701
316; 325; 34364
317; 325; 33750
318; 325; 33622
319; 325; 33808
320; 325; 33858
321; 325; 33877
322; 325; 34031
323; 325; 34225
324; 325; 34221
325; 325; 33812
326; 325; 33219
327; 325; 33029
328; 325; 33250
329; 325; 33451
330; 325; 33419
331; 325; 33148
332; 325; 32905
333; 325; 33057
334; 325; 33414
335; 325; 33621
336; 325; 33887
337; 325; 34114
338; 325; 33789
339; 325; 33232
340; 325; 33160
341; 325; 33653
342; 325; 33924
343; 325; 33973
294; 326; 34125
295; 326; 34117
296; 326; 34095
297; 326; 34093
298; 326; 34127
299; 326; 34131
300; 326; 34092
301; 326; 34056
302; 326; 33981
303; 326; 33906
304; 326; 33977
305; 326; 34079
306; 326; 33988
307; 326; 33867
308; 326; 33967
309; 326; 33998
310; 326; 33824
311; 326; 33859
312; 326; 34085
313; 326; 34185
314; 326; 34230
315; 326; 34365
316; 326; 34237
317; 326; 33904
318; 326; 33818
319; 326; 33841
320; 326; 33829
321; 326; 33863
322; 326; 34153
323; 326; 34258
324; 326; 34065
325; 326; 33499
326; 326; 33162
327; 326; 33116
328; 326; 33170
329; 326; 33153
330; 326; 33157
331; 326; 33009
332; 326; 32955
333; 326; 33191
334; 326; 33588
335; 326; 33467
336; 326; 33101
337; 326; 32922
338; 326; 32987
339; 326; 33509
340; 326; 34248
341; 326; 34668
342; 326; 34279
343; 326; 33613
294; 327; 34133
295; 327; 34200
296; 327; 34176
297; 327; 34055
298; 327; 33957
299; 327; 33954
300; 327; 34039
301; 327; 34135
302; 327; 34076
303; 327; 33911
304; 327; 33934
305; 327; 34115
306; 327; 34092
307; 327; 33807
308; 327; 33688
309; 327; 33617
310; 327; 33547
311; 327; 33718
312; 327; 34094
313; 327; 34166
314; 327; 34106
315; 327; 34095
316; 327; 34091
317; 327; 33961
318; 327; 33854
319; 327; 33773
320; 327; 33730
321; 327; 33892
322; 327; 34273
323; 327; 34305
324; 327; 33814
325; 327; 33308
326; 327; 33313
327; 327; 33438
328; 327; 33310
329; 327; 33147
330; 327; 33116
331; 327; 33060
332; 327; 33107
333; 327; 33460
334; 327; 33838
335; 327; 33596
336; 327; 33119
337; 327; 33041
338; 327; 33283
339; 327; 33874
340; 327; 34619
341; 327; 34892
342; 327; 34379
343; 327; 33500
294; 328; 34061
295; 328; 34166
296; 328; 34177
297; 328; 34024
298; 328; 33861
299; 328; 33856
300; 328; 34002
301; 328; 34144
302; 328; 34104
303; 328; 33949
304; 328; 33966
305; 328; 34182
306; 328; 34238
307; 328; 33863
308; 328; 33463
309; 328; 33305
310; 328; 33431
311; 328; 33807
312; 328; 34176
313; 328; 34213
314; 328; 34141
315; 328; 34117
316; 328; 34089
317; 328; 33953
318; 328; 33800
319; 328; 33737
320; 328; 33772
321; 328; 34040
322; 328; 34259
323; 328; 34117
324; 328; 33518
325; 328; 33300
326; 328; 33489
327; 328; 33806
328; 328; 33746
329; 328; 33667
330; 328; 33696
331; 328; 33655
332; 328; 33661
333; 328; 33844
334; 328; 33881
335; 328; 33732
336; 328; 33528
337; 328; 33515
338; 328; 33595
339; 328; 33743
340; 328; 33962
341; 328; 33933
342; 328; 33567
343; 328; 33222
294; 329; 33979
295; 329; 34094
296; 329; 34152
297; 329; 34053
298; 329; 33910
299; 329; 33901
300; 329; 34023
301; 329; 34124
302; 329; 34104
303; 329; 34033
304; 329; 34046
305; 329; 34169
306; 329; 34211
307; 329; 33995
308; 329; 33547
309; 329; 33334
310; 329; 33536
311; 329; 33983
312; 329; 34250
313; 329; 34267
314; 329; 34233
315; 329; 34185
316; 329; 34105
317; 329; 33961
318; 329; 33858
319; 329; 33902
320; 329; 34017
321; 329; 34082
322; 329; 34046
323; 329; 33669
324; 329; 33319
325; 329; 33376
326; 329; 33810
327; 329; 34176
328; 329; 34234
329; 329; 34274
330; 329; 34397
331; 329; 34420
332; 329; 34293
333; 329; 34068
334; 329; 33793
335; 329; 33766
336; 329; 34065
337; 329; 34282
338; 329; 34133
339; 329; 33751
340; 329; 33331
341; 329; 32995
342; 329; 32826
343; 329; 32997
294; 330; 33982
295; 330; 34083
296; 330; 34139
297; 330; 34087
298; 330; 33993
299; 330; 33994
300; 330; 34085
301; 330; 34142
302; 330; 34139
303; 330; 34130
304; 330; 34093
305; 330; 34030
306; 330; 34023
307; 330; 34054
308; 330; 34004
309; 330; 33843
310; 330; 33870
311; 330; 34099
312; 330; 34236
313; 330; 34261
314; 330; 34226
315; 330; 34169
316; 330; 34106
317; 330; 34046
318; 330; 34063
319; 330; 34187
320; 330; 34247
321; 330; 34070
322; 330; 33631
323; 330; 33295
324; 330; 33323
325; 330; 33709
326; 330; 34261
327; 330; 34477
328; 330; 34374
329; 330; 34285
330; 330; 34351
331; 330; 34389
332; 330; 34211
333; 330; 33913
334; 330; 33724
335; 330; 33752
336; 330; 33832
337; 330; 33747
338; 330; 33530
339; 330; 33323
340; 330; 33205
341; 330; 32991
342; 330; 33005
343; 330; 33361
294; 331; 34052
295; 331; 34113
296; 331; 34115
297; 331; 34071
298; 331; 34020
299; 331; 34041
300; 331; 34119
301; 331; 34161
302; 331; 34168
303; 331; 34169
304; 331; 34078
305; 331; 33895
306; 331; 33896
307; 331; 34165
308; 331; 34368
309; 331; 34341
310; 331; 34232
311; 331; 34185
312; 331; 34201
313; 331; 34198
314; 331; 34170
315; 331; 34134
316; 331; 34111
317; 331; 34134
318; 331; 34237
319; 331; 34306
320; 331; 34241
321; 331; 33828
322; 331; 33363
323; 331; 33273
324; 331; 33564
325; 331; 34055
326; 331; 34364
327; 331; 34364
328; 331; 34087
329; 331; 33769
330; 331; 33653
331; 331; 33551
332; 331; 33388
333; 331; 33355
334; 331; 33554
335; 331; 33639
336; 331; 33396
337; 331; 32945
338; 331; 32772
339; 331; 32947
340; 331; 33257
341; 331; 33522
342; 331; 33618
343; 331; 33617
294; 332; 34136
295; 332; 34158
296; 332; 34124
297; 332; 34083
298; 332; 34056
299; 332; 34070
300; 332; 34116
301; 332; 34139
302; 332; 34134
303; 332; 34107
304; 332; 34016
305; 332; 33928
306; 332; 33987
307; 332; 34266
308; 332; 34385
309; 332; 34364
310; 332; 34275
311; 332; 34208
312; 332; 34159
313; 332; 34171
314; 332; 34202
315; 332; 34175
316; 332; 34130
317; 332; 34158
318; 332; 34223
319; 332; 34158
320; 332; 33843
321; 332; 33484
322; 332; 33397
323; 332; 33608
324; 332; 33937
325; 332; 34001
326; 332; 33814
327; 332; 33573
328; 332; 33481
329; 332; 33395
330; 332; 33243
331; 332; 32987
332; 332; 32818
333; 332; 32965
334; 332; 33225
335; 332; 33392
336; 332; 33282
337; 332; 33044
338; 332; 32978
339; 332; 33190
340; 332; 33528
341; 332; 33713
342; 332; 33698
343; 332; 33494
294; 333; 34212
295; 333; 34205
296; 333; 34168
297; 333; 34158
298; 333; 34147
299; 333; 34128
300; 333; 34120
301; 333; 34108
302; 333; 34076
303; 333; 34010
304; 333; 33957
305; 333; 34016
306; 333; 34128
307; 333; 34145
308; 333; 34015
309; 333; 34061
310; 333; 34206
311; 333; 34215
312; 333; 34140
313; 333; 34176
314; 333; 34256
315; 333; 34240
316; 333; 34205
317; 333; 34204
318; 333; 34065
319; 333; 33674
320; 333; 33333
321; 333; 33383
322; 333; 33657
323; 333; 33980
324; 333; 34004
325; 333; 33567
326; 333; 33008
327; 333; 32957
328; 333; 33211
329; 333; 33454
330; 333; 33406
331; 333; 33204
332; 333; 33044
333; 333; 33038
334; 333; 33121
335; 333; 33138
336; 333; 33304
337; 333; 33592
338; 333; 33608
339; 333; 33404
340; 333; 33284
341; 333; 33295
342; 333; 33248
343; 333; 33167
294; 334; 34240
295; 334; 34197
296; 334; 34160
297; 334; 34191
298; 334; 34206
299; 334; 34174
300; 334; 34138
301; 334; 34118
302; 334; 34080
303; 334; 33999
304; 334; 33967
305; 334; 34043
306; 334; 34040
307; 334; 33609
308; 334; 33294
309; 334; 33606
310; 334; 34177
311; 334; 34295
312; 334; 34166
313; 334; 34121
314; 334; 34168
315; 334; 34212
316; 334; 34276
317; 334; 34252
318; 334; 33830
319; 334; 33235
320; 334; 33121
321; 334; 33397
322; 334; 33828
323; 334; 33966
324; 334; 33651
325; 334; 33125
326; 334; 32896
327; 334; 33137
328; 334; 33453
329; 334; 33675
330; 334; 33799
331; 334; 33779
332; 334; 33753
333; 334; 33668
334; 334; 33279
335; 334; 33051
336; 334; 33247
337; 334; 33726
338; 334; 33777
339; 334; 33572
340; 334; 33188
341; 334; 33113
342; 334; 33103
343; 334; 33192
294; 335; 34195
295; 335; 34131
296; 335; 34091
297; 335; 34135
298; 335; 34162
299; 335; 34146
300; 335; 34140
301; 335; 34147
302; 335; 34117
303; 335; 34049
304; 335; 34019
305; 335; 34013
306; 335; 33757
307; 335; 33250
308; 335; 33067
309; 335; 33552
310; 335; 34225
311; 335; 34337
312; 335; 34178
313; 335; 34070
314; 335; 34083
315; 335; 34163
316; 335; 34218
317; 335; 33964
318; 335; 33451
319; 335; 33173
320; 335; 33190
321; 335; 33406
322; 335; 33689
323; 335; 33613
324; 335; 33159
325; 335; 33006
326; 335; 33358
327; 335; 33664
328; 335; 33530
329; 335; 33507
330; 335; 33770
331; 335; 33946
332; 335; 34003
333; 335; 34030
334; 335; 33635
335; 335; 33088
336; 335; 33036
337; 335; 33355
338; 335; 33578
339; 335; 33534
340; 335; 33380
341; 335; 33308
342; 335; 33379
343; 335; 33502
294; 336; 34157
295; 336; 34106
296; 336; 34067
297; 336; 34083
298; 336; 34081
299; 336; 34075
300; 336; 34101
301; 336; 34104
302; 336; 34048
303; 336; 34001
304; 336; 34007
305; 336; 33988
306; 336; 33835
307; 336; 33696
308; 336; 33787
309; 336; 34096
310; 336; 34210
311; 336; 34175
312; 336; 34125
313; 336; 34150
314; 336; 34196
315; 336; 34137
316; 336; 33789
317; 336; 33258
318; 336; 33098
319; 336; 33354
320; 336; 33508
321; 336; 33459
322; 336; 33494
323; 336; 33384
324; 336; 33196
325; 336; 33386
326; 336; 33952
327; 336; 34023
328; 336; 33523
329; 336; 33356
330; 336; 33500
331; 336; 33694
332; 336; 33774
333; 336; 33794
334; 336; 33610
335; 336; 33234
336; 336; 33096
337; 336; 33220
338; 336; 33386
339; 336; 33602
340; 336; 33779
341; 336; 33882
342; 336; 33951
343; 336; 34027
294; 337; 34200
295; 337; 34157
296; 337; 34111
297; 337; 34084
298; 337; 34035
299; 337; 34008
300; 337; 34011
301; 337; 33965
302; 337; 33871
303; 337; 33886
304; 337; 33972
305; 337; 34058
306; 337; 34244
307; 337; 34531
308; 337; 34754
309; 337; 34567
310; 337; 34083
311; 337; 33920
312; 337; 34106
313; 337; 34275
314; 337; 34189
315; 337; 33793
316; 337; 33169
317; 337; 32952
318; 337; 33206
319; 337; 33677
320; 337; 33611
321; 337; 33425
322; 337; 33474
323; 337; 33567
324; 337; 33520
325; 337; 33687
326; 337; 33985
327; 337; 33900
328; 337; 33579
329; 337; 33492
330; 337; 33545
331; 337; 33427
332; 337; 33328
333; 337; 33333
334; 337; 33328
335; 337; 33294
336; 337; 33370
337; 337; 33604
338; 337; 33786
339; 337; 33996
340; 337; 34236
341; 337; 34319
342; 337; 34351
343; 337; 34488
294; 338; 34226
295; 338; 34179
296; 338; 34137
297; 338; 34081
298; 338; 33990
299; 338; 33930
300; 338; 33902
301; 338; 33865
302; 338; 33830
303; 338; 33948
304; 338; 34093
305; 338; 34213
306; 338; 34407
307; 338; 34731
308; 338; 34862
309; 338; 34456
310; 338; 33962
311; 338; 33973
312; 338; 34185
313; 338; 34125
314; 338; 33629
315; 338; 33107
316; 338; 32930
317; 338; 33234
318; 338; 33704
319; 338; 33712
320; 338; 33416
321; 338; 33376
322; 338; 33625
323; 338; 33775
324; 338; 33714
325; 338; 33774
326; 338; 33746
327; 338; 33673
328; 338; 33796
329; 338; 33999
330; 338; 33756
331; 338; 33320
332; 338; 33266
333; 338; 33322
334; 338; 33317
335; 338; 33284
336; 338; 33607
337; 338; 34173
338; 338; 34554
339; 338; 34618
340; 338; 34599
341; 338; 34458
342; 338; 34351
343; 338; 34509
294; 339; 34134
295; 339; 34122
296; 339; 34124
297; 339; 34048
298; 339; 33914
299; 339; 33839
300; 339; 33843
301; 339; 33914
302; 339; 34096
303; 339; 34295
304; 339; 34273
305; 339; 34216
306; 339; 34222
307; 339; 34338
308; 339; 34351
309; 339; 34157
310; 339; 34061
311; 339; 34173
312; 339; 34125
313; 339; 33537
314; 339; 32924
315; 339; 32882
316; 339; 33362
317; 339; 33908
318; 339; 33952
319; 339; 33494
320; 339; 33288
321; 339; 33570
322; 339; 33923
323; 339; 33919
324; 339; 33911
325; 339; 33903
326; 339; 33632
327; 339; 33545
328; 339; 34058
329; 339; 34341
330; 339; 33868
331; 339; 33276
332; 339; 33242
333; 339; 33441
334; 339; 33480
335; 339; 33435
336; 339; 33903
337; 339; 34667
338; 339; 34942
339; 339; 34767
340; 339; 34567
341; 339; 34396
342; 339; 34249
343; 339; 34378
294; 340; 34025
295; 340; 34077
296; 340; 34123
297; 340; 34028
298; 340; 33882
299; 340; 33840
300; 340; 33892
301; 340; 34067
302; 340; 34282
303; 340; 34356
304; 340; 34196
305; 340; 33990
306; 340; 34015
307; 340; 34158
308; 340; 34199
309; 340; 34184
310; 340; 34135
311; 340; 33964
312; 340; 33472
313; 340; 32941
314; 340; 32984
315; 340; 33508
316; 340; 34050
317; 340; 34085
318; 340; 33653
319; 340; 33395
320; 340; 33554
321; 340; 34035
322; 340; 34167
323; 340; 34158
324; 340; 34321
325; 340; 34294
326; 340; 33788
327; 340; 33596
328; 340; 34012
329; 340; 34300
330; 340; 33861
331; 340; 33287
332; 340; 33104
333; 340; 33190
334; 340; 33503
335; 340; 33831
336; 340; 34536
337; 340; 35034
338; 340; 34811
339; 340; 34235
340; 340; 33968
341; 340; 34049
342; 340; 34257
343; 340; 34423
294; 341; 34030
295; 341; 34091
296; 341; 34120
297; 341; 34026
298; 341; 33953
299; 341; 33983
300; 341; 34028
301; 341; 34063
302; 341; 34149
303; 341; 34048
304; 341; 33771
305; 341; 33704
306; 341; 33955
307; 341; 34287
308; 341; 34351
309; 341; 34156
310; 341; 33783
311; 341; 33277
312; 341; 32931
313; 341; 33027
314; 341; 33635
315; 341; 34219
316; 341; 34209
317; 341; 33671
318; 341; 33396
319; 341; 33545
320; 341; 34052
321; 341; 34269
322; 341; 34236
323; 341; 34346
324; 341; 34565
325; 341; 34538
326; 341; 33945
327; 341; 33462
328; 341; 33561
329; 341; 33926
330; 341; 33911
331; 341; 33550
332; 341; 33171
333; 341; 33059
334; 341; 33567
335; 341; 34332
336; 341; 35039
337; 341; 35139
338; 341; 34502
339; 341; 33779
340; 341; 33614
341; 341; 33822
342; 341; 34110
343; 341; 34248
294; 342; 34143
295; 342; 34167
296; 342; 34106
297; 342; 34011
298; 342; 34028
299; 342; 34110
300; 342; 34110
301; 342; 34052
302; 342; 33977
303; 342; 33791
304; 342; 33618
305; 342; 33672
306; 342; 34087
307; 342; 34383
308; 342; 34278
309; 342; 33752
310; 342; 33160
311; 342; 33003
312; 342; 33224
313; 342; 33679
314; 342; 34103
315; 342; 34126
316; 342; 33615
317; 342; 33245
318; 342; 33483
319; 342; 34039
320; 342; 34247
321; 342; 34185
322; 342; 34194
323; 342; 34297
324; 342; 34421
325; 342; 34388
326; 342; 34044
327; 342; 33589
328; 342; 33305
329; 342; 33604
330; 342; 34218
331; 342; 34330
332; 342; 33944
333; 342; 33644
334; 342; 33932
335; 342; 34541
336; 342; 34847
337; 342; 34681
338; 342; 34290
339; 342; 33931
340; 342; 33829
341; 342; 33794
342; 342; 33617
343; 342; 33406
294; 343; 34257
295; 343; 34273
296; 343; 34141
297; 343; 34011
298; 343; 34013
299; 343; 34063
300; 343; 34080
301; 343; 34084
302; 343; 34053
303; 343; 33910
304; 343; 33820
305; 343; 33954
306; 343; 34142
307; 343; 34157
308; 343; 33726
309; 343; 33119
310; 343; 32996
311; 343; 33385
312; 343; 33916
313; 343; 34100
314; 343; 33909
315; 343; 33356
316; 343; 32986
317; 343; 33270
318; 343; 33988
319; 343; 34374
320; 343; 34307
321; 343; 34188
322; 343; 34256
323; 343; 34231
324; 343; 34074
325; 343; 34170
326; 343; 34347
327; 343; 34159
328; 343; 33750
329; 343; 33794
330; 343; 34443
331; 343; 34791
332; 343; 34697
333; 343; 34499
334; 343; 34450
335; 343; 34377
336; 343; 34159
337; 343; 33929
338; 343; 33922
339; 343; 34008
340; 343; 33966
341; 343; 33690
342; 343; 33216
343; 343; 32891
294; 344; 34275
295; 344; 34311
296; 344; 34208
297; 344; 34079
298; 344; 33976
299; 344; 33899
300; 344; 33964
301; 344; 34123
302; 344; 34160
303; 344; 34119
304; 344; 34153
305; 344; 34190
306; 344; 33985
307; 344; 33503
308; 344; 33068
309; 344; 33028
310; 344; 33432
311; 344; 33972
312; 344; 34120
313; 344; 33832
314; 344; 33300
315; 344; 32955
316; 344; 33051
317; 344; 33575
318; 344; 34145
319; 344; 34435
320; 344; 34415
321; 344; 34489
322; 344; 34516
323; 344; 34256
324; 344; 34003
325; 344; 34200
326; 344; 34686
327; 344; 34849
328; 344; 34543
329; 344; 34197
330; 344; 34144
331; 344; 34287
332; 344; 34436
333; 344; 34553
334; 344; 34526
335; 344; 34222
336; 344; 33758
337; 344; 33405
338; 344; 33355
339; 344; 33415
340; 344; 33417
341; 344; 33288
342; 344; 33050
343; 344; 32895
