153; 121; 33291
154; 121; 33303
155; 121; 33263
156; 121; 33210
157; 121; 33124
151; 122; 33001
152; 122; 33287
153; 122; 33416
154; 122; 33384
155; 122; 33327
156; 122; 33283
157; 122; 33213
151; 123; 33069
152; 123; 33360
153; 123; 33440
154; 123; 33400
155; 123; 33352
156; 123; 33317
157; 123; 33257
158; 123; 33123
151; 124; 33070
152; 124; 33306
153; 124; 33371
154; 124; 33366
155; 124; 33370
156; 124; 33320
157; 124; 33264
158; 124; 33151
159; 124; 32970
151; 125; 33038
152; 125; 33251
153; 125; 33266
154; 125; 33254
155; 125; 33257
156; 125; 33229
157; 125; 33194
158; 125; 33129
159; 125; 32966
151; 126; 32991
152; 126; 33210
153; 126; 33213
154; 126; 33147
155; 126; 33136
156; 126; 33128
157; 126; 33140
158; 126; 33068
159; 126; 32913
151; 127; 32916
152; 127; 33124
153; 127; 33191
154; 127; 33161
155; 127; 33149
156; 127; 33125
157; 127; 33095
158; 127; 32985
152; 128; 32970
153; 128; 33086
154; 128; 33138
155; 128; 33131
156; 128; 33076
