228; 358; 33884
229; 358; 34231
230; 358; 34146
231; 358; 33971
232; 358; 33874
233; 358; 33773
234; 358; 33507
235; 358; 33198
227; 359; 33591
228; 359; 34422
229; 359; 34757
230; 359; 34695
231; 359; 34565
232; 359; 34555
233; 359; 34540
234; 359; 34120
235; 359; 33396
226; 360; 33555
227; 360; 34181
228; 360; 34653
229; 360; 34769
230; 360; 34736
231; 360; 34684
232; 360; 34826
233; 360; 34948
234; 360; 34557
235; 360; 33675
226; 361; 34185
227; 361; 34625
228; 361; 34774
229; 361; 34745
230; 361; 34631
231; 361; 34621
232; 361; 34782
233; 361; 34956
234; 361; 34640
225; 362; 33834
226; 362; 34498
227; 362; 34847
228; 362; 34895
229; 362; 34803
230; 362; 34638
231; 362; 34605
232; 362; 34666
233; 362; 34862
234; 362; 34537
225; 363; 34003
226; 363; 34636
227; 363; 34914
228; 363; 34927
229; 363; 34784
230; 363; 34640
231; 363; 34593
232; 363; 34738
233; 363; 34918
234; 363; 34406
225; 364; 34228
226; 364; 34805
227; 364; 35015
228; 364; 34994
229; 364; 34815
230; 364; 34670
231; 364; 34743
232; 364; 35054
233; 364; 34984
234; 364; 34228
225; 365; 34329
226; 365; 34838
227; 365; 35179
228; 365; 35265
229; 365; 35210
230; 365; 35143
231; 365; 35229
232; 365; 35175
233; 365; 34729
234; 365; 33906
227; 366; 35035
228; 366; 35462
229; 366; 35577
230; 366; 35546
231; 366; 35119
232; 366; 34526
228; 367; 35121
