189; 260; 32948
190; 260; 33540
191; 260; 34049
192; 260; 34301
193; 260; 34399
194; 260; 34380
195; 260; 34294
196; 260; 34250
197; 260; 34208
198; 260; 33877
199; 260; 33310
200; 260; 33006
201; 260; 33023
202; 260; 33331
203; 260; 33992
204; 260; 34664
205; 260; 34650
206; 260; 34021
207; 260; 33571
208; 260; 33566
209; 260; 33541
210; 260; 33263
211; 260; 33056
212; 260; 32964
213; 260; 32867
214; 260; 32902
215; 260; 32892
216; 260; 32852
217; 260; 32906
218; 260; 32938
219; 260; 33001
220; 260; 33079
221; 260; 33065
222; 260; 32979
223; 260; 32905
224; 260; 32876
225; 260; 32897
226; 260; 32926
227; 260; 32899
228; 260; 32862
229; 260; 32846
230; 260; 32839
231; 260; 32954
232; 260; 33384
233; 260; 33979
234; 260; 34367
235; 260; 34444
236; 260; 34403
237; 260; 34363
238; 260; 34399
239; 260; 34439
240; 260; 34396
241; 260; 34187
242; 260; 33830
243; 260; 33618
189; 261; 33217
190; 261; 33830
191; 261; 34187
192; 261; 34331
193; 261; 34386
194; 261; 34360
195; 261; 34320
196; 261; 34367
197; 261; 34352
198; 261; 33986
199; 261; 33589
200; 261; 33521
201; 261; 33771
202; 261; 34073
203; 261; 34345
204; 261; 34554
205; 261; 34411
206; 261; 33862
207; 261; 33560
208; 261; 33578
209; 261; 33548
210; 261; 33233
211; 261; 32944
212; 261; 32867
213; 261; 32842
214; 261; 32877
215; 261; 32861
216; 261; 32827
217; 261; 32838
218; 261; 32866
219; 261; 32895
220; 261; 32989
221; 261; 33042
222; 261; 32945
223; 261; 32867
224; 261; 32878
225; 261; 32930
226; 261; 32949
227; 261; 32924
228; 261; 32863
229; 261; 32843
230; 261; 33005
231; 261; 33271
232; 261; 33743
233; 261; 34299
234; 261; 34563
235; 261; 34505
236; 261; 34382
237; 261; 34310
238; 261; 34341
239; 261; 34244
240; 261; 33879
241; 261; 33416
242; 261; 33222
243; 261; 33288
189; 262; 33617
190; 262; 34087
191; 262; 34269
192; 262; 34334
193; 262; 34347
194; 262; 34327
195; 262; 34349
196; 262; 34453
197; 262; 34485
198; 262; 34333
199; 262; 34186
200; 262; 34515
201; 262; 34946
202; 262; 35134
203; 262; 35005
204; 262; 34743
205; 262; 34333
206; 262; 33803
207; 262; 33565
208; 262; 33623
209; 262; 33625
210; 262; 33318
211; 262; 32948
212; 262; 32872
213; 262; 32887
214; 262; 32903
215; 262; 32939
216; 262; 32967
217; 262; 32903
218; 262; 32887
219; 262; 32855
220; 262; 32873
221; 262; 32965
222; 262; 32920
223; 262; 32852
224; 262; 32847
225; 262; 32893
226; 262; 32944
227; 262; 32950
228; 262; 32881
229; 262; 32923
230; 262; 33225
231; 262; 33508
232; 262; 34058
233; 262; 34536
234; 262; 34705
235; 262; 34567
236; 262; 34217
237; 262; 34091
238; 262; 34160
239; 262; 33962
240; 262; 33421
241; 262; 33042
242; 262; 33075
243; 262; 33203
189; 263; 33967
190; 263; 34274
191; 263; 34291
192; 263; 34290
193; 263; 34301
194; 263; 34312
195; 263; 34359
196; 263; 34456
197; 263; 34485
198; 263; 34445
199; 263; 34630
200; 263; 35078
201; 263; 35548
202; 263; 35665
203; 263; 35407
204; 263; 34977
205; 263; 34468
206; 263; 33912
207; 263; 33653
208; 263; 33699
209; 263; 33754
210; 263; 33505
211; 263; 33048
212; 263; 32907
213; 263; 33030
214; 263; 33181
215; 263; 33254
216; 263; 33208
217; 263; 33014
218; 263; 32875
219; 263; 32873
220; 263; 32927
221; 263; 32980
222; 263; 32956
223; 263; 32883
224; 263; 32841
225; 263; 32880
226; 263; 32933
227; 263; 32904
228; 263; 32889
229; 263; 33068
230; 263; 33328
231; 263; 33695
232; 263; 34189
233; 263; 34588
234; 263; 34706
235; 263; 34576
236; 263; 34199
237; 263; 33989
238; 263; 33966
239; 263; 33832
240; 263; 33491
241; 263; 33234
242; 263; 33203
243; 263; 33421
189; 264; 34186
190; 264; 34312
191; 264; 34251
192; 264; 34208
193; 264; 34254
194; 264; 34300
195; 264; 34349
196; 264; 34421
197; 264; 34414
198; 264; 34384
199; 264; 34505
200; 264; 34987
201; 264; 35379
202; 264; 35450
203; 264; 35238
204; 264; 34927
205; 264; 34559
206; 264; 34116
207; 264; 33806
208; 264; 33821
209; 264; 33885
210; 264; 33675
211; 264; 33178
212; 264; 33001
213; 264; 33183
214; 264; 33423
215; 264; 33457
216; 264; 33284
217; 264; 33072
218; 264; 32948
219; 264; 32963
220; 264; 33021
221; 264; 33014
222; 264; 32971
223; 264; 32904
224; 264; 32866
225; 264; 32910
226; 264; 32898
227; 264; 32865
228; 264; 32963
229; 264; 33189
230; 264; 33505
231; 264; 33971
232; 264; 34208
233; 264; 34387
234; 264; 34543
235; 264; 34442
236; 264; 34220
237; 264; 34024
238; 264; 33931
239; 264; 33870
240; 264; 33792
241; 264; 33415
242; 264; 33293
243; 264; 33425
189; 265; 34292
190; 265; 34355
191; 265; 34243
192; 265; 34207
193; 265; 34299
194; 265; 34379
195; 265; 34425
196; 265; 34464
197; 265; 34405
198; 265; 34320
199; 265; 34353
200; 265; 34688
201; 265; 35031
202; 265; 35026
203; 265; 34772
204; 265; 34648
205; 265; 34576
206; 265; 34334
207; 265; 34033
208; 265; 33972
209; 265; 34030
210; 265; 33831
211; 265; 33322
212; 265; 33120
213; 265; 33261
214; 265; 33496
215; 265; 33467
216; 265; 33208
217; 265; 33002
218; 265; 32977
219; 265; 33037
220; 265; 33046
221; 265; 32976
222; 265; 32927
223; 265; 32928
224; 265; 32898
225; 265; 32875
226; 265; 32862
227; 265; 32927
228; 265; 33134
229; 265; 33375
230; 265; 33843
231; 265; 34219
232; 265; 34190
233; 265; 34152
234; 265; 34188
235; 265; 34109
236; 265; 34091
237; 265; 33986
238; 265; 33906
239; 265; 33841
240; 265; 33687
241; 265; 33347
242; 265; 33288
243; 265; 33380
189; 266; 34317
190; 266; 34362
191; 266; 34281
192; 266; 34290
193; 266; 34418
194; 266; 34523
195; 266; 34568
196; 266; 34588
197; 266; 34524
198; 266; 34397
199; 266; 34410
200; 266; 34641
201; 266; 34901
202; 266; 34879
203; 266; 34700
204; 266; 34620
205; 266; 34624
206; 266; 34531
207; 266; 34252
208; 266; 34132
209; 266; 34122
210; 266; 33916
211; 266; 33445
212; 266; 33103
213; 266; 33201
214; 266; 33391
215; 266; 33345
216; 266; 33115
217; 266; 32967
218; 266; 32986
219; 266; 33052
220; 266; 33032
221; 266; 32936
222; 266; 32929
223; 266; 33021
224; 266; 32984
225; 266; 32850
226; 266; 32851
227; 266; 33040
228; 266; 33325
229; 266; 33589
230; 266; 34081
231; 266; 34289
232; 266; 34219
233; 266; 34008
234; 266; 33787
235; 266; 33647
236; 266; 33839
237; 266; 33841
238; 266; 33761
239; 266; 33636
240; 266; 33331
241; 266; 33048
242; 266; 33121
243; 266; 33544
189; 267; 34310
190; 267; 34337
191; 267; 34287
192; 267; 34333
193; 267; 34460
194; 267; 34553
195; 267; 34601
196; 267; 34655
197; 267; 34649
198; 267; 34560
199; 267; 34550
200; 267; 34762
201; 267; 34933
202; 267; 34977
203; 267; 34930
204; 267; 34867
205; 267; 34798
206; 267; 34642
207; 267; 34341
208; 267; 34111
209; 267; 33969
210; 267; 33698
211; 267; 33219
212; 267; 32966
213; 267; 33038
214; 267; 33183
215; 267; 33169
216; 267; 33050
217; 267; 32996
218; 267; 33046
219; 267; 33106
220; 267; 33078
221; 267; 33006
222; 267; 33037
223; 267; 33137
224; 267; 33092
225; 267; 32924
226; 267; 32895
227; 267; 33117
228; 267; 33486
229; 267; 33720
230; 267; 34122
231; 267; 34298
232; 267; 34130
233; 267; 33692
234; 267; 33413
235; 267; 33291
236; 267; 33644
237; 267; 33637
238; 267; 33587
239; 267; 33512
240; 267; 33200
241; 267; 32956
242; 267; 33074
243; 267; 33730
189; 268; 34354
190; 268; 34340
191; 268; 34304
192; 268; 34348
193; 268; 34417
194; 268; 34428
195; 268; 34451
196; 268; 34557
197; 268; 34648
198; 268; 34640
199; 268; 34655
200; 268; 34752
201; 268; 34878
202; 268; 34999
203; 268; 35077
204; 268; 35053
205; 268; 34928
206; 268; 34664
207; 268; 34276
208; 268; 33813
209; 268; 33488
210; 268; 33206
211; 268; 32929
212; 268; 32871
213; 268; 32941
214; 268; 33045
215; 268; 33015
216; 268; 32952
217; 268; 32954
218; 268; 33014
219; 268; 33079
220; 268; 33114
221; 268; 33127
222; 268; 33156
223; 268; 33164
224; 268; 33063
225; 268; 32932
226; 268; 32945
227; 268; 33148
228; 268; 33531
229; 268; 33808
230; 268; 34142
231; 268; 34264
232; 268; 33993
233; 268; 33389
234; 268; 33130
235; 268; 33127
236; 268; 33541
237; 268; 33534
238; 268; 33506
239; 268; 33554
240; 268; 33407
241; 268; 33085
242; 268; 33279
243; 268; 33937
189; 269; 34366
190; 269; 34352
191; 269; 34372
192; 269; 34440
193; 269; 34437
194; 269; 34317
195; 269; 34258
196; 269; 34375
197; 269; 34553
198; 269; 34650
199; 269; 34701
200; 269; 34749
201; 269; 34808
202; 269; 34931
203; 269; 35059
204; 269; 35058
205; 269; 34910
206; 269; 34615
207; 269; 34160
208; 269; 33617
209; 269; 33207
210; 269; 32991
211; 269; 32916
212; 269; 32941
213; 269; 33039
214; 269; 33059
215; 269; 32956
216; 269; 32886
217; 269; 32895
218; 269; 32922
219; 269; 32950
220; 269; 33033
221; 269; 33150
222; 269; 33190
223; 269; 33123
224; 269; 33005
225; 269; 32909
226; 269; 32917
227; 269; 33110
228; 269; 33533
229; 269; 33928
230; 269; 34159
231; 269; 34201
232; 269; 33818
233; 269; 33274
234; 269; 33048
235; 269; 33162
236; 269; 33390
237; 269; 33450
238; 269; 33468
239; 269; 33566
240; 269; 33630
241; 269; 33494
242; 269; 33555
243; 269; 34026
189; 270; 34260
190; 270; 34283
191; 270; 34393
192; 270; 34534
193; 270; 34525
194; 270; 34330
195; 270; 34199
196; 270; 34296
197; 270; 34507
198; 270; 34648
199; 270; 34727
200; 270; 34787
201; 270; 34834
202; 270; 34941
203; 270; 35072
204; 270; 35059
205; 270; 34840
206; 270; 34487
207; 270; 34028
208; 270; 33620
209; 270; 33327
210; 270; 33202
211; 270; 33210
212; 270; 33282
213; 270; 33286
214; 270; 33160
215; 270; 33036
216; 270; 33042
217; 270; 33072
218; 270; 32973
219; 270; 32877
220; 270; 32924
221; 270; 33094
222; 270; 33164
223; 270; 33111
224; 270; 33061
225; 270; 33001
226; 270; 32932
227; 270; 33017
228; 270; 33484
229; 270; 34047
230; 270; 34171
231; 270; 34039
232; 270; 33653
233; 270; 33328
234; 270; 33189
235; 270; 33199
236; 270; 33243
237; 270; 33374
238; 270; 33419
239; 270; 33404
240; 270; 33552
241; 270; 33545
242; 270; 33698
243; 270; 33951
189; 271; 34185
190; 271; 34190
191; 271; 34319
192; 271; 34506
193; 271; 34549
194; 271; 34401
195; 271; 34303
196; 271; 34407
197; 271; 34571
198; 271; 34643
199; 271; 34706
200; 271; 34801
201; 271; 34876
202; 271; 34996
203; 271; 35134
204; 271; 35111
205; 271; 34725
206; 271; 34215
207; 271; 33872
208; 271; 33724
209; 271; 33662
210; 271; 33720
211; 271; 33702
212; 271; 33662
213; 271; 33582
214; 271; 33434
215; 271; 33439
216; 271; 33628
217; 271; 33709
218; 271; 33435
219; 271; 33122
220; 271; 33032
221; 271; 33118
222; 271; 33172
223; 271; 33132
224; 271; 33146
225; 271; 33135
226; 271; 33004
227; 271; 32964
228; 271; 33408
229; 271; 34084
230; 271; 34206
231; 271; 33860
232; 271; 33515
233; 271; 33383
234; 271; 33325
235; 271; 33239
236; 271; 33127
237; 271; 33163
238; 271; 33275
239; 271; 33085
240; 271; 33158
241; 271; 33317
242; 271; 33557
243; 271; 33865
189; 272; 34327
190; 272; 34235
191; 272; 34258
192; 272; 34398
193; 272; 34480
194; 272; 34455
195; 272; 34488
196; 272; 34615
197; 272; 34672
198; 272; 34633
199; 272; 34673
200; 272; 34786
201; 272; 34880
202; 272; 35002
203; 272; 35123
204; 272; 35047
205; 272; 34558
206; 272; 34012
207; 272; 33763
208; 272; 33776
209; 272; 33967
210; 272; 34062
211; 272; 34019
212; 272; 33925
213; 272; 33855
214; 272; 33845
215; 272; 33951
216; 272; 34128
217; 272; 34191
218; 272; 34014
219; 272; 33718
220; 272; 33508
221; 272; 33379
222; 272; 33280
223; 272; 33202
224; 272; 33200
225; 272; 33210
226; 272; 33092
227; 272; 33038
228; 272; 33419
229; 272; 34110
230; 272; 34388
231; 272; 34006
232; 272; 33520
233; 272; 33321
234; 272; 33328
235; 272; 33300
236; 272; 33126
237; 272; 33007
238; 272; 33061
239; 272; 33051
240; 272; 33112
241; 272; 33242
242; 272; 33436
243; 272; 33781
189; 273; 34604
190; 273; 34428
191; 273; 34304
192; 273; 34332
193; 273; 34391
194; 273; 34454
195; 273; 34603
196; 273; 34738
197; 273; 34721
198; 273; 34659
199; 273; 34738
200; 273; 34881
201; 273; 34959
202; 273; 35016
203; 273; 35047
204; 273; 34907
205; 273; 34415
206; 273; 33995
207; 273; 33806
208; 273; 33908
209; 273; 34095
210; 273; 34161
211; 273; 34118
212; 273; 34008
213; 273; 33943
214; 273; 33972
215; 273; 34043
216; 273; 34120
217; 273; 34117
218; 273; 34039
219; 273; 33986
220; 273; 33887
221; 273; 33713
222; 273; 33550
223; 273; 33398
224; 273; 33313
225; 273; 33289
226; 273; 33228
227; 273; 33236
228; 273; 33580
229; 273; 34236
230; 273; 34617
231; 273; 34371
232; 273; 33720
233; 273; 33311
234; 273; 33292
235; 273; 33334
236; 273; 33295
237; 273; 33168
238; 273; 33077
239; 273; 33137
240; 273; 33251
241; 273; 33314
242; 273; 33376
243; 273; 33632
189; 274; 34642
190; 274; 34557
191; 274; 34421
192; 274; 34377
193; 274; 34366
194; 274; 34394
195; 274; 34540
196; 274; 34690
197; 274; 34700
198; 274; 34748
199; 274; 34944
200; 274; 35090
201; 274; 35092
202; 274; 35042
203; 274; 34961
204; 274; 34723
205; 274; 34366
206; 274; 34167
207; 274; 34087
208; 274; 34200
209; 274; 34181
210; 274; 34136
211; 274; 34031
212; 274; 33890
213; 274; 33835
214; 274; 33862
215; 274; 33890
216; 274; 33845
217; 274; 33799
218; 274; 33821
219; 274; 33883
220; 274; 33866
221; 274; 33753
222; 274; 33662
223; 274; 33658
224; 274; 33583
225; 274; 33379
226; 274; 33284
227; 274; 33341
228; 274; 33698
229; 274; 34324
230; 274; 34761
231; 274; 34657
232; 274; 34095
233; 274; 33496
234; 274; 33291
235; 274; 33354
236; 274; 33465
237; 274; 33357
238; 274; 33170
239; 274; 33098
240; 274; 33159
241; 274; 33295
242; 274; 33390
243; 274; 33567
189; 275; 34262
190; 275; 34517
191; 275; 34537
192; 275; 34534
193; 275; 34449
194; 275; 34349
195; 275; 34386
196; 275; 34510
197; 275; 34623
198; 275; 34906
199; 275; 35156
200; 275; 35189
201; 275; 35080
202; 275; 34973
203; 275; 34823
204; 275; 34505
205; 275; 34336
206; 275; 34328
207; 275; 34378
208; 275; 34322
209; 275; 34161
210; 275; 33923
211; 275; 33719
212; 275; 33605
213; 275; 33569
214; 275; 33671
215; 275; 33749
216; 275; 33706
217; 275; 33665
218; 275; 33698
219; 275; 33717
220; 275; 33652
221; 275; 33574
222; 275; 33605
223; 275; 33727
224; 275; 33721
225; 275; 33462
226; 275; 33232
227; 275; 33228
228; 275; 33569
229; 275; 34182
230; 275; 34653
231; 275; 34689
232; 275; 34289
233; 275; 33717
234; 275; 33372
235; 275; 33357
236; 275; 33498
237; 275; 33376
238; 275; 33155
239; 275; 33001
240; 275; 33010
241; 275; 33204
242; 275; 33415
243; 275; 33569
189; 276; 33744
190; 276; 34314
191; 276; 34619
192; 276; 34695
193; 276; 34609
194; 276; 34430
195; 276; 34360
196; 276; 34417
197; 276; 34601
198; 276; 35002
199; 276; 35176
200; 276; 35101
201; 276; 34924
202; 276; 34858
203; 276; 34678
204; 276; 34389
205; 276; 34328
206; 276; 34428
207; 276; 34467
208; 276; 34248
209; 276; 33876
210; 276; 33737
211; 276; 33679
212; 276; 33577
213; 276; 33564
214; 276; 33649
215; 276; 33738
216; 276; 33743
217; 276; 33747
218; 276; 33778
219; 276; 33712
220; 276; 33534
221; 276; 33422
222; 276; 33483
223; 276; 33660
224; 276; 33741
225; 276; 33551
226; 276; 33238
227; 276; 33132
228; 276; 33306
229; 276; 33836
230; 276; 34397
231; 276; 34533
232; 276; 34358
233; 276; 33883
234; 276; 33418
235; 276; 33301
236; 276; 33420
237; 276; 33351
238; 276; 33204
239; 276; 33152
240; 276; 33254
241; 276; 33388
242; 276; 33446
243; 276; 33466
189; 277; 33479
190; 277; 33952
191; 277; 34439
192; 277; 34684
193; 277; 34694
194; 277; 34600
195; 277; 34516
196; 277; 34480
197; 277; 34617
198; 277; 35017
199; 277; 35133
200; 277; 35016
201; 277; 34902
202; 277; 34943
203; 277; 34788
204; 277; 34432
205; 277; 34373
206; 277; 34492
207; 277; 34450
208; 277; 33983
209; 277; 33667
210; 277; 33734
211; 277; 33847
212; 277; 33808
213; 277; 33723
214; 277; 33710
215; 277; 33723
216; 277; 33727
217; 277; 33775
218; 277; 33829
219; 277; 33765
220; 277; 33607
221; 277; 33507
222; 277; 33524
223; 277; 33645
224; 277; 33755
225; 277; 33646
226; 277; 33354
227; 277; 33130
228; 277; 33153
229; 277; 33555
230; 277; 34146
231; 277; 34489
232; 277; 34441
233; 277; 33957
234; 277; 33355
235; 277; 33130
236; 277; 33317
237; 277; 33461
238; 277; 33419
239; 277; 33471
240; 277; 33630
241; 277; 33668
242; 277; 33540
243; 277; 33366
189; 278; 33453
190; 278; 33681
191; 278; 34038
192; 278; 34427
193; 278; 34618
194; 278; 34693
195; 278; 34676
196; 278; 34589
197; 278; 34663
198; 278; 35034
199; 278; 35124
200; 278; 35048
201; 278; 35080
202; 278; 35250
203; 278; 35040
204; 278; 34498
205; 278; 34357
206; 278; 34488
207; 278; 34341
208; 278; 33786
209; 278; 33587
210; 278; 33732
211; 278; 33912
212; 278; 33908
213; 278; 33835
214; 278; 33784
215; 278; 33726
216; 278; 33690
217; 278; 33727
218; 278; 33759
219; 278; 33714
220; 278; 33663
221; 278; 33671
222; 278; 33685
223; 278; 33706
224; 278; 33745
225; 278; 33662
226; 278; 33442
227; 278; 33221
228; 278; 33177
229; 278; 33358
230; 278; 33848
231; 278; 34390
232; 278; 34512
233; 278; 34064
234; 278; 33307
235; 278; 33029
236; 278; 33252
237; 278; 33525
238; 278; 33583
239; 278; 33615
240; 278; 33644
241; 278; 33616
242; 278; 33490
243; 278; 33320
189; 279; 33551
190; 279; 33595
191; 279; 33824
192; 279; 34120
193; 279; 34467
194; 279; 34658
195; 279; 34708
196; 279; 34677
197; 279; 34748
198; 279; 35069
199; 279; 35114
200; 279; 35057
201; 279; 35158
202; 279; 35316
203; 279; 35026
204; 279; 34344
205; 279; 34116
206; 279; 34312
207; 279; 34185
208; 279; 33734
209; 279; 33592
210; 279; 33654
211; 279; 33716
212; 279; 33734
213; 279; 33806
214; 279; 33902
215; 279; 33904
216; 279; 33856
217; 279; 33838
218; 279; 33788
219; 279; 33680
220; 279; 33629
221; 279; 33680
222; 279; 33719
223; 279; 33697
224; 279; 33654
225; 279; 33564
226; 279; 33429
227; 279; 33308
228; 279; 33225
229; 279; 33211
230; 279; 33443
231; 279; 34065
232; 279; 34482
233; 279; 34236
234; 279; 33379
235; 279; 32923
236; 279; 33191
237; 279; 33387
238; 279; 33516
239; 279; 33566
240; 279; 33477
241; 279; 33375
242; 279; 33286
243; 279; 33213
189; 280; 33660
190; 280; 33716
191; 280; 33870
192; 280; 34067
193; 280; 34251
194; 280; 34465
195; 280; 34624
196; 280; 34737
197; 280; 34924
198; 280; 35070
199; 280; 35037
200; 280; 34907
201; 280; 35026
202; 280; 35169
203; 280; 34727
204; 280; 33959
205; 280; 33755
206; 280; 34062
207; 280; 34042
208; 280; 33771
209; 280; 33672
210; 280; 33668
211; 280; 33616
212; 280; 33619
213; 280; 33781
214; 280; 34046
215; 280; 34150
216; 280; 34119
217; 280; 34080
218; 280; 34013
219; 280; 33844
220; 280; 33670
221; 280; 33623
222; 280; 33658
223; 280; 33674
224; 280; 33622
225; 280; 33501
226; 280; 33378
227; 280; 33324
228; 280; 33255
229; 280; 33133
230; 280; 33106
231; 280; 33568
232; 280; 34300
233; 280; 34498
234; 280; 33893
235; 280; 33111
236; 280; 33032
237; 280; 33134
238; 280; 33460
239; 280; 33597
240; 280; 33492
241; 280; 33279
242; 280; 33115
243; 280; 33107
189; 281; 33754
190; 281; 33806
191; 281; 33967
192; 281; 34052
193; 281; 34013
194; 281; 34117
195; 281; 34465
196; 281; 34828
197; 281; 35094
198; 281; 35153
199; 281; 34946
200; 281; 34816
201; 281; 34934
202; 281; 35012
203; 281; 34401
204; 281; 33575
205; 281; 33480
206; 281; 33958
207; 281; 34038
208; 281; 33889
209; 281; 33884
210; 281; 34014
211; 281; 33970
212; 281; 33809
213; 281; 33914
214; 281; 34098
215; 281; 34173
216; 281; 34139
217; 281; 34144
218; 281; 34180
219; 281; 34079
220; 281; 33834
221; 281; 33662
222; 281; 33682
223; 281; 33793
224; 281; 33820
225; 281; 33620
226; 281; 33402
227; 281; 33329
228; 281; 33267
229; 281; 33127
230; 281; 33024
231; 281; 33239
232; 281; 33986
233; 281; 34670
234; 281; 34603
235; 281; 33856
236; 281; 33207
237; 281; 33184
238; 281; 33546
239; 281; 33638
240; 281; 33575
241; 281; 33451
242; 281; 33255
243; 281; 33158
189; 282; 33809
190; 282; 33806
191; 282; 33880
192; 282; 33871
193; 282; 33715
194; 282; 33809
195; 282; 34257
196; 282; 34856
197; 282; 35214
198; 282; 35239
199; 282; 34979
200; 282; 34853
201; 282; 35114
202; 282; 35066
203; 282; 34175
204; 282; 33337
205; 282; 33377
206; 282; 34014
207; 282; 34213
208; 282; 34005
209; 282; 34023
210; 282; 34221
211; 282; 34269
212; 282; 34148
213; 282; 34050
214; 282; 34028
215; 282; 33969
216; 282; 33900
217; 282; 33952
218; 282; 34099
219; 282; 34114
220; 282; 33900
221; 282; 33681
222; 282; 33705
223; 282; 33905
224; 282; 33988
225; 282; 33855
226; 282; 33545
227; 282; 33355
228; 282; 33257
229; 282; 33204
230; 282; 33142
231; 282; 33159
232; 282; 33579
233; 282; 34420
234; 282; 34862
235; 282; 34702
236; 282; 34224
237; 282; 33855
238; 282; 33679
239; 282; 33386
240; 282; 33401
241; 282; 33530
242; 282; 33640
243; 282; 33592
189; 283; 33810
190; 283; 33766
191; 283; 33781
192; 283; 33764
193; 283; 33674
194; 283; 33740
195; 283; 34190
196; 283; 34824
197; 283; 35224
198; 283; 35251
199; 283; 35090
200; 283; 35060
201; 283; 35309
202; 283; 35179
203; 283; 34101
204; 283; 33210
205; 283; 33365
206; 283; 34151
207; 283; 34445
208; 283; 34184
209; 283; 34011
210; 283; 34055
211; 283; 34097
212; 283; 34088
213; 283; 34059
214; 283; 33980
215; 283; 33844
216; 283; 33735
217; 283; 33774
218; 283; 33924
219; 283; 33975
220; 283; 33809
221; 283; 33608
222; 283; 33638
223; 283; 33859
224; 283; 33995
225; 283; 33944
226; 283; 33658
227; 283; 33378
228; 283; 33281
229; 283; 33287
230; 283; 33328
231; 283; 33287
232; 283; 33269
233; 283; 33666
234; 283; 34380
235; 283; 34795
236; 283; 34790
237; 283; 34483
238; 283; 33948
239; 283; 33377
240; 283; 33282
241; 283; 33527
242; 283; 33908
243; 283; 34107
189; 284; 33669
190; 284; 33690
191; 284; 33753
192; 284; 33821
193; 284; 33788
194; 284; 33864
195; 284; 34202
196; 284; 34764
197; 284; 35184
198; 284; 35242
199; 284; 35109
200; 284; 35107
201; 284; 35303
202; 284; 35179
203; 284; 34111
204; 284; 33202
205; 284; 33389
206; 284; 34243
207; 284; 34526
208; 284; 34349
209; 284; 33971
210; 284; 33821
211; 284; 33780
212; 284; 33863
213; 284; 34028
214; 284; 34089
215; 284; 33988
216; 284; 33842
217; 284; 33801
218; 284; 33874
219; 284; 33907
220; 284; 33772
221; 284; 33592
222; 284; 33606
223; 284; 33807
224; 284; 33967
225; 284; 33961
226; 284; 33720
227; 284; 33405
228; 284; 33293
229; 284; 33332
230; 284; 33445
231; 284; 33402
232; 284; 33149
233; 284; 33038
234; 284; 33435
235; 284; 34216
236; 284; 34747
237; 284; 34760
238; 284; 34373
239; 284; 33875
240; 284; 33602
241; 284; 33783
242; 284; 34176
243; 284; 34459
189; 285; 33492
190; 285; 33587
191; 285; 33703
192; 285; 33831
193; 285; 33819
194; 285; 33883
195; 285; 34137
196; 285; 34694
197; 285; 35190
198; 285; 35265
199; 285; 35071
200; 285; 35000
201; 285; 35184
202; 285; 35126
203; 285; 34226
204; 285; 33345
205; 285; 33449
206; 285; 34199
207; 285; 34466
208; 285; 34352
209; 285; 34024
210; 285; 33832
211; 285; 33736
212; 285; 33830
213; 285; 34088
214; 285; 34268
215; 285; 34231
216; 285; 34059
217; 285; 33932
218; 285; 33946
219; 285; 33997
220; 285; 33894
221; 285; 33688
222; 285; 33654
223; 285; 33850
224; 285; 34051
225; 285; 34027
226; 285; 33751
227; 285; 33389
228; 285; 33236
229; 285; 33282
230; 285; 33433
231; 285; 33427
232; 285; 33166
233; 285; 32895
234; 285; 32915
235; 285; 33410
236; 285; 34172
237; 285; 34684
238; 285; 34701
239; 285; 34436
240; 285; 34238
241; 285; 34307
242; 285; 34513
243; 285; 34568
189; 286; 33391
190; 286; 33512
191; 286; 33609
192; 286; 33648
193; 286; 33610
194; 286; 33631
195; 286; 33907
196; 286; 34592
197; 286; 35238
198; 286; 35337
199; 286; 35083
200; 286; 34940
201; 286; 35103
202; 286; 35103
203; 286; 34376
204; 286; 33572
205; 286; 33597
206; 286; 34160
207; 286; 34345
208; 286; 34248
209; 286; 34072
210; 286; 33984
211; 286; 33915
212; 286; 33970
213; 286; 34151
214; 286; 34307
215; 286; 34292
216; 286; 34124
217; 286; 33984
218; 286; 34028
219; 286; 34154
220; 286; 34070
221; 286; 33772
222; 286; 33647
223; 286; 33864
224; 286; 34139
225; 286; 34099
226; 286; 33752
227; 286; 33345
228; 286; 33151
229; 286; 33162
230; 286; 33314
231; 286; 33386
232; 286; 33216
233; 286; 32964
234; 286; 32911
235; 286; 32979
236; 286; 33320
237; 286; 33893
238; 286; 34363
239; 286; 34483
240; 286; 34463
241; 286; 34491
242; 286; 34483
243; 286; 34354
189; 287; 33322
190; 287; 33461
191; 287; 33557
192; 287; 33540
193; 287; 33440
194; 287; 33368
195; 287; 33638
196; 287; 34443
197; 287; 35241
198; 287; 35374
199; 287; 35134
200; 287; 34990
201; 287; 35106
202; 287; 35060
203; 287; 34400
204; 287; 33714
205; 287; 33740
206; 287; 34192
207; 287; 34347
208; 287; 34278
209; 287; 34167
210; 287; 34071
211; 287; 33989
212; 287; 33964
213; 287; 34032
214; 287; 34136
215; 287; 34141
216; 287; 34021
217; 287; 33941
218; 287; 34063
219; 287; 34259
220; 287; 34169
221; 287; 33777
222; 287; 33561
223; 287; 33783
224; 287; 34109
225; 287; 34066
226; 287; 33657
227; 287; 33296
228; 287; 33143
229; 287; 33150
230; 287; 33275
231; 287; 33370
232; 287; 33278
233; 287; 33087
234; 287; 32971
235; 287; 32948
236; 287; 32910
237; 287; 33078
238; 287; 33350
239; 287; 33498
240; 287; 33532
241; 287; 33597
242; 287; 33653
243; 287; 33608
189; 288; 33282
190; 288; 33410
191; 288; 33523
192; 288; 33546
193; 288; 33448
194; 288; 33333
195; 288; 33513
196; 288; 34327
197; 288; 35168
198; 288; 35320
199; 288; 35127
200; 288; 35024
201; 288; 35092
202; 288; 34961
203; 288; 34295
204; 288; 33715
205; 288; 33753
206; 288; 34170
207; 288; 34374
208; 288; 34410
209; 288; 34286
210; 288; 34082
211; 288; 33896
212; 288; 33803
213; 288; 33839
214; 288; 33955
215; 288; 34014
216; 288; 33955
217; 288; 33909
218; 288; 34038
219; 288; 34228
220; 288; 34141
221; 288; 33772
222; 288; 33570
223; 288; 33778
224; 288; 34030
225; 288; 33946
226; 288; 33508
227; 288; 33263
228; 288; 33248
229; 288; 33296
230; 288; 33380
231; 288; 33432
232; 288; 33343
233; 288; 33172
234; 288; 33082
235; 288; 33069
236; 288; 33039
237; 288; 33045
238; 288; 33037
239; 288; 32987
240; 288; 32929
241; 288; 32954
242; 288; 33079
243; 288; 33178
189; 289; 33315
190; 289; 33337
191; 289; 33392
192; 289; 33497
193; 289; 33472
194; 289; 33361
195; 289; 33575
196; 289; 34333
197; 289; 35111
198; 289; 35244
199; 289; 35075
200; 289; 35002
201; 289; 35050
202; 289; 34893
203; 289; 34278
204; 289; 33717
205; 289; 33686
206; 289; 33963
207; 289; 34307
208; 289; 34482
209; 289; 34441
210; 289; 34132
211; 289; 33834
212; 289; 33723
213; 289; 33807
214; 289; 33968
215; 289; 34061
216; 289; 34016
217; 289; 33927
218; 289; 33962
219; 289; 34075
220; 289; 34032
221; 289; 33818
222; 289; 33737
223; 289; 33917
224; 289; 34033
225; 289; 33836
226; 289; 33395
227; 289; 33264
228; 289; 33322
229; 289; 33438
230; 289; 33499
231; 289; 33475
232; 289; 33337
233; 289; 33162
234; 289; 33118
235; 289; 33183
236; 289; 33224
237; 289; 33213
238; 289; 33194
239; 289; 33143
240; 289; 33077
241; 289; 33040
242; 289; 33066
243; 289; 33106
189; 290; 33381
190; 290; 33250
191; 290; 33130
192; 290; 33293
193; 290; 33499
194; 290; 33533
195; 290; 33809
196; 290; 34501
197; 290; 35160
198; 290; 35241
199; 290; 35080
200; 290; 35040
201; 290; 35113
202; 290; 34949
203; 290; 34396
204; 290; 33775
205; 290; 33623
206; 290; 33778
207; 290; 34135
208; 290; 34458
209; 290; 34528
210; 290; 34239
211; 290; 33903
212; 290; 33774
213; 290; 33874
214; 290; 34042
215; 290; 34127
216; 290; 34081
217; 290; 33979
218; 290; 33934
219; 290; 33968
220; 290; 33980
221; 290; 33920
222; 290; 33905
223; 290; 33982
224; 290; 33975
225; 290; 33714
226; 290; 33324
227; 290; 33213
228; 290; 33287
229; 290; 33435
230; 290; 33505
231; 290; 33451
232; 290; 33276
233; 290; 33078
234; 290; 33009
235; 290; 33070
236; 290; 33133
237; 290; 33154
238; 290; 33183
239; 290; 33224
240; 290; 33211
241; 290; 33140
242; 290; 33084
243; 290; 33089
189; 291; 33352
190; 291; 33169
191; 291; 32989
192; 291; 33181
193; 291; 33642
194; 291; 33921
195; 291; 34191
196; 291; 34769
197; 291; 35243
198; 291; 35258
199; 291; 35136
200; 291; 35163
201; 291; 35257
202; 291; 35040
203; 291; 34448
204; 291; 33776
205; 291; 33557
206; 291; 33659
207; 291; 33941
208; 291; 34315
209; 291; 34493
210; 291; 34340
211; 291; 34025
212; 291; 33853
213; 291; 33872
214; 291; 33966
215; 291; 34024
216; 291; 34033
217; 291; 34009
218; 291; 33978
219; 291; 33992
220; 291; 34044
221; 291; 34060
222; 291; 33989
223; 291; 33879
224; 291; 33715
225; 291; 33448
226; 291; 33218
227; 291; 33159
228; 291; 33243
229; 291; 33397
230; 291; 33503
231; 291; 33479
232; 291; 33286
233; 291; 33029
234; 291; 32874
235; 291; 32856
236; 291; 32888
237; 291; 32924
238; 291; 33017
239; 291; 33153
240; 291; 33180
241; 291; 33086
242; 291; 33008
243; 291; 33029
189; 292; 33189
190; 292; 33077
191; 292; 32962
192; 292; 33217
193; 292; 33811
194; 292; 34232
195; 292; 34530
196; 292; 34910
197; 292; 35213
198; 292; 35189
199; 292; 35122
200; 292; 35238
201; 292; 35320
202; 292; 35014
203; 292; 34362
204; 292; 33743
205; 292; 33513
206; 292; 33591
207; 292; 33737
208; 292; 34086
209; 292; 34357
210; 292; 34327
211; 292; 34114
212; 292; 33938
213; 292; 33871
214; 292; 33879
215; 292; 33909
216; 292; 33956
217; 292; 33999
218; 292; 34015
219; 292; 34042
220; 292; 34110
221; 292; 34138
222; 292; 34043
223; 292; 33730
224; 292; 33417
225; 292; 33188
226; 292; 33084
227; 292; 33109
228; 292; 33264
229; 292; 33445
230; 292; 33580
231; 292; 33562
232; 292; 33348
233; 292; 33063
234; 292; 32875
235; 292; 32827
236; 292; 32855
237; 292; 32880
238; 292; 32998
239; 292; 33189
240; 292; 33206
241; 292; 33064
242; 292; 32950
243; 292; 32961
189; 293; 33027
190; 293; 33008
191; 293; 32997
192; 293; 33269
193; 293; 33849
194; 293; 34282
195; 293; 34559
196; 293; 34858
197; 293; 35051
198; 293; 35029
199; 293; 35028
200; 293; 35199
201; 293; 35284
202; 293; 34922
203; 293; 34334
204; 293; 33843
205; 293; 33566
206; 293; 33483
207; 293; 33497
208; 293; 33788
209; 293; 34146
210; 293; 34243
211; 293; 34180
212; 293; 34097
213; 293; 34037
214; 293; 34004
215; 293; 33989
216; 293; 33993
217; 293; 34021
218; 293; 34056
219; 293; 34078
220; 293; 34113
221; 293; 34133
222; 293; 34044
223; 293; 33708
224; 293; 33284
225; 293; 33011
226; 293; 32957
227; 293; 33095
228; 293; 33298
229; 293; 33485
230; 293; 33594
231; 293; 33519
232; 293; 33275
233; 293; 33052
234; 293; 32945
235; 293; 32886
236; 293; 32860
237; 293; 32930
238; 293; 33140
239; 293; 33338
240; 293; 33331
241; 293; 33162
242; 293; 33014
243; 293; 32989
189; 294; 32973
190; 294; 32984
191; 294; 33000
192; 294; 33265
193; 294; 33746
194; 294; 34109
195; 294; 34386
196; 294; 34726
197; 294; 34967
198; 294; 34968
199; 294; 35013
200; 294; 35193
201; 294; 35237
202; 294; 34880
203; 294; 34430
204; 294; 34050
205; 294; 33651
206; 294; 33362
207; 294; 33295
208; 294; 33559
209; 294; 33911
210; 294; 34095
211; 294; 34168
212; 294; 34211
213; 294; 34234
214; 294; 34187
215; 294; 34152
216; 294; 34112
217; 294; 34124
218; 294; 34190
219; 294; 34206
220; 294; 34172
221; 294; 34133
222; 294; 34026
223; 294; 33687
224; 294; 33199
225; 294; 32930
226; 294; 32923
227; 294; 33137
228; 294; 33357
229; 294; 33480
230; 294; 33491
231; 294; 33331
232; 294; 33073
233; 294; 32932
234; 294; 32929
235; 294; 32931
236; 294; 32957
237; 294; 33037
238; 294; 33206
239; 294; 33364
240; 294; 33372
241; 294; 33252
242; 294; 33128
243; 294; 33087
189; 295; 32992
190; 295; 33016
191; 295; 33075
192; 295; 33268
193; 295; 33616
194; 295; 33946
195; 295; 34255
196; 295; 34636
197; 295; 34936
198; 295; 35030
199; 295; 35129
200; 295; 35275
201; 295; 35227
202; 295; 34848
203; 295; 34419
204; 295; 34042
205; 295; 33574
206; 295; 33217
207; 295; 33142
208; 295; 33358
209; 295; 33575
210; 295; 33722
211; 295; 33913
212; 295; 34132
213; 295; 34217
214; 295; 34212
215; 295; 34210
216; 295; 34230
217; 295; 34274
218; 295; 34347
219; 295; 34353
220; 295; 34303
221; 295; 34209
222; 295; 34007
223; 295; 33600
224; 295; 33061
225; 295; 32867
226; 295; 32998
227; 295; 33308
228; 295; 33510
229; 295; 33520
230; 295; 33423
231; 295; 33249
232; 295; 33034
233; 295; 32901
234; 295; 32895
235; 295; 32909
236; 295; 32973
237; 295; 33045
238; 295; 33112
239; 295; 33191
240; 295; 33245
241; 295; 33228
242; 295; 33164
243; 295; 33126
189; 296; 33033
190; 296; 33073
191; 296; 33128
192; 296; 33288
193; 296; 33618
194; 296; 33961
195; 296; 34230
196; 296; 34536
197; 296; 34852
198; 296; 35095
199; 296; 35244
200; 296; 35291
201; 296; 35157
202; 296; 34749
203; 296; 34255
204; 296; 33792
205; 296; 33346
206; 296; 33054
207; 296; 33043
208; 296; 33105
209; 296; 33142
210; 296; 33185
211; 296; 33381
212; 296; 33755
213; 296; 34068
214; 296; 34282
215; 296; 34426
216; 296; 34460
217; 296; 34368
218; 296; 34299
219; 296; 34300
220; 296; 34245
221; 296; 34124
222; 296; 33897
223; 296; 33464
224; 296; 32940
225; 296; 32845
226; 296; 33127
227; 296; 33534
228; 296; 33687
229; 296; 33595
230; 296; 33460
231; 296; 33373
232; 296; 33258
233; 296; 33080
234; 296; 32957
235; 296; 32965
236; 296; 33034
237; 296; 33095
238; 296; 33075
239; 296; 33075
240; 296; 33135
241; 296; 33159
242; 296; 33099
243; 296; 33048
189; 297; 33019
190; 297; 33072
191; 297; 33125
192; 297; 33283
193; 297; 33630
194; 297; 33907
195; 297; 34071
196; 297; 34247
197; 297; 34616
198; 297; 35018
199; 297; 35247
200; 297; 35259
201; 297; 35066
202; 297; 34680
203; 297; 34143
204; 297; 33601
205; 297; 33204
206; 297; 33064
207; 297; 33064
208; 297; 33061
209; 297; 32981
210; 297; 32910
211; 297; 32993
212; 297; 33311
213; 297; 33852
214; 297; 34391
215; 297; 34742
216; 297; 34713
217; 297; 34393
218; 297; 34068
219; 297; 33851
220; 297; 33771
221; 297; 33742
222; 297; 33600
223; 297; 33301
224; 297; 32929
225; 297; 32905
226; 297; 33247
227; 297; 33626
228; 297; 33726
229; 297; 33587
230; 297; 33447
231; 297; 33433
232; 297; 33435
233; 297; 33332
234; 297; 33196
235; 297; 33169
236; 297; 33242
237; 297; 33279
238; 297; 33217
239; 297; 33167
240; 297; 33178
241; 297; 33150
242; 297; 33025
243; 297; 32957
189; 298; 33014
190; 298; 33063
191; 298; 33119
192; 298; 33261
193; 298; 33565
194; 298; 33791
195; 298; 33845
196; 298; 33995
197; 298; 34398
198; 298; 34945
199; 298; 35196
200; 298; 35168
201; 298; 35001
202; 298; 34668
203; 298; 34127
204; 298; 33537
205; 298; 33246
206; 298; 33234
207; 298; 33225
208; 298; 33160
209; 298; 33057
210; 298; 32962
211; 298; 32946
212; 298; 33033
213; 298; 33477
214; 298; 34156
215; 298; 34618
216; 298; 34593
217; 298; 34237
218; 298; 33861
219; 298; 33574
220; 298; 33402
221; 298; 33275
222; 298; 33212
223; 298; 33145
224; 298; 33045
225; 298; 33039
226; 298; 33260
227; 298; 33530
228; 298; 33616
229; 298; 33487
230; 298; 33315
231; 298; 33268
232; 298; 33321
233; 298; 33351
234; 298; 33343
235; 298; 33363
236; 298; 33416
237; 298; 33420
238; 298; 33351
239; 298; 33292
240; 298; 33277
241; 298; 33236
242; 298; 33096
243; 298; 32992
189; 299; 33079
190; 299; 33087
191; 299; 33113
192; 299; 33211
193; 299; 33444
194; 299; 33675
195; 299; 33762
196; 299; 33987
197; 299; 34507
198; 299; 34963
199; 299; 35092
200; 299; 34987
201; 299; 34828
202; 299; 34535
203; 299; 33991
204; 299; 33444
205; 299; 33304
206; 299; 33330
207; 299; 33308
208; 299; 33251
209; 299; 33232
210; 299; 33144
211; 299; 32975
212; 299; 32907
213; 299; 33151
214; 299; 33584
215; 299; 33930
216; 299; 33978
217; 299; 33908
218; 299; 33808
219; 299; 33665
220; 299; 33386
221; 299; 33140
222; 299; 33116
223; 299; 33168
224; 299; 33199
225; 299; 33158
226; 299; 33196
227; 299; 33350
228; 299; 33465
229; 299; 33395
230; 299; 33194
231; 299; 33057
232; 299; 33083
233; 299; 33198
234; 299; 33299
235; 299; 33337
236; 299; 33327
237; 299; 33301
238; 299; 33282
239; 299; 33282
240; 299; 33305
241; 299; 33331
242; 299; 33335
243; 299; 33229
189; 300; 33129
190; 300; 33127
191; 300; 33122
192; 300; 33179
193; 300; 33330
194; 300; 33541
195; 300; 33777
196; 300; 34195
197; 300; 34726
198; 300; 34897
199; 300; 34748
200; 300; 34585
201; 300; 34474
202; 300; 34188
203; 300; 33611
204; 300; 33198
205; 300; 33159
206; 300; 33270
207; 300; 33240
208; 300; 33236
209; 300; 33298
210; 300; 33262
211; 300; 33024
212; 300; 32948
213; 300; 33154
214; 300; 33365
215; 300; 33337
216; 300; 33321
217; 300; 33540
218; 300; 33794
219; 300; 33839
220; 300; 33509
221; 300; 33212
222; 300; 33187
223; 300; 33309
224; 300; 33347
225; 300; 33246
226; 300; 33171
227; 300; 33231
228; 300; 33337
229; 300; 33314
230; 300; 33144
231; 300; 32993
232; 300; 32964
233; 300; 33036
234; 300; 33120
235; 300; 33127
236; 300; 33071
237; 300; 33051
238; 300; 33144
239; 300; 33251
240; 300; 33313
241; 300; 33372
242; 300; 33493
243; 300; 33531
189; 301; 33129
190; 301; 33172
191; 301; 33166
192; 301; 33177
193; 301; 33234
194; 301; 33362
195; 301; 33737
196; 301; 34395
197; 301; 34761
198; 301; 34525
199; 301; 34095
200; 301; 34021
201; 301; 34086
202; 301; 33782
203; 301; 33191
204; 301; 32896
205; 301; 33007
206; 301; 33148
207; 301; 33177
208; 301; 33257
209; 301; 33380
210; 301; 33307
211; 301; 33096
212; 301; 33186
213; 301; 33595
214; 301; 33664
215; 301; 33279
216; 301; 33070
217; 301; 33274
218; 301; 33716
219; 301; 33746
220; 301; 33442
221; 301; 33246
222; 301; 33285
223; 301; 33418
224; 301; 33435
225; 301; 33334
226; 301; 33238
227; 301; 33214
228; 301; 33239
229; 301; 33223
230; 301; 33140
231; 301; 33028
232; 301; 32937
233; 301; 32920
234; 301; 32942
235; 301; 32939
236; 301; 32892
237; 301; 32950
238; 301; 33122
239; 301; 33330
240; 301; 33368
241; 301; 33442
242; 301; 33637
243; 301; 33791
189; 302; 33156
190; 302; 33212
191; 302; 33244
192; 302; 33244
193; 302; 33188
194; 302; 33183
195; 302; 33626
196; 302; 34354
197; 302; 34485
198; 302; 33895
199; 302; 33423
200; 302; 33539
201; 302; 33758
202; 302; 33460
203; 302; 32932
204; 302; 32826
205; 302; 32952
206; 302; 33111
207; 302; 33170
208; 302; 33429
209; 302; 33593
210; 302; 33426
211; 302; 33190
212; 302; 33406
213; 302; 33945
214; 302; 33942
215; 302; 33391
216; 302; 33031
217; 302; 33177
218; 302; 33563
219; 302; 33556
220; 302; 33277
221; 302; 33215
222; 302; 33309
223; 302; 33420
224; 302; 33429
225; 302; 33378
226; 302; 33316
227; 302; 33240
228; 302; 33180
229; 302; 33164
230; 302; 33161
231; 302; 33097
232; 302; 32984
233; 302; 32912
234; 302; 32907
235; 302; 32927
236; 302; 32921
237; 302; 32977
238; 302; 33193
239; 302; 33417
240; 302; 33526
241; 302; 33705
242; 302; 33991
243; 302; 34079
189; 303; 33220
190; 303; 33214
191; 303; 33281
192; 303; 33342
193; 303; 33247
194; 303; 33171
195; 303; 33589
196; 303; 34151
197; 303; 34029
198; 303; 33368
199; 303; 33075
200; 303; 33330
201; 303; 33527
202; 303; 33206
203; 303; 32856
204; 303; 32867
205; 303; 33017
206; 303; 33129
207; 303; 33183
208; 303; 33530
209; 303; 33722
210; 303; 33562
211; 303; 33286
212; 303; 33352
213; 303; 33719
214; 303; 33655
215; 303; 33182
216; 303; 33014
217; 303; 33151
218; 303; 33393
219; 303; 33339
220; 303; 33198
221; 303; 33217
222; 303; 33304
223; 303; 33346
224; 303; 33336
225; 303; 33331
226; 303; 33336
227; 303; 33288
228; 303; 33200
229; 303; 33170
230; 303; 33200
231; 303; 33163
232; 303; 33055
233; 303; 32994
234; 303; 33027
235; 303; 33065
236; 303; 33028
237; 303; 33091
238; 303; 33239
239; 303; 33465
240; 303; 33727
241; 303; 34074
242; 303; 34255
243; 303; 34164
189; 304; 33224
190; 304; 33157
191; 304; 33247
192; 304; 33406
193; 304; 33396
194; 304; 33337
195; 304; 33620
196; 304; 33833
197; 304; 33546
198; 304; 33171
199; 304; 33174
200; 304; 33512
201; 304; 33490
202; 304; 33020
203; 304; 32797
204; 304; 32885
205; 304; 33114
206; 304; 33151
207; 304; 33197
208; 304; 33531
209; 304; 33740
210; 304; 33672
211; 304; 33358
212; 304; 33241
213; 304; 33198
214; 304; 33099
215; 304; 33008
216; 304; 33056
217; 304; 33160
218; 304; 33198
219; 304; 33088
220; 304; 33131
221; 304; 33243
222; 304; 33296
223; 304; 33272
224; 304; 33242
225; 304; 33264
226; 304; 33323
227; 304; 33325
228; 304; 33247
229; 304; 33191
230; 304; 33197
231; 304; 33164
232; 304; 33098
233; 304; 33099
234; 304; 33170
235; 304; 33187
236; 304; 33155
237; 304; 33238
238; 304; 33404
239; 304; 33611
240; 304; 33915
241; 304; 34262
242; 304; 34280
243; 304; 34065
189; 305; 33159
190; 305; 33082
191; 305; 33179
192; 305; 33395
193; 305; 33467
194; 305; 33453
195; 305; 33511
196; 305; 33451
197; 305; 33223
198; 305; 33204
199; 305; 33546
200; 305; 33841
201; 305; 33528
202; 305; 32936
203; 305; 32795
204; 305; 32905
205; 305; 33119
206; 305; 33205
207; 305; 33382
208; 305; 33589
209; 305; 33743
210; 305; 33792
211; 305; 33582
212; 305; 33240
213; 305; 32986
214; 305; 32925
215; 305; 33021
216; 305; 33209
217; 305; 33197
218; 305; 32997
219; 305; 32921
220; 305; 33073
221; 305; 33300
222; 305; 33348
223; 305; 33292
224; 305; 33240
225; 305; 33229
226; 305; 33245
227; 305; 33224
228; 305; 33147
229; 305; 33087
230; 305; 33092
231; 305; 33106
232; 305; 33124
233; 305; 33165
234; 305; 33199
235; 305; 33226
236; 305; 33333
237; 305; 33546
238; 305; 33744
239; 305; 33866
240; 305; 34092
241; 305; 34390
242; 305; 34345
243; 305; 34028
189; 306; 33122
190; 306; 33051
191; 306; 33136
192; 306; 33344
193; 306; 33457
194; 306; 33451
195; 306; 33375
196; 306; 33202
197; 306; 33115
198; 306; 33356
199; 306; 33901
200; 306; 34022
201; 306; 33491
202; 306; 32911
203; 306; 32840
204; 306; 32950
205; 306; 33136
206; 306; 33427
207; 306; 33651
208; 306; 33780
209; 306; 33831
210; 306; 33812
211; 306; 33688
212; 306; 33390
213; 306; 33032
214; 306; 32928
215; 306; 33135
216; 306; 33359
217; 306; 33242
218; 306; 32936
219; 306; 32911
220; 306; 33198
221; 306; 33470
222; 306; 33482
223; 306; 33407
224; 306; 33311
225; 306; 33208
226; 306; 33104
227; 306; 33003
228; 306; 32915
229; 306; 32937
230; 306; 33006
231; 306; 33114
232; 306; 33192
233; 306; 33237
234; 306; 33233
235; 306; 33287
236; 306; 33540
237; 306; 33876
238; 306; 34096
239; 306; 34109
240; 306; 34300
241; 306; 34591
242; 306; 34570
243; 306; 34252
189; 307; 33164
190; 307; 33096
191; 307; 33148
192; 307; 33316
193; 307; 33433
194; 307; 33430
195; 307; 33321
196; 307; 33177
197; 307; 33191
198; 307; 33627
199; 307; 34099
200; 307; 34009
201; 307; 33357
202; 307; 32908
203; 307; 32887
204; 307; 32942
205; 307; 33174
206; 307; 33605
207; 307; 33844
208; 307; 33845
209; 307; 33693
210; 307; 33536
211; 307; 33562
212; 307; 33472
213; 307; 33132
214; 307; 33020
215; 307; 33173
216; 307; 33347
217; 307; 33279
218; 307; 33033
219; 307; 33120
220; 307; 33444
221; 307; 33586
222; 307; 33558
223; 307; 33456
224; 307; 33349
225; 307; 33150
226; 307; 32996
227; 307; 32902
228; 307; 32878
229; 307; 32968
230; 307; 33135
231; 307; 33256
232; 307; 33428
233; 307; 33467
234; 307; 33350
235; 307; 33403
236; 307; 33683
237; 307; 34084
238; 307; 34330
239; 307; 34350
240; 307; 34540
241; 307; 34797
242; 307; 34743
243; 307; 34416
189; 308; 33237
190; 308; 33196
191; 308; 33203
192; 308; 33307
193; 308; 33399
194; 308; 33413
195; 308; 33374
196; 308; 33309
197; 308; 33409
198; 308; 33816
199; 308; 34178
200; 308; 34084
201; 308; 33596
202; 308; 33116
203; 308; 32920
204; 308; 32900
205; 308; 33220
206; 308; 33713
207; 308; 33868
208; 308; 33771
209; 308; 33376
210; 308; 33356
211; 308; 33517
212; 308; 33552
213; 308; 33232
214; 308; 33034
215; 308; 33118
216; 308; 33302
217; 308; 33328
218; 308; 33315
219; 308; 33430
220; 308; 33552
221; 308; 33545
222; 308; 33442
223; 308; 33344
224; 308; 33209
225; 308; 33082
226; 308; 33011
227; 308; 33035
228; 308; 33174
229; 308; 33279
230; 308; 33260
231; 308; 33315
232; 308; 33512
233; 308; 33588
234; 308; 33500
235; 308; 33545
236; 308; 33852
237; 308; 34274
238; 308; 34539
239; 308; 34597
240; 308; 34705
241; 308; 34771
242; 308; 34628
243; 308; 34253
189; 309; 33280
190; 309; 33285
191; 309; 33257
192; 309; 33288
193; 309; 33338
194; 309; 33373
195; 309; 33417
196; 309; 33470
197; 309; 33540
198; 309; 33808
199; 309; 34134
200; 309; 34276
201; 309; 34100
202; 309; 33645
203; 309; 33168
204; 309; 32985
205; 309; 33332
206; 309; 33840
207; 309; 33947
208; 309; 33762
209; 309; 33363
210; 309; 33386
211; 309; 33678
212; 309; 33702
213; 309; 33359
214; 309; 33057
215; 309; 33061
216; 309; 33222
217; 309; 33423
218; 309; 33566
219; 309; 33612
220; 309; 33544
221; 309; 33386
222; 309; 33305
223; 309; 33258
224; 309; 33136
225; 309; 33033
226; 309; 33040
227; 309; 33180
228; 309; 33318
229; 309; 33320
230; 309; 33184
231; 309; 33139
232; 309; 33361
233; 309; 33594
234; 309; 33610
235; 309; 33742
236; 309; 34051
237; 309; 34398
238; 309; 34580
239; 309; 34615
240; 309; 34682
241; 309; 34635
242; 309; 34381
243; 309; 34197
189; 310; 33254
190; 310; 33311
191; 310; 33286
192; 310; 33277
193; 310; 33284
194; 310; 33311
195; 310; 33388
196; 310; 33476
197; 310; 33539
198; 310; 33651
199; 310; 33956
200; 310; 34252
201; 310; 34333
202; 310; 34021
203; 310; 33487
204; 310; 33201
205; 310; 33542
206; 310; 33985
207; 310; 34031
208; 310; 33784
209; 310; 33522
210; 310; 33599
211; 310; 33768
212; 310; 33775
213; 310; 33450
214; 310; 33082
215; 310; 33022
216; 310; 33097
217; 310; 33409
218; 310; 33637
219; 310; 33637
220; 310; 33429
221; 310; 33241
222; 310; 33310
223; 310; 33386
224; 310; 33243
225; 310; 32985
226; 310; 32924
227; 310; 32999
228; 310; 33105
229; 310; 33106
230; 310; 33036
231; 310; 33045
232; 310; 33385
233; 310; 33701
234; 310; 33799
235; 310; 33969
236; 310; 34225
237; 310; 34406
238; 310; 34445
239; 310; 34368
240; 310; 34361
241; 310; 34319
242; 310; 34319
243; 310; 34264
