171; 191; 32942
172; 191; 32901
173; 191; 32930
174; 191; 32943
175; 191; 32911
176; 191; 32900
177; 191; 32877
178; 191; 32860
179; 191; 32871
180; 191; 32879
181; 191; 32882
182; 191; 32931
183; 191; 32964
184; 191; 32955
185; 191; 32961
186; 191; 33051
187; 191; 33244
188; 191; 33434
189; 191; 33479
190; 191; 33394
191; 191; 33348
192; 191; 33434
193; 191; 33530
194; 191; 33479
195; 191; 33386
196; 191; 33442
197; 191; 33527
198; 191; 33472
199; 191; 33442
200; 191; 33542
201; 191; 33515
202; 191; 33274
203; 191; 33125
204; 191; 33154
205; 191; 33175
206; 191; 33160
207; 191; 33187
208; 191; 33169
209; 191; 33064
210; 191; 32989
211; 191; 32971
212; 191; 33006
213; 191; 33126
214; 191; 33199
215; 191; 33184
216; 191; 33118
217; 191; 33004
171; 192; 32930
172; 192; 32957
173; 192; 32947
174; 192; 32967
175; 192; 32922
176; 192; 32905
177; 192; 32912
178; 192; 32947
179; 192; 32942
180; 192; 32892
181; 192; 32868
182; 192; 32898
183; 192; 32889
184; 192; 32892
185; 192; 32938
186; 192; 33046
187; 192; 33273
188; 192; 33473
189; 192; 33439
190; 192; 33237
191; 192; 33117
192; 192; 33257
193; 192; 33489
194; 192; 33553
195; 192; 33499
196; 192; 33531
197; 192; 33559
198; 192; 33421
199; 192; 33307
200; 192; 33381
201; 192; 33432
202; 192; 33292
203; 192; 33171
204; 192; 33153
205; 192; 33122
206; 192; 33084
207; 192; 33109
208; 192; 33109
209; 192; 33029
210; 192; 32966
211; 192; 32965
212; 192; 33019
213; 192; 33174
214; 192; 33308
215; 192; 33271
216; 192; 33110
217; 192; 32977
171; 193; 32920
172; 193; 33000
173; 193; 32939
174; 193; 32924
175; 193; 32910
176; 193; 32952
177; 193; 32962
178; 193; 32982
179; 193; 32969
180; 193; 32931
181; 193; 32900
182; 193; 32865
183; 193; 32870
184; 193; 32911
185; 193; 32961
186; 193; 33019
187; 193; 33232
188; 193; 33437
189; 193; 33371
190; 193; 33127
191; 193; 32979
192; 193; 33108
193; 193; 33367
194; 193; 33532
195; 193; 33588
196; 193; 33645
197; 193; 33628
198; 193; 33463
199; 193; 33317
200; 193; 33332
201; 193; 33367
202; 193; 33259
203; 193; 33158
204; 193; 33154
205; 193; 33112
206; 193; 33056
207; 193; 33063
208; 193; 33094
209; 193; 33093
210; 193; 33087
211; 193; 33084
212; 193; 33082
213; 193; 33169
214; 193; 33275
215; 193; 33202
216; 193; 33006
217; 193; 32915
171; 194; 32925
172; 194; 32947
173; 194; 32946
174; 194; 32895
175; 194; 32921
176; 194; 32990
177; 194; 32991
178; 194; 32959
179; 194; 32909
180; 194; 32899
181; 194; 32939
182; 194; 32914
183; 194; 32901
184; 194; 32922
185; 194; 32953
186; 194; 32994
187; 194; 33155
188; 194; 33282
189; 194; 33224
190; 194; 33090
191; 194; 33013
192; 194; 33021
193; 194; 33141
194; 194; 33315
195; 194; 33498
196; 194; 33642
197; 194; 33654
198; 194; 33543
199; 194; 33440
200; 194; 33400
201; 194; 33322
202; 194; 33187
203; 194; 33127
204; 194; 33165
205; 194; 33148
206; 194; 33092
207; 194; 33077
208; 194; 33107
209; 194; 33159
210; 194; 33212
211; 194; 33210
212; 194; 33142
213; 194; 33123
214; 194; 33127
215; 194; 33047
216; 194; 32958
217; 194; 32935
171; 195; 33074
172; 195; 32916
173; 195; 32954
174; 195; 32910
175; 195; 32952
176; 195; 33014
177; 195; 33003
178; 195; 32980
179; 195; 32956
180; 195; 32901
181; 195; 32932
182; 195; 32958
183; 195; 32934
184; 195; 32911
185; 195; 32918
186; 195; 33026
187; 195; 33152
188; 195; 33138
189; 195; 33083
190; 195; 33101
191; 195; 33141
192; 195; 33073
193; 195; 33019
194; 195; 33136
195; 195; 33377
196; 195; 33566
197; 195; 33607
198; 195; 33553
199; 195; 33501
200; 195; 33435
201; 195; 33286
202; 195; 33135
203; 195; 33108
204; 195; 33158
205; 195; 33159
206; 195; 33109
207; 195; 33067
208; 195; 33063
209; 195; 33116
210; 195; 33194
211; 195; 33226
212; 195; 33179
213; 195; 33102
214; 195; 33016
215; 195; 32952
216; 195; 32952
217; 195; 32983
171; 196; 33341
172; 196; 32991
173; 196; 32894
174; 196; 32889
175; 196; 32937
176; 196; 32986
177; 196; 32966
178; 196; 32963
179; 196; 32964
180; 196; 32925
181; 196; 32925
182; 196; 32934
183; 196; 32933
184; 196; 32937
185; 196; 32955
186; 196; 33139
187; 196; 33288
188; 196; 33189
189; 196; 33064
190; 196; 33110
191; 196; 33257
192; 196; 33270
193; 196; 33193
194; 196; 33245
195; 196; 33418
196; 196; 33543
197; 196; 33550
198; 196; 33494
199; 196; 33425
200; 196; 33327
201; 196; 33202
202; 196; 33102
203; 196; 33095
204; 196; 33117
205; 196; 33110
206; 196; 33066
207; 196; 33011
208; 196; 32993
209; 196; 33041
210; 196; 33129
211; 196; 33201
212; 196; 33214
213; 196; 33125
214; 196; 32978
215; 196; 32916
216; 196; 32937
217; 196; 32970
171; 197; 33529
172; 197; 33163
173; 197; 32907
174; 197; 32864
175; 197; 32889
176; 197; 32928
177; 197; 32946
178; 197; 32954
179; 197; 32943
180; 197; 32950
181; 197; 32956
182; 197; 32921
183; 197; 32921
184; 197; 32976
185; 197; 33049
186; 197; 33276
187; 197; 33489
188; 197; 33431
189; 197; 33223
190; 197; 33151
191; 197; 33284
192; 197; 33437
193; 197; 33491
194; 197; 33517
195; 197; 33561
196; 197; 33559
197; 197; 33477
198; 197; 33356
199; 197; 33226
200; 197; 33111
201; 197; 33056
202; 197; 33049
203; 197; 33067
204; 197; 33052
205; 197; 33036
206; 197; 33020
207; 197; 32977
208; 197; 32970
209; 197; 33049
210; 197; 33148
211; 197; 33209
212; 197; 33227
213; 197; 33148
214; 197; 32993
215; 197; 32907
216; 197; 32916
217; 197; 32945
171; 198; 33577
172; 198; 33362
173; 198; 33050
174; 198; 32902
175; 198; 32898
176; 198; 32897
177; 198; 32944
178; 198; 32992
179; 198; 32953
180; 198; 32930
181; 198; 32947
182; 198; 32949
183; 198; 32968
184; 198; 33034
185; 198; 33139
186; 198; 33370
187; 198; 33593
188; 198; 33606
189; 198; 33407
190; 198; 33210
191; 198; 33212
192; 198; 33385
193; 198; 33554
194; 198; 33609
195; 198; 33578
196; 198; 33479
197; 198; 33324
198; 198; 33156
199; 198; 33033
200; 198; 32981
201; 198; 32994
202; 198; 33020
203; 198; 33021
204; 198; 32994
205; 198; 32998
206; 198; 33017
207; 198; 33021
208; 198; 33049
209; 198; 33123
210; 198; 33175
211; 198; 33172
212; 198; 33139
213; 198; 33088
214; 198; 33012
215; 198; 32944
216; 198; 32938
217; 198; 32962
171; 199; 33575
172; 199; 33546
173; 199; 33316
174; 199; 33022
175; 199; 32919
176; 199; 32895
177; 199; 32922
178; 199; 32966
179; 199; 32941
180; 199; 32920
181; 199; 32895
182; 199; 32923
183; 199; 32980
184; 199; 33049
185; 199; 33234
186; 199; 33448
187; 199; 33547
188; 199; 33543
189; 199; 33444
190; 199; 33249
191; 199; 33131
192; 199; 33218
193; 199; 33400
194; 199; 33481
195; 199; 33429
196; 199; 33297
197; 199; 33129
198; 199; 32992
199; 199; 32947
200; 199; 32993
201; 199; 33060
202; 199; 33070
203; 199; 33013
204; 199; 32975
205; 199; 33001
206; 199; 33026
207; 199; 33056
208; 199; 33111
209; 199; 33183
210; 199; 33185
211; 199; 33094
212; 199; 32995
213; 199; 32972
214; 199; 33004
215; 199; 33000
216; 199; 32989
217; 199; 33000
171; 200; 33582
172; 200; 33677
173; 200; 33566
174; 200; 33235
175; 200; 32988
176; 200; 32933
177; 200; 32914
178; 200; 32928
179; 200; 32914
180; 200; 32895
181; 200; 32914
182; 200; 32903
183; 200; 32908
184; 200; 33069
185; 200; 33356
186; 200; 33513
187; 200; 33464
188; 200; 33411
189; 200; 33415
190; 200; 33333
191; 200; 33203
192; 200; 33199
193; 200; 33301
194; 200; 33337
195; 200; 33261
196; 200; 33148
197; 200; 33014
198; 200; 32928
199; 200; 32924
200; 200; 33027
201; 200; 33106
202; 200; 33096
203; 200; 33040
204; 200; 32999
205; 200; 32999
206; 200; 33015
207; 200; 33042
208; 200; 33109
209; 200; 33200
210; 200; 33202
211; 200; 33067
212; 200; 32944
213; 200; 32917
214; 200; 32977
215; 200; 33031
216; 200; 33049
217; 200; 33062
171; 201; 33520
172; 201; 33656
173; 201; 33659
174; 201; 33463
175; 201; 33202
176; 201; 33036
177; 201; 32932
178; 201; 32939
179; 201; 32982
180; 201; 32945
181; 201; 32974
182; 201; 33067
183; 201; 33164
184; 201; 33309
185; 201; 33451
186; 201; 33469
187; 201; 33405
188; 201; 33407
189; 201; 33466
190; 201; 33454
191; 201; 33384
192; 201; 33354
193; 201; 33326
194; 201; 33230
195; 201; 33122
196; 201; 33055
197; 201; 33001
198; 201; 32966
199; 201; 32955
200; 201; 33017
201; 201; 33063
202; 201; 33052
203; 201; 33035
204; 201; 33016
205; 201; 32994
206; 201; 33008
207; 201; 33044
208; 201; 33112
209; 201; 33199
210; 201; 33206
211; 201; 33084
212; 201; 32963
213; 201; 32926
214; 201; 32979
215; 201; 33061
216; 201; 33117
217; 201; 33144
171; 202; 33351
172; 202; 33481
173; 202; 33610
174; 202; 33651
175; 202; 33504
176; 202; 33235
177; 202; 33046
178; 202; 33001
179; 202; 33001
180; 202; 33012
181; 202; 33103
182; 202; 33285
183; 202; 33467
184; 202; 33528
185; 202; 33437
186; 202; 33319
187; 202; 33340
188; 202; 33471
189; 202; 33522
190; 202; 33458
191; 202; 33393
192; 202; 33364
193; 202; 33286
194; 202; 33133
195; 202; 33017
196; 202; 32978
197; 202; 32988
198; 202; 33025
199; 202; 33028
200; 202; 33021
201; 202; 33001
202; 202; 32980
203; 202; 32976
204; 202; 32988
205; 202; 33013
206; 202; 33080
207; 202; 33120
208; 202; 33132
209; 202; 33143
210; 202; 33113
211; 202; 33035
212; 202; 32970
213; 202; 32971
214; 202; 33057
215; 202; 33136
216; 202; 33182
217; 202; 33192
171; 203; 33189
172; 203; 33307
173; 203; 33528
174; 203; 33741
175; 203; 33690
176; 203; 33442
177; 203; 33346
178; 203; 33478
179; 203; 33573
180; 203; 33500
181; 203; 33396
182; 203; 33397
183; 203; 33473
184; 203; 33477
185; 203; 33337
186; 203; 33230
187; 203; 33327
188; 203; 33471
189; 203; 33408
190; 203; 33231
191; 203; 33159
192; 203; 33140
193; 203; 33092
194; 203; 33046
195; 203; 33009
196; 203; 32956
197; 203; 32934
198; 203; 32999
199; 203; 33055
200; 203; 33056
201; 203; 33009
202; 203; 32967
203; 203; 32949
204; 203; 32990
205; 203; 33061
206; 203; 33161
207; 203; 33166
208; 203; 33098
209; 203; 33039
210; 203; 32983
211; 203; 32953
212; 203; 32956
213; 203; 33059
214; 203; 33171
215; 203; 33213
216; 203; 33209
217; 203; 33171
171; 204; 33091
172; 204; 33190
173; 204; 33408
174; 204; 33642
175; 204; 33645
176; 204; 33495
177; 204; 33520
178; 204; 33781
179; 204; 33998
180; 204; 33967
181; 204; 33748
182; 204; 33472
183; 204; 33280
184; 204; 33245
185; 204; 33253
186; 204; 33271
187; 204; 33353
188; 204; 33362
189; 204; 33177
190; 204; 32973
191; 204; 32960
192; 204; 32993
193; 204; 32980
194; 204; 33025
195; 204; 33079
196; 204; 33021
197; 204; 32925
198; 204; 32926
199; 204; 33000
200; 204; 33031
201; 204; 33011
202; 204; 33006
203; 204; 33016
204; 204; 33070
205; 204; 33136
206; 204; 33157
207; 204; 33087
208; 204; 33004
209; 204; 32990
210; 204; 32986
211; 204; 32991
212; 204; 33026
213; 204; 33127
214; 204; 33220
215; 204; 33225
216; 204; 33180
217; 204; 33126
171; 205; 32999
172; 205; 33072
173; 205; 33181
174; 205; 33344
175; 205; 33466
176; 205; 33474
177; 205; 33506
178; 205; 33658
179; 205; 33832
180; 205; 33906
181; 205; 33812
182; 205; 33524
183; 205; 33205
184; 205; 33078
185; 205; 33142
186; 205; 33259
187; 205; 33293
188; 205; 33177
189; 205; 33016
190; 205; 32941
191; 205; 32960
192; 205; 32945
193; 205; 32911
194; 205; 32988
195; 205; 33097
196; 205; 33094
197; 205; 33007
198; 205; 32947
199; 205; 32958
200; 205; 32988
201; 205; 33024
202; 205; 33071
203; 205; 33141
204; 205; 33210
205; 205; 33195
206; 205; 33087
207; 205; 32977
208; 205; 32945
209; 205; 33000
210; 205; 33053
211; 205; 33080
212; 205; 33097
213; 205; 33140
214; 205; 33194
215; 205; 33188
216; 205; 33136
217; 205; 33111
171; 206; 32937
172; 206; 32962
173; 206; 32997
174; 206; 33110
175; 206; 33341
176; 206; 33542
177; 206; 33559
178; 206; 33473
179; 206; 33445
180; 206; 33495
181; 206; 33554
182; 206; 33478
183; 206; 33252
184; 206; 33064
185; 206; 33037
186; 206; 33112
187; 206; 33114
188; 206; 33025
189; 206; 33015
190; 206; 33061
191; 206; 33111
192; 206; 33059
193; 206; 32953
194; 206; 32935
195; 206; 33013
196; 206; 33072
197; 206; 33052
198; 206; 33009
199; 206; 32997
200; 206; 33032
201; 206; 33085
202; 206; 33127
203; 206; 33178
204; 206; 33200
205; 206; 33120
206; 206; 33000
207; 206; 32940
208; 206; 32994
209; 206; 33059
210; 206; 33098
211; 206; 33134
212; 206; 33145
213; 206; 33136
214; 206; 33144
215; 206; 33154
216; 206; 33122
217; 206; 33103
171; 207; 33026
172; 207; 32989
173; 207; 32927
174; 207; 33008
175; 207; 33307
176; 207; 33597
177; 207; 33623
178; 207; 33473
179; 207; 33312
180; 207; 33203
181; 207; 33205
182; 207; 33269
183; 207; 33249
184; 207; 33114
185; 207; 33020
186; 207; 33011
187; 207; 32983
188; 207; 32957
189; 207; 33004
190; 207; 33069
191; 207; 33092
192; 207; 33055
193; 207; 33010
194; 207; 32973
195; 207; 32973
196; 207; 32996
197; 207; 33010
198; 207; 33035
199; 207; 33095
200; 207; 33195
201; 207; 33226
202; 207; 33163
203; 207; 33092
204; 207; 33031
205; 207; 32958
206; 207; 32943
207; 207; 33027
208; 207; 33141
209; 207; 33161
210; 207; 33148
211; 207; 33195
212; 207; 33206
213; 207; 33140
214; 207; 33096
215; 207; 33121
216; 207; 33128
217; 207; 33104
171; 208; 33149
172; 208; 33101
173; 208; 32967
174; 208; 33006
175; 208; 33280
176; 208; 33497
177; 208; 33511
178; 208; 33458
179; 208; 33363
180; 208; 33177
181; 208; 33012
182; 208; 33035
183; 208; 33147
184; 208; 33153
185; 208; 33084
186; 208; 33033
187; 208; 32988
188; 208; 32956
189; 208; 32950
190; 208; 32979
191; 208; 32983
192; 208; 33002
193; 208; 33042
194; 208; 33035
195; 208; 33010
196; 208; 32993
197; 208; 33008
198; 208; 33066
199; 208; 33155
200; 208; 33247
201; 208; 33231
202; 208; 33111
203; 208; 32990
204; 208; 32925
205; 208; 32937
206; 208; 33013
207; 208; 33166
208; 208; 33268
209; 208; 33236
210; 208; 33208
211; 208; 33289
212; 208; 33299
213; 208; 33151
214; 208; 33052
215; 208; 33066
216; 208; 33101
217; 208; 33099
171; 209; 33139
172; 209; 33100
173; 209; 33039
174; 209; 33110
175; 209; 33263
176; 209; 33329
177; 209; 33313
178; 209; 33314
179; 209; 33280
180; 209; 33124
181; 209; 32963
182; 209; 32969
183; 209; 33067
184; 209; 33118
185; 209; 33102
186; 209; 33060
187; 209; 33017
188; 209; 32987
189; 209; 32947
190; 209; 32953
191; 209; 32965
192; 209; 32996
193; 209; 33025
194; 209; 33006
195; 209; 32991
196; 209; 33025
197; 209; 33090
198; 209; 33138
199; 209; 33167
200; 209; 33155
201; 209; 33082
202; 209; 32997
203; 209; 32948
204; 209; 33005
205; 209; 33083
206; 209; 33165
207; 209; 33277
208; 209; 33322
209; 209; 33248
210; 209; 33225
211; 209; 33322
212; 209; 33328
213; 209; 33150
214; 209; 33029
215; 209; 33031
216; 209; 33052
217; 209; 33064
171; 210; 33033
172; 210; 33026
173; 210; 33046
174; 210; 33142
175; 210; 33245
176; 210; 33311
177; 210; 33340
178; 210; 33283
179; 210; 33124
180; 210; 32982
181; 210; 32963
182; 210; 32998
183; 210; 33039
184; 210; 33072
185; 210; 33079
186; 210; 33031
187; 210; 32972
188; 210; 32957
189; 210; 32968
190; 210; 32997
191; 210; 33024
192; 210; 33047
193; 210; 33027
194; 210; 32972
195; 210; 32972
196; 210; 33023
197; 210; 33109
198; 210; 33162
199; 210; 33156
200; 210; 33090
201; 210; 33005
202; 210; 32998
203; 210; 33065
204; 210; 33195
205; 210; 33264
206; 210; 33291
207; 210; 33345
208; 210; 33358
209; 210; 33276
210; 210; 33238
211; 210; 33295
212; 210; 33288
213; 210; 33154
214; 210; 33053
215; 210; 33051
216; 210; 33029
217; 210; 33033
171; 211; 32990
172; 211; 33000
173; 211; 33065
174; 211; 33134
175; 211; 33214
176; 211; 33380
177; 211; 33528
178; 211; 33430
179; 211; 33109
180; 211; 32893
181; 211; 32923
182; 211; 32975
183; 211; 32993
184; 211; 33040
185; 211; 33078
186; 211; 33030
187; 211; 32944
188; 211; 32911
189; 211; 32934
190; 211; 32974
191; 211; 33014
192; 211; 33062
193; 211; 33106
194; 211; 33101
195; 211; 33038
196; 211; 32987
197; 211; 32982
198; 211; 33012
199; 211; 33084
200; 211; 33138
201; 211; 33126
202; 211; 33124
203; 211; 33190
204; 211; 33276
205; 211; 33315
206; 211; 33333
207; 211; 33387
208; 211; 33412
209; 211; 33350
210; 211; 33286
211; 211; 33272
212; 211; 33234
213; 211; 33154
214; 211; 33092
215; 211; 33090
216; 211; 33042
217; 211; 33012
171; 212; 33084
172; 212; 33131
173; 212; 33175
174; 212; 33147
175; 212; 33162
176; 212; 33325
177; 212; 33482
178; 212; 33396
179; 212; 33108
180; 212; 32912
181; 212; 32901
182; 212; 32959
183; 212; 32984
184; 212; 33041
185; 212; 33121
186; 212; 33106
187; 212; 33008
188; 212; 32940
189; 212; 32918
190; 212; 32928
191; 212; 32974
192; 212; 33045
193; 212; 33169
194; 212; 33275
195; 212; 33202
196; 212; 33010
197; 212; 32906
198; 212; 32933
199; 212; 33096
200; 212; 33250
201; 212; 33315
202; 212; 33311
203; 212; 33290
204; 212; 33275
205; 212; 33282
206; 212; 33340
207; 212; 33420
208; 212; 33444
209; 212; 33385
210; 212; 33324
211; 212; 33278
212; 212; 33187
213; 212; 33120
214; 212; 33100
215; 212; 33097
216; 212; 33044
217; 212; 33011
171; 213; 33246
172; 213; 33333
173; 213; 33344
174; 213; 33254
175; 213; 33163
176; 213; 33180
177; 213; 33206
178; 213; 33124
179; 213; 32985
180; 213; 32908
181; 213; 32933
182; 213; 32993
183; 213; 33015
184; 213; 33058
185; 213; 33119
186; 213; 33136
187; 213; 33099
188; 213; 33033
189; 213; 32974
190; 213; 32951
191; 213; 32956
192; 213; 33000
193; 213; 33105
194; 213; 33236
195; 213; 33213
196; 213; 33059
197; 213; 32979
198; 213; 33041
199; 213; 33181
200; 213; 33283
201; 213; 33352
202; 213; 33395
203; 213; 33361
204; 213; 33292
205; 213; 33281
206; 213; 33357
207; 213; 33412
208; 213; 33398
209; 213; 33339
210; 213; 33297
211; 213; 33260
212; 213; 33173
213; 213; 33102
214; 213; 33087
215; 213; 33066
216; 213; 33007
217; 213; 32989
171; 214; 33355
172; 214; 33438
173; 214; 33412
174; 214; 33376
175; 214; 33365
176; 214; 33295
177; 214; 33146
178; 214; 33025
179; 214; 32973
180; 214; 32967
181; 214; 33026
182; 214; 33112
183; 214; 33146
184; 214; 33102
185; 214; 33034
186; 214; 33038
187; 214; 33089
188; 214; 33114
189; 214; 33105
190; 214; 33104
191; 214; 33073
192; 214; 33000
193; 214; 32994
194; 214; 33075
195; 214; 33125
196; 214; 33125
197; 214; 33179
198; 214; 33269
199; 214; 33263
200; 214; 33216
201; 214; 33264
202; 214; 33360
203; 214; 33357
204; 214; 33294
205; 214; 33296
206; 214; 33353
207; 214; 33354
208; 214; 33307
209; 214; 33257
210; 214; 33229
211; 214; 33209
212; 214; 33171
213; 214; 33125
214; 214; 33086
215; 214; 33018
216; 214; 32949
217; 214; 32972
171; 215; 33433
172; 215; 33463
173; 215; 33430
174; 215; 33508
175; 215; 33661
176; 215; 33640
177; 215; 33401
178; 215; 33159
179; 215; 33067
180; 215; 33084
181; 215; 33132
182; 215; 33188
183; 215; 33208
184; 215; 33128
185; 215; 32977
186; 215; 32937
187; 215; 33021
188; 215; 33116
189; 215; 33168
190; 215; 33182
191; 215; 33139
192; 215; 33041
193; 215; 33022
194; 215; 33094
195; 215; 33158
196; 215; 33200
197; 215; 33298
198; 215; 33377
199; 215; 33315
200; 215; 33221
201; 215; 33233
202; 215; 33321
203; 215; 33313
204; 215; 33263
205; 215; 33305
206; 215; 33357
207; 215; 33325
208; 215; 33269
209; 215; 33230
210; 215; 33190
211; 215; 33162
212; 215; 33133
213; 215; 33089
214; 215; 33036
215; 215; 32960
216; 215; 32897
217; 215; 32937
171; 216; 33533
172; 216; 33465
173; 216; 33432
174; 216; 33561
175; 216; 33732
176; 216; 33713
177; 216; 33491
178; 216; 33259
179; 216; 33162
180; 216; 33157
181; 216; 33158
182; 216; 33166
183; 216; 33175
184; 216; 33107
185; 216; 32978
186; 216; 32944
187; 216; 33025
188; 216; 33114
189; 216; 33165
190; 216; 33173
191; 216; 33149
192; 216; 33136
193; 216; 33197
194; 216; 33282
195; 216; 33302
196; 216; 33274
197; 216; 33297
198; 216; 33325
199; 216; 33284
200; 216; 33257
201; 216; 33301
202; 216; 33339
203; 216; 33291
204; 216; 33257
205; 216; 33331
206; 216; 33381
207; 216; 33344
208; 216; 33304
209; 216; 33273
210; 216; 33209
211; 216; 33122
212; 216; 33045
213; 216; 32990
214; 216; 32940
215; 216; 32918
216; 216; 32905
217; 216; 32934
171; 217; 33529
172; 217; 33378
173; 217; 33309
174; 217; 33379
175; 217; 33447
176; 217; 33389
177; 217; 33248
178; 217; 33118
179; 217; 33085
180; 217; 33110
181; 217; 33130
182; 217; 33151
183; 217; 33152
184; 217; 33104
185; 217; 33034
186; 217; 33049
187; 217; 33129
188; 217; 33167
189; 217; 33176
190; 217; 33193
191; 217; 33223
192; 217; 33265
193; 217; 33346
194; 217; 33431
195; 217; 33440
196; 217; 33379
197; 217; 33308
198; 217; 33254
199; 217; 33245
200; 217; 33291
201; 217; 33370
202; 217; 33377
203; 217; 33313
204; 217; 33294
205; 217; 33363
206; 217; 33396
207; 217; 33377
208; 217; 33377
209; 217; 33346
210; 217; 33254
211; 217; 33117
212; 217; 32988
213; 217; 32931
214; 217; 32894
215; 217; 32922
216; 217; 32983
217; 217; 33017
171; 218; 33340
172; 218; 33167
173; 218; 33091
174; 218; 33138
175; 218; 33181
176; 218; 33154
177; 218; 33101
178; 218; 33047
179; 218; 33033
180; 218; 33066
181; 218; 33139
182; 218; 33204
183; 218; 33207
184; 218; 33171
185; 218; 33138
186; 218; 33171
187; 218; 33225
188; 218; 33228
189; 218; 33228
190; 218; 33273
191; 218; 33321
192; 218; 33348
193; 218; 33377
194; 218; 33418
195; 218; 33444
196; 218; 33432
197; 218; 33361
198; 218; 33253
199; 218; 33220
200; 218; 33285
201; 218; 33367
202; 218; 33391
203; 218; 33366
204; 218; 33338
205; 218; 33350
206; 218; 33366
207; 218; 33390
208; 218; 33418
209; 218; 33379
210; 218; 33250
211; 218; 33090
212; 218; 32951
213; 218; 32884
214; 218; 32873
215; 218; 32920
216; 218; 33010
217; 218; 33091
171; 219; 33133
172; 219; 33038
173; 219; 33032
174; 219; 33112
175; 219; 33205
176; 219; 33268
177; 219; 33272
178; 219; 33179
179; 219; 33069
180; 219; 33077
181; 219; 33195
182; 219; 33288
183; 219; 33292
184; 219; 33267
185; 219; 33246
186; 219; 33230
187; 219; 33230
188; 219; 33250
189; 219; 33306
190; 219; 33368
191; 219; 33381
192; 219; 33356
193; 219; 33334
194; 219; 33343
195; 219; 33404
196; 219; 33453
197; 219; 33408
198; 219; 33287
199; 219; 33225
200; 219; 33262
201; 219; 33330
202; 219; 33371
203; 219; 33379
204; 219; 33343
205; 219; 33307
206; 219; 33328
207; 219; 33383
208; 219; 33397
209; 219; 33329
210; 219; 33168
211; 219; 33004
212; 219; 32924
213; 219; 32887
214; 219; 32880
215; 219; 32936
216; 219; 33016
217; 219; 33098
171; 220; 33170
172; 220; 33149
173; 220; 33147
174; 220; 33202
175; 220; 33302
176; 220; 33411
177; 220; 33444
178; 220; 33339
179; 220; 33193
180; 220; 33172
181; 220; 33279
182; 220; 33370
183; 220; 33377
184; 220; 33356
185; 220; 33320
186; 220; 33257
187; 220; 33228
188; 220; 33285
189; 220; 33390
190; 220; 33432
191; 220; 33373
192; 220; 33303
193; 220; 33285
194; 220; 33304
195; 220; 33377
196; 220; 33439
197; 220; 33412
198; 220; 33323
199; 220; 33276
200; 220; 33281
201; 220; 33303
202; 220; 33326
203; 220; 33339
204; 220; 33323
205; 220; 33294
206; 220; 33308
207; 220; 33333
208; 220; 33312
209; 220; 33240
210; 220; 33107
211; 220; 32955
212; 220; 32916
213; 220; 32902
214; 220; 32906
215; 220; 32979
216; 220; 33059
217; 220; 33125
171; 221; 33353
172; 221; 33335
173; 221; 33260
174; 221; 33211
175; 221; 33258
176; 221; 33369
177; 221; 33442
178; 221; 33417
179; 221; 33328
180; 221; 33303
181; 221; 33379
182; 221; 33442
183; 221; 33432
184; 221; 33401
185; 221; 33357
186; 221; 33288
187; 221; 33253
188; 221; 33333
189; 221; 33450
190; 221; 33457
191; 221; 33352
192; 221; 33266
193; 221; 33267
194; 221; 33299
195; 221; 33349
196; 221; 33385
197; 221; 33375
198; 221; 33346
199; 221; 33328
200; 221; 33303
201; 221; 33261
202; 221; 33253
203; 221; 33274
204; 221; 33293
205; 221; 33297
206; 221; 33287
207; 221; 33245
208; 221; 33185
209; 221; 33144
210; 221; 33082
211; 221; 32959
212; 221; 32916
213; 221; 32932
214; 221; 32956
215; 221; 33035
216; 221; 33134
217; 221; 33242
171; 222; 33445
172; 222; 33383
173; 222; 33241
174; 222; 33158
175; 222; 33222
176; 222; 33364
177; 222; 33483
178; 222; 33531
179; 222; 33486
180; 222; 33425
181; 222; 33439
182; 222; 33460
183; 222; 33435
184; 222; 33399
185; 222; 33366
186; 222; 33326
187; 222; 33307
188; 222; 33372
189; 222; 33449
190; 222; 33435
191; 222; 33364
192; 222; 33328
193; 222; 33324
194; 222; 33304
195; 222; 33303
196; 222; 33309
197; 222; 33315
198; 222; 33328
199; 222; 33329
200; 222; 33291
201; 222; 33233
202; 222; 33220
203; 222; 33242
204; 222; 33248
205; 222; 33246
206; 222; 33234
207; 222; 33172
208; 222; 33089
209; 222; 33055
210; 222; 33026
211; 222; 32943
212; 222; 32912
213; 222; 32953
214; 222; 33012
215; 222; 33112
216; 222; 33247
217; 222; 33418
171; 223; 33378
172; 223; 33299
173; 223; 33198
174; 223; 33194
175; 223; 33321
176; 223; 33498
177; 223; 33626
178; 223; 33674
179; 223; 33631
180; 223; 33534
181; 223; 33469
182; 223; 33437
183; 223; 33409
184; 223; 33383
185; 223; 33377
186; 223; 33378
187; 223; 33370
188; 223; 33390
189; 223; 33411
190; 223; 33399
191; 223; 33410
192; 223; 33438
193; 223; 33402
194; 223; 33299
195; 223; 33245
196; 223; 33250
197; 223; 33263
198; 223; 33274
199; 223; 33296
200; 223; 33279
201; 223; 33256
202; 223; 33261
203; 223; 33245
204; 223; 33169
205; 223; 33127
206; 223; 33149
207; 223; 33138
208; 223; 33061
209; 223; 32993
210; 223; 32946
211; 223; 32893
212; 223; 32915
213; 223; 32976
214; 223; 33062
215; 223; 33181
216; 223; 33324
217; 223; 33490
171; 224; 33287
172; 224; 33230
173; 224; 33222
174; 224; 33300
175; 224; 33447
176; 224; 33603
177; 224; 33687
178; 224; 33705
179; 224; 33701
180; 224; 33670
181; 224; 33587
182; 224; 33473
183; 224; 33394
184; 224; 33378
185; 224; 33404
186; 224; 33423
187; 224; 33411
188; 224; 33407
189; 224; 33400
190; 224; 33379
191; 224; 33406
192; 224; 33432
193; 224; 33360
194; 224; 33237
195; 224; 33209
196; 224; 33257
197; 224; 33252
198; 224; 33234
199; 224; 33262
200; 224; 33254
201; 224; 33228
202; 224; 33239
203; 224; 33225
204; 224; 33132
205; 224; 33070
206; 224; 33104
207; 224; 33132
208; 224; 33063
209; 224; 32955
210; 224; 32885
211; 224; 32881
212; 224; 32939
213; 224; 33007
214; 224; 33092
215; 224; 33197
216; 224; 33319
217; 224; 33421
171; 225; 33260
172; 225; 33273
173; 225; 33317
174; 225; 33407
175; 225; 33533
176; 225; 33638
177; 225; 33649
178; 225; 33633
179; 225; 33703
180; 225; 33799
181; 225; 33753
182; 225; 33578
183; 225; 33430
184; 225; 33392
185; 225; 33413
186; 225; 33418
187; 225; 33407
188; 225; 33414
189; 225; 33409
190; 225; 33362
191; 225; 33324
192; 225; 33313
193; 225; 33250
194; 225; 33164
195; 225; 33201
196; 225; 33289
197; 225; 33277
198; 225; 33226
199; 225; 33207
200; 225; 33156
201; 225; 33095
202; 225; 33130
203; 225; 33207
204; 225; 33222
205; 225; 33166
206; 225; 33136
207; 225; 33118
208; 225; 33021
209; 225; 32903
210; 225; 32909
211; 225; 32948
212; 225; 32994
213; 225; 33056
214; 225; 33111
215; 225; 33175
216; 225; 33283
217; 225; 33345
171; 226; 33302
172; 226; 33369
173; 226; 33412
174; 226; 33489
175; 226; 33634
176; 226; 33740
177; 226; 33691
178; 226; 33599
179; 226; 33673
180; 226; 33836
181; 226; 33830
182; 226; 33651
183; 226; 33497
184; 226; 33453
185; 226; 33447
186; 226; 33420
187; 226; 33398
188; 226; 33414
189; 226; 33401
190; 226; 33319
191; 226; 33246
192; 226; 33241
193; 226; 33208
194; 226; 33121
195; 226; 33115
196; 226; 33202
197; 226; 33239
198; 226; 33188
199; 226; 33123
200; 226; 33035
201; 226; 32989
202; 226; 33078
203; 226; 33236
204; 226; 33321
205; 226; 33262
206; 226; 33161
207; 226; 33069
208; 226; 32944
209; 226; 32919
210; 226; 32985
211; 226; 33012
212; 226; 33067
213; 226; 33131
214; 226; 33143
215; 226; 33191
216; 226; 33314
217; 226; 33367
171; 227; 33347
172; 227; 33395
173; 227; 33441
174; 227; 33547
175; 227; 33751
176; 227; 33894
177; 227; 33831
178; 227; 33682
179; 227; 33678
180; 227; 33798
181; 227; 33806
182; 227; 33670
183; 227; 33552
184; 227; 33507
185; 227; 33483
186; 227; 33456
187; 227; 33439
188; 227; 33413
189; 227; 33340
190; 227; 33238
191; 227; 33216
192; 227; 33259
193; 227; 33210
194; 227; 33053
195; 227; 32973
196; 227; 33088
197; 227; 33217
198; 227; 33214
199; 227; 33126
200; 227; 33022
201; 227; 32991
202; 227; 33102
203; 227; 33259
204; 227; 33296
205; 227; 33209
206; 227; 33116
207; 227; 33025
208; 227; 32902
209; 227; 32934
210; 227; 33019
211; 227; 33066
212; 227; 33148
213; 227; 33204
214; 227; 33204
215; 227; 33278
216; 227; 33411
217; 227; 33419
171; 228; 33417
172; 228; 33383
173; 228; 33443
174; 228; 33612
175; 228; 33833
176; 228; 33963
177; 228; 33907
178; 228; 33778
179; 228; 33758
180; 228; 33832
181; 228; 33820
182; 228; 33687
183; 228; 33551
184; 228; 33468
185; 228; 33440
186; 228; 33468
187; 228; 33492
188; 228; 33417
189; 228; 33265
190; 228; 33170
191; 228; 33213
192; 228; 33259
193; 228; 33138
194; 228; 32975
195; 228; 33004
196; 228; 33252
197; 228; 33434
198; 228; 33428
199; 228; 33298
200; 228; 33108
201; 228; 32997
202; 228; 33049
203; 228; 33189
204; 228; 33202
205; 228; 33105
206; 228; 33054
207; 228; 33005
208; 228; 32895
209; 228; 32918
210; 228; 33002
211; 228; 33090
212; 228; 33175
213; 228; 33214
214; 228; 33259
215; 228; 33389
216; 228; 33499
217; 228; 33426
171; 229; 33564
172; 229; 33477
173; 229; 33529
174; 229; 33706
175; 229; 33868
176; 229; 33925
177; 229; 33862
178; 229; 33779
179; 229; 33805
180; 229; 33886
181; 229; 33869
182; 229; 33723
183; 229; 33529
184; 229; 33372
185; 229; 33331
186; 229; 33428
187; 229; 33504
188; 229; 33421
189; 229; 33261
190; 229; 33194
191; 229; 33212
192; 229; 33149
193; 229; 32988
194; 229; 33020
195; 229; 33328
196; 229; 33686
197; 229; 33782
198; 229; 33697
199; 229; 33558
200; 229; 33199
201; 229; 32945
202; 229; 32949
203; 229; 33078
204; 229; 33136
205; 229; 33064
206; 229; 33025
207; 229; 32980
208; 229; 32916
209; 229; 32945
210; 229; 33004
211; 229; 33076
212; 229; 33119
213; 229; 33160
214; 229; 33285
215; 229; 33473
216; 229; 33554
217; 229; 33427
171; 230; 33738
172; 230; 33670
173; 230; 33678
174; 230; 33782
175; 230; 33863
176; 230; 33864
177; 230; 33804
178; 230; 33749
179; 230; 33766
180; 230; 33820
181; 230; 33820
182; 230; 33731
183; 230; 33559
184; 230; 33368
185; 230; 33298
186; 230; 33379
187; 230; 33442
188; 230; 33392
189; 230; 33308
190; 230; 33261
191; 230; 33165
192; 230; 32995
193; 230; 32959
194; 230; 33176
195; 230; 33601
196; 230; 33860
197; 230; 33777
198; 230; 33629
199; 230; 33550
200; 230; 33414
201; 230; 33006
202; 230; 32930
203; 230; 33038
204; 230; 33097
205; 230; 33030
206; 230; 32966
207; 230; 32966
208; 230; 32991
209; 230; 33006
210; 230; 33035
211; 230; 33046
212; 230; 33039
213; 230; 33101
214; 230; 33304
215; 230; 33532
216; 230; 33611
217; 230; 33482
171; 231; 33819
172; 231; 33807
173; 231; 33785
174; 231; 33815
175; 231; 33841
176; 231; 33832
177; 231; 33807
178; 231; 33778
179; 231; 33745
180; 231; 33720
181; 231; 33722
182; 231; 33728
183; 231; 33642
184; 231; 33478
185; 231; 33380
186; 231; 33357
187; 231; 33340
188; 231; 33333
189; 231; 33339
190; 231; 33255
191; 231; 33053
192; 231; 32951
193; 231; 33021
194; 231; 33262
195; 231; 33489
196; 231; 33495
197; 231; 33320
198; 231; 33278
199; 231; 33517
200; 231; 33720
201; 231; 33502
202; 231; 33136
203; 231; 33094
204; 231; 33076
205; 231; 32972
206; 231; 32928
207; 231; 33001
208; 231; 33067
209; 231; 33082
210; 231; 33076
211; 231; 33031
212; 231; 33000
213; 231; 33069
214; 231; 33306
215; 231; 33573
216; 231; 33688
217; 231; 33576
171; 232; 33768
172; 232; 33808
173; 232; 33825
174; 232; 33842
175; 232; 33840
176; 232; 33823
177; 232; 33822
178; 232; 33828
179; 232; 33792
180; 232; 33726
181; 232; 33722
182; 232; 33766
183; 232; 33723
184; 232; 33588
185; 232; 33459
186; 232; 33335
187; 232; 33263
188; 232; 33314
189; 232; 33355
190; 232; 33175
191; 232; 32990
192; 232; 33038
193; 232; 33247
194; 232; 33321
195; 232; 33209
196; 232; 33057
197; 232; 33019
198; 232; 33152
199; 232; 33513
200; 232; 33919
201; 232; 33916
202; 232; 33542
203; 232; 33223
204; 232; 33105
205; 232; 32984
206; 232; 32937
207; 232; 33013
208; 232; 33095
209; 232; 33111
210; 232; 33097
211; 232; 33047
212; 232; 32996
213; 232; 33066
214; 232; 33321
215; 232; 33638
216; 232; 33778
217; 232; 33629
171; 233; 33690
172; 233; 33755
173; 233; 33819
174; 233; 33840
175; 233; 33821
176; 233; 33800
177; 233; 33809
178; 233; 33830
179; 233; 33816
180; 233; 33780
181; 233; 33791
182; 233; 33823
183; 233; 33791
184; 233; 33682
185; 233; 33524
186; 233; 33336
187; 233; 33255
188; 233; 33352
189; 233; 33361
190; 233; 33084
191; 233; 32917
192; 233; 33103
193; 233; 33374
194; 233; 33289
195; 233; 33085
196; 233; 33071
197; 233; 33080
198; 233; 33133
199; 233; 33415
200; 233; 33833
201; 233; 33881
202; 233; 33568
203; 233; 33249
204; 233; 33179
205; 233; 33101
206; 233; 33000
207; 233; 33015
208; 233; 33064
209; 233; 33069
210; 233; 33079
211; 233; 33070
212; 233; 33040
213; 233; 33130
214; 233; 33426
215; 233; 33745
216; 233; 33805
217; 233; 33555
171; 234; 33697
172; 234; 33746
173; 234; 33780
174; 234; 33769
175; 234; 33759
176; 234; 33791
177; 234; 33831
178; 234; 33826
179; 234; 33784
180; 234; 33777
181; 234; 33817
182; 234; 33857
183; 234; 33869
184; 234; 33831
185; 234; 33674
186; 234; 33420
187; 234; 33302
188; 234; 33381
189; 234; 33323
190; 234; 33016
191; 234; 32878
192; 234; 33067
193; 234; 33293
194; 234; 33222
195; 234; 33187
196; 234; 33320
197; 234; 33331
198; 234; 33202
199; 234; 33300
200; 234; 33571
201; 234; 33592
202; 234; 33231
203; 234; 33133
204; 234; 33194
205; 234; 33166
206; 234; 33077
207; 234; 33028
208; 234; 33007
209; 234; 33003
210; 234; 33021
211; 234; 33054
212; 234; 33106
213; 234; 33257
214; 234; 33578
215; 234; 33800
216; 234; 33683
217; 234; 33357
