308; 246; 33618
309; 246; 33802
310; 246; 34093
311; 246; 34116
308; 247; 33710
309; 247; 34049
310; 247; 34223
311; 247; 34211
312; 247; 34054
309; 248; 34124
310; 248; 34258
311; 248; 34220
312; 248; 34175
313; 248; 34228
314; 248; 34114
309; 249; 34190
310; 249; 34277
311; 249; 34267
312; 249; 34332
313; 249; 34525
314; 249; 34586
315; 249; 34176
309; 250; 34270
310; 250; 34278
311; 250; 34248
312; 250; 34344
313; 250; 34631
314; 250; 34849
315; 250; 34645
316; 250; 33942
317; 250; 33289
309; 251; 34340
310; 251; 34252
311; 251; 34114
312; 251; 34158
313; 251; 34484
314; 251; 34781
315; 251; 34773
316; 251; 34221
317; 251; 33480
309; 252; 34365
310; 252; 34209
311; 252; 33965
312; 252; 33944
313; 252; 34117
314; 252; 34406
315; 252; 34466
316; 252; 34050
317; 252; 33334
309; 253; 34270
310; 253; 34113
311; 253; 33910
312; 253; 33885
313; 253; 33876
314; 253; 33902
315; 253; 34009
316; 253; 33855
317; 253; 33264
309; 254; 34063
310; 254; 34050
311; 254; 33976
312; 254; 33910
313; 254; 33773
314; 254; 33751
315; 254; 33915
316; 254; 34030
317; 254; 33685
310; 255; 34143
311; 255; 34162
312; 255; 34084
313; 255; 33966
314; 255; 33977
315; 255; 34176
316; 255; 34309
317; 255; 33940
311; 256; 34399
312; 256; 34379
313; 256; 34321
314; 256; 34375
315; 256; 34373
316; 256; 34208
317; 256; 33599
312; 257; 34405
313; 257; 34433
314; 257; 34512
315; 257; 34335
316; 257; 33724
