115; 125; 33269
116; 125; 33339
117; 125; 33295
114; 126; 33272
115; 126; 33411
116; 126; 33519
117; 126; 33595
118; 126; 33512
113; 127; 33228
114; 127; 33247
115; 127; 33352
116; 127; 33451
117; 127; 33589
118; 127; 33622
112; 128; 33280
113; 128; 33262
114; 128; 33293
115; 128; 33327
116; 128; 33368
117; 128; 33423
118; 128; 33418
113; 129; 33345
114; 129; 33380
115; 129; 33410
116; 129; 33446
117; 129; 33431
118; 129; 33300
113; 130; 33373
114; 130; 33398
115; 130; 33484
116; 130; 33552
117; 130; 33541
118; 130; 33394
114; 131; 33348
115; 131; 33485
116; 131; 33580
117; 131; 33571
118; 131; 33468
114; 132; 33274
115; 132; 33365
116; 132; 33500
117; 132; 33522
118; 132; 33431
114; 133; 33339
115; 133; 33278
116; 133; 33361
117; 133; 33389
