124; 109; 32810
125; 109; 32808
126; 109; 32807
127; 109; 32806
128; 109; 32810
129; 109; 32809
130; 109; 32845
131; 109; 32874
132; 109; 32883
133; 109; 32905
134; 109; 32897
135; 109; 32855
136; 109; 32897
137; 109; 33002
138; 109; 33006
139; 109; 32936
140; 109; 32919
141; 109; 32906
142; 109; 32866
143; 109; 32861
144; 109; 32887
145; 109; 32943
146; 109; 33035
147; 109; 33092
148; 109; 33071
149; 109; 33068
150; 109; 33094
151; 109; 33086
152; 109; 33077
153; 109; 33048
154; 109; 32984
155; 109; 32958
156; 109; 32957
157; 109; 33018
158; 109; 33185
159; 109; 33338
160; 109; 33330
161; 109; 33153
162; 109; 32941
163; 109; 32922
124; 110; 32792
125; 110; 32814
126; 110; 32803
127; 110; 32797
128; 110; 32819
129; 110; 32815
130; 110; 32841
131; 110; 32881
132; 110; 32892
133; 110; 32892
134; 110; 32888
135; 110; 32881
136; 110; 32924
137; 110; 32988
138; 110; 32974
139; 110; 32900
140; 110; 32877
141; 110; 32909
142; 110; 32900
143; 110; 32972
144; 110; 33079
145; 110; 33086
146; 110; 33130
147; 110; 33228
148; 110; 33149
149; 110; 33018
150; 110; 33035
151; 110; 33050
152; 110; 33008
153; 110; 32998
154; 110; 33015
155; 110; 33031
156; 110; 33025
157; 110; 33052
158; 110; 33161
159; 110; 33327
160; 110; 33444
161; 110; 33341
162; 110; 33034
163; 110; 32868
124; 111; 32797
125; 111; 32818
126; 111; 32797
127; 111; 32801
128; 111; 32814
129; 111; 32800
130; 111; 32835
131; 111; 32908
132; 111; 32920
133; 111; 32890
134; 111; 32888
135; 111; 32900
136; 111; 32926
137; 111; 32960
138; 111; 32939
139; 111; 32868
140; 111; 32859
141; 111; 32932
142; 111; 32978
143; 111; 33156
144; 111; 33362
145; 111; 33298
146; 111; 33208
147; 111; 33264
148; 111; 33149
149; 111; 32937
150; 111; 32917
151; 111; 32939
152; 111; 32891
153; 111; 32888
154; 111; 32932
155; 111; 32960
156; 111; 32977
157; 111; 32994
158; 111; 33032
159; 111; 33127
160; 111; 33267
161; 111; 33302
162; 111; 33099
163; 111; 32874
124; 112; 32799
125; 112; 32816
126; 112; 32784
127; 112; 32811
128; 112; 32802
129; 112; 32787
130; 112; 32827
131; 112; 32922
132; 112; 32938
133; 112; 32890
134; 112; 32879
135; 112; 32874
136; 112; 32865
137; 112; 32902
138; 112; 32902
139; 112; 32839
140; 112; 32856
141; 112; 32949
142; 112; 33031
143; 112; 33210
144; 112; 33425
145; 112; 33390
146; 112; 33256
147; 112; 33229
148; 112; 33110
149; 112; 32901
150; 112; 32829
151; 112; 32839
152; 112; 32821
153; 112; 32812
154; 112; 32828
155; 112; 32856
156; 112; 32893
157; 112; 32926
158; 112; 32970
159; 112; 33015
160; 112; 33038
161; 112; 33055
162; 112; 33009
163; 112; 32890
124; 113; 32790
125; 113; 32796
126; 113; 32785
127; 113; 32809
128; 113; 32803
129; 113; 32793
130; 113; 32822
131; 113; 32920
132; 113; 32957
133; 113; 32901
134; 113; 32860
135; 113; 32830
136; 113; 32808
137; 113; 32850
138; 113; 32880
139; 113; 32844
140; 113; 32881
141; 113; 33011
142; 113; 33106
143; 113; 33167
144; 113; 33265
145; 113; 33332
146; 113; 33277
147; 113; 33171
148; 113; 33047
149; 113; 32893
150; 113; 32812
151; 113; 32833
152; 113; 32849
153; 113; 32822
154; 113; 32803
155; 113; 32824
156; 113; 32860
157; 113; 32899
158; 113; 32963
159; 113; 33022
160; 113; 33002
161; 113; 32945
162; 113; 32921
163; 113; 32887
124; 114; 32806
125; 114; 32788
126; 114; 32793
127; 114; 32788
128; 114; 32789
129; 114; 32791
130; 114; 32810
131; 114; 32888
132; 114; 32953
133; 114; 32912
134; 114; 32834
135; 114; 32803
136; 114; 32807
137; 114; 32838
138; 114; 32880
139; 114; 32904
140; 114; 32957
141; 114; 33089
142; 114; 33180
143; 114; 33177
144; 114; 33196
145; 114; 33298
146; 114; 33263
147; 114; 33078
148; 114; 32970
149; 114; 32906
150; 114; 32863
151; 114; 32885
152; 114; 32905
153; 114; 32860
154; 114; 32842
155; 114; 32869
156; 114; 32886
157; 114; 32911
158; 114; 32954
159; 114; 32995
160; 114; 33007
161; 114; 32969
162; 114; 32927
163; 114; 32912
124; 115; 32945
125; 115; 32893
126; 115; 32872
127; 115; 32837
128; 115; 32809
129; 115; 32797
130; 115; 32788
131; 115; 32815
132; 115; 32882
133; 115; 32862
134; 115; 32809
135; 115; 32791
136; 115; 32799
137; 115; 32851
138; 115; 32948
139; 115; 33025
140; 115; 33029
141; 115; 33059
142; 115; 33116
143; 115; 33177
144; 115; 33276
145; 115; 33325
146; 115; 33189
147; 115; 32986
148; 115; 32955
149; 115; 32973
150; 115; 32931
151; 115; 32903
152; 115; 32896
153; 115; 32862
154; 115; 32879
155; 115; 32921
156; 115; 32930
157; 115; 32944
158; 115; 32960
159; 115; 32965
160; 115; 32981
161; 115; 32976
162; 115; 32958
163; 115; 32968
124; 116; 33224
125; 116; 33171
126; 116; 33159
127; 116; 33135
128; 116; 33079
129; 116; 33008
130; 116; 32919
131; 116; 32864
132; 116; 32872
133; 116; 32826
134; 116; 32784
135; 116; 32778
136; 116; 32811
137; 116; 32933
138; 116; 33107
139; 116; 33212
140; 116; 33141
141; 116; 33034
142; 116; 33031
143; 116; 33159
144; 116; 33353
145; 116; 33327
146; 116; 33081
147; 116; 32937
148; 116; 32972
149; 116; 32984
150; 116; 32912
151; 116; 32859
152; 116; 32844
153; 116; 32854
154; 116; 32906
155; 116; 32950
156; 116; 32958
157; 116; 32965
158; 116; 32971
159; 116; 32978
160; 116; 32996
161; 116; 32998
162; 116; 32997
163; 116; 33015
124; 117; 33415
125; 117; 33442
126; 117; 33508
127; 117; 33576
128; 117; 33585
129; 117; 33526
130; 117; 33398
131; 117; 33266
132; 117; 33172
133; 117; 33060
134; 117; 32950
135; 117; 32974
136; 117; 33117
137; 117; 33246
138; 117; 33346
139; 117; 33416
140; 117; 33356
141; 117; 33195
142; 117; 33117
143; 117; 33224
144; 117; 33386
145; 117; 33306
146; 117; 33037
147; 117; 32946
148; 117; 32971
149; 117; 32899
150; 117; 32822
151; 117; 32821
152; 117; 32844
153; 117; 32889
154; 117; 32948
155; 117; 32971
156; 117; 32967
157; 117; 32968
158; 117; 32970
159; 117; 32978
160; 117; 32998
161; 117; 33015
162; 117; 33022
163; 117; 33025
124; 118; 33350
125; 118; 33434
126; 118; 33555
127; 118; 33705
128; 118; 33840
129; 118; 33918
130; 118; 33907
131; 118; 33814
132; 118; 33696
133; 118; 33583
134; 118; 33507
135; 118; 33580
136; 118; 33744
137; 118; 33760
138; 118; 33636
139; 118; 33575
140; 118; 33517
141; 118; 33342
142; 118; 33236
143; 118; 33308
144; 118; 33390
145; 118; 33327
146; 118; 33132
147; 118; 33041
148; 118; 33018
149; 118; 32893
150; 118; 32802
151; 118; 32848
152; 118; 32914
153; 118; 32954
154; 118; 32988
155; 118; 32990
156; 118; 32970
157; 118; 32974
158; 118; 32990
159; 118; 32986
160; 118; 32981
161; 118; 32998
162; 118; 33012
163; 118; 33009
124; 119; 33208
125; 119; 33271
126; 119; 33363
127; 119; 33482
128; 119; 33630
129; 119; 33771
130; 119; 33876
131; 119; 33922
132; 119; 33922
133; 119; 33924
134; 119; 33954
135; 119; 34042
136; 119; 34143
137; 119; 34062
138; 119; 33803
139; 119; 33607
140; 119; 33460
141; 119; 33270
142; 119; 33231
143; 119; 33341
144; 119; 33407
145; 119; 33412
146; 119; 33318
147; 119; 33164
148; 119; 33052
149; 119; 32945
150; 119; 32857
151; 119; 32900
152; 119; 32982
153; 119; 33008
154; 119; 33010
155; 119; 32996
156; 119; 32977
157; 119; 32991
158; 119; 33022
159; 119; 33018
160; 119; 32999
161; 119; 33006
162; 119; 33019
163; 119; 33013
124; 120; 33192
125; 120; 33236
126; 120; 33295
127; 120; 33332
128; 120; 33372
129; 120; 33417
130; 120; 33496
131; 120; 33608
132; 120; 33718
133; 120; 33825
134; 120; 33913
135; 120; 33978
136; 120; 34019
137; 120; 33930
138; 120; 33688
139; 120; 33446
140; 120; 33252
141; 120; 33123
142; 120; 33173
143; 120; 33333
144; 120; 33436
145; 120; 33493
146; 120; 33444
147; 120; 33200
148; 120; 32974
149; 120; 32902
150; 120; 32888
151; 120; 32930
152; 120; 33010
153; 120; 33039
154; 120; 33016
155; 120; 32992
156; 120; 32984
157; 120; 32996
158; 120; 33011
159; 120; 33009
160; 120; 33009
161; 120; 33022
162; 120; 33032
163; 120; 33032
124; 121; 33266
125; 121; 33342
126; 121; 33408
127; 121; 33417
128; 121; 33396
129; 121; 33371
130; 121; 33381
131; 121; 33448
132; 121; 33542
133; 121; 33644
134; 121; 33701
135; 121; 33710
136; 121; 33722
137; 121; 33656
138; 121; 33438
139; 121; 33193
140; 121; 33064
141; 121; 33079
142; 121; 33184
143; 121; 33327
144; 121; 33439
145; 121; 33498
146; 121; 33433
147; 121; 33120
148; 121; 32861
149; 121; 32848
150; 121; 32905
151; 121; 32936
152; 121; 33003
153; 121; 33041
154; 121; 33007
155; 121; 32966
156; 121; 32954
157; 121; 32952
158; 121; 32948
159; 121; 32958
160; 121; 32985
161; 121; 33001
162; 121; 33004
163; 121; 33006
124; 122; 33250
125; 122; 33367
126; 122; 33453
127; 122; 33516
128; 122; 33543
129; 122; 33534
130; 122; 33512
131; 122; 33512
132; 122; 33543
133; 122; 33591
134; 122; 33582
135; 122; 33511
136; 122; 33476
137; 122; 33426
138; 122; 33251
139; 122; 33080
140; 122; 33094
141; 122; 33261
142; 122; 33433
143; 122; 33572
144; 122; 33605
145; 122; 33534
146; 122; 33380
147; 122; 33067
148; 122; 32882
149; 122; 32962
150; 122; 33019
151; 122; 33011
152; 122; 33059
153; 122; 33082
154; 122; 33031
155; 122; 32980
156; 122; 32960
157; 122; 32956
158; 122; 32962
159; 122; 32988
160; 122; 33010
161; 122; 32999
162; 122; 32986
163; 122; 32980
124; 123; 33045
125; 123; 33184
126; 123; 33299
127; 123; 33429
128; 123; 33547
129; 123; 33616
130; 123; 33620
131; 123; 33600
132; 123; 33591
133; 123; 33609
134; 123; 33605
135; 123; 33529
136; 123; 33438
137; 123; 33329
138; 123; 33160
139; 123; 33048
140; 123; 33128
141; 123; 33404
142; 123; 33697
143; 123; 33870
144; 123; 33789
145; 123; 33596
146; 123; 33381
147; 123; 33034
148; 123; 32868
149; 123; 33016
150; 123; 33096
151; 123; 33091
152; 123; 33127
153; 123; 33108
154; 123; 33038
155; 123; 32995
156; 123; 32969
157; 123; 32967
158; 123; 32994
159; 123; 33018
160; 123; 33015
161; 123; 32996
162; 123; 32992
163; 123; 32985
124; 124; 32859
125; 124; 32913
126; 124; 33027
127; 124; 33164
128; 124; 33320
129; 124; 33472
130; 124; 33555
131; 124; 33603
132; 124; 33636
133; 124; 33657
134; 124; 33641
135; 124; 33538
136; 124; 33384
137; 124; 33231
138; 124; 33079
139; 124; 32995
140; 124; 33107
141; 124; 33441
142; 124; 33745
143; 124; 33847
144; 124; 33721
145; 124; 33624
146; 124; 33496
147; 124; 33103
148; 124; 32912
149; 124; 33125
150; 124; 33250
151; 124; 33232
152; 124; 33227
153; 124; 33157
154; 124; 33066
155; 124; 33022
156; 124; 32988
157; 124; 32991
158; 124; 33032
159; 124; 33051
160; 124; 33041
161; 124; 33023
162; 124; 33019
163; 124; 33015
124; 125; 32879
125; 125; 32808
126; 125; 32839
127; 125; 32880
128; 125; 32948
129; 125; 33097
130; 125; 33236
131; 125; 33358
132; 125; 33452
133; 125; 33494
134; 125; 33473
135; 125; 33359
136; 125; 33216
137; 125; 33125
138; 125; 33027
139; 125; 32937
140; 125; 33044
141; 125; 33335
142; 125; 33559
143; 125; 33571
144; 125; 33487
145; 125; 33586
146; 125; 33594
147; 125; 33183
148; 125; 33002
149; 125; 33321
150; 125; 33484
151; 125; 33379
152; 125; 33293
153; 125; 33211
154; 125; 33111
155; 125; 33041
156; 125; 33005
157; 125; 33016
158; 125; 33044
159; 125; 33060
160; 125; 33068
161; 125; 33047
162; 125; 33022
163; 125; 33008
124; 126; 32908
125; 126; 32839
126; 126; 32805
127; 126; 32830
128; 126; 32842
129; 126; 32841
130; 126; 32908
131; 126; 32981
132; 126; 33044
133; 126; 33087
134; 126; 33076
135; 126; 32972
136; 126; 32870
137; 126; 32911
138; 126; 32973
139; 126; 32923
140; 126; 32954
141; 126; 33137
142; 126; 33317
143; 126; 33427
144; 126; 33433
145; 126; 33500
146; 126; 33499
147; 126; 33151
148; 126; 33026
149; 126; 33434
150; 126; 33665
151; 126; 33468
152; 126; 33272
153; 126; 33205
154; 126; 33130
155; 126; 33049
156; 126; 33031
157; 126; 33045
158; 126; 33040
159; 126; 33046
160; 126; 33060
161; 126; 33034
162; 126; 33007
163; 126; 32986
124; 127; 32833
125; 127; 32829
126; 127; 32813
127; 127; 32847
128; 127; 32861
129; 127; 32824
130; 127; 32831
131; 127; 32846
132; 127; 32870
133; 127; 32891
134; 127; 32919
135; 127; 32964
136; 127; 32962
137; 127; 32864
138; 127; 32826
139; 127; 32897
140; 127; 32903
141; 127; 32975
142; 127; 33092
143; 127; 33378
144; 127; 33493
145; 127; 33354
146; 127; 33272
147; 127; 33138
148; 127; 33123
149; 127; 33551
150; 127; 33864
151; 127; 33604
152; 127; 33257
153; 127; 33158
154; 127; 33117
155; 127; 33071
156; 127; 33083
157; 127; 33084
158; 127; 33054
159; 127; 33058
160; 127; 33062
161; 127; 33028
162; 127; 33006
163; 127; 32977
124; 128; 32835
125; 128; 32811
126; 128; 32817
127; 128; 32823
128; 128; 32819
129; 128; 32817
130; 128; 32812
131; 128; 32830
132; 128; 32862
133; 128; 32901
134; 128; 33024
135; 128; 33323
136; 128; 33567
137; 128; 33316
138; 128; 32875
139; 128; 32825
140; 128; 32906
141; 128; 32934
142; 128; 32953
143; 128; 33282
144; 128; 33435
145; 128; 33178
146; 128; 33096
147; 128; 33221
148; 128; 33366
149; 128; 33777
150; 128; 34086
151; 128; 33790
152; 128; 33329
153; 128; 33144
154; 128; 33097
155; 128; 33089
156; 128; 33126
157; 128; 33121
158; 128; 33084
159; 128; 33083
160; 128; 33079
161; 128; 33040
162; 128; 33000
163; 128; 32962
124; 129; 32826
125; 129; 32800
126; 129; 32813
127; 129; 32818
128; 129; 32811
129; 129; 32820
130; 129; 32802
131; 129; 32813
132; 129; 32905
133; 129; 33056
134; 129; 33164
135; 129; 33335
136; 129; 33583
137; 129; 33465
138; 129; 32975
139; 129; 32771
140; 129; 32914
141; 129; 32952
142; 129; 32916
143; 129; 33165
144; 129; 33274
145; 129; 33042
146; 129; 32986
147; 129; 33191
148; 129; 33432
149; 129; 33812
150; 129; 34061
151; 129; 33806
152; 129; 33385
153; 129; 33180
154; 129; 33128
155; 129; 33121
156; 129; 33137
157; 129; 33136
158; 129; 33125
159; 129; 33120
160; 129; 33109
161; 129; 33082
162; 129; 33037
163; 129; 32996
124; 130; 32816
125; 130; 32817
126; 130; 32824
127; 130; 32820
128; 130; 32825
129; 130; 32823
130; 130; 32795
131; 130; 32778
132; 130; 32905
133; 130; 33161
134; 130; 33225
135; 130; 33080
136; 130; 33067
137; 130; 33080
138; 130; 32887
139; 130; 32789
140; 130; 32896
141; 130; 32917
142; 130; 32863
143; 130; 33018
144; 130; 33118
145; 130; 33000
146; 130; 32914
147; 130; 32980
148; 130; 33150
149; 130; 33456
150; 130; 33680
151; 130; 33570
152; 130; 33326
153; 130; 33209
154; 130; 33194
155; 130; 33175
156; 130; 33137
157; 130; 33129
158; 130; 33156
159; 130; 33169
160; 130; 33158
161; 130; 33146
162; 130; 33126
163; 130; 33096
124; 131; 32842
125; 131; 32833
126; 131; 32823
127; 131; 32812
128; 131; 32809
129; 131; 32825
130; 131; 32826
131; 131; 32803
132; 131; 32813
133; 131; 32994
134; 131; 33088
135; 131; 32928
136; 131; 32809
137; 131; 32814
138; 131; 32795
139; 131; 32815
140; 131; 32868
141; 131; 32839
142; 131; 32821
143; 131; 32899
144; 131; 33024
145; 131; 33050
146; 131; 32936
147; 131; 32830
148; 131; 32865
149; 131; 33057
150; 131; 33261
151; 131; 33312
152; 131; 33250
153; 131; 33210
154; 131; 33208
155; 131; 33190
156; 131; 33148
157; 131; 33132
158; 131; 33162
159; 131; 33190
160; 131; 33184
161; 131; 33171
162; 131; 33169
163; 131; 33161
124; 132; 32853
125; 132; 32801
126; 132; 32800
127; 132; 32791
128; 132; 32783
129; 132; 32814
130; 132; 32838
131; 132; 32821
132; 132; 32788
133; 132; 32820
134; 132; 32893
135; 132; 32897
136; 132; 32832
137; 132; 32799
138; 132; 32812
139; 132; 32823
140; 132; 32827
141; 132; 32800
142; 132; 32816
143; 132; 32865
144; 132; 32948
145; 132; 33057
146; 132; 32985
147; 132; 32820
148; 132; 32822
149; 132; 32944
150; 132; 33085
151; 132; 33209
152; 132; 33250
153; 132; 33231
154; 132; 33215
155; 132; 33215
156; 132; 33210
157; 132; 33194
158; 132; 33192
159; 132; 33204
160; 132; 33195
161; 132; 33174
162; 132; 33170
163; 132; 33170
124; 133; 32824
125; 133; 32784
126; 133; 32803
127; 133; 32796
128; 133; 32779
129; 133; 32783
130; 133; 32800
131; 133; 32808
132; 133; 32803
133; 133; 32791
134; 133; 32823
135; 133; 32875
136; 133; 32855
137; 133; 32810
138; 133; 32824
139; 133; 32833
140; 133; 32814
141; 133; 32821
142; 133; 32816
143; 133; 32845
144; 133; 32839
145; 133; 32938
146; 133; 32938
147; 133; 32839
148; 133; 32861
149; 133; 32953
150; 133; 33030
151; 133; 33139
152; 133; 33202
153; 133; 33206
154; 133; 33231
155; 133; 33283
156; 133; 33306
157; 133; 33280
158; 133; 33236
159; 133; 33210
160; 133; 33194
161; 133; 33172
162; 133; 33162
163; 133; 33160
124; 134; 32798
125; 134; 32808
126; 134; 32854
127; 134; 32863
128; 134; 32836
129; 134; 32814
130; 134; 32821
131; 134; 32835
132; 134; 32822
133; 134; 32813
134; 134; 32826
135; 134; 32860
136; 134; 32877
137; 134; 32842
138; 134; 32806
139; 134; 32799
140; 134; 32809
141; 134; 32836
142; 134; 32811
143; 134; 32810
144; 134; 32792
145; 134; 32824
146; 134; 32841
147; 134; 32854
148; 134; 32876
149; 134; 32912
150; 134; 32945
151; 134; 33015
152; 134; 33039
153; 134; 33052
154; 134; 33147
155; 134; 33250
156; 134; 33288
157; 134; 33264
158; 134; 33204
159; 134; 33163
160; 134; 33146
161; 134; 33125
162; 134; 33133
163; 134; 33165
124; 135; 32828
125; 135; 32857
126; 135; 32909
127; 135; 32938
128; 135; 32933
129; 135; 32914
130; 135; 32906
131; 135; 32890
132; 135; 32856
133; 135; 32846
134; 135; 32857
135; 135; 32882
136; 135; 32919
137; 135; 32904
138; 135; 32838
139; 135; 32802
140; 135; 32800
141; 135; 32803
142; 135; 32797
143; 135; 32788
144; 135; 32799
145; 135; 32795
146; 135; 32804
147; 135; 32871
148; 135; 32918
149; 135; 32925
150; 135; 32974
151; 135; 33034
152; 135; 32989
153; 135; 32972
154; 135; 33063
155; 135; 33107
156; 135; 33099
157; 135; 33111
158; 135; 33127
159; 135; 33151
160; 135; 33146
161; 135; 33116
162; 135; 33170
163; 135; 33266
124; 136; 32902
125; 136; 32933
126; 136; 32962
127; 136; 32985
128; 136; 33003
129; 136; 32995
130; 136; 32975
131; 136; 32945
132; 136; 32911
133; 136; 32908
134; 136; 32920
135; 136; 32918
136; 136; 32929
137; 136; 32928
138; 136; 32883
139; 136; 32845
140; 136; 32821
141; 136; 32797
142; 136; 32793
143; 136; 32782
144; 136; 32793
145; 136; 32796
146; 136; 32803
147; 136; 32867
148; 136; 32933
149; 136; 32992
150; 136; 33160
151; 136; 33254
152; 136; 33133
153; 136; 33075
154; 136; 33110
155; 136; 33024
156; 136; 32935
157; 136; 32993
158; 136; 33132
159; 136; 33255
160; 136; 33270
161; 136; 33230
162; 136; 33297
163; 136; 33392
124; 137; 32994
125; 137; 33019
126; 137; 33033
127; 137; 33044
128; 137; 33057
129; 137; 33045
130; 137; 33025
131; 137; 33005
132; 137; 32972
133; 137; 32959
134; 137; 32960
135; 137; 32938
136; 137; 32926
137; 137; 32927
138; 137; 32906
139; 137; 32893
140; 137; 32878
141; 137; 32834
142; 137; 32808
143; 137; 32800
144; 137; 32791
145; 137; 32796
146; 137; 32795
147; 137; 32837
148; 137; 32893
149; 137; 32998
150; 137; 33273
151; 137; 33372
152; 137; 33166
153; 137; 33064
154; 137; 33073
155; 137; 32984
156; 137; 32941
157; 137; 33044
158; 137; 33195
159; 137; 33319
160; 137; 33360
161; 137; 33341
162; 137; 33347
163; 137; 33346
124; 138; 33086
125; 138; 33090
126; 138; 33103
127; 138; 33124
128; 138; 33132
129; 138; 33102
130; 138; 33076
131; 138; 33065
132; 138; 33026
133; 138; 32988
134; 138; 32978
135; 138; 32966
136; 138; 32957
137; 138; 32956
138; 138; 32953
139; 138; 32970
140; 138; 32957
141; 138; 32877
142; 138; 32822
143; 138; 32820
144; 138; 32808
145; 138; 32785
146; 138; 32797
147; 138; 32838
148; 138; 32902
149; 138; 32957
150; 138; 33156
151; 138; 33184
152; 138; 32969
153; 138; 32863
154; 138; 32875
155; 138; 32909
156; 138; 33012
157; 138; 33131
158; 138; 33186
159; 138; 33231
160; 138; 33294
161; 138; 33305
162; 138; 33235
163; 138; 33152
124; 139; 33177
125; 139; 33170
126; 139; 33182
127; 139; 33210
128; 139; 33228
129; 139; 33186
130; 139; 33135
131; 139; 33123
132; 139; 33097
133; 139; 33059
134; 139; 33050
135; 139; 33044
136; 139; 33033
137; 139; 33028
138; 139; 33015
139; 139; 33023
140; 139; 33034
141; 139; 32958
142; 139; 32852
143; 139; 32829
144; 139; 32837
145; 139; 32787
146; 139; 32806
147; 139; 32881
148; 139; 32967
149; 139; 32950
150; 139; 32951
151; 139; 32893
152; 139; 32803
153; 139; 32776
154; 139; 32795
155; 139; 32883
156; 139; 33014
157; 139; 33088
158; 139; 33098
159; 139; 33123
160; 139; 33161
161; 139; 33138
162; 139; 33056
163; 139; 33000
124; 140; 33293
125; 140; 33297
126; 140; 33292
127; 140; 33300
128; 140; 33331
129; 140; 33307
130; 140; 33239
131; 140; 33208
132; 140; 33199
133; 140; 33194
134; 140; 33189
135; 140; 33155
136; 140; 33124
137; 140; 33122
138; 140; 33077
139; 140; 33038
140; 140; 33084
141; 140; 33054
142; 140; 32906
143; 140; 32851
144; 140; 32875
145; 140; 32820
146; 140; 32792
147; 140; 32870
148; 140; 32981
149; 140; 33042
150; 140; 32984
151; 140; 32862
152; 140; 32814
153; 140; 32821
154; 140; 32843
155; 140; 32908
156; 140; 32968
157; 140; 32980
158; 140; 33015
159; 140; 33069
160; 140; 33046
161; 140; 32970
162; 140; 32933
163; 140; 32962
124; 141; 33410
125; 141; 33425
126; 141; 33395
127; 141; 33378
128; 141; 33419
129; 141; 33442
130; 141; 33399
131; 141; 33347
132; 141; 33324
133; 141; 33338
134; 141; 33335
135; 141; 33259
136; 141; 33196
137; 141; 33192
138; 141; 33136
139; 141; 33071
140; 141; 33122
141; 141; 33113
142; 141; 32946
143; 141; 32863
144; 141; 32894
145; 141; 32861
146; 141; 32816
147; 141; 32833
148; 141; 32947
149; 141; 33206
150; 141; 33311
151; 141; 33126
152; 141; 32903
153; 141; 32818
154; 141; 32824
155; 141; 32884
156; 141; 32935
157; 141; 32934
158; 141; 32956
159; 141; 32985
160; 141; 32955
161; 141; 32919
162; 141; 32936
163; 141; 32996
124; 142; 33503
125; 142; 33512
126; 142; 33487
127; 142; 33467
128; 142; 33492
129; 142; 33530
130; 142; 33523
131; 142; 33477
132; 142; 33434
133; 142; 33433
134; 142; 33437
135; 142; 33370
136; 142; 33273
137; 142; 33220
138; 142; 33167
139; 142; 33127
140; 142; 33166
141; 142; 33138
142; 142; 32960
143; 142; 32850
144; 142; 32903
145; 142; 33007
146; 142; 33063
147; 142; 32998
148; 142; 32978
149; 142; 33251
150; 142; 33473
151; 142; 33265
152; 142; 32934
153; 142; 32803
154; 142; 32800
155; 142; 32848
156; 142; 32913
157; 142; 32936
158; 142; 32912
159; 142; 32896
160; 142; 32927
161; 142; 32978
162; 142; 33008
163; 142; 33039
124; 143; 33598
125; 143; 33596
126; 143; 33597
127; 143; 33579
128; 143; 33564
129; 143; 33571
130; 143; 33568
131; 143; 33548
132; 143; 33516
133; 143; 33496
134; 143; 33511
135; 143; 33477
136; 143; 33341
137; 143; 33203
138; 143; 33135
139; 143; 33140
140; 143; 33189
141; 143; 33142
142; 143; 32964
143; 143; 32867
144; 143; 32984
145; 143; 33267
146; 143; 33473
147; 143; 33334
148; 143; 33086
149; 143; 33103
150; 143; 33189
151; 143; 33040
152; 143; 32862
153; 143; 32809
154; 143; 32823
155; 143; 32855
156; 143; 32887
157; 143; 32913
158; 143; 32899
159; 143; 32902
160; 143; 32973
161; 143; 33031
162; 143; 33031
163; 143; 33037
