177; 262; 33090
178; 262; 33053
179; 262; 33040
180; 262; 33011
181; 262; 33016
182; 262; 33273
183; 262; 33660
184; 262; 33811
185; 262; 33836
186; 262; 33798
187; 262; 33525
188; 262; 33231
189; 262; 33171
190; 262; 33206
191; 262; 33391
192; 262; 33617
193; 262; 33842
194; 262; 34345
195; 262; 34896
196; 262; 35030
197; 262; 34846
198; 262; 34645
199; 262; 34639
200; 262; 34683
201; 262; 34675
202; 262; 34674
203; 262; 34678
204; 262; 34660
205; 262; 34660
206; 262; 34671
207; 262; 34647
208; 262; 34605
209; 262; 34573
210; 262; 34546
211; 262; 34548
212; 262; 34569
213; 262; 34548
214; 262; 34497
215; 262; 34486
216; 262; 34502
217; 262; 34491
218; 262; 34466
219; 262; 34462
220; 262; 34462
221; 262; 34453
222; 262; 34446
223; 262; 34440
224; 262; 34433
225; 262; 34443
226; 262; 34461
227; 262; 34469
228; 262; 34459
229; 262; 34436
230; 262; 34410
231; 262; 34391
232; 262; 34393
233; 262; 34409
234; 262; 34418
235; 262; 34412
236; 262; 34393
237; 262; 34369
238; 262; 34349
239; 262; 34348
240; 262; 34368
241; 262; 34386
242; 262; 34372
243; 262; 34336
244; 262; 34320
177; 263; 33088
178; 263; 33062
179; 263; 33044
180; 263; 33009
181; 263; 33020
182; 263; 33203
183; 263; 33591
184; 263; 33824
185; 263; 33794
186; 263; 33662
187; 263; 33508
188; 263; 33447
189; 263; 33314
190; 263; 33122
191; 263; 33053
192; 263; 33264
193; 263; 33524
194; 263; 33880
195; 263; 34523
196; 263; 35004
197; 263; 34985
198; 263; 34807
199; 263; 34703
200; 263; 34700
201; 263; 34728
202; 263; 34750
203; 263; 34721
204; 263; 34657
205; 263; 34639
206; 263; 34658
207; 263; 34654
208; 263; 34628
209; 263; 34594
210; 263; 34562
211; 263; 34575
212; 263; 34616
213; 263; 34604
214; 263; 34544
215; 263; 34513
216; 263; 34512
217; 263; 34496
218; 263; 34475
219; 263; 34468
220; 263; 34470
221; 263; 34489
222; 263; 34512
223; 263; 34497
224; 263; 34453
225; 263; 34440
226; 263; 34464
227; 263; 34485
228; 263; 34483
229; 263; 34464
230; 263; 34433
231; 263; 34399
232; 263; 34379
233; 263; 34384
234; 263; 34401
235; 263; 34412
236; 263; 34408
237; 263; 34389
238; 263; 34371
239; 263; 34375
240; 263; 34404
241; 263; 34427
242; 263; 34404
243; 263; 34354
244; 263; 34333
177; 264; 33098
178; 264; 33077
179; 264; 33050
180; 264; 32989
181; 264; 32960
182; 264; 33081
183; 264; 33468
184; 264; 33844
185; 264; 33846
186; 264; 33578
187; 264; 33433
188; 264; 33474
189; 264; 33457
190; 264; 33168
191; 264; 32909
192; 264; 32967
193; 264; 33235
194; 264; 33521
195; 264; 34006
196; 264; 34621
197; 264; 34971
198; 264; 34985
199; 264; 34899
200; 264; 34760
201; 264; 34731
202; 264; 34777
203; 264; 34784
204; 264; 34711
205; 264; 34644
206; 264; 34618
207; 264; 34620
208; 264; 34643
209; 264; 34650
210; 264; 34609
211; 264; 34583
212; 264; 34606
213; 264; 34609
214; 264; 34563
215; 264; 34524
216; 264; 34519
217; 264; 34523
218; 264; 34519
219; 264; 34504
220; 264; 34489
221; 264; 34502
222; 264; 34529
223; 264; 34522
224; 264; 34486
225; 264; 34472
226; 264; 34482
227; 264; 34485
228; 264; 34481
229; 264; 34484
230; 264; 34476
231; 264; 34444
232; 264; 34402
233; 264; 34380
234; 264; 34382
235; 264; 34398
236; 264; 34415
237; 264; 34425
238; 264; 34428
239; 264; 34434
240; 264; 34446
241; 264; 34448
242; 264; 34416
243; 264; 34375
244; 264; 34369
177; 265; 33096
178; 265; 33067
179; 265; 33038
180; 265; 32980
181; 265; 32939
182; 265; 32991
183; 265; 33350
184; 265; 33852
185; 265; 33921
186; 265; 33545
187; 265; 33208
188; 265; 33266
189; 265; 33466
190; 265; 33436
191; 265; 33099
192; 265; 32932
193; 265; 33000
194; 265; 33248
195; 265; 33602
196; 265; 34048
197; 265; 34575
198; 265; 34976
199; 265; 35043
200; 265; 34892
201; 265; 34644
202; 265; 34640
203; 265; 34712
204; 265; 34731
205; 265; 34702
206; 265; 34662
207; 265; 34637
208; 265; 34647
209; 265; 34656
210; 265; 34611
211; 265; 34561
212; 265; 34565
213; 265; 34578
214; 265; 34555
215; 265; 34533
216; 265; 34541
217; 265; 34557
218; 265; 34560
219; 265; 34550
220; 265; 34535
221; 265; 34526
222; 265; 34521
223; 265; 34514
224; 265; 34519
225; 265; 34537
226; 265; 34536
227; 265; 34506
228; 265; 34487
229; 265; 34496
230; 265; 34507
231; 265; 34497
232; 265; 34473
233; 265; 34447
234; 265; 34431
235; 265; 34431
236; 265; 34443
237; 265; 34458
238; 265; 34465
239; 265; 34463
240; 265; 34454
241; 265; 34437
242; 265; 34406
243; 265; 34382
244; 265; 34395
177; 266; 33088
178; 266; 33028
179; 266; 32993
180; 266; 32969
181; 266; 32950
182; 266; 32994
183; 266; 33310
184; 266; 33814
185; 266; 33937
186; 266; 33580
187; 266; 33098
188; 266; 33113
189; 266; 33460
190; 266; 33605
191; 266; 33509
192; 266; 33164
193; 266; 32994
194; 266; 33057
195; 266; 33375
196; 266; 33688
197; 266; 34031
198; 266; 34573
199; 266; 35026
200; 266; 35056
201; 266; 34760
202; 266; 34543
203; 266; 34564
204; 266; 34651
205; 266; 34733
206; 266; 34759
207; 266; 34721
208; 266; 34665
209; 266; 34631
210; 266; 34598
211; 266; 34567
212; 266; 34566
213; 266; 34581
214; 266; 34576
215; 266; 34566
216; 266; 34567
217; 266; 34571
218; 266; 34577
219; 266; 34590
220; 266; 34596
221; 266; 34575
222; 266; 34531
223; 266; 34503
224; 266; 34527
225; 266; 34575
226; 266; 34583
227; 266; 34551
228; 266; 34526
229; 266; 34515
230; 266; 34501
231; 266; 34499
232; 266; 34512
233; 266; 34507
234; 266; 34480
235; 266; 34464
236; 266; 34469
237; 266; 34471
238; 266; 34459
239; 266; 34444
240; 266; 34434
241; 266; 34427
242; 266; 34410
243; 266; 34395
244; 266; 34403
177; 267; 33078
178; 267; 32990
179; 267; 32950
180; 267; 32958
181; 267; 32973
182; 267; 33021
183; 267; 33283
184; 267; 33736
185; 267; 33876
186; 267; 33675
187; 267; 33216
188; 267; 33142
189; 267; 33323
190; 267; 33570
191; 267; 33555
192; 267; 33401
193; 267; 33102
194; 267; 33024
195; 267; 33262
196; 267; 33626
197; 267; 33784
198; 267; 34072
199; 267; 34687
200; 267; 35143
201; 267; 35125
202; 267; 34833
203; 267; 34616
204; 267; 34588
205; 267; 34679
206; 267; 34742
207; 267; 34754
208; 267; 34710
209; 267; 34680
210; 267; 34673
211; 267; 34655
212; 267; 34636
213; 267; 34636
214; 267; 34632
215; 267; 34608
216; 267; 34582
217; 267; 34581
218; 267; 34603
219; 267; 34625
220; 267; 34626
221; 267; 34602
222; 267; 34568
223; 267; 34546
224; 267; 34558
225; 267; 34590
226; 267; 34601
227; 267; 34593
228; 267; 34587
229; 267; 34559
230; 267; 34505
231; 267; 34484
232; 267; 34506
233; 267; 34504
234; 267; 34463
235; 267; 34445
236; 267; 34464
237; 267; 34474
238; 267; 34458
239; 267; 34440
240; 267; 34440
241; 267; 34455
242; 267; 34461
243; 267; 34448
244; 267; 34429
177; 268; 33054
178; 268; 32969
179; 268; 32950
180; 268; 32989
181; 268; 33003
182; 268; 33031
183; 268; 33209
184; 268; 33623
185; 268; 33850
186; 268; 33814
187; 268; 33539
188; 268; 33259
189; 268; 33217
190; 268; 33229
191; 268; 33336
192; 268; 33310
193; 268; 33088
194; 268; 33011
195; 268; 33240
196; 268; 33691
197; 268; 33861
198; 268; 33889
199; 268; 34227
200; 268; 34850
201; 268; 35222
202; 268; 35220
203; 268; 35085
204; 268; 34830
205; 268; 34653
206; 268; 34646
207; 268; 34682
208; 268; 34719
209; 268; 34751
210; 268; 34780
211; 268; 34768
212; 268; 34727
213; 268; 34703
214; 268; 34683
215; 268; 34640
216; 268; 34605
217; 268; 34617
218; 268; 34646
219; 268; 34641
220; 268; 34601
221; 268; 34579
222; 268; 34597
223; 268; 34617
224; 268; 34615
225; 268; 34604
226; 268; 34604
227; 268; 34619
228; 268; 34633
229; 268; 34608
230; 268; 34547
231; 268; 34513
232; 268; 34518
233; 268; 34504
234; 268; 34460
235; 268; 34446
236; 268; 34476
237; 268; 34499
238; 268; 34488
239; 268; 34473
240; 268; 34479
241; 268; 34503
242; 268; 34518
243; 268; 34505
244; 268; 34474
177; 269; 33024
178; 269; 32961
179; 269; 32978
180; 269; 33037
181; 269; 33025
182; 269; 32998
183; 269; 33142
184; 269; 33533
185; 269; 33816
186; 269; 33886
187; 269; 33838
188; 269; 33530
189; 269; 33209
190; 269; 33116
191; 269; 33145
192; 269; 33165
193; 269; 33067
194; 269; 33090
195; 269; 33305
196; 269; 33640
197; 269; 33849
198; 269; 33818
199; 269; 33862
200; 269; 34150
201; 269; 34651
202; 269; 35062
203; 269; 35275
204; 269; 35189
205; 269; 34925
206; 269; 34722
207; 269; 34656
208; 269; 34684
209; 269; 34720
210; 269; 34755
211; 269; 34760
212; 269; 34730
213; 269; 34703
214; 269; 34684
215; 269; 34662
216; 269; 34659
217; 269; 34686
218; 269; 34697
219; 269; 34657
220; 269; 34592
221; 269; 34565
222; 269; 34596
223; 269; 34628
224; 269; 34618
225; 269; 34592
226; 269; 34593
227; 269; 34621
228; 269; 34640
229; 269; 34621
230; 269; 34581
231; 269; 34558
232; 269; 34560
233; 269; 34554
234; 269; 34528
235; 269; 34519
236; 269; 34536
237; 269; 34542
238; 269; 34518
239; 269; 34498
240; 269; 34506
241; 269; 34526
242; 269; 34527
243; 269; 34513
244; 269; 34494
177; 270; 33033
178; 270; 32977
179; 270; 32983
180; 270; 33018
181; 270; 33001
182; 270; 32983
183; 270; 33151
184; 270; 33555
185; 270; 33824
186; 270; 33902
187; 270; 33952
188; 270; 33851
189; 270; 33553
190; 270; 33308
191; 270; 33287
192; 270; 33319
193; 270; 33376
194; 270; 33459
195; 270; 33485
196; 270; 33506
197; 270; 33595
198; 270; 33726
199; 270; 33635
200; 270; 33552
201; 270; 33738
202; 270; 34220
203; 270; 34799
204; 270; 35137
205; 270; 35152
206; 270; 35129
207; 270; 34958
208; 270; 34817
209; 270; 34707
210; 270; 34687
211; 270; 34684
212; 270; 34653
213; 270; 34636
214; 270; 34645
215; 270; 34671
216; 270; 34707
217; 270; 34734
218; 270; 34730
219; 270; 34701
220; 270; 34667
221; 270; 34631
222; 270; 34608
223; 270; 34600
224; 270; 34593
225; 270; 34586
226; 270; 34597
227; 270; 34620
228; 270; 34629
229; 270; 34615
230; 270; 34593
231; 270; 34582
232; 270; 34590
233; 270; 34602
234; 270; 34596
235; 270; 34586
236; 270; 34589
237; 270; 34580
238; 270; 34540
239; 270; 34506
240; 270; 34510
241; 270; 34520
242; 270; 34512
243; 270; 34509
244; 270; 34514
177; 271; 33079
178; 271; 33014
179; 271; 32960
180; 271; 32944
181; 271; 32940
182; 271; 32961
183; 271; 33157
184; 271; 33610
185; 271; 33882
186; 271; 33897
187; 271; 33920
188; 271; 33946
189; 271; 33894
190; 271; 33835
191; 271; 33886
192; 271; 33967
193; 271; 34054
194; 271; 34065
195; 271; 33790
196; 271; 33485
197; 271; 33502
198; 271; 33747
199; 271; 33755
200; 271; 33519
201; 271; 33444
202; 271; 33628
203; 271; 34036
204; 271; 34544
205; 271; 34950
206; 271; 35193
207; 271; 35185
208; 271; 35189
209; 271; 35093
210; 271; 34935
211; 271; 34796
212; 271; 34686
213; 271; 34647
214; 271; 34661
215; 271; 34700
216; 271; 34703
217; 271; 34694
218; 271; 34691
219; 271; 34711
220; 271; 34733
221; 271; 34712
222; 271; 34659
223; 271; 34633
224; 271; 34645
225; 271; 34658
226; 271; 34655
227; 271; 34649
228; 271; 34643
229; 271; 34635
230; 271; 34617
231; 271; 34598
232; 271; 34598
233; 271; 34612
234; 271; 34609
235; 271; 34596
236; 271; 34604
237; 271; 34613
238; 271; 34585
239; 271; 34542
240; 271; 34523
241; 271; 34517
242; 271; 34516
243; 271; 34546
244; 271; 34577
177; 272; 33068
178; 272; 33022
179; 272; 32961
180; 272; 32936
181; 272; 32939
182; 272; 32938
183; 272; 33073
184; 272; 33532
185; 272; 33892
186; 272; 33888
187; 272; 33848
188; 272; 33907
189; 272; 33977
190; 272; 34070
191; 272; 34264
192; 272; 34433
193; 272; 34451
194; 272; 34351
195; 272; 34048
196; 272; 33704
197; 272; 33727
198; 272; 34039
199; 272; 34148
200; 272; 34012
201; 272; 33824
202; 272; 33764
203; 272; 33776
204; 272; 33924
205; 272; 34226
206; 272; 34600
207; 272; 34904
208; 272; 35186
209; 272; 35371
210; 272; 35339
211; 272; 35191
212; 272; 35012
213; 272; 34921
214; 272; 34886
215; 272; 34807
216; 272; 34715
217; 272; 34648
218; 272; 34634
219; 272; 34670
220; 272; 34694
221; 272; 34695
222; 272; 34679
223; 272; 34678
224; 272; 34699
225; 272; 34710
226; 272; 34695
227; 272; 34680
228; 272; 34680
229; 272; 34683
230; 272; 34666
231; 272; 34631
232; 272; 34606
233; 272; 34602
234; 272; 34596
235; 272; 34590
236; 272; 34610
237; 272; 34641
238; 272; 34641
239; 272; 34607
240; 272; 34568
241; 272; 34538
242; 272; 34536
243; 272; 34582
244; 272; 34629
177; 273; 32996
178; 273; 32974
179; 273; 32966
180; 273; 32988
181; 273; 33005
182; 273; 32976
183; 273; 33000
184; 273; 33392
185; 273; 33848
186; 273; 33896
187; 273; 33833
188; 273; 33857
189; 273; 33901
190; 273; 33918
191; 273; 34130
192; 273; 34290
193; 273; 34210
194; 273; 33986
195; 273; 33866
196; 273; 33851
197; 273; 33932
198; 273; 34031
199; 273; 34122
200; 273; 34204
201; 273; 34256
202; 273; 34178
203; 273; 33971
204; 273; 33804
205; 273; 33714
206; 273; 33765
207; 273; 34015
208; 273; 34500
209; 273; 34929
210; 273; 35140
211; 273; 35125
212; 273; 35022
213; 273; 34946
214; 273; 34915
215; 273; 34867
216; 273; 34836
217; 273; 34851
218; 273; 34807
219; 273; 34749
220; 273; 34672
221; 273; 34656
222; 273; 34664
223; 273; 34654
224; 273; 34634
225; 273; 34623
226; 273; 34634
227; 273; 34659
228; 273; 34692
229; 273; 34715
230; 273; 34710
231; 273; 34678
232; 273; 34643
233; 273; 34624
234; 273; 34614
235; 273; 34613
236; 273; 34628
237; 273; 34649
238; 273; 34655
239; 273; 34648
240; 273; 34627
241; 273; 34588
242; 273; 34557
243; 273; 34568
244; 273; 34605
177; 274; 32987
178; 274; 32939
179; 274; 32934
180; 274; 32979
181; 274; 33038
182; 274; 33041
183; 274; 33047
184; 274; 33355
185; 274; 33818
186; 274; 33921
187; 274; 33877
188; 274; 33859
189; 274; 33841
190; 274; 33805
191; 274; 33814
192; 274; 33816
193; 274; 33540
194; 274; 33255
195; 274; 33392
196; 274; 33803
197; 274; 33875
198; 274; 33619
199; 274; 33572
200; 274; 33854
201; 274; 34132
202; 274; 34157
203; 274; 34036
204; 274; 33876
205; 274; 33616
206; 274; 33409
207; 274; 33413
208; 274; 33657
209; 274; 33973
210; 274; 34217
211; 274; 34394
212; 274; 34438
213; 274; 34441
214; 274; 34490
215; 274; 34630
216; 274; 34847
217; 274; 35071
218; 274; 35159
219; 274; 35098
220; 274; 34926
221; 274; 34806
222; 274; 34747
223; 274; 34672
224; 274; 34592
225; 274; 34558
226; 274; 34593
227; 274; 34634
228; 274; 34660
229; 274; 34684
230; 274; 34695
231; 274; 34694
232; 274; 34692
233; 274; 34688
234; 274; 34674
235; 274; 34664
236; 274; 34661
237; 274; 34646
238; 274; 34628
239; 274; 34638
240; 274; 34660
241; 274; 34642
242; 274; 34590
243; 274; 34560
244; 274; 34573
177; 275; 33065
178; 275; 32968
179; 275; 32900
180; 275; 32899
181; 275; 32972
182; 275; 33046
183; 275; 33105
184; 275; 33381
185; 275; 33817
186; 275; 33968
187; 275; 33929
188; 275; 33907
189; 275; 33913
190; 275; 33880
191; 275; 33827
192; 275; 33648
193; 275; 33304
194; 275; 33086
195; 275; 33351
196; 275; 33820
197; 275; 33797
198; 275; 33358
199; 275; 33198
200; 275; 33471
201; 275; 33792
202; 275; 33919
203; 275; 33897
204; 275; 33859
205; 275; 33678
206; 275; 33501
207; 275; 33438
208; 275; 33466
209; 275; 33456
210; 275; 33475
211; 275; 33560
212; 275; 33661
213; 275; 33720
214; 275; 33792
215; 275; 33994
216; 275; 34357
217; 275; 34737
218; 275; 35002
219; 275; 35055
220; 275; 34985
221; 275; 34944
222; 275; 34911
223; 275; 34946
224; 275; 34910
225; 275; 34862
226; 275; 34783
227; 275; 34698
228; 275; 34656
229; 275; 34657
230; 275; 34657
231; 275; 34652
232; 275; 34667
233; 275; 34693
234; 275; 34697
235; 275; 34688
236; 275; 34682
237; 275; 34655
238; 275; 34619
239; 275; 34625
240; 275; 34664
241; 275; 34673
242; 275; 34640
243; 275; 34615
244; 275; 34611
177; 276; 33100
178; 276; 32997
179; 276; 32914
180; 276; 32869
181; 276; 32902
182; 276; 32973
183; 276; 33059
184; 276; 33360
185; 276; 33834
186; 276; 34023
187; 276; 33968
188; 276; 33930
189; 276; 33979
190; 276; 33981
191; 276; 33886
192; 276; 33729
193; 276; 33639
194; 276; 33658
195; 276; 33863
196; 276; 33883
197; 276; 33740
198; 276; 33339
199; 276; 33259
200; 276; 33543
201; 276; 33893
202; 276; 33981
203; 276; 33956
204; 276; 33870
205; 276; 33676
206; 276; 33621
207; 276; 33668
208; 276; 33664
209; 276; 33512
210; 276; 33276
211; 276; 33218
212; 276; 33282
213; 276; 33336
214; 276; 33331
215; 276; 33354
216; 276; 33499
217; 276; 33752
218; 276; 34042
219; 276; 34266
220; 276; 34425
221; 276; 34593
222; 276; 34787
223; 276; 34973
224; 276; 35113
225; 276; 35147
226; 276; 35070
227; 276; 34901
228; 276; 34781
229; 276; 34763
230; 276; 34744
231; 276; 34660
232; 276; 34606
233; 276; 34607
234; 276; 34634
235; 276; 34652
236; 276; 34661
237; 276; 34653
238; 276; 34641
239; 276; 34654
240; 276; 34679
241; 276; 34681
242; 276; 34675
243; 276; 34687
244; 276; 34684
177; 277; 33050
178; 277; 32971
179; 277; 32933
180; 277; 32924
181; 277; 32913
182; 277; 32912
183; 277; 32965
184; 277; 33314
185; 277; 33864
186; 277; 34074
187; 277; 33963
188; 277; 33865
189; 277; 33906
190; 277; 33916
191; 277; 33822
192; 277; 33824
193; 277; 34063
194; 277; 34279
195; 277; 34145
196; 277; 33758
197; 277; 33404
198; 277; 33378
199; 277; 33537
200; 277; 33841
201; 277; 34054
202; 277; 34130
203; 277; 34083
204; 277; 33921
205; 277; 33705
206; 277; 33668
207; 277; 33716
208; 277; 33710
209; 277; 33494
210; 277; 33258
211; 277; 33110
212; 277; 33120
213; 277; 33139
214; 277; 33098
215; 277; 33023
216; 277; 32984
217; 277; 33014
218; 277; 33109
219; 277; 33269
220; 277; 33487
221; 277; 33744
222; 277; 34057
223; 277; 34354
224; 277; 34605
225; 277; 34784
226; 277; 34852
227; 277; 34820
228; 277; 34795
229; 277; 34855
230; 277; 34889
231; 277; 34825
232; 277; 34700
233; 277; 34616
234; 277; 34625
235; 277; 34665
236; 277; 34661
237; 277; 34640
238; 277; 34652
239; 277; 34692
240; 277; 34698
241; 277; 34666
242; 277; 34656
243; 277; 34687
244; 277; 34700
177; 278; 33021
178; 278; 32939
179; 278; 32914
180; 278; 32959
181; 278; 32953
182; 278; 32905
183; 278; 32931
184; 278; 33295
185; 278; 33861
186; 278; 34017
187; 278; 33891
188; 278; 33773
189; 278; 33817
190; 278; 33853
191; 278; 33818
192; 278; 33881
193; 278; 34157
194; 278; 34260
195; 278; 33921
196; 278; 33352
197; 278; 33170
198; 278; 33409
199; 278; 33797
200; 278; 33886
201; 278; 33858
202; 278; 33841
203; 278; 33889
204; 278; 33840
205; 278; 33768
206; 278; 33740
207; 278; 33651
208; 278; 33446
209; 278; 33188
210; 278; 33042
211; 278; 33046
212; 278; 33042
213; 278; 33032
214; 278; 33011
215; 278; 33049
216; 278; 33096
217; 278; 33083
218; 278; 33036
219; 278; 33042
220; 278; 33068
221; 278; 33123
222; 278; 33249
223; 278; 33384
224; 278; 33518
225; 278; 33706
226; 278; 33949
227; 278; 34149
228; 278; 34234
229; 278; 34360
230; 278; 34610
231; 278; 34859
232; 278; 34936
233; 278; 34914
234; 278; 34846
235; 278; 34828
236; 278; 34769
237; 278; 34678
238; 278; 34654
239; 278; 34698
240; 278; 34704
241; 278; 34658
242; 278; 34630
243; 278; 34637
244; 278; 34646
177; 279; 33064
178; 279; 32926
179; 279; 32872
180; 279; 32931
181; 279; 32958
182; 279; 32949
183; 279; 32986
184; 279; 33311
185; 279; 33813
186; 279; 33931
187; 279; 33831
188; 279; 33789
189; 279; 33872
190; 279; 33910
191; 279; 33892
192; 279; 33926
193; 279; 33960
194; 279; 33855
195; 279; 33603
196; 279; 33362
197; 279; 33292
198; 279; 33545
199; 279; 33781
200; 279; 33723
201; 279; 33371
202; 279; 33277
203; 279; 33512
204; 279; 33779
205; 279; 33934
206; 279; 33931
207; 279; 33773
208; 279; 33399
209; 279; 33086
210; 279; 32994
211; 279; 33063
212; 279; 33125
213; 279; 33148
214; 279; 33219
215; 279; 33392
216; 279; 33580
217; 279; 33619
218; 279; 33588
219; 279; 33500
220; 279; 33322
221; 279; 33145
222; 279; 33072
223; 279; 33044
224; 279; 32888
225; 279; 32938
226; 279; 33138
227; 279; 33294
228; 279; 33305
229; 279; 33383
230; 279; 33776
231; 279; 34413
232; 279; 34827
233; 279; 34890
234; 279; 34835
235; 279; 34863
236; 279; 34849
237; 279; 34742
238; 279; 34662
239; 279; 34703
240; 279; 34743
241; 279; 34736
242; 279; 34720
243; 279; 34696
244; 279; 34644
177; 280; 33117
178; 280; 32956
179; 280; 32862
180; 280; 32901
181; 280; 32948
182; 280; 32979
183; 280; 33034
184; 280; 33331
185; 280; 33792
186; 280; 33902
187; 280; 33856
188; 280; 33897
189; 280; 33984
190; 280; 33929
191; 280; 33830
192; 280; 33829
193; 280; 33807
194; 280; 33721
195; 280; 33735
196; 280; 33799
197; 280; 33617
198; 280; 33449
199; 280; 33528
200; 280; 33483
201; 280; 33234
202; 280; 33229
203; 280; 33686
204; 280; 34120
205; 280; 34172
206; 280; 34062
207; 280; 33968
208; 280; 33740
209; 280; 33408
210; 280; 33277
211; 280; 33355
212; 280; 33557
213; 280; 33701
214; 280; 33804
215; 280; 33899
216; 280; 33928
217; 280; 33894
218; 280; 33906
219; 280; 33922
220; 280; 33787
221; 280; 33580
222; 280; 33463
223; 280; 33354
224; 280; 33199
225; 280; 33120
226; 280; 33149
227; 280; 33120
228; 280; 32996
229; 280; 32950
230; 280; 33242
231; 280; 33744
232; 280; 34120
233; 280; 34215
234; 280; 34248
235; 280; 34456
236; 280; 34657
237; 280; 34661
238; 280; 34612
239; 280; 34676
240; 280; 34783
241; 280; 34829
242; 280; 34845
243; 280; 34852
244; 280; 34814
177; 281; 33179
178; 281; 33064
179; 281; 32902
180; 281; 32899
181; 281; 32937
182; 281; 32958
183; 281; 33024
184; 281; 33361
185; 281; 33855
186; 281; 33969
187; 281; 33892
188; 281; 33932
189; 281; 34000
190; 281; 33875
191; 281; 33733
192; 281; 33752
193; 281; 33832
194; 281; 33840
195; 281; 33926
196; 281; 33938
197; 281; 33628
198; 281; 33379
199; 281; 33468
200; 281; 33554
201; 281; 33497
202; 281; 33736
203; 281; 34284
204; 281; 34484
205; 281; 34269
206; 281; 34016
207; 281; 33985
208; 281; 34059
209; 281; 33967
210; 281; 33791
211; 281; 33747
212; 281; 33903
213; 281; 34085
214; 281; 34124
215; 281; 34068
216; 281; 33920
217; 281; 33776
218; 281; 33770
219; 281; 33860
220; 281; 33840
221; 281; 33811
222; 281; 33882
223; 281; 34010
224; 281; 34030
225; 281; 33957
226; 281; 33835
227; 281; 33655
228; 281; 33448
229; 281; 33388
230; 281; 33399
231; 281; 33393
232; 281; 33349
233; 281; 33341
234; 281; 33505
235; 281; 33871
236; 281; 34197
237; 281; 34307
238; 281; 34323
239; 281; 34409
240; 281; 34526
241; 281; 34609
242; 281; 34693
243; 281; 34789
244; 281; 34840
177; 282; 33225
178; 282; 33174
179; 282; 32932
180; 282; 32873
181; 282; 32889
182; 282; 32961
183; 282; 33077
184; 282; 33495
185; 282; 34008
186; 282; 34045
187; 282; 33858
188; 282; 33841
189; 282; 33944
190; 282; 33909
191; 282; 33852
192; 282; 33954
193; 282; 34058
194; 282; 33980
195; 282; 33892
196; 282; 33796
197; 282; 33674
198; 282; 33745
199; 282; 33949
200; 282; 33945
201; 282; 33887
202; 282; 34085
203; 282; 34365
204; 282; 34294
205; 282; 33896
206; 282; 33652
207; 282; 33757
208; 282; 34058
209; 282; 34161
210; 282; 34114
211; 282; 33961
212; 282; 33930
213; 282; 33986
214; 282; 33937
215; 282; 33834
216; 282; 33688
217; 282; 33606
218; 282; 33603
219; 282; 33700
220; 282; 33787
221; 282; 33835
222; 282; 33948
223; 282; 34138
224; 282; 34267
225; 282; 34270
226; 282; 34246
227; 282; 34078
228; 282; 34016
229; 282; 34004
230; 282; 33765
231; 282; 33359
232; 282; 33039
233; 282; 33041
234; 282; 33239
235; 282; 33531
236; 282; 33746
237; 282; 33831
238; 282; 33869
239; 282; 33926
240; 282; 33975
241; 282; 33982
242; 282; 33995
243; 282; 34099
244; 282; 34239
177; 283; 33243
178; 283; 33202
179; 283; 32965
180; 283; 32844
181; 283; 32848
182; 283; 32960
183; 283; 33219
184; 283; 33746
185; 283; 34181
186; 283; 34124
187; 283; 33848
188; 283; 33781
189; 283; 33838
190; 283; 33900
191; 283; 34015
192; 283; 34114
193; 283; 34111
194; 283; 34014
195; 283; 33822
196; 283; 33709
197; 283; 33841
198; 283; 34253
199; 283; 34396
200; 283; 34157
201; 283; 33877
202; 283; 33773
203; 283; 33662
204; 283; 33392
205; 283; 33189
206; 283; 33147
207; 283; 33285
208; 283; 33624
209; 283; 33937
210; 283; 34054
211; 283; 33997
212; 283; 33855
213; 283; 33677
214; 283; 33524
215; 283; 33467
216; 283; 33531
217; 283; 33604
218; 283; 33672
219; 283; 33733
220; 283; 33838
221; 283; 33879
222; 283; 33816
223; 283; 33759
224; 283; 33830
225; 283; 34004
226; 283; 34019
227; 283; 33967
228; 283; 34024
229; 283; 34067
230; 283; 33908
231; 283; 33504
232; 283; 33238
233; 283; 33203
234; 283; 33285
235; 283; 33322
236; 283; 33398
237; 283; 33493
238; 283; 33561
239; 283; 33602
240; 283; 33620
241; 283; 33563
242; 283; 33433
243; 283; 33323
244; 283; 33340
177; 284; 33297
178; 284; 33354
179; 284; 33142
180; 284; 33000
181; 284; 32942
182; 284; 32990
183; 284; 33252
184; 284; 33792
185; 284; 34202
186; 284; 34158
187; 284; 34024
188; 284; 33806
189; 284; 33604
190; 284; 33481
191; 284; 33571
192; 284; 33830
193; 284; 33996
194; 284; 34001
195; 284; 33910
196; 284; 33778
197; 284; 33863
198; 284; 34218
199; 284; 34268
200; 284; 33935
201; 284; 33495
202; 284; 33207
203; 284; 32946
204; 284; 32793
205; 284; 32916
206; 284; 33025
207; 284; 33011
208; 284; 33072
209; 284; 33292
210; 284; 33615
211; 284; 33810
212; 284; 33796
213; 284; 33635
214; 284; 33510
215; 284; 33471
216; 284; 33530
217; 284; 33640
218; 284; 33845
219; 284; 33963
220; 284; 33989
221; 284; 33940
222; 284; 33721
223; 284; 33471
224; 284; 33417
225; 284; 33559
226; 284; 33666
227; 284; 33694
228; 284; 33756
229; 284; 33840
230; 284; 33766
231; 284; 33675
232; 284; 33702
233; 284; 33610
234; 284; 33398
235; 284; 33204
236; 284; 33214
237; 284; 33322
238; 284; 33446
239; 284; 33549
240; 284; 33646
241; 284; 33646
242; 284; 33472
243; 284; 33231
244; 284; 33128
177; 285; 33348
178; 285; 33600
179; 285; 33587
180; 285; 33480
181; 285; 33382
182; 285; 33269
183; 285; 33292
184; 285; 33564
185; 285; 33937
186; 285; 34121
187; 285; 34097
188; 285; 33954
189; 285; 33566
190; 285; 33180
191; 285; 33107
192; 285; 33315
193; 285; 33748
194; 285; 34044
195; 285; 34066
196; 285; 33947
197; 285; 33848
198; 285; 33841
199; 285; 33783
200; 285; 33499
201; 285; 33206
202; 285; 33089
203; 285; 33069
204; 285; 33088
205; 285; 33184
206; 285; 33219
207; 285; 33107
208; 285; 32952
209; 285; 32877
210; 285; 33093
211; 285; 33486
212; 285; 33713
213; 285; 33728
214; 285; 33729
215; 285; 33702
216; 285; 33626
217; 285; 33634
218; 285; 33856
219; 285; 34030
220; 285; 34007
221; 285; 33861
222; 285; 33680
223; 285; 33543
224; 285; 33462
225; 285; 33566
226; 285; 33666
227; 285; 33701
228; 285; 33701
229; 285; 33670
230; 285; 33681
231; 285; 33820
232; 285; 33993
233; 285; 33971
234; 285; 33739
235; 285; 33498
236; 285; 33438
237; 285; 33466
238; 285; 33551
239; 285; 33714
240; 285; 33879
241; 285; 33921
242; 285; 33828
243; 285; 33702
244; 285; 33683
177; 286; 33480
178; 286; 33878
179; 286; 34000
180; 286; 33947
181; 286; 33899
182; 286; 33849
183; 286; 33653
184; 286; 33513
185; 286; 33514
186; 286; 33858
187; 286; 34110
188; 286; 34077
189; 286; 33823
190; 286; 33548
191; 286; 33333
192; 286; 33300
193; 286; 33505
194; 286; 33867
195; 286; 34056
196; 286; 34016
197; 286; 33889
198; 286; 33791
199; 286; 33657
200; 286; 33465
201; 286; 33329
202; 286; 33441
203; 286; 33715
204; 286; 33786
205; 286; 33657
206; 286; 33463
207; 286; 33326
208; 286; 33141
209; 286; 32884
210; 286; 32825
211; 286; 33102
212; 286; 33456
213; 286; 33737
214; 286; 33858
215; 286; 33885
216; 286; 33752
217; 286; 33620
218; 286; 33705
219; 286; 33929
220; 286; 33852
221; 286; 33636
222; 286; 33655
223; 286; 33721
224; 286; 33738
225; 286; 33712
226; 286; 33723
227; 286; 33734
228; 286; 33719
229; 286; 33684
230; 286; 33673
231; 286; 33757
232; 286; 33965
233; 286; 34045
234; 286; 34083
235; 286; 34084
236; 286; 34020
237; 286; 33905
238; 286; 33891
239; 286; 33968
240; 286; 33933
241; 286; 33826
242; 286; 33765
243; 286; 33855
244; 286; 33975
177; 287; 33661
178; 287; 34028
179; 287; 34185
180; 287; 34162
181; 287; 34166
182; 287; 34344
183; 287; 34286
184; 287; 33724
185; 287; 33341
186; 287; 33530
187; 287; 33974
188; 287; 34095
189; 287; 34194
190; 287; 34287
191; 287; 34145
192; 287; 33707
193; 287; 33363
194; 287; 33360
195; 287; 33631
196; 287; 33882
197; 287; 33981
198; 287; 33998
199; 287; 33967
200; 287; 33930
201; 287; 33883
202; 287; 33897
203; 287; 33904
204; 287; 33714
205; 287; 33378
206; 287; 33213
207; 287; 33281
208; 287; 33341
209; 287; 33107
210; 287; 32846
211; 287; 32992
212; 287; 33393
213; 287; 33742
214; 287; 33856
215; 287; 33915
216; 287; 33849
217; 287; 33674
218; 287; 33616
219; 287; 33659
220; 287; 33551
221; 287; 33465
222; 287; 33570
223; 287; 33758
224; 287; 33779
225; 287; 33724
226; 287; 33657
227; 287; 33627
228; 287; 33638
229; 287; 33710
230; 287; 33751
231; 287; 33760
232; 287; 33751
233; 287; 33923
234; 287; 34173
235; 287; 34290
236; 287; 34283
237; 287; 34099
238; 287; 34036
239; 287; 34038
240; 287; 33786
241; 287; 33390
242; 287; 33230
243; 287; 33422
244; 287; 33623
177; 288; 33713
178; 288; 33996
179; 288; 34236
180; 288; 34209
181; 288; 34249
182; 288; 34540
183; 288; 34653
184; 288; 34062
185; 288; 33328
186; 288; 33377
187; 288; 33846
188; 288; 34000
189; 288; 34117
190; 288; 34376
191; 288; 34372
192; 288; 33912
193; 288; 33298
194; 288; 32951
195; 288; 33068
196; 288; 33542
197; 288; 33898
198; 288; 34056
199; 288; 34195
200; 288; 34383
201; 288; 34380
202; 288; 34034
203; 288; 33521
204; 288; 33127
205; 288; 32934
206; 288; 32871
207; 288; 33118
208; 288; 33401
209; 288; 33368
210; 288; 33145
211; 288; 33238
212; 288; 33619
213; 288; 33763
214; 288; 33722
215; 288; 33718
216; 288; 33807
217; 288; 33742
218; 288; 33536
219; 288; 33369
220; 288; 33302
221; 288; 33377
222; 288; 33571
223; 288; 33722
224; 288; 33755
225; 288; 33705
226; 288; 33546
227; 288; 33329
228; 288; 33239
229; 288; 33417
230; 288; 33651
231; 288; 33719
232; 288; 33653
233; 288; 33675
234; 288; 33922
235; 288; 34063
236; 288; 33961
237; 288; 33794
238; 288; 33775
239; 288; 33727
240; 288; 33388
241; 288; 33010
242; 288; 32861
243; 288; 33003
244; 288; 33115
177; 289; 33670
178; 289; 33800
179; 289; 34116
180; 289; 34190
181; 289; 34126
182; 289; 34368
183; 289; 34571
184; 289; 34167
185; 289; 33423
186; 289; 33319
187; 289; 33750
188; 289; 33878
189; 289; 33706
190; 289; 33718
191; 289; 33737
192; 289; 33546
193; 289; 33280
194; 289; 32958
195; 289; 32857
196; 289; 33083
197; 289; 33452
198; 289; 33756
199; 289; 34047
200; 289; 34461
201; 289; 34590
202; 289; 34001
203; 289; 33245
204; 289; 33042
205; 289; 32954
206; 289; 32965
207; 289; 33191
208; 289; 33412
209; 289; 33495
210; 289; 33524
211; 289; 33609
212; 289; 33673
213; 289; 33546
214; 289; 33258
215; 289; 33306
216; 289; 33636
217; 289; 33733
218; 289; 33510
219; 289; 33222
220; 289; 33153
221; 289; 33337
222; 289; 33651
223; 289; 33780
224; 289; 33793
225; 289; 33774
226; 289; 33551
227; 289; 33242
228; 289; 32989
229; 289; 32976
230; 289; 33175
231; 289; 33405
232; 289; 33526
233; 289; 33548
234; 289; 33577
235; 289; 33579
236; 289; 33487
237; 289; 33367
238; 289; 33312
239; 289; 33254
240; 289; 33096
241; 289; 32958
242; 289; 32943
243; 289; 33053
244; 289; 33113
177; 290; 33709
178; 290; 33727
179; 290; 33863
180; 290; 34024
181; 290; 33927
182; 290; 34020
183; 290; 34280
184; 290; 34147
185; 290; 33550
186; 290; 33321
187; 290; 33526
188; 290; 33802
189; 290; 33607
190; 290; 33271
191; 290; 33167
192; 290; 33317
193; 290; 33491
194; 290; 33372
195; 290; 33048
196; 290; 32965
197; 290; 33040
198; 290; 33193
199; 290; 33523
200; 290; 34167
201; 290; 34496
202; 290; 34062
203; 290; 33262
204; 290; 33049
205; 290; 32969
206; 290; 33092
207; 290; 33116
208; 290; 33157
209; 290; 33480
210; 290; 33761
211; 290; 33774
212; 290; 33477
213; 290; 33011
214; 290; 32898
215; 290; 33214
216; 290; 33652
217; 290; 33737
218; 290; 33523
219; 290; 33239
220; 290; 33132
221; 290; 33227
222; 290; 33573
223; 290; 33783
224; 290; 33802
225; 290; 33719
226; 290; 33628
227; 290; 33484
228; 290; 33275
229; 290; 33001
230; 290; 32913
231; 290; 32965
232; 290; 33255
233; 290; 33421
234; 290; 33358
235; 290; 33399
236; 290; 33493
237; 290; 33443
238; 290; 33264
239; 290; 33126
240; 290; 33131
241; 290; 33148
242; 290; 33262
243; 290; 33410
244; 290; 33464
177; 291; 33841
178; 291; 33800
179; 291; 33798
180; 291; 33836
181; 291; 33776
182; 291; 33748
183; 291; 33918
184; 291; 34008
185; 291; 33655
186; 291; 33227
187; 291; 33281
188; 291; 33753
189; 291; 33881
190; 291; 33474
191; 291; 33146
192; 291; 33270
193; 291; 33663
194; 291; 33761
195; 291; 33540
196; 291; 33252
197; 291; 33065
198; 291; 32911
199; 291; 33066
200; 291; 33779
201; 291; 34547
202; 291; 34347
203; 291; 33408
204; 291; 32994
205; 291; 32990
206; 291; 33050
207; 291; 32931
208; 291; 32991
209; 291; 33451
210; 291; 33944
211; 291; 33779
212; 291; 33112
213; 291; 32849
214; 291; 33074
215; 291; 33687
216; 291; 33944
217; 291; 33793
218; 291; 33517
219; 291; 33354
220; 291; 33187
221; 291; 33109
222; 291; 33240
223; 291; 33493
224; 291; 33549
225; 291; 33518
226; 291; 33651
227; 291; 33839
228; 291; 33855
229; 291; 33524
230; 291; 33045
231; 291; 32892
232; 291; 33049
233; 291; 33212
234; 291; 33196
235; 291; 33348
236; 291; 33701
237; 291; 33775
238; 291; 33478
239; 291; 33242
240; 291; 33235
241; 291; 33379
242; 291; 33618
243; 291; 33769
244; 291; 33741
177; 292; 33841
178; 292; 33864
179; 292; 33869
180; 292; 33909
181; 292; 33805
182; 292; 33604
183; 292; 33506
184; 292; 33587
185; 292; 33611
186; 292; 33285
187; 292; 33153
188; 292; 33522
189; 292; 34021
190; 292; 33982
191; 292; 33517
192; 292; 33322
193; 292; 33495
194; 292; 33720
195; 292; 33739
196; 292; 33636
197; 292; 33343
198; 292; 33014
199; 292; 33040
200; 292; 33670
201; 292; 34508
202; 292; 34615
203; 292; 33840
204; 292; 33129
205; 292; 32886
206; 292; 32892
207; 292; 32922
208; 292; 33160
209; 292; 33720
210; 292; 33998
211; 292; 33647
212; 292; 32958
213; 292; 32946
214; 292; 33574
215; 292; 34124
216; 292; 34131
217; 292; 33745
218; 292; 33487
219; 292; 33533
220; 292; 33416
221; 292; 33122
222; 292; 33020
223; 292; 33147
224; 292; 33285
225; 292; 33342
226; 292; 33544
227; 292; 33864
228; 292; 33966
229; 292; 33881
230; 292; 33575
231; 292; 33338
232; 292; 33288
233; 292; 33271
234; 292; 33224
235; 292; 33308
236; 292; 33565
237; 292; 33724
238; 292; 33612
239; 292; 33391
240; 292; 33405
241; 292; 33660
242; 292; 33982
243; 292; 34089
244; 292; 33862
177; 293; 33658
178; 293; 33778
179; 293; 33957
180; 293; 34094
181; 293; 34077
182; 293; 33673
183; 293; 33280
184; 293; 33291
185; 293; 33539
186; 293; 33537
187; 293; 33158
188; 293; 33204
189; 293; 33809
190; 293; 34209
191; 293; 34056
192; 293; 33610
193; 293; 33390
194; 293; 33434
195; 293; 33555
196; 293; 33557
197; 293; 33416
198; 293; 33301
199; 293; 33392
200; 293; 33751
201; 293; 34302
202; 293; 34549
203; 293; 34243
204; 293; 33526
205; 293; 33097
206; 293; 33173
207; 293; 33423
208; 293; 33709
209; 293; 33834
210; 293; 33737
211; 293; 33248
212; 293; 32955
213; 293; 33156
214; 293; 33710
215; 293; 34027
216; 293; 33944
217; 293; 33665
218; 293; 33558
219; 293; 33709
220; 293; 33688
221; 293; 33340
222; 293; 33043
223; 293; 33085
224; 293; 33279
225; 293; 33420
226; 293; 33544
227; 293; 33670
228; 293; 33702
229; 293; 33798
230; 293; 33977
231; 293; 34046
232; 293; 34012
233; 293; 33941
234; 293; 33770
235; 293; 33500
236; 293; 33410
237; 293; 33507
238; 293; 33600
239; 293; 33547
240; 293; 33611
241; 293; 33953
242; 293; 34268
243; 293; 34191
244; 293; 33725
177; 294; 33589
178; 294; 33596
179; 294; 33790
180; 294; 34041
181; 294; 34121
182; 294; 33971
183; 294; 33603
184; 294; 33484
185; 294; 33725
186; 294; 33764
187; 294; 33332
188; 294; 33007
189; 294; 33297
190; 294; 34054
191; 294; 34392
192; 294; 34208
193; 294; 33718
194; 294; 33406
195; 294; 33302
196; 294; 33316
197; 294; 33343
198; 294; 33572
199; 294; 33787
200; 294; 33842
201; 294; 33919
202; 294; 34226
203; 294; 34362
204; 294; 34045
205; 294; 33637
206; 294; 33808
207; 294; 34194
208; 294; 34262
209; 294; 33896
210; 294; 33325
211; 294; 32924
212; 294; 32935
213; 294; 33256
214; 294; 33593
215; 294; 33684
216; 294; 33754
217; 294; 33791
218; 294; 33807
219; 294; 33804
220; 294; 33776
221; 294; 33533
222; 294; 33230
223; 294; 33237
224; 294; 33423
225; 294; 33636
226; 294; 33773
227; 294; 33736
228; 294; 33564
229; 294; 33628
230; 294; 34090
231; 294; 34470
232; 294; 34617
233; 294; 34639
234; 294; 34452
235; 294; 33973
236; 294; 33513
237; 294; 33519
238; 294; 33628
239; 294; 33558
240; 294; 33563
241; 294; 33866
242; 294; 34083
243; 294; 33826
244; 294; 33482
177; 295; 33730
178; 295; 33623
179; 295; 33637
180; 295; 33632
181; 295; 33867
182; 295; 34089
183; 295; 34177
184; 295; 34106
185; 295; 34004
186; 295; 33892
187; 295; 33582
188; 295; 33057
189; 295; 32944
190; 295; 33522
191; 295; 34314
192; 295; 34568
193; 295; 34352
194; 295; 33909
195; 295; 33586
196; 295; 33510
197; 295; 33673
198; 295; 33932
199; 295; 34123
200; 295; 33985
201; 295; 33824
202; 295; 33888
203; 295; 34164
204; 295; 34144
205; 295; 33987
206; 295; 34178
207; 295; 34569
208; 295; 34587
209; 295; 34130
210; 295; 33638
211; 295; 33296
212; 295; 33263
213; 295; 33478
214; 295; 33694
215; 295; 33707
216; 295; 33778
217; 295; 33901
218; 295; 33874
219; 295; 33768
220; 295; 33683
221; 295; 33576
222; 295; 33413
223; 295; 33497
224; 295; 33548
225; 295; 33641
226; 295; 33817
227; 295; 33917
228; 295; 33685
229; 295; 33410
230; 295; 33650
231; 295; 34146
232; 295; 34431
233; 295; 34490
234; 295; 34360
235; 295; 34078
236; 295; 33827
237; 295; 33682
238; 295; 33488
239; 295; 33197
240; 295; 33166
241; 295; 33385
242; 295; 33521
243; 295; 33475
244; 295; 33519
177; 296; 34063
178; 296; 34014
179; 296; 33780
180; 296; 33481
181; 296; 33410
182; 296; 33778
183; 296; 34254
184; 296; 34334
185; 296; 34186
186; 296; 33939
187; 296; 33778
188; 296; 33411
189; 296; 32953
190; 296; 33020
191; 296; 33709
192; 296; 34415
193; 296; 34645
194; 296; 34534
195; 296; 34325
196; 296; 34299
197; 296; 34402
198; 296; 34414
199; 296; 34351
200; 296; 34288
201; 296; 34131
202; 296; 33975
203; 296; 33962
204; 296; 33906
205; 296; 33943
206; 296; 34187
207; 296; 34478
208; 296; 34585
209; 296; 34673
210; 296; 34713
211; 296; 34403
212; 296; 33938
213; 296; 33806
214; 296; 33855
215; 296; 33848
216; 296; 33707
217; 296; 33673
218; 296; 33658
219; 296; 33645
220; 296; 33654
221; 296; 33655
222; 296; 33663
223; 296; 33666
224; 296; 33570
225; 296; 33372
226; 296; 33552
227; 296; 33799
228; 296; 33559
229; 296; 33112
230; 296; 33150
231; 296; 33499
232; 296; 33652
233; 296; 33544
234; 296; 33488
235; 296; 33622
236; 296; 33776
237; 296; 33619
238; 296; 33250
239; 296; 33031
240; 296; 33100
241; 296; 33266
242; 296; 33395
243; 296; 33594
244; 296; 33947
177; 297; 34095
178; 297; 34196
179; 297; 34175
180; 297; 33780
181; 297; 33409
182; 297; 33412
183; 297; 33868
184; 297; 34235
185; 297; 34172
186; 297; 33956
187; 297; 33981
188; 297; 33861
189; 297; 33315
190; 297; 32913
191; 297; 33126
192; 297; 33859
193; 297; 34457
194; 297; 34679
195; 297; 34618
196; 297; 34703
197; 297; 34692
198; 297; 34593
199; 297; 34381
200; 297; 34460
201; 297; 34553
202; 297; 34340
203; 297; 33972
204; 297; 33818
205; 297; 33853
206; 297; 33992
207; 297; 34093
208; 297; 34231
209; 297; 34804
210; 297; 35417
211; 297; 35204
212; 297; 34277
213; 297; 33653
214; 297; 33660
215; 297; 33570
216; 297; 33281
217; 297; 33220
218; 297; 33326
219; 297; 33465
220; 297; 33642
221; 297; 33735
222; 297; 33738
223; 297; 33681
224; 297; 33365
225; 297; 33141
226; 297; 33293
227; 297; 33526
228; 297; 33314
229; 297; 33052
230; 297; 33259
231; 297; 33518
232; 297; 33361
233; 297; 33003
234; 297; 32996
235; 297; 33377
236; 297; 33684
237; 297; 33632
238; 297; 33441
239; 297; 33464
240; 297; 33660
241; 297; 33813
242; 297; 33898
243; 297; 34097
244; 297; 34261
177; 298; 33826
178; 298; 34032
179; 298; 34139
180; 298; 34050
181; 298; 33767
182; 298; 33512
183; 298; 33675
184; 298; 34059
185; 298; 34083
186; 298; 33936
187; 298; 33979
188; 298; 34091
189; 298; 33789
190; 298; 33218
191; 298; 33047
192; 298; 33346
193; 298; 33898
194; 298; 34295
195; 298; 34429
196; 298; 34471
197; 298; 34460
198; 298; 34308
199; 298; 34201
200; 298; 34390
201; 298; 34568
202; 298; 34471
203; 298; 34176
204; 298; 33908
205; 298; 33896
206; 298; 33939
207; 298; 33807
208; 298; 33784
209; 298; 34400
210; 298; 35228
211; 298; 35098
212; 298; 34018
213; 298; 33183
214; 298; 33039
215; 298; 33114
216; 298; 33140
217; 298; 33219
218; 298; 33347
219; 298; 33309
220; 298; 33381
221; 298; 33630
222; 298; 33701
223; 298; 33454
224; 298; 33149
225; 298; 33164
226; 298; 33485
227; 298; 33638
228; 298; 33450
229; 298; 33432
230; 298; 33847
231; 298; 34051
232; 298; 33705
233; 298; 33312
234; 298; 33399
235; 298; 33768
236; 298; 34046
237; 298; 34051
238; 298; 34013
239; 298; 34117
240; 298; 34279
241; 298; 34334
242; 298; 34315
243; 298; 34250
244; 298; 34185
177; 299; 33472
178; 299; 33446
179; 299; 33645
180; 299; 33877
181; 299; 33903
182; 299; 33813
183; 299; 33899
184; 299; 34116
185; 299; 34083
186; 299; 33871
187; 299; 33842
188; 299; 34059
189; 299; 34059
190; 299; 33699
191; 299; 33304
192; 299; 33240
193; 299; 33419
194; 299; 33822
195; 299; 34080
196; 299; 34070
197; 299; 33967
198; 299; 33923
199; 299; 33973
200; 299; 34105
201; 299; 34274
202; 299; 34308
203; 299; 34197
204; 299; 34050
205; 299; 34024
206; 299; 34041
207; 299; 33836
208; 299; 33710
209; 299; 34049
210; 299; 34637
211; 299; 34430
212; 299; 33463
213; 299; 32813
214; 299; 32890
215; 299; 33235
216; 299; 33491
217; 299; 33596
218; 299; 33493
219; 299; 33227
220; 299; 33183
221; 299; 33522
222; 299; 33633
223; 299; 33278
224; 299; 33154
225; 299; 33399
226; 299; 33923
227; 299; 34058
228; 299; 33867
229; 299; 33860
230; 299; 34117
231; 299; 34163
232; 299; 33950
233; 299; 33844
234; 299; 34049
235; 299; 34300
236; 299; 34394
237; 299; 34344
238; 299; 34249
239; 299; 34244
240; 299; 34277
241; 299; 34273
242; 299; 34199
243; 299; 34075
244; 299; 33937
177; 300; 33398
178; 300; 33160
179; 300; 33138
180; 300; 33418
181; 300; 33670
182; 300; 33762
183; 300; 33912
184; 300; 34121
185; 300; 34085
186; 300; 33853
187; 300; 33807
188; 300; 34065
189; 300; 34140
190; 300; 33941
191; 300; 33570
192; 300; 33310
193; 300; 33256
194; 300; 33538
195; 300; 33960
196; 300; 34055
197; 300; 33945
198; 300; 33868
199; 300; 33898
200; 300; 33962
201; 300; 34010
202; 300; 34056
203; 300; 34023
204; 300; 34012
205; 300; 34079
206; 300; 34142
207; 300; 34080
208; 300; 33993
209; 300; 34104
210; 300; 34152
211; 300; 33683
212; 300; 33059
213; 300; 32916
214; 300; 33326
215; 300; 33713
216; 300; 33697
217; 300; 33627
218; 300; 33363
219; 300; 33193
220; 300; 33354
221; 300; 33739
222; 300; 33724
223; 300; 33257
224; 300; 33139
225; 300; 33560
226; 300; 33992
227; 300; 34067
228; 300; 33912
229; 300; 33873
230; 300; 33904
231; 300; 33889
232; 300; 33888
233; 300; 33975
234; 300; 34168
235; 300; 34280
236; 300; 34286
237; 300; 34217
238; 300; 34108
239; 300; 33981
240; 300; 33894
241; 300; 33850
242; 300; 33817
243; 300; 33801
244; 300; 33810
177; 301; 33601
178; 301; 33269
179; 301; 33126
180; 301; 33258
181; 301; 33384
182; 301; 33425
183; 301; 33584
184; 301; 33861
185; 301; 33962
186; 301; 33868
187; 301; 33867
188; 301; 34043
189; 301; 34102
190; 301; 33990
191; 301; 33722
192; 301; 33410
193; 301; 33295
194; 301; 33369
195; 301; 33798
196; 301; 34128
197; 301; 34149
198; 301; 34010
199; 301; 33911
200; 301; 33904
201; 301; 33974
202; 301; 34016
203; 301; 33954
204; 301; 33925
205; 301; 34037
206; 301; 34142
207; 301; 34129
208; 301; 34106
209; 301; 34092
210; 301; 33743
211; 301; 33244
212; 301; 33035
213; 301; 33349
214; 301; 33791
215; 301; 33801
216; 301; 33533
217; 301; 33222
218; 301; 33182
219; 301; 33436
220; 301; 33918
221; 301; 34156
222; 301; 33842
223; 301; 33251
224; 301; 33187
225; 301; 33577
226; 301; 33768
227; 301; 33651
228; 301; 33655
229; 301; 33775
230; 301; 33851
231; 301; 33854
232; 301; 33896
233; 301; 33927
234; 301; 33902
235; 301; 33911
236; 301; 33887
237; 301; 33795
238; 301; 33736
239; 301; 33750
240; 301; 33783
241; 301; 33758
242; 301; 33784
243; 301; 33860
244; 301; 33867
177; 302; 33784
178; 302; 33643
179; 302; 33541
180; 302; 33480
181; 302; 33390
182; 302; 33346
183; 302; 33369
184; 302; 33518
185; 302; 33637
186; 302; 33685
187; 302; 33723
188; 302; 33842
189; 302; 33991
190; 302; 34019
191; 302; 33910
192; 302; 33592
193; 302; 33291
194; 302; 33143
195; 302; 33345
196; 302; 33837
197; 302; 34178
198; 302; 34202
199; 302; 34035
200; 302; 33930
201; 302; 33980
202; 302; 34046
203; 302; 33985
204; 302; 33931
205; 302; 34017
206; 302; 34102
207; 302; 34094
208; 302; 34062
209; 302; 33912
210; 302; 33577
211; 302; 33292
212; 302; 33380
213; 302; 33754
214; 302; 33886
215; 302; 33614
216; 302; 33252
217; 302; 33138
218; 302; 33432
219; 302; 33990
220; 302; 34383
221; 302; 34352
222; 302; 33829
223; 302; 33254
224; 302; 33309
225; 302; 33682
226; 302; 33661
227; 302; 33497
228; 302; 33565
229; 302; 33879
230; 302; 33998
231; 302; 33949
232; 302; 33951
233; 302; 33895
234; 302; 33819
235; 302; 33824
236; 302; 33791
237; 302; 33664
238; 302; 33653
239; 302; 33761
240; 302; 33847
241; 302; 33855
242; 302; 33910
243; 302; 33951
244; 302; 33877
177; 303; 33940
178; 303; 33933
179; 303; 33851
180; 303; 33635
181; 303; 33407
182; 303; 33362
183; 303; 33403
184; 303; 33465
185; 303; 33562
186; 303; 33574
187; 303; 33481
188; 303; 33508
189; 303; 33830
190; 303; 34146
191; 303; 34210
192; 303; 33925
193; 303; 33445
194; 303; 33119
195; 303; 33070
196; 303; 33324
197; 303; 33858
198; 303; 34233
199; 303; 34257
200; 303; 34086
201; 303; 34020
202; 303; 34062
203; 303; 34057
204; 303; 34013
205; 303; 34021
206; 303; 34043
207; 303; 34049
208; 303; 34053
209; 303; 33957
210; 303; 33797
211; 303; 33737
212; 303; 33882
213; 303; 33997
214; 303; 33929
215; 303; 33723
216; 303; 33523
217; 303; 33639
218; 303; 34110
219; 303; 34416
220; 303; 34366
221; 303; 34103
222; 303; 33704
223; 303; 33322
224; 303; 33419
225; 303; 33791
226; 303; 33831
227; 303; 33643
228; 303; 33774
229; 303; 34056
230; 303; 34034
231; 303; 33945
232; 303; 33922
233; 303; 33886
234; 303; 33831
235; 303; 33874
236; 303; 33921
237; 303; 33819
238; 303; 33736
239; 303; 33781
240; 303; 33835
241; 303; 33849
242; 303; 33871
243; 303; 33876
244; 303; 33754
177; 304; 34054
178; 304; 34115
179; 304; 33962
180; 304; 33539
181; 304; 33325
182; 304; 33376
183; 304; 33505
184; 304; 33681
185; 304; 33875
186; 304; 33765
187; 304; 33481
188; 304; 33351
189; 304; 33541
190; 304; 33996
191; 304; 34278
192; 304; 34204
193; 304; 33828
194; 304; 33424
195; 304; 33215
196; 304; 33118
197; 304; 33303
198; 304; 33897
199; 304; 34305
200; 304; 34255
201; 304; 34097
202; 304; 34053
203; 304; 34075
204; 304; 34051
205; 304; 33984
206; 304; 33940
207; 304; 33990
208; 304; 34113
209; 304; 34192
210; 304; 34162
211; 304; 34141
212; 304; 34128
213; 304; 34199
214; 304; 34284
215; 304; 34259
216; 304; 34147
217; 304; 34257
218; 304; 34516
219; 304; 34383
220; 304; 33886
221; 304; 33575
222; 304; 33509
223; 304; 33441
224; 304; 33434
225; 304; 33749
226; 304; 33949
227; 304; 33960
228; 304; 34037
229; 304; 34090
230; 304; 34002
231; 304; 33881
232; 304; 33889
233; 304; 33875
234; 304; 33783
235; 304; 33796
236; 304; 33921
237; 304; 33926
238; 304; 33791
239; 304; 33714
240; 304; 33685
241; 304; 33647
242; 304; 33595
243; 304; 33556
244; 304; 33523
177; 305; 34020
178; 305; 34155
179; 305; 33989
180; 305; 33612
181; 305; 33409
182; 305; 33514
183; 305; 33696
184; 305; 33981
185; 305; 34262
186; 305; 34236
187; 305; 33797
188; 305; 33361
189; 305; 33244
190; 305; 33414
191; 305; 33840
192; 305; 34199
193; 305; 34203
194; 305; 33890
195; 305; 33545
196; 305; 33226
197; 305; 32985
198; 305; 33252
199; 305; 33902
200; 305; 34246
201; 305; 34188
202; 305; 34101
203; 305; 34072
204; 305; 34029
205; 305; 33942
206; 305; 33889
207; 305; 33956
208; 305; 34119
209; 305; 34190
210; 305; 34139
211; 305; 34023
212; 305; 33981
213; 305; 34116
214; 305; 34378
215; 305; 34479
216; 305; 34363
217; 305; 34360
218; 305; 34368
219; 305; 33957
220; 305; 33427
221; 305; 33299
222; 305; 33494
223; 305; 33515
224; 305; 33521
225; 305; 33736
226; 305; 34003
227; 305; 34043
228; 305; 34066
229; 305; 34052
230; 305; 33901
231; 305; 33811
232; 305; 33859
233; 305; 33824
234; 305; 33558
235; 305; 33456
236; 305; 33569
237; 305; 33678
238; 305; 33595
239; 305; 33626
240; 305; 33687
241; 305; 33680
242; 305; 33561
243; 305; 33418
244; 305; 33359
177; 306; 33611
178; 306; 33883
179; 306; 33938
180; 306; 33793
181; 306; 33807
182; 306; 33907
183; 306; 33952
184; 306; 34075
185; 306; 34290
186; 306; 34306
187; 306; 33894
188; 306; 33466
189; 306; 33145
190; 306; 33009
191; 306; 33297
192; 306; 34033
193; 306; 34507
194; 306; 34334
195; 306; 33848
196; 306; 33468
197; 306; 33099
198; 306; 32926
199; 306; 33250
200; 306; 33883
201; 306; 34218
202; 306; 34192
203; 306; 34080
204; 306; 33976
205; 306; 33925
206; 306; 33922
207; 306; 33980
208; 306; 34063
209; 306; 34014
210; 306; 33783
211; 306; 33578
212; 306; 33511
213; 306; 33638
214; 306; 33908
215; 306; 34149
216; 306; 34234
217; 306; 34209
218; 306; 34026
219; 306; 33687
220; 306; 33405
221; 306; 33398
222; 306; 33559
223; 306; 33679
224; 306; 33807
225; 306; 33968
226; 306; 34010
227; 306; 34002
228; 306; 33971
229; 306; 33900
230; 306; 33745
231; 306; 33673
232; 306; 33755
233; 306; 33744
234; 306; 33538
235; 306; 33379
236; 306; 33388
237; 306; 33342
238; 306; 33387
239; 306; 33640
240; 306; 33942
241; 306; 33964
242; 306; 33756
243; 306; 33504
244; 306; 33331
177; 307; 33113
178; 307; 33385
179; 307; 33656
180; 307; 33789
181; 307; 33971
182; 307; 34129
183; 307; 34090
184; 307; 34005
185; 307; 34055
186; 307; 33981
187; 307; 33607
188; 307; 33371
189; 307; 33289
190; 307; 33115
191; 307; 33194
192; 307; 33961
193; 307; 34719
194; 307; 34702
195; 307; 34193
196; 307; 33822
197; 307; 33564
198; 307; 33101
199; 307; 32904
200; 307; 33259
201; 307; 33888
202; 307; 34156
203; 307; 34062
204; 307; 33926
205; 307; 33892
206; 307; 33895
207; 307; 33867
208; 307; 33844
209; 307; 33818
210; 307; 33642
211; 307; 33438
212; 307; 33356
213; 307; 33362
214; 307; 33455
215; 307; 33723
216; 307; 34061
217; 307; 34130
218; 307; 33946
219; 307; 33712
220; 307; 33635
221; 307; 33622
222; 307; 33677
223; 307; 33862
224; 307; 34074
225; 307; 34090
226; 307; 33996
227; 307; 33868
228; 307; 33825
229; 307; 33803
230; 307; 33706
231; 307; 33654
232; 307; 33738
233; 307; 33827
234; 307; 33825
235; 307; 33730
236; 307; 33568
237; 307; 33409
238; 307; 33464
239; 307; 33783
240; 307; 33983
241; 307; 33925
242; 307; 33684
243; 307; 33495
244; 307; 33341
177; 308; 32989
178; 308; 32991
179; 308; 33189
180; 308; 33416
181; 308; 33731
182; 308; 34031
183; 308; 34105
184; 308; 33951
185; 308; 33846
186; 308; 33645
187; 308; 33371
188; 308; 33381
189; 308; 33548
190; 308; 33454
191; 308; 33342
192; 308; 33842
193; 308; 34679
194; 308; 34836
195; 308; 34482
196; 308; 34177
197; 308; 33992
198; 308; 33594
199; 308; 33069
200; 308; 32914
201; 308; 33275
202; 308; 33811
203; 308; 34026
204; 308; 33989
205; 308; 33918
206; 308; 33688
207; 308; 33524
208; 308; 33604
209; 308; 33831
210; 308; 33902
211; 308; 33804
212; 308; 33679
213; 308; 33611
214; 308; 33607
215; 308; 33799
216; 308; 33996
217; 308; 33987
218; 308; 33856
219; 308; 33798
220; 308; 33831
221; 308; 33779
222; 308; 33787
223; 308; 33971
224; 308; 34070
225; 308; 34041
226; 308; 33858
227; 308; 33714
228; 308; 33748
229; 308; 33855
230; 308; 33965
231; 308; 33957
232; 308; 33925
233; 308; 33946
234; 308; 34121
235; 308; 34240
236; 308; 34127
237; 308; 33886
238; 308; 33775
239; 308; 33827
240; 308; 33792
241; 308; 33548
242; 308; 33349
243; 308; 33290
244; 308; 33283
177; 309; 33060
178; 309; 32953
179; 309; 32936
180; 309; 33047
181; 309; 33264
182; 309; 33620
183; 309; 33853
184; 309; 33916
185; 309; 33893
186; 309; 33642
187; 309; 33253
188; 309; 33224
189; 309; 33553
190; 309; 33568
191; 309; 33376
192; 309; 33597
193; 309; 34322
194; 309; 34738
195; 309; 34672
196; 309; 34416
197; 309; 34163
198; 309; 33874
199; 309; 33475
200; 309; 33007
201; 309; 32983
202; 309; 33421
203; 309; 33917
204; 309; 34055
205; 309; 33988
206; 309; 33654
207; 309; 33461
208; 309; 33625
209; 309; 34027
210; 309; 34252
211; 309; 34246
212; 309; 34178
213; 309; 34099
214; 309; 34038
215; 309; 33962
216; 309; 33781
217; 309; 33494
218; 309; 33542
219; 309; 33817
220; 309; 33917
221; 309; 33888
222; 309; 33920
223; 309; 33978
224; 309; 33967
225; 309; 33897
226; 309; 33797
227; 309; 33702
228; 309; 33762
229; 309; 34032
230; 309; 34186
231; 309; 34154
232; 309; 33931
233; 309; 33828
234; 309; 34084
235; 309; 34413
236; 309; 34426
237; 309; 34166
238; 309; 33961
239; 309; 33838
240; 309; 33572
241; 309; 33300
242; 309; 33154
243; 309; 33136
244; 309; 33146
177; 310; 33060
178; 310; 33044
179; 310; 33015
180; 310; 32971
181; 310; 32933
182; 310; 33123
183; 310; 33483
184; 310; 33803
185; 310; 33931
186; 310; 33788
187; 310; 33263
188; 310; 33109
189; 310; 33264
190; 310; 33428
191; 310; 33264
192; 310; 33394
193; 310; 33914
194; 310; 34358
195; 310; 34534
196; 310; 34424
197; 310; 34135
198; 310; 33919
199; 310; 33776
200; 310; 33436
201; 310; 33111
202; 310; 33234
203; 310; 33671
204; 310; 33944
205; 310; 33932
206; 310; 33850
207; 310; 33839
208; 310; 33934
209; 310; 34108
210; 310; 34194
211; 310; 34268
212; 310; 34238
213; 310; 34100
214; 310; 34033
215; 310; 33946
216; 310; 33578
217; 310; 33203
218; 310; 33335
219; 310; 33796
220; 310; 33968
221; 310; 33963
222; 310; 33998
223; 310; 33962
224; 310; 33873
225; 310; 33893
226; 310; 33923
227; 310; 33842
228; 310; 33827
229; 310; 34008
230; 310; 34154
231; 310; 34074
232; 310; 33769
233; 310; 33635
234; 310; 33843
235; 310; 34249
236; 310; 34313
237; 310; 34067
238; 310; 33840
239; 310; 33738
240; 310; 33544
241; 310; 33330
242; 310; 33196
243; 310; 33118
244; 310; 33073
177; 311; 33101
178; 311; 33164
179; 311; 33161
180; 311; 33070
181; 311; 32939
182; 311; 32888
183; 311; 33098
184; 311; 33502
185; 311; 33831
186; 311; 33835
187; 311; 33489
188; 311; 33158
189; 311; 33194
190; 311; 33248
191; 311; 33211
192; 311; 33271
193; 311; 33473
194; 311; 33642
195; 311; 33844
196; 311; 33999
197; 311; 33956
198; 311; 33826
199; 311; 33780
200; 311; 33702
201; 311; 33398
202; 311; 33287
203; 311; 33377
204; 311; 33643
205; 311; 33894
206; 311; 34171
207; 311; 34332
208; 311; 34260
209; 311; 34018
210; 311; 33963
211; 311; 34117
212; 311; 34066
213; 311; 33795
214; 311; 33872
215; 311; 34227
216; 311; 34107
217; 311; 33612
218; 311; 33498
219; 311; 33758
220; 311; 33881
221; 311; 33936
222; 311; 33994
223; 311; 33936
224; 311; 33882
225; 311; 33996
226; 311; 34065
227; 311; 33930
228; 311; 33798
229; 311; 33823
230; 311; 33959
231; 311; 33969
232; 311; 33884
233; 311; 33696
234; 311; 33737
235; 311; 33967
236; 311; 34085
237; 311; 33900
238; 311; 33766
239; 311; 33700
240; 311; 33534
241; 311; 33394
242; 311; 33266
243; 311; 33086
244; 311; 33006
177; 312; 33113
178; 312; 33186
179; 312; 33183
180; 312; 33127
181; 312; 33034
182; 312; 32951
183; 312; 32920
184; 312; 33137
185; 312; 33509
186; 312; 33762
187; 312; 33767
188; 312; 33550
189; 312; 33300
190; 312; 33194
191; 312; 33098
192; 312; 33016
193; 312; 32966
194; 312; 32953
195; 312; 33103
196; 312; 33431
197; 312; 33673
198; 312; 33737
199; 312; 33667
200; 312; 33650
201; 312; 33556
202; 312; 33341
203; 312; 33295
204; 312; 33635
205; 312; 34099
206; 312; 34330
207; 312; 34379
208; 312; 34245
209; 312; 33999
210; 312; 33967
211; 312; 34072
212; 312; 33929
213; 312; 33672
214; 312; 34017
215; 312; 34794
216; 312; 34922
217; 312; 34362
218; 312; 33821
219; 312; 33677
220; 312; 33660
221; 312; 33830
222; 312; 33961
223; 312; 33950
224; 312; 33963
225; 312; 34068
226; 312; 34061
227; 312; 33889
228; 312; 33734
229; 312; 33728
230; 312; 33814
231; 312; 34027
232; 312; 34116
233; 312; 33931
234; 312; 33788
235; 312; 33821
236; 312; 33947
237; 312; 33953
238; 312; 33870
239; 312; 33694
240; 312; 33458
241; 312; 33303
242; 312; 33169
243; 312; 32990
244; 312; 32889
177; 313; 33095
178; 313; 33125
179; 313; 33128
180; 313; 33135
181; 313; 33113
182; 313; 33052
183; 313; 32962
184; 313; 32949
185; 313; 33161
186; 313; 33507
187; 313; 33770
188; 313; 33727
189; 313; 33516
190; 313; 33211
191; 313; 33031
192; 313; 33014
193; 313; 32971
194; 313; 32966
195; 313; 33116
196; 313; 33292
197; 313; 33484
198; 313; 33631
199; 313; 33656
200; 313; 33680
201; 313; 33675
202; 313; 33430
203; 313; 33349
204; 313; 33716
205; 313; 34183
206; 313; 34188
207; 313; 34010
208; 313; 33965
209; 313; 34104
210; 313; 34220
211; 313; 34148
212; 313; 33777
213; 313; 33630
214; 313; 34231
215; 313; 35063
216; 313; 35159
217; 313; 34542
218; 313; 33929
219; 313; 33611
220; 313; 33602
221; 313; 33780
222; 313; 33929
223; 313; 33956
224; 313; 33999
225; 313; 34043
226; 313; 33974
227; 313; 33845
228; 313; 33777
229; 313; 33749
230; 313; 33794
231; 313; 33977
232; 313; 34121
233; 313; 34042
234; 313; 33792
235; 313; 33770
236; 313; 33873
237; 313; 33952
238; 313; 33892
239; 313; 33692
240; 313; 33432
241; 313; 33234
242; 313; 33067
243; 313; 32918
244; 313; 32856
177; 314; 33095
178; 314; 33078
179; 314; 33083
180; 314; 33121
181; 314; 33116
182; 314; 33079
183; 314; 33031
184; 314; 32978
185; 314; 32973
186; 314; 33101
187; 314; 33359
188; 314; 33483
189; 314; 33460
190; 314; 33327
191; 314; 33120
192; 314; 32988
193; 314; 33097
194; 314; 33472
195; 314; 33555
196; 314; 33290
197; 314; 33090
198; 314; 33275
199; 314; 33551
200; 314; 33708
201; 314; 33705
202; 314; 33516
203; 314; 33292
204; 314; 33472
205; 314; 33847
206; 314; 33847
207; 314; 33661
208; 314; 33824
209; 314; 34234
210; 314; 34318
211; 314; 34023
212; 314; 33552
213; 314; 33534
214; 314; 34129
215; 314; 34689
216; 314; 34609
217; 314; 34049
218; 314; 33661
219; 314; 33642
220; 314; 33777
221; 314; 33936
222; 314; 33928
223; 314; 33919
224; 314; 33940
225; 314; 33946
226; 314; 33916
227; 314; 33916
228; 314; 33931
229; 314; 33877
230; 314; 33833
231; 314; 33870
232; 314; 33956
233; 314; 33939
234; 314; 33846
235; 314; 33804
236; 314; 33833
237; 314; 33838
238; 314; 33786
239; 314; 33633
240; 314; 33406
241; 314; 33184
242; 314; 33006
243; 314; 32907
244; 314; 32850
177; 315; 33060
178; 315; 33039
179; 315; 33059
180; 315; 33112
181; 315; 33116
182; 315; 33097
183; 315; 33107
184; 315; 33102
185; 315; 33025
186; 315; 32909
187; 315; 32952
188; 315; 33217
189; 315; 33291
190; 315; 33287
191; 315; 33241
192; 315; 33185
193; 315; 33373
194; 315; 33571
195; 315; 33412
196; 315; 33036
197; 315; 32873
198; 315; 32926
199; 315; 33173
200; 315; 33464
201; 315; 33600
202; 315; 33550
203; 315; 33229
204; 315; 33096
205; 315; 33314
206; 315; 33612
207; 315; 33679
208; 315; 33913
209; 315; 34227
210; 315; 34238
211; 315; 33795
212; 315; 33415
213; 315; 33467
214; 315; 33799
215; 315; 34015
216; 315; 33911
217; 315; 33644
218; 315; 33616
219; 315; 33783
220; 315; 34058
221; 315; 34081
222; 315; 33971
223; 315; 33924
224; 315; 33882
225; 315; 33846
226; 315; 33887
227; 315; 33991
228; 315; 34058
229; 315; 34071
230; 315; 34010
231; 315; 33908
232; 315; 33882
233; 315; 33875
234; 315; 33887
235; 315; 33899
236; 315; 33885
237; 315; 33819
238; 315; 33699
239; 315; 33558
240; 315; 33290
241; 315; 33075
242; 315; 32949
243; 315; 32924
244; 315; 32877
177; 316; 33032
178; 316; 33021
179; 316; 33028
180; 316; 33080
181; 316; 33108
182; 316; 33119
183; 316; 33153
184; 316; 33167
185; 316; 33097
186; 316; 32945
187; 316; 32898
188; 316; 33047
189; 316; 33152
190; 316; 33230
191; 316; 33249
192; 316; 33203
193; 316; 33164
194; 316; 33080
195; 316; 32897
196; 316; 32875
197; 316; 32898
198; 316; 32953
199; 316; 32971
200; 316; 33230
201; 316; 33599
202; 316; 33766
203; 316; 33571
204; 316; 33201
205; 316; 33187
206; 316; 33440
207; 316; 33705
208; 316; 33891
209; 316; 34079
210; 316; 34074
211; 316; 33743
212; 316; 33506
213; 316; 33521
214; 316; 33615
215; 316; 33660
216; 316; 33706
217; 316; 33676
218; 316; 33748
219; 316; 33995
220; 316; 34151
221; 316; 34102
222; 316; 34029
223; 316; 34007
224; 316; 33911
225; 316; 33816
226; 316; 33880
227; 316; 34000
228; 316; 34059
229; 316; 34111
230; 316; 34168
231; 316; 34109
232; 316; 33951
233; 316; 33887
234; 316; 33889
235; 316; 33926
236; 316; 33970
237; 316; 33949
238; 316; 33778
239; 316; 33478
240; 316; 33196
241; 316; 32982
242; 316; 32868
243; 316; 32906
244; 316; 32867
177; 317; 33116
178; 317; 33074
179; 317; 33009
180; 317; 33015
181; 317; 33052
182; 317; 33106
183; 317; 33164
184; 317; 33160
185; 317; 33084
186; 317; 32999
187; 317; 32908
188; 317; 32891
189; 317; 33029
190; 317; 33165
191; 317; 33185
192; 317; 33081
193; 317; 32949
194; 317; 32866
195; 317; 32860
196; 317; 32984
197; 317; 33244
198; 317; 33220
199; 317; 33031
200; 317; 33094
201; 317; 33603
202; 317; 34027
203; 317; 34118
204; 317; 33808
205; 317; 33411
206; 317; 33371
207; 317; 33463
208; 317; 33626
209; 317; 33815
210; 317; 33880
211; 317; 33820
212; 317; 33733
213; 317; 33715
214; 317; 33712
215; 317; 33725
216; 317; 33777
217; 317; 33843
218; 317; 33935
219; 317; 34088
220; 317; 34110
221; 317; 34039
222; 317; 34030
223; 317; 34071
224; 317; 33988
225; 317; 33889
226; 317; 33942
227; 317; 34021
228; 317; 34036
229; 317; 34085
230; 317; 34165
231; 317; 34088
232; 317; 33983
233; 317; 33932
234; 317; 33911
235; 317; 33909
236; 317; 33994
237; 317; 34027
238; 317; 33849
239; 317; 33461
240; 317; 33146
241; 317; 32953
242; 317; 32843
243; 317; 32860
244; 317; 32843
177; 318; 33197
178; 318; 33152
179; 318; 33050
180; 318; 33015
181; 318; 33028
182; 318; 33085
183; 318; 33150
184; 318; 33140
185; 318; 33074
186; 318; 33042
187; 318; 33017
188; 318; 33006
189; 318; 33067
190; 318; 33166
191; 318; 33168
192; 318; 33081
193; 318; 33003
194; 318; 32952
195; 318; 32950
196; 318; 33083
197; 318; 33187
198; 318; 33200
199; 318; 33117
200; 318; 33007
201; 318; 33231
202; 318; 33821
203; 318; 34205
204; 318; 34110
205; 318; 33681
206; 318; 33308
207; 318; 33284
208; 318; 33375
209; 318; 33520
210; 318; 33750
211; 318; 34003
212; 318; 34160
213; 318; 34237
214; 318; 34190
215; 318; 34089
216; 318; 33965
217; 318; 33877
218; 318; 33937
219; 318; 34077
220; 318; 34074
221; 318; 33991
222; 318; 33993
223; 318; 34054
224; 318; 34041
225; 318; 34006
226; 318; 34036
227; 318; 34071
228; 318; 34077
229; 318; 34063
230; 318; 33927
231; 318; 33676
232; 318; 33702
233; 318; 33964
234; 318; 34080
235; 318; 34057
236; 318; 34095
237; 318; 34110
238; 318; 33922
239; 318; 33492
240; 318; 33150
241; 318; 32968
242; 318; 32887
243; 318; 32846
244; 318; 32857
177; 319; 33113
178; 319; 33147
179; 319; 33119
180; 319; 33103
181; 319; 33063
182; 319; 33037
183; 319; 33076
184; 319; 33097
185; 319; 33082
186; 319; 33070
187; 319; 33041
188; 319; 33031
189; 319; 33090
190; 319; 33180
191; 319; 33210
192; 319; 33158
193; 319; 33063
194; 319; 32980
195; 319; 32926
196; 319; 32938
197; 319; 33048
198; 319; 33136
199; 319; 33206
200; 319; 32995
201; 319; 32871
202; 319; 33216
203; 319; 33705
204; 319; 33802
205; 319; 33579
206; 319; 33302
207; 319; 33289
208; 319; 33330
209; 319; 33410
210; 319; 33732
211; 319; 34294
212; 319; 34723
213; 319; 34861
214; 319; 34697
215; 319; 34328
216; 319; 33916
217; 319; 33781
218; 319; 33925
219; 319; 34098
220; 319; 34092
221; 319; 34016
222; 319; 33983
223; 319; 34008
224; 319; 34048
225; 319; 34059
226; 319; 34034
227; 319; 34046
228; 319; 34123
229; 319; 34110
230; 319; 33714
231; 319; 33313
232; 319; 33390
233; 319; 33893
234; 319; 34197
235; 319; 34197
236; 319; 34160
237; 319; 34154
238; 319; 34024
239; 319; 33626
240; 319; 33264
241; 319; 33074
242; 319; 32973
243; 319; 32922
244; 319; 32894
177; 320; 32928
178; 320; 33030
179; 320; 33126
180; 320; 33159
181; 320; 33098
182; 320; 33006
183; 320; 32999
184; 320; 33060
185; 320; 33122
186; 320; 33134
187; 320; 33074
188; 320; 32991
189; 320; 32990
190; 320; 33066
191; 320; 33119
192; 320; 33084
193; 320; 32948
194; 320; 32857
195; 320; 32939
196; 320; 33088
197; 320; 33188
198; 320; 33342
199; 320; 33424
200; 320; 33230
201; 320; 32908
202; 320; 32898
203; 320; 33145
204; 320; 33236
205; 320; 33226
206; 320; 33228
207; 320; 33282
208; 320; 33314
209; 320; 33403
210; 320; 33751
211; 320; 34328
212; 320; 34804
213; 320; 34974
214; 320; 34752
215; 320; 34242
216; 320; 33741
217; 320; 33712
218; 320; 34016
219; 320; 34154
220; 320; 34131
221; 320; 34079
222; 320; 34020
223; 320; 33993
224; 320; 34035
225; 320; 34034
226; 320; 33935
227; 320; 33927
228; 320; 34087
229; 320; 34141
230; 320; 33874
231; 320; 33505
232; 320; 33508
233; 320; 33758
234; 320; 33915
235; 320; 33858
236; 320; 33901
237; 320; 34083
238; 320; 34101
239; 320; 33827
240; 320; 33471
241; 320; 33224
242; 320; 33056
243; 320; 32934
244; 320; 32896
177; 321; 32945
178; 321; 32950
179; 321; 33020
180; 321; 33084
181; 321; 33100
182; 321; 33078
183; 321; 33055
184; 321; 33079
185; 321; 33144
186; 321; 33180
187; 321; 33109
188; 321; 32977
189; 321; 32891
190; 321; 32912
191; 321; 32979
192; 321; 33009
193; 321; 32929
194; 321; 32845
195; 321; 32954
196; 321; 32969
197; 321; 33097
198; 321; 33455
199; 321; 33570
200; 321; 33421
201; 321; 33197
202; 321; 33070
203; 321; 33082
204; 321; 33092
205; 321; 33104
206; 321; 33157
207; 321; 33244
208; 321; 33297
209; 321; 33414
210; 321; 33725
211; 321; 34093
212; 321; 34274
213; 321; 34334
214; 321; 34241
215; 321; 33914
216; 321; 33667
217; 321; 33768
218; 321; 34103
219; 321; 34167
220; 321; 34137
221; 321; 34121
222; 321; 34069
223; 321; 34012
224; 321; 34039
225; 321; 34032
226; 321; 33911
227; 321; 33856
228; 321; 33954
229; 321; 34098
230; 321; 34198
231; 321; 34219
232; 321; 34148
233; 321; 33845
234; 321; 33428
235; 321; 33172
236; 321; 33387
237; 321; 33906
238; 321; 34142
239; 321; 33986
240; 321; 33658
241; 321; 33401
242; 321; 33163
243; 321; 32930
244; 321; 32824
177; 322; 33321
178; 322; 33105
179; 322; 32943
180; 322; 32946
181; 322; 33001
182; 322; 33129
183; 322; 33169
184; 322; 33128
185; 322; 33110
186; 322; 33128
187; 322; 33099
188; 322; 33039
189; 322; 32975
190; 322; 32928
191; 322; 32954
192; 322; 33051
193; 322; 33158
194; 322; 33083
195; 322; 32956
196; 322; 33027
197; 322; 33242
198; 322; 33474
199; 322; 33499
200; 322; 33421
201; 322; 33292
202; 322; 33271
203; 322; 33304
204; 322; 33229
205; 322; 33160
206; 322; 33226
207; 322; 33422
208; 322; 33386
209; 322; 33402
210; 322; 33665
211; 322; 33909
212; 322; 33728
213; 322; 33562
214; 322; 33660
215; 322; 33770
216; 322; 33761
217; 322; 33856
218; 322; 34113
219; 322; 34144
220; 322; 34117
221; 322; 34124
222; 322; 34092
223; 322; 34035
224; 322; 34063
225; 322; 34098
226; 322; 34045
227; 322; 33977
228; 322; 33921
229; 322; 33942
230; 322; 34251
231; 322; 34612
232; 322; 34613
233; 322; 34106
234; 322; 33423
235; 322; 33130
236; 322; 33435
237; 322; 34010
238; 322; 34261
239; 322; 34040
240; 322; 33657
241; 322; 33400
242; 322; 33218
243; 322; 33007
244; 322; 32848
177; 323; 33555
178; 323; 33483
179; 323; 33240
180; 323; 33021
181; 323; 32897
182; 323; 32971
183; 323; 33100
184; 323; 33119
185; 323; 33085
186; 323; 33052
187; 323; 33053
188; 323; 33106
189; 323; 33148
190; 323; 33090
191; 323; 33013
192; 323; 33101
193; 323; 33415
194; 323; 33614
195; 323; 33666
196; 323; 33668
197; 323; 33651
198; 323; 33575
199; 323; 33450
200; 323; 33312
201; 323; 33187
202; 323; 33171
203; 323; 33230
204; 323; 33187
205; 323; 33164
206; 323; 33401
207; 323; 33753
208; 323; 33683
209; 323; 33393
210; 323; 33550
211; 323; 33946
212; 323; 33749
213; 323; 33359
214; 323; 33432
215; 323; 33774
216; 323; 33892
217; 323; 33919
218; 323; 34096
219; 323; 34128
220; 323; 34101
221; 323; 34103
222; 323; 34097
223; 323; 34069
224; 323; 34098
225; 323; 34155
226; 323; 34182
227; 323; 34180
228; 323; 34092
229; 323; 33946
230; 323; 34008
231; 323; 34342
232; 323; 34479
233; 323; 34288
234; 323; 33996
235; 323; 33913
236; 323; 34140
237; 323; 34375
238; 323; 34360
239; 323; 33993
240; 323; 33501
241; 323; 33209
242; 323; 33050
243; 323; 32927
244; 323; 32846
177; 324; 33411
178; 324; 33613
179; 324; 33719
180; 324; 33576
181; 324; 33153
182; 324; 32851
183; 324; 32903
184; 324; 32995
185; 324; 33090
186; 324; 33067
187; 324; 33035
188; 324; 33106
189; 324; 33196
190; 324; 33143
191; 324; 33016
192; 324; 33044
193; 324; 33371
194; 324; 33726
195; 324; 34004
196; 324; 34110
197; 324; 33964
198; 324; 33709
199; 324; 33493
200; 324; 33341
201; 324; 33081
202; 324; 32910
203; 324; 32856
204; 324; 32933
205; 324; 33174
206; 324; 33593
207; 324; 34079
208; 324; 34017
209; 324; 33441
210; 324; 33398
211; 324; 33956
212; 324; 34093
213; 324; 33604
214; 324; 33452
215; 324; 33769
216; 324; 33994
217; 324; 34016
218; 324; 34098
219; 324; 34146
220; 324; 34110
221; 324; 34094
222; 324; 34118
223; 324; 34128
224; 324; 34128
225; 324; 34129
226; 324; 34157
227; 324; 34231
228; 324; 34242
229; 324; 34110
230; 324; 33971
231; 324; 33931
232; 324; 34061
233; 324; 34281
234; 324; 34500
235; 324; 34660
236; 324; 34679
237; 324; 34583
238; 324; 34349
239; 324; 33957
240; 324; 33473
241; 324; 33123
242; 324; 32927
243; 324; 32855
244; 324; 32834
177; 325; 32944
178; 325; 33318
179; 325; 33836
180; 325; 34061
181; 325; 33781
182; 325; 33267
183; 325; 32966
184; 325; 32887
185; 325; 33041
186; 325; 33096
187; 325; 33055
188; 325; 33062
189; 325; 33113
190; 325; 33060
191; 325; 32949
192; 325; 32943
193; 325; 33099
194; 325; 33397
195; 325; 33788
196; 325; 34070
197; 325; 33975
198; 325; 33648
199; 325; 33539
200; 325; 33473
201; 325; 33209
202; 325; 32975
203; 325; 32883
204; 325; 32965
205; 325; 33374
206; 325; 33808
207; 325; 34255
208; 325; 34327
209; 325; 33713
210; 325; 33399
211; 325; 33743
212; 325; 34154
213; 325; 33842
214; 325; 33523
215; 325; 33706
216; 325; 34073
217; 325; 34124
218; 325; 34144
219; 325; 34177
220; 325; 34142
221; 325; 34106
222; 325; 34138
223; 325; 34165
224; 325; 34124
225; 325; 34051
226; 325; 34034
227; 325; 34116
228; 325; 34210
229; 325; 34193
230; 325; 34076
231; 325; 33948
232; 325; 33957
233; 325; 34141
234; 325; 34460
235; 325; 34600
236; 325; 34551
237; 325; 34411
238; 325; 34225
239; 325; 33967
240; 325; 33638
241; 325; 33239
242; 325; 32989
243; 325; 32924
244; 325; 32847
177; 326; 32893
178; 326; 32919
179; 326; 33346
180; 326; 33849
181; 326; 34076
182; 326; 34016
183; 326; 33608
184; 326; 33187
185; 326; 33009
186; 326; 33050
187; 326; 33051
188; 326; 33066
189; 326; 33105
190; 326; 33072
191; 326; 33008
192; 326; 32949
193; 326; 32907
194; 326; 33044
195; 326; 33501
196; 326; 33909
197; 326; 33922
198; 326; 33652
199; 326; 33632
200; 326; 33833
201; 326; 33628
202; 326; 33178
203; 326; 33076
204; 326; 33464
205; 326; 33763
206; 326; 33727
207; 326; 34089
208; 326; 34374
209; 326; 34112
210; 326; 33442
211; 326; 33477
212; 326; 33901
213; 326; 33765
214; 326; 33445
215; 326; 33665
216; 326; 34129
217; 326; 34218
218; 326; 34190
219; 326; 34213
220; 326; 34183
221; 326; 34116
222; 326; 34123
223; 326; 34155
224; 326; 34110
225; 326; 34022
226; 326; 33983
227; 326; 34024
228; 326; 34093
229; 326; 34138
230; 326; 34144
231; 326; 34103
232; 326; 34040
233; 326; 34006
234; 326; 34064
235; 326; 34115
236; 326; 34160
237; 326; 34202
238; 326; 34163
239; 326; 33979
240; 326; 33731
241; 326; 33371
242; 326; 33084
243; 326; 32974
244; 326; 32866
177; 327; 33225
178; 327; 32991
179; 327; 32880
180; 327; 33159
181; 327; 33756
182; 327; 34331
183; 327; 34350
184; 327; 33828
185; 327; 33294
186; 327; 33048
187; 327; 33012
188; 327; 33094
189; 327; 33278
190; 327; 33303
191; 327; 33226
192; 327; 33138
193; 327; 33006
194; 327; 33023
195; 327; 33366
196; 327; 33800
197; 327; 33928
198; 327; 33819
199; 327; 33799
200; 327; 34057
201; 327; 34262
202; 327; 34199
203; 327; 34207
204; 327; 34351
205; 327; 34131
206; 327; 33572
207; 327; 33635
208; 327; 34257
209; 327; 34278
210; 327; 33589
211; 327; 33271
212; 327; 33534
213; 327; 33576
214; 327; 33438
215; 327; 33642
216; 327; 34106
217; 327; 34245
218; 327; 34228
219; 327; 34253
220; 327; 34231
221; 327; 34139
222; 327; 34112
223; 327; 34153
224; 327; 34138
225; 327; 34059
226; 327; 34008
227; 327; 34015
228; 327; 34045
229; 327; 34083
230; 327; 34123
231; 327; 34116
232; 327; 34030
233; 327; 33910
234; 327; 33826
235; 327; 33868
236; 327; 34037
237; 327; 34227
238; 327; 34231
239; 327; 34022
240; 327; 33724
241; 327; 33404
242; 327; 33104
243; 327; 32952
244; 327; 32854
177; 328; 33336
178; 328; 33323
179; 328; 32969
180; 328; 32795
181; 328; 33114
182; 328; 33862
183; 328; 34337
184; 328; 34209
185; 328; 33750
186; 328; 33281
187; 328; 33023
188; 328; 33090
189; 328; 33360
190; 328; 33388
191; 328; 33321
192; 328; 33247
193; 328; 33224
194; 328; 33168
195; 328; 33179
196; 328; 33420
197; 328; 33797
198; 328; 33901
199; 328; 33826
200; 328; 33835
201; 328; 34233
202; 328; 34601
203; 328; 34792
204; 328; 34779
205; 328; 34406
206; 328; 33723
207; 328; 33490
208; 328; 33869
209; 328; 34130
210; 328; 33637
211; 328; 33166
212; 328; 33266
213; 328; 33599
214; 328; 33692
215; 328; 33762
216; 328; 34051
217; 328; 34221
218; 328; 34241
219; 328; 34278
220; 328; 34280
221; 328; 34198
222; 328; 34144
223; 328; 34173
224; 328; 34171
225; 328; 34081
226; 328; 33993
227; 328; 33971
228; 328; 33992
229; 328; 34032
230; 328; 34067
231; 328; 34056
232; 328; 33995
233; 328; 33925
234; 328; 33883
235; 328; 33894
236; 328; 33992
237; 328; 34226
238; 328; 34301
239; 328; 34210
240; 328; 33925
241; 328; 33507
242; 328; 33152
243; 328; 32964
244; 328; 32859
177; 329; 33241
178; 329; 33321
179; 329; 33281
180; 329; 32983
181; 329; 32868
182; 329; 33091
183; 329; 33626
184; 329; 33982
185; 329; 33946
186; 329; 33593
187; 329; 33206
188; 329; 33128
189; 329; 33213
190; 329; 33276
191; 329; 33260
192; 329; 33228
193; 329; 33200
194; 329; 33005
195; 329; 32896
196; 329; 33146
197; 329; 33666
198; 329; 34070
199; 329; 33868
200; 329; 33535
201; 329; 33607
202; 329; 34072
203; 329; 34459
204; 329; 34621
205; 329; 34597
206; 329; 34281
207; 329; 33820
208; 329; 33758
209; 329; 33956
210; 329; 33779
211; 329; 33245
212; 329; 33163
213; 329; 33630
214; 329; 33971
215; 329; 34000
216; 329; 34054
217; 329; 34171
218; 329; 34231
219; 329; 34260
220; 329; 34285
221; 329; 34243
222; 329; 34169
223; 329; 34154
224; 329; 34150
225; 329; 34076
226; 329; 33980
227; 329; 33927
228; 329; 33921
229; 329; 33938
230; 329; 33993
231; 329; 34043
232; 329; 34077
233; 329; 34081
234; 329; 34031
235; 329; 33915
236; 329; 33881
237; 329; 34045
238; 329; 34329
239; 329; 34447
240; 329; 34239
241; 329; 33749
242; 329; 33280
243; 329; 33034
244; 329; 32931
