206; 298; 33873
207; 298; 33908
208; 298; 33863
209; 298; 33898
210; 298; 34173
211; 298; 34374
212; 298; 34169
213; 298; 33807
214; 298; 33619
215; 298; 33594
216; 298; 33629
217; 298; 33696
218; 298; 33748
219; 298; 33780
220; 298; 33813
221; 298; 33773
222; 298; 33441
223; 298; 33090
224; 298; 33068
225; 298; 33441
226; 298; 33824
227; 298; 33831
228; 298; 33523
229; 298; 33331
230; 298; 33425
231; 298; 33748
232; 298; 33949
233; 298; 34019
234; 298; 34142
235; 298; 34301
236; 298; 34402
237; 298; 34397
238; 298; 34203
239; 298; 33783
240; 298; 33469
241; 298; 33519
242; 298; 33812
243; 298; 33976
244; 298; 33953
245; 298; 33795
246; 298; 33677
247; 298; 33696
248; 298; 33810
249; 298; 33883
250; 298; 33874
251; 298; 33857
252; 298; 33903
253; 298; 33989
254; 298; 34045
255; 298; 33968
256; 298; 33829
257; 298; 33705
258; 298; 33609
259; 298; 33532
260; 298; 33630
206; 299; 33948
207; 299; 33962
208; 299; 33855
209; 299; 33823
210; 299; 34055
211; 299; 34125
212; 299; 33776
213; 299; 33272
214; 299; 33051
215; 299; 33014
216; 299; 33122
217; 299; 33470
218; 299; 33945
219; 299; 34022
220; 299; 33799
221; 299; 33512
222; 299; 33319
223; 299; 33255
224; 299; 33258
225; 299; 33456
226; 299; 33705
227; 299; 33701
228; 299; 33514
229; 299; 33382
230; 299; 33499
231; 299; 33736
232; 299; 33812
233; 299; 33672
234; 299; 33751
235; 299; 34114
236; 299; 34421
237; 299; 34483
238; 299; 34294
239; 299; 33921
240; 299; 33639
241; 299; 33761
242; 299; 33917
243; 299; 33924
244; 299; 33819
245; 299; 33766
246; 299; 33787
247; 299; 33806
248; 299; 33772
249; 299; 33746
250; 299; 33791
251; 299; 33858
252; 299; 33873
253; 299; 33857
254; 299; 33823
255; 299; 33696
256; 299; 33527
257; 299; 33423
258; 299; 33411
259; 299; 33470
260; 299; 33675
206; 300; 34041
207; 300; 34022
208; 300; 33959
209; 300; 34018
210; 300; 34060
211; 300; 33776
212; 300; 33188
213; 300; 32914
214; 300; 32976
215; 300; 33038
216; 300; 33102
217; 300; 33478
218; 300; 34003
219; 300; 33980
220; 300; 33471
221; 300; 33100
222; 300; 33190
223; 300; 33381
224; 300; 33407
225; 300; 33462
226; 300; 33540
227; 300; 33676
228; 300; 33847
229; 300; 33944
230; 300; 34037
231; 300; 34047
232; 300; 33843
233; 300; 33641
234; 300; 33648
235; 300; 33954
236; 300; 34237
237; 300; 34223
238; 300; 34050
239; 300; 33908
240; 300; 33846
241; 300; 33843
242; 300; 33807
243; 300; 33706
244; 300; 33675
245; 300; 33755
246; 300; 33823
247; 300; 33769
248; 300; 33623
249; 300; 33603
250; 300; 33702
251; 300; 33839
252; 300; 33885
253; 300; 33897
254; 300; 33897
255; 300; 33793
256; 300; 33534
257; 300; 33344
258; 300; 33410
259; 300; 33537
260; 300; 33570
206; 301; 34002
207; 301; 34009
208; 301; 34095
209; 301; 34167
210; 301; 33974
211; 301; 33345
212; 301; 32882
213; 301; 33047
214; 301; 33432
215; 301; 33419
216; 301; 33358
217; 301; 33616
218; 301; 33910
219; 301; 33710
220; 301; 33157
221; 301; 33001
222; 301; 33238
223; 301; 33510
224; 301; 33521
225; 301; 33476
226; 301; 33542
227; 301; 33799
228; 301; 34089
229; 301; 34311
230; 301; 34348
231; 301; 34238
232; 301; 34025
233; 301; 33868
234; 301; 33831
235; 301; 33951
236; 301; 34001
237; 301; 33877
238; 301; 33787
239; 301; 33822
240; 301; 33851
241; 301; 33771
242; 301; 33630
243; 301; 33581
244; 301; 33616
245; 301; 33691
246; 301; 33694
247; 301; 33620
248; 301; 33597
249; 301; 33687
250; 301; 33755
251; 301; 33751
252; 301; 33828
253; 301; 33993
254; 301; 34164
255; 301; 34180
256; 301; 33913
257; 301; 33575
258; 301; 33521
259; 301; 33599
260; 301; 33488
206; 302; 33877
207; 302; 33937
208; 302; 34120
209; 302; 34136
210; 302; 33712
211; 302; 33141
212; 302; 32980
213; 302; 33363
214; 302; 33678
215; 302; 33582
216; 302; 33590
217; 302; 33891
218; 302; 33998
219; 302; 33703
220; 302; 33428
221; 302; 33499
222; 302; 33678
223; 302; 33734
224; 302; 33738
225; 302; 33774
226; 302; 33866
227; 302; 33985
228; 302; 34067
229; 302; 34153
230; 302; 34170
231; 302; 34123
232; 302; 34029
233; 302; 33955
234; 302; 33855
235; 302; 33750
236; 302; 33714
237; 302; 33750
238; 302; 33783
239; 302; 33811
240; 302; 33829
241; 302; 33778
242; 302; 33730
243; 302; 33692
244; 302; 33643
245; 302; 33588
246; 302; 33555
247; 302; 33600
248; 302; 33844
249; 302; 34032
250; 302; 33873
251; 302; 33582
252; 302; 33540
253; 302; 33773
254; 302; 34098
255; 302; 34261
256; 302; 34221
257; 302; 33981
258; 302; 33790
259; 302; 33688
260; 302; 33470
206; 303; 33834
207; 303; 33819
208; 303; 33878
209; 303; 33921
210; 303; 33744
211; 303; 33603
212; 303; 33593
213; 303; 33618
214; 303; 33577
215; 303; 33578
216; 303; 33917
217; 303; 34316
218; 303; 34286
219; 303; 34031
220; 303; 34000
221; 303; 34143
222; 303; 34103
223; 303; 33895
224; 303; 33785
225; 303; 33929
226; 303; 34109
227; 303; 34126
228; 303; 33994
229; 303; 33818
230; 303; 33791
231; 303; 33839
232; 303; 33849
233; 303; 33766
234; 303; 33647
235; 303; 33611
236; 303; 33646
237; 303; 33790
238; 303; 33867
239; 303; 33855
240; 303; 33877
241; 303; 33986
242; 303; 34078
243; 303; 34010
244; 303; 33791
245; 303; 33616
246; 303; 33580
247; 303; 33779
248; 303; 34076
249; 303; 34146
250; 303; 33957
251; 303; 33600
252; 303; 33494
253; 303; 33581
254; 303; 33725
255; 303; 33958
256; 303; 34153
257; 303; 34189
258; 303; 34143
259; 303; 34002
260; 303; 33709
206; 304; 33901
207; 304; 33752
208; 304; 33640
209; 304; 33695
210; 304; 34096
211; 304; 34492
212; 304; 34463
213; 304; 33929
214; 304; 33543
215; 304; 33720
216; 304; 34356
217; 304; 34682
218; 304; 34492
219; 304; 34125
220; 304; 34057
221; 304; 34144
222; 304; 34008
223; 304; 33672
224; 304; 33452
225; 304; 33617
226; 304; 33959
227; 304; 34122
228; 304; 34035
229; 304; 33822
230; 304; 33767
231; 304; 33725
232; 304; 33609
233; 304; 33555
234; 304; 33608
235; 304; 33715
236; 304; 33883
237; 304; 33962
238; 304; 33941
239; 304; 33860
240; 304; 33844
241; 304; 33945
242; 304; 34079
243; 304; 34056
244; 304; 33993
245; 304; 33887
246; 304; 33850
247; 304; 33912
248; 304; 34019
249; 304; 34044
250; 304; 33946
251; 304; 33815
252; 304; 33772
253; 304; 33682
254; 304; 33525
255; 304; 33518
256; 304; 33815
257; 304; 34190
258; 304; 34315
259; 304; 34276
260; 304; 34097
206; 305; 33986
207; 305; 33837
208; 305; 33611
209; 305; 33629
210; 305; 34128
211; 305; 34647
212; 305; 34581
213; 305; 33991
214; 305; 33595
215; 305; 33850
216; 305; 34304
217; 305; 34466
218; 305; 34248
219; 305; 33864
220; 305; 33644
221; 305; 33552
222; 305; 33420
223; 305; 33177
224; 305; 33032
225; 305; 33216
226; 305; 33654
227; 305; 34037
228; 305; 34055
229; 305; 33966
230; 305; 33882
231; 305; 33744
232; 305; 33582
233; 305; 33586
234; 305; 33845
235; 305; 34126
236; 305; 34178
237; 305; 34057
238; 305; 33955
239; 305; 33851
240; 305; 33599
241; 305; 33465
242; 305; 33652
243; 305; 33931
244; 305; 34031
245; 305; 34033
246; 305; 34045
247; 305; 33974
248; 305; 33783
249; 305; 33615
250; 305; 33702
251; 305; 33850
252; 305; 33914
253; 305; 33821
254; 305; 33584
255; 305; 33486
256; 305; 33720
257; 305; 34094
258; 305; 34276
259; 305; 34262
260; 305; 34210
206; 306; 34006
207; 306; 34068
208; 306; 33978
209; 306; 33729
210; 306; 33712
211; 306; 33886
212; 306; 33846
213; 306; 33634
214; 306; 33568
215; 306; 33631
216; 306; 33632
217; 306; 33621
218; 306; 33722
219; 306; 33725
220; 306; 33478
221; 306; 33223
222; 306; 33168
223; 306; 33101
224; 306; 33046
225; 306; 33210
226; 306; 33599
227; 306; 33957
228; 306; 34002
229; 306; 33958
230; 306; 33927
231; 306; 33897
232; 306; 33839
233; 306; 33910
234; 306; 34134
235; 306; 34234
236; 306; 34180
237; 306; 33962
238; 306; 33915
239; 306; 33928
240; 306; 33587
241; 306; 33206
242; 306; 33253
243; 306; 33637
244; 306; 33914
245; 306; 33980
246; 306; 34021
247; 306; 33915
248; 306; 33548
249; 306; 33269
250; 306; 33258
251; 306; 33458
252; 306; 33659
253; 306; 33814
254; 306; 33858
255; 306; 33898
256; 306; 34051
257; 306; 34114
258; 306; 34070
259; 306; 33908
260; 306; 34004
206; 307; 34019
207; 307; 34216
208; 307; 34322
209; 307; 34009
210; 307; 33476
211; 307; 33154
212; 307; 33209
213; 307; 33401
214; 307; 33554
215; 307; 33465
216; 307; 33146
217; 307; 33102
218; 307; 33529
219; 307; 33914
220; 307; 33713
221; 307; 33456
222; 307; 33525
223; 307; 33642
224; 307; 33576
225; 307; 33582
226; 307; 33800
227; 307; 33888
228; 307; 33857
229; 307; 33867
230; 307; 33910
231; 307; 33932
232; 307; 33954
233; 307; 34014
234; 307; 34080
235; 307; 34055
236; 307; 33845
237; 307; 33704
238; 307; 33881
239; 307; 34106
240; 307; 33873
241; 307; 33389
242; 307; 33296
243; 307; 33537
244; 307; 33677
245; 307; 33700
246; 307; 33807
247; 307; 33759
248; 307; 33470
249; 307; 33208
250; 307; 33166
251; 307; 33335
252; 307; 33574
253; 307; 33882
254; 307; 34213
255; 307; 34351
256; 307; 34312
257; 307; 34152
258; 307; 33804
259; 307; 33545
260; 307; 33625
206; 308; 34013
207; 308; 34189
208; 308; 34338
209; 308; 34244
210; 308; 33696
211; 308; 33274
212; 308; 33167
213; 308; 33268
214; 308; 33479
215; 308; 33603
216; 308; 33450
217; 308; 33366
218; 308; 33737
219; 308; 34079
220; 308; 33998
221; 308; 33895
222; 308; 34158
223; 308; 34379
224; 308; 34216
225; 308; 33993
226; 308; 33916
227; 308; 33854
228; 308; 33799
229; 308; 33861
230; 308; 33937
231; 308; 33904
232; 308; 33859
233; 308; 33833
234; 308; 33807
235; 308; 33745
236; 308; 33676
237; 308; 33683
238; 308; 33921
239; 308; 34118
240; 308; 33922
241; 308; 33574
242; 308; 33487
243; 308; 33615
244; 308; 33670
245; 308; 33646
246; 308; 33669
247; 308; 33648
248; 308; 33545
249; 308; 33530
250; 308; 33618
251; 308; 33729
252; 308; 33866
253; 308; 34088
254; 308; 34268
255; 308; 34319
256; 308; 34151
257; 308; 33836
258; 308; 33561
259; 308; 33462
260; 308; 33512
206; 309; 33887
207; 309; 33944
208; 309; 34190
209; 309; 34288
210; 309; 34208
211; 309; 33987
212; 309; 33687
213; 309; 33445
214; 309; 33611
215; 309; 34046
216; 309; 34151
217; 309; 33825
218; 309; 33729
219; 309; 33908
220; 309; 33963
221; 309; 33986
222; 309; 34381
223; 309; 34570
224; 309; 34443
225; 309; 34111
226; 309; 33897
227; 309; 33825
228; 309; 33814
229; 309; 33988
230; 309; 34074
231; 309; 33893
232; 309; 33759
233; 309; 33768
234; 309; 33781
235; 309; 33763
236; 309; 33796
237; 309; 33916
238; 309; 33943
239; 309; 33804
240; 309; 33448
241; 309; 33275
242; 309; 33425
243; 309; 33717
244; 309; 33835
245; 309; 33775
246; 309; 33692
247; 309; 33649
248; 309; 33757
249; 309; 34018
250; 309; 34173
251; 309; 34184
252; 309; 34151
253; 309; 34114
254; 309; 34077
255; 309; 33921
256; 309; 33654
257; 309; 33495
258; 309; 33528
259; 309; 33560
260; 309; 33634
206; 310; 33703
207; 310; 33715
208; 310; 33897
209; 310; 34257
210; 310; 34588
211; 310; 34752
212; 310; 34574
213; 310; 34175
214; 310; 34179
215; 310; 34414
216; 310; 34258
217; 310; 33631
218; 310; 33222
219; 310; 33468
220; 310; 33781
221; 310; 33865
222; 310; 34145
223; 310; 34400
224; 310; 34296
225; 310; 34005
226; 310; 33840
227; 310; 33800
228; 310; 33829
229; 310; 34069
230; 310; 34162
231; 310; 34026
232; 310; 33848
233; 310; 33908
234; 310; 33962
235; 310; 33953
236; 310; 33991
237; 310; 34096
238; 310; 33971
239; 310; 33465
240; 310; 33044
241; 310; 33050
242; 310; 33402
243; 310; 33790
244; 310; 33985
245; 310; 34013
246; 310; 33873
247; 310; 33774
248; 310; 33949
249; 310; 34174
250; 310; 34236
251; 310; 34198
252; 310; 34114
253; 310; 33996
254; 310; 33792
255; 310; 33578
256; 310; 33463
257; 310; 33495
258; 310; 33653
259; 310; 33794
260; 310; 33735
206; 311; 33707
207; 311; 33726
208; 311; 33831
209; 311; 34108
210; 311; 34570
211; 311; 34980
212; 311; 35178
213; 311; 35041
214; 311; 34722
215; 311; 34315
216; 311; 33713
217; 311; 33054
218; 311; 32851
219; 311; 33278
220; 311; 33756
221; 311; 33857
222; 311; 33929
223; 311; 34084
224; 311; 34094
225; 311; 33924
226; 311; 33834
227; 311; 33810
228; 311; 33863
229; 311; 34088
230; 311; 34155
231; 311; 34080
232; 311; 33939
233; 311; 33981
234; 311; 34011
235; 311; 33963
236; 311; 33967
237; 311; 34046
238; 311; 33900
239; 311; 33475
240; 311; 33228
241; 311; 33392
242; 311; 33744
243; 311; 33949
244; 311; 34037
245; 311; 34044
246; 311; 33970
247; 311; 33891
248; 311; 33933
249; 311; 33986
250; 311; 33983
251; 311; 33954
252; 311; 33946
253; 311; 33816
254; 311; 33649
255; 311; 33568
256; 311; 33575
257; 311; 33669
258; 311; 33776
259; 311; 33788
260; 311; 33666
206; 312; 33971
207; 312; 34002
208; 312; 33981
209; 312; 34033
210; 312; 34182
211; 312; 34517
212; 312; 34939
213; 312; 35095
214; 312; 34664
215; 312; 33894
216; 312; 33151
217; 312; 32813
218; 312; 32967
219; 312; 33407
220; 312; 33855
221; 312; 34022
222; 312; 34022
223; 312; 34037
224; 312; 33994
225; 312; 33891
226; 312; 33825
227; 312; 33830
228; 312; 33912
229; 312; 34104
230; 312; 34123
231; 312; 33979
232; 312; 33793
233; 312; 33814
234; 312; 33932
235; 312; 33925
236; 312; 33886
237; 312; 33883
238; 312; 33852
239; 312; 33765
240; 312; 33827
241; 312; 34066
242; 312; 34174
243; 312; 34120
244; 312; 34004
245; 312; 33968
246; 312; 33942
247; 312; 33921
248; 312; 33911
249; 312; 33896
250; 312; 33877
251; 312; 33863
252; 312; 33824
253; 312; 33686
254; 312; 33608
255; 312; 33621
256; 312; 33681
257; 312; 33707
258; 312; 33703
259; 312; 33617
260; 312; 33480
206; 313; 34061
207; 313; 34081
208; 313; 34048
209; 313; 33983
210; 313; 33824
211; 313; 33809
212; 313; 34124
213; 313; 34421
214; 313; 34083
215; 313; 33419
216; 313; 33124
217; 313; 33274
218; 313; 33540
219; 313; 33651
220; 313; 33871
221; 313; 34050
222; 313; 34105
223; 313; 34093
224; 313; 33964
225; 313; 33843
226; 313; 33797
227; 313; 33823
228; 313; 33911
229; 313; 34099
230; 313; 34109
231; 313; 33945
232; 313; 33722
233; 313; 33713
234; 313; 33819
235; 313; 33934
236; 313; 33927
237; 313; 33860
238; 313; 33856
239; 313; 34034
240; 313; 34295
241; 313; 34412
242; 313; 34308
243; 313; 34081
244; 313; 33910
245; 313; 33877
246; 313; 33899
247; 313; 33936
248; 313; 33962
249; 313; 33964
250; 313; 33929
251; 313; 33860
252; 313; 33696
253; 313; 33596
254; 313; 33577
255; 313; 33626
256; 313; 33671
257; 313; 33640
258; 313; 33501
259; 313; 33397
260; 313; 33349
206; 314; 33833
207; 314; 33959
208; 314; 33985
209; 314; 33915
210; 314; 33668
211; 314; 33493
212; 314; 33613
213; 314; 33800
214; 314; 33631
215; 314; 33324
216; 314; 33420
217; 314; 33879
218; 314; 34089
219; 314; 33964
220; 314; 33802
221; 314; 33824
222; 314; 34018
223; 314; 34036
224; 314; 33935
225; 314; 33859
226; 314; 33840
227; 314; 33829
228; 314; 33862
229; 314; 34000
230; 314; 34077
231; 314; 34056
232; 314; 33945
233; 314; 33763
234; 314; 33750
235; 314; 33914
236; 314; 34040
237; 314; 33994
238; 314; 33924
239; 314; 34103
240; 314; 34336
241; 314; 34351
242; 314; 34181
243; 314; 33939
244; 314; 33870
245; 314; 33877
246; 314; 33898
247; 314; 33944
248; 314; 34023
249; 314; 34054
250; 314; 33977
251; 314; 33749
252; 314; 33576
253; 314; 33556
254; 314; 33596
255; 314; 33613
256; 314; 33593
257; 314; 33490
258; 314; 33443
259; 314; 33368
260; 314; 33302
206; 315; 33479
207; 315; 33682
208; 315; 33843
209; 315; 33802
210; 315; 33637
211; 315; 33558
212; 315; 33595
213; 315; 33670
214; 315; 33522
215; 315; 33410
216; 315; 33633
217; 315; 34126
218; 315; 34356
219; 315; 34164
220; 315; 33782
221; 315; 33692
222; 315; 33819
223; 315; 33949
224; 315; 33947
225; 315; 33953
226; 315; 33961
227; 315; 33897
228; 315; 33845
229; 315; 33885
230; 315; 33982
231; 315; 34090
232; 315; 34129
233; 315; 33914
234; 315; 33579
235; 315; 33605
236; 315; 33969
237; 315; 34088
238; 315; 33984
239; 315; 33977
240; 315; 34179
241; 315; 34216
242; 315; 34098
243; 315; 33935
244; 315; 33917
245; 315; 33935
246; 315; 33932
247; 315; 33944
248; 315; 34006
249; 315; 34024
250; 315; 33861
251; 315; 33574
252; 315; 33512
253; 315; 33581
254; 315; 33638
255; 315; 33586
256; 315; 33423
257; 315; 33377
258; 315; 33433
259; 315; 33401
260; 315; 33300
206; 316; 33431
207; 316; 33494
208; 316; 33693
209; 316; 33713
210; 316; 33664
211; 316; 33704
212; 316; 33847
213; 316; 33880
214; 316; 33781
215; 316; 33761
216; 316; 33987
217; 316; 34273
218; 316; 34303
219; 316; 34036
220; 316; 33757
221; 316; 33728
222; 316; 33878
223; 316; 33976
224; 316; 33978
225; 316; 34009
226; 316; 34033
227; 316; 33987
228; 316; 33931
229; 316; 33903
230; 316; 33894
231; 316; 33975
232; 316; 34077
233; 316; 33920
234; 316; 33430
235; 316; 33249
236; 316; 33566
237; 316; 33919
238; 316; 33945
239; 316; 33928
240; 316; 34055
241; 316; 34141
242; 316; 34115
243; 316; 34018
244; 316; 33961
245; 316; 33968
246; 316; 33979
247; 316; 33962
248; 316; 33946
249; 316; 33895
250; 316; 33702
251; 316; 33515
252; 316; 33528
253; 316; 33623
254; 316; 33648
255; 316; 33530
256; 316; 33318
257; 316; 33316
258; 316; 33377
259; 316; 33367
260; 316; 33291
206; 317; 33680
207; 317; 33494
208; 317; 33536
209; 317; 33682
210; 317; 33783
211; 317; 33947
212; 317; 34184
213; 317; 34339
214; 317; 34398
215; 317; 34496
216; 317; 34646
217; 317; 34577
218; 317; 34136
219; 317; 33632
220; 317; 33618
221; 317; 33925
222; 317; 34150
223; 317; 34089
224; 317; 33980
225; 317; 33982
226; 317; 34024
227; 317; 34039
228; 317; 34034
229; 317; 33995
230; 317; 33915
231; 317; 33897
232; 317; 34013
233; 317; 33982
234; 317; 33663
235; 317; 33344
236; 317; 33363
237; 317; 33597
238; 317; 33793
239; 317; 33856
240; 317; 33936
241; 317; 34067
242; 317; 34099
243; 317; 34041
244; 317; 33963
245; 317; 33965
246; 317; 34019
247; 317; 34009
248; 317; 33928
249; 317; 33816
250; 317; 33683
251; 317; 33551
252; 317; 33556
253; 317; 33621
254; 317; 33632
255; 317; 33548
256; 317; 33390
257; 317; 33330
258; 317; 33318
259; 317; 33267
260; 317; 33224
206; 318; 33907
207; 318; 33529
208; 318; 33437
209; 318; 33662
210; 318; 33885
211; 318; 33988
212; 318; 34139
213; 318; 34503
214; 318; 34816
215; 318; 35054
216; 318; 35143
217; 318; 34832
218; 318; 34062
219; 318; 33465
220; 318; 33592
221; 318; 34101
222; 318; 34242
223; 318; 34145
224; 318; 33984
225; 318; 33987
226; 318; 34028
227; 318; 34032
228; 318; 34023
229; 318; 34028
230; 318; 34010
231; 318; 34002
232; 318; 34165
233; 318; 34396
234; 318; 34397
235; 318; 34091
236; 318; 33737
237; 318; 33630
238; 318; 33704
239; 318; 33709
240; 318; 33747
241; 318; 33855
242; 318; 34001
243; 318; 34030
244; 318; 33973
245; 318; 33962
246; 318; 34031
247; 318; 34056
248; 318; 33991
249; 318; 33893
250; 318; 33740
251; 318; 33595
252; 318; 33543
253; 318; 33572
254; 318; 33603
255; 318; 33564
256; 318; 33494
257; 318; 33437
258; 318; 33351
259; 318; 33222
260; 318; 33145
206; 319; 33683
207; 319; 33447
208; 319; 33302
209; 319; 33531
210; 319; 33873
211; 319; 33929
212; 319; 33959
213; 319; 34281
214; 319; 34736
215; 319; 35004
216; 319; 34976
217; 319; 34618
218; 319; 34011
219; 319; 33643
220; 319; 33750
221; 319; 34094
222; 319; 34178
223; 319; 34084
224; 319; 34032
225; 319; 34061
226; 319; 34061
227; 319; 33985
228; 319; 33942
229; 319; 34011
230; 319; 34070
231; 319; 34090
232; 319; 34190
233; 319; 34500
234; 319; 34739
235; 319; 34655
236; 319; 34357
237; 319; 34003
238; 319; 33756
239; 319; 33627
240; 319; 33633
241; 319; 33758
242; 319; 33935
243; 319; 34047
244; 319; 34009
245; 319; 33986
246; 319; 34023
247; 319; 34064
248; 319; 34047
249; 319; 33985
250; 319; 33850
251; 319; 33652
252; 319; 33545
253; 319; 33543
254; 319; 33562
255; 319; 33527
256; 319; 33481
257; 319; 33464
258; 319; 33411
259; 319; 33281
260; 319; 33160
206; 320; 33291
207; 320; 33342
208; 320; 33238
209; 320; 33340
210; 320; 33746
211; 320; 34021
212; 320; 34083
213; 320; 34205
214; 320; 34487
215; 320; 34582
216; 320; 34338
217; 320; 33937
218; 320; 33784
219; 320; 33871
220; 320; 34040
221; 320; 34059
222; 320; 34036
223; 320; 34032
224; 320; 34070
225; 320; 34096
226; 320; 34048
227; 320; 33973
228; 320; 33976
229; 320; 34039
230; 320; 33998
231; 320; 33745
232; 320; 33634
233; 320; 33803
234; 320; 34087
235; 320; 34340
236; 320; 34484
237; 320; 34348
238; 320; 33952
239; 320; 33689
240; 320; 33727
241; 320; 33928
242; 320; 34080
243; 320; 34168
244; 320; 34167
245; 320; 34087
246; 320; 34038
247; 320; 34026
248; 320; 34008
249; 320; 33980
250; 320; 33932
251; 320; 33791
252; 320; 33628
253; 320; 33579
254; 320; 33554
255; 320; 33483
256; 320; 33412
257; 320; 33411
258; 320; 33413
259; 320; 33341
260; 320; 33256
206; 321; 33162
207; 321; 33385
208; 321; 33202
209; 321; 33106
210; 321; 33467
211; 321; 34062
212; 321; 34368
213; 321; 34412
214; 321; 34418
215; 321; 34325
216; 321; 33922
217; 321; 33461
218; 321; 33483
219; 321; 33890
220; 321; 34192
221; 321; 34152
222; 321; 34047
223; 321; 34047
224; 321; 34076
225; 321; 34044
226; 321; 34006
227; 321; 34049
228; 321; 34153
229; 321; 34090
230; 321; 33707
231; 321; 33229
232; 321; 32893
233; 321; 32923
234; 321; 33123
235; 321; 33526
236; 321; 34059
237; 321; 34283
238; 321; 34120
239; 321; 33929
240; 321; 33995
241; 321; 34173
242; 321; 34216
243; 321; 34272
244; 321; 34317
245; 321; 34258
246; 321; 34112
247; 321; 34002
248; 321; 33948
249; 321; 33947
250; 321; 33968
251; 321; 33929
252; 321; 33760
253; 321; 33649
254; 321; 33597
255; 321; 33518
256; 321; 33415
257; 321; 33394
258; 321; 33407
259; 321; 33377
260; 321; 33344
206; 322; 33375
207; 322; 33440
208; 322; 33279
209; 322; 33026
210; 322; 33137
211; 322; 33720
212; 322; 34239
213; 322; 34450
214; 322; 34536
215; 322; 34549
216; 322; 34149
217; 322; 33520
218; 322; 33328
219; 322; 33616
220; 322; 34114
221; 322; 34191
222; 322; 34128
223; 322; 34097
224; 322; 34061
225; 322; 33980
226; 322; 33983
227; 322; 34140
228; 322; 34184
229; 322; 33838
230; 322; 33292
231; 322; 33020
232; 322; 32882
233; 322; 32834
234; 322; 32953
235; 322; 33057
236; 322; 33446
237; 322; 33887
238; 322; 34073
239; 322; 34115
240; 322; 34171
241; 322; 34176
242; 322; 34183
243; 322; 34235
244; 322; 34297
245; 322; 34266
246; 322; 34162
247; 322; 34060
248; 322; 33988
249; 322; 33968
250; 322; 33996
251; 322; 33981
252; 322; 33847
253; 322; 33697
254; 322; 33667
255; 322; 33667
256; 322; 33568
257; 322; 33470
258; 322; 33430
259; 322; 33380
260; 322; 33358
206; 323; 33327
207; 323; 33342
208; 323; 33254
209; 323; 33103
210; 323; 33140
211; 323; 33413
212; 323; 33806
213; 323; 34231
214; 323; 34568
215; 323; 34688
216; 323; 34540
217; 323; 33905
218; 323; 33354
219; 323; 33397
220; 323; 33821
221; 323; 34121
222; 323; 34130
223; 323; 34121
224; 323; 34070
225; 323; 34012
226; 323; 34062
227; 323; 34151
228; 323; 33907
229; 323; 33348
230; 323; 32990
231; 323; 33069
232; 323; 33301
233; 323; 33328
234; 323; 33131
235; 323; 32920
236; 323; 32973
237; 323; 33328
238; 323; 33823
239; 323; 34132
240; 323; 34168
241; 323; 34078
242; 323; 34035
243; 323; 34089
244; 323; 34148
245; 323; 34143
246; 323; 34134
247; 323; 34145
248; 323; 34115
249; 323; 34026
250; 323; 33986
251; 323; 33961
252; 323; 33868
253; 323; 33744
254; 323; 33724
255; 323; 33739
256; 323; 33706
257; 323; 33613
258; 323; 33476
259; 323; 33355
260; 323; 33318
206; 324; 32961
207; 324; 33041
208; 324; 33216
209; 324; 33470
210; 324; 33652
211; 324; 33627
212; 324; 33637
213; 324; 33896
214; 324; 34329
215; 324; 34605
216; 324; 34558
217; 324; 34175
218; 324; 33694
219; 324; 33551
220; 324; 33720
221; 324; 33921
222; 324; 34076
223; 324; 34140
224; 324; 34131
225; 324; 34137
226; 324; 34205
227; 324; 34094
228; 324; 33564
229; 324; 33096
230; 324; 33157
231; 324; 33564
232; 324; 33826
233; 324; 33863
234; 324; 33722
235; 324; 33379
236; 324; 33027
237; 324; 32956
238; 324; 33398
239; 324; 33909
240; 324; 34090
241; 324; 34002
242; 324; 33953
243; 324; 33988
244; 324; 34044
245; 324; 34032
246; 324; 34058
247; 324; 34151
248; 324; 34181
249; 324; 34085
250; 324; 33929
251; 324; 33887
252; 324; 33843
253; 324; 33765
254; 324; 33703
255; 324; 33691
256; 324; 33686
257; 324; 33633
258; 324; 33460
259; 324; 33345
260; 324; 33308
206; 325; 32828
207; 325; 33014
208; 325; 33359
209; 325; 33839
210; 325; 34166
211; 325; 34110
212; 325; 33773
213; 325; 33714
214; 325; 33991
215; 325; 34302
216; 325; 34402
217; 325; 34232
218; 325; 34010
219; 325; 33928
220; 325; 33859
221; 325; 33891
222; 325; 34022
223; 325; 34174
224; 325; 34190
225; 325; 34226
226; 325; 34285
227; 325; 34061
228; 325; 33490
229; 325; 33228
230; 325; 33477
231; 325; 33789
232; 325; 33807
233; 325; 33805
234; 325; 33848
235; 325; 33728
236; 325; 33358
237; 325; 33005
238; 325; 33136
239; 325; 33618
240; 325; 33950
241; 325; 34023
242; 325; 33980
243; 325; 34039
244; 325; 34085
245; 325; 34044
246; 325; 34012
247; 325; 34088
248; 325; 34176
249; 325; 34144
250; 325; 33988
251; 325; 33883
252; 325; 33871
253; 325; 33781
254; 325; 33668
255; 325; 33626
256; 325; 33654
257; 325; 33619
258; 325; 33494
259; 325; 33380
260; 325; 33353
206; 326; 33113
207; 326; 33284
208; 326; 33436
209; 326; 33727
210; 326; 34114
211; 326; 34168
212; 326; 33914
213; 326; 33795
214; 326; 34026
215; 326; 34358
216; 326; 34350
217; 326; 34179
218; 326; 34125
219; 326; 34191
220; 326; 34110
221; 326; 33990
222; 326; 34064
223; 326; 34174
224; 326; 34172
225; 326; 34185
226; 326; 34224
227; 326; 34054
228; 326; 33646
229; 326; 33471
230; 326; 33626
231; 326; 33778
232; 326; 33740
233; 326; 33739
234; 326; 33831
235; 326; 33836
236; 326; 33547
237; 326; 33217
238; 326; 33233
239; 326; 33644
240; 326; 34032
241; 326; 34148
242; 326; 34157
243; 326; 34217
244; 326; 34230
245; 326; 34146
246; 326; 34045
247; 326; 34048
248; 326; 34136
249; 326; 34187
250; 326; 34162
251; 326; 34055
252; 326; 34011
253; 326; 33888
254; 326; 33728
255; 326; 33705
256; 326; 33799
257; 326; 33743
258; 326; 33558
259; 326; 33469
260; 326; 33438
206; 327; 33808
207; 327; 33894
208; 327; 33733
209; 327; 33694
210; 327; 33874
211; 327; 34051
212; 327; 34003
213; 327; 34046
214; 327; 34395
215; 327; 34581
216; 327; 34295
217; 327; 33888
218; 327; 33937
219; 327; 34245
220; 327; 34323
221; 327; 34251
222; 327; 34233
223; 327; 34202
224; 327; 34120
225; 327; 34081
226; 327; 34119
227; 327; 34113
228; 327; 33938
229; 327; 33717
230; 327; 33664
231; 327; 33686
232; 327; 33742
233; 327; 33827
234; 327; 33881
235; 327; 33796
236; 327; 33513
237; 327; 33378
238; 327; 33571
239; 327; 33972
240; 327; 34200
241; 327; 34223
242; 327; 34211
243; 327; 34226
244; 327; 34223
245; 327; 34191
246; 327; 34147
247; 327; 34107
248; 327; 34115
249; 327; 34174
250; 327; 34211
251; 327; 34187
252; 327; 34099
253; 327; 33920
254; 327; 33838
255; 327; 33928
256; 327; 33999
257; 327; 33842
258; 327; 33594
259; 327; 33543
260; 327; 33530
206; 328; 34051
207; 328; 34275
208; 328; 34281
209; 328; 34093
210; 328; 34018
211; 328; 34063
212; 328; 34112
213; 328; 34262
214; 328; 34586
215; 328; 34657
216; 328; 34156
217; 328; 33653
218; 328; 33809
219; 328; 34288
220; 328; 34416
221; 328; 34375
222; 328; 34321
223; 328; 34246
224; 328; 34086
225; 328; 34033
226; 328; 34076
227; 328; 34178
228; 328; 34207
229; 328; 34053
230; 328; 33763
231; 328; 33580
232; 328; 33649
233; 328; 33799
234; 328; 33864
235; 328; 33707
236; 328; 33554
237; 328; 33641
238; 328; 33981
239; 328; 34222
240; 328; 34225
241; 328; 34182
242; 328; 34146
243; 328; 34123
244; 328; 34122
245; 328; 34188
246; 328; 34264
247; 328; 34246
248; 328; 34170
249; 328; 34153
250; 328; 34193
251; 328; 34186
252; 328; 34054
253; 328; 33824
254; 328; 33829
255; 328; 34033
256; 328; 34069
257; 328; 33853
258; 328; 33565
259; 328; 33557
260; 328; 33579
206; 329; 33746
207; 329; 34228
208; 329; 34597
209; 329; 34559
210; 329; 34326
211; 329; 34181
212; 329; 34102
213; 329; 34117
214; 329; 34409
215; 329; 34480
216; 329; 34015
217; 329; 33672
218; 329; 33891
219; 329; 34328
220; 329; 34372
221; 329; 34294
222; 329; 34298
223; 329; 34270
224; 329; 34098
225; 329; 33999
226; 329; 34011
227; 329; 34115
228; 329; 34298
229; 329; 34368
230; 329; 34219
231; 329; 33858
232; 329; 33610
233; 329; 33619
234; 329; 33725
235; 329; 33795
236; 329; 33890
237; 329; 34097
238; 329; 34260
239; 329; 34244
240; 329; 34166
241; 329; 34099
242; 329; 34070
243; 329; 34060
244; 329; 34092
245; 329; 34206
246; 329; 34353
247; 329; 34382
248; 329; 34282
249; 329; 34206
250; 329; 34201
251; 329; 34189
252; 329; 34004
253; 329; 33758
254; 329; 33782
255; 329; 33997
256; 329; 34041
257; 329; 33821
258; 329; 33561
259; 329; 33541
260; 329; 33544
206; 330; 33275
207; 330; 33861
208; 330; 34403
209; 330; 34515
210; 330; 34338
211; 330; 34170
212; 330; 33926
213; 330; 33819
214; 330; 34044
215; 330; 34252
216; 330; 33960
217; 330; 33797
218; 330; 34006
219; 330; 34319
220; 330; 34238
221; 330; 34173
222; 330; 34260
223; 330; 34298
224; 330; 34151
225; 330; 34011
226; 330; 33965
227; 330; 33957
228; 330; 34167
229; 330; 34499
230; 330; 34693
231; 330; 34515
232; 330; 34073
233; 330; 33771
234; 330; 33785
235; 330; 34032
236; 330; 34312
237; 330; 34405
238; 330; 34317
239; 330; 34198
240; 330; 34150
241; 330; 34141
242; 330; 34143
243; 330; 34152
244; 330; 34172
245; 330; 34228
246; 330; 34337
247; 330; 34408
248; 330; 34381
249; 330; 34302
250; 330; 34265
251; 330; 34228
252; 330; 34018
253; 330; 33768
254; 330; 33717
255; 330; 33821
256; 330; 33841
257; 330; 33737
258; 330; 33613
259; 330; 33542
260; 330; 33458
206; 331; 32953
207; 331; 33367
208; 331; 33893
209; 331; 34158
210; 331; 34219
211; 331; 34092
212; 331; 33783
213; 331; 33665
214; 331; 33869
215; 331; 34125
216; 331; 33944
217; 331; 33788
218; 331; 33973
219; 331; 34268
220; 331; 34212
221; 331; 34171
222; 331; 34265
223; 331; 34321
224; 331; 34269
225; 331; 34175
226; 331; 34050
227; 331; 33941
228; 331; 34013
229; 331; 34326
230; 331; 34688
231; 331; 34780
232; 331; 34619
233; 331; 34355
234; 331; 34230
235; 331; 34294
236; 331; 34340
237; 331; 34302
238; 331; 34139
239; 331; 34134
240; 331; 34216
241; 331; 34264
242; 331; 34256
243; 331; 34239
244; 331; 34209
245; 331; 34188
246; 331; 34245
247; 331; 34399
248; 331; 34427
249; 331; 34372
250; 331; 34302
251; 331; 34196
252; 331; 33977
253; 331; 33774
254; 331; 33659
255; 331; 33621
256; 331; 33577
257; 331; 33630
258; 331; 33663
259; 331; 33633
260; 331; 33471
206; 332; 32920
207; 332; 33006
208; 332; 33387
209; 332; 33821
210; 332; 34165
211; 332; 34265
212; 332; 33957
213; 332; 33726
214; 332; 33926
215; 332; 34143
216; 332; 33971
217; 332; 33729
218; 332; 33842
219; 332; 34186
220; 332; 34238
221; 332; 34216
222; 332; 34239
223; 332; 34272
224; 332; 34295
225; 332; 34358
226; 332; 34356
227; 332; 34222
228; 332; 34102
229; 332; 34092
230; 332; 34133
231; 332; 34330
232; 332; 34566
233; 332; 34739
234; 332; 34691
235; 332; 34490
236; 332; 34205
237; 332; 34012
238; 332; 33962
239; 332; 34071
240; 332; 34214
241; 332; 34248
242; 332; 34215
243; 332; 34202
244; 332; 34179
245; 332; 34138
246; 332; 34196
247; 332; 34309
248; 332; 34371
249; 332; 34345
250; 332; 34259
251; 332; 34079
252; 332; 33930
253; 332; 33856
254; 332; 33803
255; 332; 33706
256; 332; 33644
257; 332; 33728
258; 332; 33895
259; 332; 33931
260; 332; 33755
206; 333; 33042
207; 333; 32936
208; 333; 33031
209; 333; 33447
210; 333; 34024
211; 333; 34448
212; 333; 34432
213; 333; 34116
214; 333; 34073
215; 333; 34098
216; 333; 33971
217; 333; 33709
218; 333; 33775
219; 333; 34125
220; 333; 34270
221; 333; 34239
222; 333; 34168
223; 333; 34105
224; 333; 34158
225; 333; 34337
226; 333; 34412
227; 333; 34416
228; 333; 34369
229; 333; 34175
230; 333; 33858
231; 333; 33740
232; 333; 34138
233; 333; 34726
234; 333; 34904
235; 333; 34656
236; 333; 34282
237; 333; 34026
238; 333; 33966
239; 333; 34040
240; 333; 34081
241; 333; 34072
242; 333; 34099
243; 333; 34188
244; 333; 34213
245; 333; 34120
246; 333; 33968
247; 333; 33940
248; 333; 34039
249; 333; 34196
250; 333; 34232
251; 333; 34143
252; 333; 34082
253; 333; 34169
254; 333; 34245
255; 333; 34193
256; 333; 34100
257; 333; 34110
258; 333; 34223
259; 333; 34300
260; 333; 34209
206; 334; 33169
207; 334; 33004
208; 334; 32871
209; 334; 33032
210; 334; 33589
211; 334; 34270
212; 334; 34615
213; 334; 34427
214; 334; 34062
215; 334; 33972
216; 334; 33917
217; 334; 33768
218; 334; 33799
219; 334; 34125
220; 334; 34328
221; 334; 34291
222; 334; 34184
223; 334; 34070
224; 334; 34039
225; 334; 34087
226; 334; 34260
227; 334; 34359
228; 334; 34441
229; 334; 34486
230; 334; 34211
231; 334; 33838
232; 334; 33970
233; 334; 34524
234; 334; 34836
235; 334; 34716
236; 334; 34466
237; 334; 34300
238; 334; 34156
239; 334; 34051
240; 334; 33976
241; 334; 33971
242; 334; 34103
243; 334; 34282
244; 334; 34256
245; 334; 33939
246; 334; 33652
247; 334; 33614
248; 334; 33799
249; 334; 34063
250; 334; 34277
251; 334; 34354
252; 334; 34366
253; 334; 34429
254; 334; 34488
255; 334; 34449
256; 334; 34347
257; 334; 34287
258; 334; 34329
259; 334; 34448
260; 334; 34502
206; 335; 33204
207; 335; 33189
208; 335; 32957
209; 335; 32808
210; 335; 33036
211; 335; 33687
212; 335; 34274
213; 335; 34407
214; 335; 34159
215; 335; 33941
216; 335; 33861
217; 335; 33768
218; 335; 33785
219; 335; 34093
220; 335; 34330
221; 335; 34336
222; 335; 34331
223; 335; 34293
224; 335; 34163
225; 335; 34064
226; 335; 34084
227; 335; 34071
228; 335; 34160
229; 335; 34353
230; 335; 34413
231; 335; 34296
232; 335; 34252
233; 335; 34414
234; 335; 34569
235; 335; 34563
236; 335; 34486
237; 335; 34402
238; 335; 34275
239; 335; 34087
240; 335; 33994
241; 335; 34046
242; 335; 34253
243; 335; 34319
244; 335; 34128
245; 335; 33736
246; 335; 33614
247; 335; 33816
248; 335; 34040
249; 335; 34135
250; 335; 34222
251; 335; 34341
252; 335; 34394
253; 335; 34410
254; 335; 34394
255; 335; 34346
256; 335; 34290
257; 335; 34272
258; 335; 34315
259; 335; 34451
260; 335; 34531
206; 336; 33200
207; 336; 33212
208; 336; 33166
209; 336; 32935
210; 336; 32794
211; 336; 33086
212; 336; 33773
213; 336; 34285
214; 336; 34355
215; 336; 34141
216; 336; 33898
217; 336; 33700
218; 336; 33711
219; 336; 33992
220; 336; 34260
221; 336; 34336
222; 336; 34432
223; 336; 34564
224; 336; 34528
225; 336; 34360
226; 336; 34140
227; 336; 33861
228; 336; 33615
229; 336; 33642
230; 336; 34010
231; 336; 34339
232; 336; 34433
233; 336; 34391
234; 336; 34353
235; 336; 34300
236; 336; 34279
237; 336; 34228
238; 336; 34180
239; 336; 34139
240; 336; 34129
241; 336; 34229
242; 336; 34271
243; 336; 34241
244; 336; 33968
245; 336; 33812
246; 336; 34042
247; 336; 34462
248; 336; 34542
249; 336; 34293
250; 336; 34098
251; 336; 34113
252; 336; 34224
253; 336; 34290
254; 336; 34303
255; 336; 34285
256; 336; 34260
257; 336; 34296
258; 336; 34358
259; 336; 34409
260; 336; 34452
206; 337; 33229
207; 337; 33187
208; 337; 33187
209; 337; 33164
210; 337; 32923
211; 337; 32876
212; 337; 33397
213; 337; 34131
214; 337; 34483
215; 337; 34361
216; 337; 33991
217; 337; 33715
218; 337; 33713
219; 337; 33969
220; 337; 34221
221; 337; 34325
222; 337; 34440
223; 337; 34592
224; 337; 34625
225; 337; 34525
226; 337; 34292
227; 337; 33867
228; 337; 33411
229; 337; 33265
230; 337; 33571
231; 337; 34062
232; 337; 34289
233; 337; 34286
234; 337; 34203
235; 337; 34207
236; 337; 34212
237; 337; 34188
238; 337; 34170
239; 337; 34221
240; 337; 34300
241; 337; 34291
242; 337; 34240
243; 337; 34085
244; 337; 34024
245; 337; 34145
246; 337; 34491
247; 337; 34718
248; 337; 34634
249; 337; 34281
250; 337; 34087
251; 337; 34092
252; 337; 34184
253; 337; 34253
254; 337; 34304
255; 337; 34294
256; 337; 34187
257; 337; 34181
258; 337; 34248
259; 337; 34244
260; 337; 34249
206; 338; 33514
207; 338; 33259
208; 338; 33155
209; 338; 33174
210; 338; 33032
211; 338; 32922
212; 338; 33219
213; 338; 33865
214; 338; 34344
215; 338; 34391
216; 338; 34119
217; 338; 33804
218; 338; 33783
219; 338; 34041
220; 338; 34278
221; 338; 34338
222; 338; 34363
223; 338; 34371
224; 338; 34396
225; 338; 34412
226; 338; 34416
227; 338; 34254
228; 338; 33988
229; 338; 33775
230; 338; 33743
231; 338; 33799
232; 338; 33857
233; 338; 33952
234; 338; 34085
235; 338; 34211
236; 338; 34285
237; 338; 34338
238; 338; 34362
239; 338; 34379
240; 338; 34384
241; 338; 34323
242; 338; 34102
243; 338; 33935
244; 338; 34063
245; 338; 34351
246; 338; 34508
247; 338; 34490
248; 338; 34320
249; 338; 34220
250; 338; 34228
251; 338; 34341
252; 338; 34338
253; 338; 34280
254; 338; 34268
255; 338; 34156
256; 338; 33917
257; 338; 33866
258; 338; 33993
259; 338; 34112
260; 338; 34179
206; 339; 34022
207; 339; 33621
208; 339; 33276
209; 339; 33117
210; 339; 33050
211; 339; 33007
212; 339; 33160
213; 339; 33562
214; 339; 34042
215; 339; 34271
216; 339; 34158
217; 339; 33840
218; 339; 33765
219; 339; 34054
220; 339; 34342
221; 339; 34397
222; 339; 34350
223; 339; 34245
224; 339; 34136
225; 339; 34206
226; 339; 34543
227; 339; 34854
228; 339; 34906
229; 339; 34595
230; 339; 34121
231; 339; 33642
232; 339; 33468
233; 339; 33657
234; 339; 34021
235; 339; 34257
236; 339; 34364
237; 339; 34416
238; 339; 34408
239; 339; 34395
240; 339; 34389
241; 339; 34232
242; 339; 33897
243; 339; 33833
244; 339; 34078
245; 339; 34325
246; 339; 34333
247; 339; 34231
248; 339; 34186
249; 339; 34189
250; 339; 34287
251; 339; 34405
252; 339; 34384
253; 339; 34271
254; 339; 34171
255; 339; 34054
256; 339; 33928
257; 339; 33945
258; 339; 34059
259; 339; 34163
260; 339; 34197
206; 340; 34383
207; 340; 34120
208; 340; 33581
209; 340; 33191
210; 340; 33065
211; 340; 33091
212; 340; 33217
213; 340; 33429
214; 340; 33770
215; 340; 34105
216; 340; 34126
217; 340; 33828
218; 340; 33721
219; 340; 33915
220; 340; 34304
221; 340; 34420
222; 340; 34376
223; 340; 34299
224; 340; 34165
225; 340; 34121
226; 340; 34455
227; 340; 35019
228; 340; 35234
229; 340; 34884
230; 340; 34112
231; 340; 33467
232; 340; 33320
233; 340; 33534
234; 340; 33998
235; 340; 34289
236; 340; 34403
237; 340; 34382
238; 340; 34321
239; 340; 34347
240; 340; 34393
241; 340; 34139
242; 340; 33796
243; 340; 33872
244; 340; 34206
245; 340; 34274
246; 340; 34231
247; 340; 34250
248; 340; 34260
249; 340; 34188
250; 340; 34108
251; 340; 34156
252; 340; 34177
253; 340; 34127
254; 340; 34077
255; 340; 34103
256; 340; 34281
257; 340; 34436
258; 340; 34352
259; 340; 34136
260; 340; 34063
206; 341; 34429
207; 341; 34386
208; 341; 34004
209; 341; 33469
210; 341; 33228
211; 341; 33255
212; 341; 33367
213; 341; 33502
214; 341; 33729
215; 341; 34036
216; 341; 34114
217; 341; 33904
218; 341; 33705
219; 341; 33796
220; 341; 34132
221; 341; 34330
222; 341; 34348
223; 341; 34390
224; 341; 34355
225; 341; 34205
226; 341; 34323
227; 341; 34748
228; 341; 35017
229; 341; 34846
230; 341; 34285
231; 341; 33658
232; 341; 33381
233; 341; 33541
234; 341; 33898
235; 341; 34245
236; 341; 34380
237; 341; 34320
238; 341; 34258
239; 341; 34377
240; 341; 34463
241; 341; 34103
242; 341; 33843
243; 341; 34010
244; 341; 34384
245; 341; 34307
246; 341; 34049
247; 341; 34070
248; 341; 34190
249; 341; 34104
250; 341; 33927
251; 341; 33887
252; 341; 33931
253; 341; 34007
254; 341; 34026
255; 341; 34179
256; 341; 34524
257; 341; 34687
258; 341; 34444
259; 341; 34012
260; 341; 33928
206; 342; 34376
207; 342; 34456
208; 342; 34341
209; 342; 33874
210; 342; 33445
211; 342; 33359
212; 342; 33473
213; 342; 33674
214; 342; 33905
215; 342; 34131
216; 342; 34243
217; 342; 34116
218; 342; 33820
219; 342; 33744
220; 342; 33922
221; 342; 34182
222; 342; 34295
223; 342; 34389
224; 342; 34483
225; 342; 34461
226; 342; 34369
227; 342; 34433
228; 342; 34710
229; 342; 34918
230; 342; 34803
231; 342; 34285
232; 342; 33808
233; 342; 33683
234; 342; 33889
235; 342; 34168
236; 342; 34344
237; 342; 34324
238; 342; 34301
239; 342; 34420
240; 342; 34404
241; 342; 33990
242; 342; 33805
243; 342; 34192
244; 342; 34578
245; 342; 34350
246; 342; 33900
247; 342; 33767
248; 342; 33844
249; 342; 33939
250; 342; 33930
251; 342; 33965
252; 342; 34032
253; 342; 34098
254; 342; 34101
255; 342; 34165
256; 342; 34383
257; 342; 34539
258; 342; 34398
259; 342; 34150
260; 342; 34035
206; 343; 34362
207; 343; 34452
208; 343; 34504
209; 343; 34138
210; 343; 33566
211; 343; 33309
212; 343; 33365
213; 343; 33652
214; 343; 33991
215; 343; 34277
216; 343; 34418
217; 343; 34324
218; 343; 33962
219; 343; 33684
220; 343; 33756
221; 343; 34070
222; 343; 34242
223; 343; 34306
224; 343; 34457
225; 343; 34515
226; 343; 34451
227; 343; 34345
228; 343; 34502
229; 343; 34939
230; 343; 35109
231; 343; 34768
232; 343; 34269
233; 343; 34047
234; 343; 34143
235; 343; 34266
236; 343; 34353
237; 343; 34375
238; 343; 34353
239; 343; 34293
240; 343; 34008
241; 343; 33766
242; 343; 33910
243; 343; 34452
244; 343; 34717
245; 343; 34466
246; 343; 34050
247; 343; 33840
248; 343; 33855
249; 343; 34018
250; 343; 34237
251; 343; 34419
252; 343; 34462
253; 343; 34422
254; 343; 34282
255; 343; 34036
256; 343; 33897
257; 343; 33982
258; 343; 34231
259; 343; 34362
260; 343; 34336
206; 344; 34314
207; 344; 34433
208; 344; 34525
209; 344; 34260
210; 344; 33688
211; 344; 33349
212; 344; 33317
213; 344; 33409
214; 344; 33815
215; 344; 34276
216; 344; 34576
217; 344; 34537
218; 344; 34111
219; 344; 33670
220; 344; 33603
221; 344; 33907
222; 344; 34176
223; 344; 34182
224; 344; 34244
225; 344; 34388
226; 344; 34400
227; 344; 34352
228; 344; 34416
229; 344; 34642
230; 344; 34811
231; 344; 34694
232; 344; 34541
233; 344; 34531
234; 344; 34543
235; 344; 34461
236; 344; 34379
237; 344; 34428
238; 344; 34431
239; 344; 34156
240; 344; 33790
241; 344; 33788
242; 344; 34232
243; 344; 34637
244; 344; 34656
245; 344; 34477
246; 344; 34368
247; 344; 34324
248; 344; 34329
249; 344; 34462
250; 344; 34655
251; 344; 34729
252; 344; 34637
253; 344; 34476
254; 344; 34267
255; 344; 33903
256; 344; 33536
257; 344; 33513
258; 344; 33942
259; 344; 34369
260; 344; 34319
206; 345; 34245
207; 345; 34382
208; 345; 34518
209; 345; 34458
210; 345; 34049
211; 345; 33618
212; 345; 33383
213; 345; 33250
214; 345; 33383
215; 345; 33962
216; 345; 34526
217; 345; 34675
218; 345; 34347
219; 345; 33796
220; 345; 33598
221; 345; 33791
222; 345; 34041
223; 345; 34113
224; 345; 34177
225; 345; 34284
226; 345; 34379
227; 345; 34395
228; 345; 34344
229; 345; 34280
230; 345; 34282
231; 345; 34413
232; 345; 34605
233; 345; 34670
234; 345; 34635
235; 345; 34441
236; 345; 34376
237; 345; 34455
238; 345; 34506
239; 345; 34313
240; 345; 34071
241; 345; 34212
242; 345; 34540
243; 345; 34556
244; 345; 34356
245; 345; 34296
246; 345; 34477
247; 345; 34572
248; 345; 34603
249; 345; 34673
250; 345; 34719
251; 345; 34634
252; 345; 34403
253; 345; 34227
254; 345; 34140
255; 345; 34021
256; 345; 33849
257; 345; 33833
258; 345; 34060
259; 345; 34247
260; 345; 34166
206; 346; 34250
207; 346; 34317
208; 346; 34479
209; 346; 34561
210; 346; 34371
211; 346; 33948
212; 346; 33556
213; 346; 33273
214; 346; 33097
215; 346; 33392
216; 346; 34110
217; 346; 34556
218; 346; 34470
219; 346; 34098
220; 346; 33857
221; 346; 33880
222; 346; 33971
223; 346; 34083
224; 346; 34273
225; 346; 34417
226; 346; 34468
227; 346; 34439
228; 346; 34275
229; 346; 34134
230; 346; 34184
231; 346; 34458
232; 346; 34621
233; 346; 34564
234; 346; 34444
235; 346; 34385
236; 346; 34365
237; 346; 34418
238; 346; 34486
239; 346; 34490
240; 346; 34476
241; 346; 34563
242; 346; 34549
243; 346; 34369
244; 346; 34168
245; 346; 34216
246; 346; 34359
247; 346; 34446
248; 346; 34484
249; 346; 34504
250; 346; 34465
251; 346; 34351
252; 346; 34235
253; 346; 34195
254; 346; 34258
255; 346; 34441
256; 346; 34652
257; 346; 34683
258; 346; 34507
259; 346; 34284
260; 346; 34124
206; 347; 34151
207; 347; 34129
208; 347; 34109
209; 347; 34337
210; 347; 34359
211; 347; 34017
212; 347; 33595
213; 347; 33356
214; 347; 33126
215; 347; 33039
216; 347; 33414
217; 347; 33973
218; 347; 34208
219; 347; 34197
220; 347; 34171
221; 347; 34158
222; 347; 34050
223; 347; 34038
224; 347; 34245
225; 347; 34451
226; 347; 34499
227; 347; 34458
228; 347; 34317
229; 347; 34306
230; 347; 34551
231; 347; 34772
232; 347; 34714
233; 347; 34466
234; 347; 34413
235; 347; 34429
236; 347; 34402
237; 347; 34355
238; 347; 34365
239; 347; 34427
240; 347; 34495
241; 347; 34510
242; 347; 34454
243; 347; 34370
244; 347; 34315
245; 347; 34303
246; 347; 34312
247; 347; 34317
248; 347; 34325
249; 347; 34320
250; 347; 34287
251; 347; 34322
252; 347; 34407
253; 347; 34391
254; 347; 34265
255; 347; 34365
256; 347; 34662
257; 347; 34691
258; 347; 34365
259; 347; 34109
260; 347; 34088
206; 348; 33850
207; 348; 33827
208; 348; 33722
209; 348; 33975
210; 348; 34190
211; 348; 33974
212; 348; 33552
213; 348; 33403
214; 348; 33347
215; 348; 33099
216; 348; 32984
217; 348; 33194
218; 348; 33546
219; 348; 33871
220; 348; 34117
221; 348; 34205
222; 348; 34111
223; 348; 34032
224; 348; 34155
225; 348; 34342
226; 348; 34458
227; 348; 34470
228; 348; 34493
229; 348; 34605
230; 348; 34795
231; 348; 34874
232; 348; 34716
233; 348; 34524
234; 348; 34465
235; 348; 34476
236; 348; 34424
237; 348; 34334
238; 348; 34319
239; 348; 34362
240; 348; 34390
241; 348; 34360
242; 348; 34357
243; 348; 34410
244; 348; 34436
245; 348; 34373
246; 348; 34329
247; 348; 34341
248; 348; 34371
249; 348; 34358
250; 348; 34315
251; 348; 34347
252; 348; 34426
253; 348; 34213
254; 348; 33800
255; 348; 33672
256; 348; 33877
257; 348; 33878
258; 348; 33656
259; 348; 33679
260; 348; 33921
206; 349; 33534
207; 349; 33686
208; 349; 33648
209; 349; 33900
210; 349; 34258
211; 349; 34121
212; 349; 33625
213; 349; 33379
214; 349; 33366
215; 349; 33279
216; 349; 33021
217; 349; 32925
218; 349; 33110
219; 349; 33387
220; 349; 33620
221; 349; 33817
222; 349; 33904
223; 349; 33980
224; 349; 34098
225; 349; 34213
226; 349; 34299
227; 349; 34385
228; 349; 34462
229; 349; 34513
230; 349; 34544
231; 349; 34537
232; 349; 34481
233; 349; 34433
234; 349; 34406
235; 349; 34360
236; 349; 34324
237; 349; 34347
238; 349; 34436
239; 349; 34492
240; 349; 34442
241; 349; 34382
242; 349; 34329
243; 349; 34214
244; 349; 34221
245; 349; 34317
246; 349; 34391
247; 349; 34327
248; 349; 34296
249; 349; 34424
250; 349; 34481
251; 349; 34323
252; 349; 33947
253; 349; 33433
254; 349; 33122
255; 349; 33379
256; 349; 33733
257; 349; 33632
258; 349; 33315
259; 349; 33312
260; 349; 33410
206; 350; 33328
207; 350; 33628
208; 350; 33721
209; 350; 33944
210; 350; 34333
211; 350; 34403
212; 350; 33961
213; 350; 33416
214; 350; 33203
215; 350; 33193
216; 350; 33199
217; 350; 33188
218; 350; 33251
219; 350; 33303
220; 350; 33263
221; 350; 33305
222; 350; 33458
223; 350; 33659
224; 350; 33866
225; 350; 33973
226; 350; 34024
227; 350; 34065
228; 350; 34113
229; 350; 34123
230; 350; 34103
231; 350; 34133
232; 350; 34212
233; 350; 34249
234; 350; 34196
235; 350; 34134
236; 350; 34143
237; 350; 34314
238; 350; 34476
239; 350; 34516
240; 350; 34485
241; 350; 34464
242; 350; 34313
243; 350; 33951
244; 350; 33822
245; 350; 34116
246; 350; 34242
247; 350; 33924
248; 350; 33740
249; 350; 34211
250; 350; 34581
251; 350; 34236
252; 350; 33428
253; 350; 32937
254; 350; 32974
255; 350; 33734
256; 350; 34214
257; 350; 33908
258; 350; 33465
259; 350; 33302
260; 350; 33092
206; 351; 33206
207; 351; 33443
208; 351; 33548
209; 351; 33643
210; 351; 34072
211; 351; 34466
212; 351; 34323
213; 351; 33634
214; 351; 33076
215; 351; 33021
216; 351; 33275
217; 351; 33494
218; 351; 33570
219; 351; 33513
220; 351; 33362
221; 351; 33304
222; 351; 33327
223; 351; 33358
224; 351; 33416
225; 351; 33537
226; 351; 33670
227; 351; 33787
228; 351; 33880
229; 351; 33927
230; 351; 33968
231; 351; 34061
232; 351; 34170
233; 351; 34218
234; 351; 34217
235; 351; 34180
236; 351; 34139
237; 351; 34140
238; 351; 34104
239; 351; 34024
240; 351; 34036
241; 351; 34192
242; 351; 34168
243; 351; 33772
244; 351; 33541
245; 351; 33747
246; 351; 33829
247; 351; 33393
248; 351; 33188
249; 351; 33726
250; 351; 34287
251; 351; 34079
252; 351; 33401
253; 351; 33134
254; 351; 33557
255; 351; 34145
256; 351; 34216
257; 351; 33804
258; 351; 33623
259; 351; 33615
260; 351; 33273
206; 352; 33055
207; 352; 33190
208; 352; 33271
209; 352; 33280
210; 352; 33531
211; 352; 34118
212; 352; 34380
213; 352; 33924
214; 352; 33200
215; 352; 32972
216; 352; 33144
217; 352; 33422
218; 352; 33555
219; 352; 33615
220; 352; 33700
221; 352; 33755
222; 352; 33680
223; 352; 33463
224; 352; 33260
225; 352; 33266
226; 352; 33410
227; 352; 33601
228; 352; 33767
229; 352; 33829
230; 352; 33856
231; 352; 33892
232; 352; 33967
233; 352; 34110
234; 352; 34279
235; 352; 34308
236; 352; 34176
237; 352; 33900
238; 352; 33599
239; 352; 33295
240; 352; 33242
241; 352; 33503
242; 352; 33702
243; 352; 33564
244; 352; 33363
245; 352; 33403
246; 352; 33517
247; 352; 33410
248; 352; 33312
249; 352; 33436
250; 352; 33678
251; 352; 33847
252; 352; 33881
253; 352; 34171
254; 352; 34460
255; 352; 34390
256; 352; 33856
257; 352; 33602
258; 352; 33941
259; 352; 34413
260; 352; 34338
