91; 85; 33567
92; 85; 33263
93; 85; 33117
94; 85; 33162
95; 85; 33195
96; 85; 33139
97; 85; 33067
98; 85; 33027
99; 85; 33075
100; 85; 33100
101; 85; 33042
102; 85; 32984
103; 85; 32957
104; 85; 32935
105; 85; 32925
106; 85; 32930
107; 85; 32919
108; 85; 32875
109; 85; 32852
110; 85; 32873
111; 85; 32883
112; 85; 32872
113; 85; 32860
91; 86; 33394
92; 86; 33139
93; 86; 33047
94; 86; 33202
95; 86; 33315
96; 86; 33192
97; 86; 33044
98; 86; 32944
99; 86; 32969
100; 86; 33039
101; 86; 33027
102; 86; 32965
103; 86; 32914
104; 86; 32890
105; 86; 32892
106; 86; 32900
107; 86; 32894
108; 86; 32866
109; 86; 32846
110; 86; 32848
111; 86; 32836
112; 86; 32823
113; 86; 32819
91; 87; 33078
92; 87; 33017
93; 87; 33032
94; 87; 33147
95; 87; 33247
96; 87; 33151
97; 87; 32977
98; 87; 32908
99; 87; 32912
100; 87; 32947
101; 87; 32960
102; 87; 32946
103; 87; 32908
104; 87; 32874
105; 87; 32879
106; 87; 32891
107; 87; 32882
108; 87; 32866
109; 87; 32847
110; 87; 32828
111; 87; 32818
112; 87; 32819
113; 87; 32810
91; 88; 33049
92; 88; 33110
93; 88; 33111
94; 88; 33099
95; 88; 33100
96; 88; 33038
97; 88; 32929
98; 88; 32944
99; 88; 32996
100; 88; 32989
101; 88; 32949
102; 88; 32946
103; 88; 32937
104; 88; 32895
105; 88; 32886
106; 88; 32895
107; 88; 32883
108; 88; 32863
109; 88; 32842
110; 88; 32817
111; 88; 32809
112; 88; 32818
113; 88; 32815
91; 89; 33107
92; 89; 33213
93; 89; 33199
94; 89; 33119
95; 89; 33037
96; 89; 32949
97; 89; 32932
98; 89; 33045
99; 89; 33185
100; 89; 33180
101; 89; 33063
102; 89; 32977
103; 89; 32937
104; 89; 32911
105; 89; 32902
106; 89; 32902
107; 89; 32882
108; 89; 32850
109; 89; 32832
110; 89; 32824
111; 89; 32812
112; 89; 32820
113; 89; 32822
91; 90; 33059
92; 90; 33183
93; 90; 33220
94; 90; 33148
95; 90; 33039
96; 90; 32923
97; 90; 32974
98; 90; 33173
99; 90; 33312
100; 90; 33315
101; 90; 33231
102; 90; 33073
103; 90; 32933
104; 90; 32911
105; 90; 32927
106; 90; 32919
107; 90; 32898
108; 90; 32864
109; 90; 32841
110; 90; 32842
111; 90; 32833
112; 90; 32825
113; 90; 32828
91; 91; 32983
92; 91; 33067
93; 91; 33141
94; 91; 33120
95; 91; 33043
96; 91; 32916
97; 91; 33028
98; 91; 33258
99; 91; 33280
100; 91; 33252
101; 91; 33311
102; 91; 33213
103; 91; 32995
104; 91; 32924
105; 91; 32948
106; 91; 32940
107; 91; 32932
108; 91; 32898
109; 91; 32844
110; 91; 32841
111; 91; 32844
112; 91; 32828
113; 91; 32837
91; 92; 32929
92; 92; 32967
93; 92; 33025
94; 92; 33045
95; 92; 33006
96; 92; 32886
97; 92; 33089
98; 92; 33299
99; 92; 33199
100; 92; 33126
101; 92; 33278
102; 92; 33299
103; 92; 33094
104; 92; 32960
105; 92; 32958
106; 92; 32959
107; 92; 32960
108; 92; 32925
109; 92; 32848
110; 92; 32835
111; 92; 32844
112; 92; 32834
113; 92; 32860
91; 93; 32896
92; 93; 32915
93; 93; 32945
94; 93; 32965
95; 93; 32923
96; 93; 32896
97; 93; 33150
98; 93; 33318
99; 93; 33180
100; 93; 33099
101; 93; 33226
102; 93; 33270
103; 93; 33114
104; 93; 32975
105; 93; 32967
106; 93; 32976
107; 93; 32956
108; 93; 32915
109; 93; 32857
110; 93; 32843
111; 93; 32854
112; 93; 32858
113; 93; 32912
91; 94; 32926
92; 94; 32924
93; 94; 32918
94; 94; 32907
95; 94; 32871
96; 94; 32919
97; 94; 33142
98; 94; 33277
99; 94; 33187
100; 94; 33138
101; 94; 33187
102; 94; 33167
103; 94; 33054
104; 94; 32977
105; 94; 32989
106; 94; 32984
107; 94; 32916
108; 94; 32865
109; 94; 32839
110; 94; 32840
111; 94; 32871
112; 94; 32899
113; 94; 32984
91; 95; 32979
92; 95; 32976
93; 95; 32939
94; 95; 32905
95; 95; 32909
96; 95; 32941
97; 95; 33073
98; 95; 33184
99; 95; 33156
100; 95; 33133
101; 95; 33143
102; 95; 33096
103; 95; 33025
104; 95; 33000
105; 95; 33004
106; 95; 32966
107; 95; 32894
108; 95; 32856
109; 95; 32834
110; 95; 32838
111; 95; 32890
112; 95; 32949
113; 95; 33109
91; 96; 33020
92; 96; 32997
93; 96; 32953
94; 96; 32941
95; 96; 32975
96; 96; 32980
97; 96; 33029
98; 96; 33107
99; 96; 33103
100; 96; 33086
101; 96; 33093
102; 96; 33071
103; 96; 33030
104; 96; 32995
105; 96; 32958
106; 96; 32907
107; 96; 32882
108; 96; 32872
109; 96; 32849
110; 96; 32867
111; 96; 32924
112; 96; 33035
113; 96; 33318
91; 97; 33023
92; 97; 32991
93; 97; 32955
94; 97; 32957
95; 97; 33003
96; 97; 33008
97; 97; 33006
98; 97; 33045
99; 97; 33061
100; 97; 33050
101; 97; 33042
102; 97; 33035
103; 97; 33001
104; 97; 32938
105; 97; 32884
106; 97; 32856
107; 97; 32860
108; 97; 32856
109; 97; 32847
110; 97; 32895
111; 97; 32979
112; 97; 33199
113; 97; 33638
91; 98; 32996
92; 98; 32975
93; 98; 32960
94; 98; 32951
95; 98; 32983
96; 98; 32996
97; 98; 32980
98; 98; 33002
99; 98; 33022
100; 98; 33010
101; 98; 32999
102; 98; 32994
103; 98; 32952
104; 98; 32889
105; 98; 32853
106; 98; 32844
107; 98; 32843
108; 98; 32847
109; 98; 32861
110; 98; 32927
111; 98; 33071
112; 98; 33440
113; 98; 34018
91; 99; 32958
92; 99; 32933
93; 99; 32926
94; 99; 32925
95; 99; 32950
96; 99; 32967
97; 99; 32965
98; 99; 32979
99; 99; 32972
100; 99; 32943
101; 99; 32940
102; 99; 32934
103; 99; 32891
104; 99; 32862
105; 99; 32847
106; 99; 32824
107; 99; 32829
108; 99; 32853
109; 99; 32907
110; 99; 33006
111; 99; 33226
112; 99; 33725
113; 99; 34357
91; 100; 32927
92; 100; 32899
93; 100; 32883
94; 100; 32898
95; 100; 32926
96; 100; 32940
97; 100; 32932
98; 100; 32926
99; 100; 32917
100; 100; 32889
101; 100; 32879
102; 100; 32862
103; 100; 32832
104; 100; 32834
105; 100; 32833
106; 100; 32812
107; 100; 32826
108; 100; 32862
109; 100; 32954
110; 100; 33136
111; 100; 33465
112; 100; 34042
113; 100; 34636
91; 101; 32899
92; 101; 32890
93; 101; 32869
94; 101; 32879
95; 101; 32904
96; 101; 32911
97; 101; 32885
98; 101; 32871
99; 101; 32888
100; 101; 32885
101; 101; 32860
102; 101; 32831
103; 101; 32817
104; 101; 32824
105; 101; 32816
106; 101; 32815
107; 101; 32844
108; 101; 32888
109; 101; 33040
110; 101; 33336
111; 101; 33746
112; 101; 34311
113; 101; 34837
91; 102; 32871
92; 102; 32861
93; 102; 32852
94; 102; 32869
95; 102; 32889
96; 102; 32885
97; 102; 32857
98; 102; 32851
99; 102; 32875
100; 102; 32872
101; 102; 32835
102; 102; 32817
103; 102; 32827
104; 102; 32820
105; 102; 32810
106; 102; 32823
107; 102; 32859
108; 102; 32947
109; 102; 33199
110; 102; 33589
111; 102; 33978
112; 102; 34418
113; 102; 34884
91; 103; 32852
92; 103; 32832
93; 103; 32842
94; 103; 32877
95; 103; 32881
96; 103; 32866
97; 103; 32847
98; 103; 32840
99; 103; 32848
100; 103; 32840
101; 103; 32813
102; 103; 32821
103; 103; 32835
104; 103; 32815
105; 103; 32805
106; 103; 32836
107; 103; 32902
108; 103; 33047
109; 103; 33328
110; 103; 33716
111; 103; 34067
112; 103; 34407
113; 103; 34820
91; 104; 32826
92; 104; 32822
93; 104; 32848
94; 104; 32877
95; 104; 32863
96; 104; 32854
97; 104; 32846
98; 104; 32832
99; 104; 32833
100; 104; 32836
101; 104; 32832
102; 104; 32844
103; 104; 32847
104; 104; 32818
105; 104; 32816
106; 104; 32862
107; 104; 32976
108; 104; 33138
109; 104; 33329
110; 104; 33608
111; 104; 33963
112; 104; 34355
113; 104; 34767
91; 105; 32802
92; 105; 32819
93; 105; 32848
94; 105; 32869
95; 105; 32858
96; 105; 32856
97; 105; 32849
98; 105; 32843
99; 105; 32849
100; 105; 32854
101; 105; 32858
102; 105; 32866
103; 105; 32864
104; 105; 32861
105; 105; 32871
106; 105; 32909
107; 105; 33018
108; 105; 33168
109; 105; 33330
110; 105; 33534
111; 105; 33820
112; 105; 34235
113; 105; 34693
