289; 283; 33924
290; 283; 33966
291; 283; 33985
292; 283; 33911
293; 283; 33823
294; 283; 33817
295; 283; 33869
296; 283; 33913
297; 283; 33949
298; 283; 33995
299; 283; 34042
300; 283; 34066
301; 283; 34035
302; 283; 33958
303; 283; 33920
304; 283; 33957
305; 283; 34013
306; 283; 34074
307; 283; 34143
308; 283; 34157
309; 283; 34072
310; 283; 33992
311; 283; 34009
312; 283; 34025
313; 283; 33928
314; 283; 33827
315; 283; 33878
316; 283; 34015
317; 283; 34051
318; 283; 33989
319; 283; 33992
320; 283; 34180
321; 283; 34505
322; 283; 34601
323; 283; 34417
324; 283; 34013
325; 283; 33969
326; 283; 34161
327; 283; 34315
328; 283; 34074
329; 283; 33698
330; 283; 33516
331; 283; 33291
332; 283; 33062
333; 283; 33373
334; 283; 34317
335; 283; 35104
336; 283; 35149
337; 283; 34638
338; 283; 34091
339; 283; 33725
340; 283; 33655
289; 284; 33903
290; 284; 33936
291; 284; 33974
292; 284; 33966
293; 284; 33920
294; 284; 33869
295; 284; 33842
296; 284; 33870
297; 284; 33935
298; 284; 33996
299; 284; 34059
300; 284; 34112
301; 284; 34103
302; 284; 34043
303; 284; 34019
304; 284; 34015
305; 284; 33960
306; 284; 33922
307; 284; 33982
308; 284; 34063
309; 284; 34079
310; 284; 34077
311; 284; 34072
312; 284; 33998
313; 284; 33883
314; 284; 33849
315; 284; 33936
316; 284; 34058
317; 284; 34091
318; 284; 34036
319; 284; 34051
320; 284; 34319
321; 284; 34538
322; 284; 34503
323; 284; 34139
324; 284; 33954
325; 284; 34013
326; 284; 34237
327; 284; 34404
328; 284; 34290
329; 284; 33787
330; 284; 33383
331; 284; 33144
332; 284; 33085
333; 284; 33410
334; 284; 34276
335; 284; 35266
336; 284; 35462
337; 284; 34772
338; 284; 33926
339; 284; 33657
340; 284; 33825
289; 285; 33892
290; 285; 33857
291; 285; 33861
292; 285; 33943
293; 285; 34016
294; 285; 33971
295; 285; 33872
296; 285; 33873
297; 285; 33952
298; 285; 33990
299; 285; 34014
300; 285; 34075
301; 285; 34106
302; 285; 34063
303; 285; 34044
304; 285; 34015
305; 285; 33928
306; 285; 33899
307; 285; 33975
308; 285; 34083
309; 285; 34153
310; 285; 34200
311; 285; 34188
312; 285; 34107
313; 285; 34033
314; 285; 33973
315; 285; 33898
316; 285; 33896
317; 285; 34005
318; 285; 34099
319; 285; 34169
320; 285; 34376
321; 285; 34497
322; 285; 34396
323; 285; 34093
324; 285; 34039
325; 285; 34158
326; 285; 34277
327; 285; 34444
328; 285; 34511
329; 285; 34135
330; 285; 33569
331; 285; 33397
332; 285; 33459
333; 285; 33603
334; 285; 34052
335; 285; 34849
336; 285; 35265
337; 285; 34970
338; 285; 34351
339; 285; 34053
340; 285; 34108
289; 286; 33906
290; 286; 33810
291; 286; 33754
292; 286; 33868
293; 286; 34050
294; 286; 34050
295; 286; 33945
296; 286; 33914
297; 286; 33961
298; 286; 33966
299; 286; 33960
300; 286; 34007
301; 286; 34030
302; 286; 33913
303; 286; 33765
304; 286; 33717
305; 286; 33774
306; 286; 33881
307; 286; 34033
308; 286; 34126
309; 286; 34190
310; 286; 34225
311; 286; 34201
312; 286; 34171
313; 286; 34201
314; 286; 34153
315; 286; 33919
316; 286; 33752
317; 286; 33896
318; 286; 34155
319; 286; 34285
320; 286; 34320
321; 286; 34339
322; 286; 34249
323; 286; 34202
324; 286; 34317
325; 286; 34383
326; 286; 34330
327; 286; 34431
328; 286; 34587
329; 286; 34570
330; 286; 34193
331; 286; 33941
332; 286; 33922
333; 286; 33944
334; 286; 33974
335; 286; 34292
336; 286; 34861
337; 286; 35192
338; 286; 35166
339; 286; 34722
340; 286; 34325
289; 287; 33953
290; 287; 33880
291; 287; 33772
292; 287; 33793
293; 287; 33954
294; 287; 34051
295; 287; 33982
296; 287; 33938
297; 287; 33926
298; 287; 33922
299; 287; 33942
300; 287; 33963
301; 287; 33905
302; 287; 33625
303; 287; 33417
304; 287; 33355
305; 287; 33441
306; 287; 33638
307; 287; 33896
308; 287; 34077
309; 287; 34146
310; 287; 34159
311; 287; 34131
312; 287; 34151
313; 287; 34262
314; 287; 34279
315; 287; 34039
316; 287; 33779
317; 287; 33843
318; 287; 34128
319; 287; 34297
320; 287; 34288
321; 287; 34224
322; 287; 34181
323; 287; 34250
324; 287; 34401
325; 287; 34445
326; 287; 34224
327; 287; 34094
328; 287; 34264
329; 287; 34480
330; 287; 34448
331; 287; 34377
332; 287; 34416
333; 287; 34511
334; 287; 34329
335; 287; 34190
336; 287; 34360
337; 287; 35167
338; 287; 35680
339; 287; 35423
340; 287; 34662
289; 288; 33994
290; 288; 33988
291; 288; 33841
292; 288; 33668
293; 288; 33657
294; 288; 33828
295; 288; 33937
296; 288; 33935
297; 288; 33935
298; 288; 33928
299; 288; 33930
300; 288; 33921
301; 288; 33778
302; 288; 33543
303; 288; 33341
304; 288; 33313
305; 288; 33332
306; 288; 33438
307; 288; 33681
308; 288; 33975
309; 288; 34095
310; 288; 34117
311; 288; 34103
312; 288; 34134
313; 288; 34241
314; 288; 34318
315; 288; 34210
316; 288; 33986
317; 288; 33902
318; 288; 34039
319; 288; 34221
320; 288; 34284
321; 288; 34225
322; 288; 34139
323; 288; 34087
324; 288; 34121
325; 288; 34050
326; 288; 33720
327; 288; 33373
328; 288; 33352
329; 288; 33701
330; 288; 34101
331; 288; 34362
332; 288; 34602
333; 288; 34830
334; 288; 34811
335; 288; 34281
336; 288; 34082
337; 288; 34699
338; 288; 35561
339; 288; 35667
340; 288; 35149
289; 289; 33928
290; 289; 33913
291; 289; 33742
292; 289; 33542
293; 289; 33470
294; 289; 33531
295; 289; 33720
296; 289; 33932
297; 289; 34004
298; 289; 33967
299; 289; 33835
300; 289; 33810
301; 289; 33810
302; 289; 33674
303; 289; 33520
304; 289; 33440
305; 289; 33430
306; 289; 33442
307; 289; 33639
308; 289; 33959
309; 289; 34091
310; 289; 34124
311; 289; 34137
312; 289; 34150
313; 289; 34185
314; 289; 34274
315; 289; 34323
316; 289; 34205
317; 289; 34007
318; 289; 33960
319; 289; 34124
320; 289; 34288
321; 289; 34222
322; 289; 33906
323; 289; 33599
324; 289; 33469
325; 289; 33419
326; 289; 33265
327; 289; 33000
328; 289; 32824
329; 289; 32971
330; 289; 33369
331; 289; 33842
332; 289; 34269
333; 289; 34641
334; 289; 34808
335; 289; 34569
336; 289; 34218
337; 289; 34273
338; 289; 34816
339; 289; 35227
340; 289; 35191
289; 290; 33735
290; 290; 33750
291; 290; 33715
292; 290; 33658
293; 290; 33564
294; 290; 33521
295; 290; 33514
296; 290; 33775
297; 290; 33985
298; 290; 33869
299; 290; 33674
300; 290; 33765
301; 290; 34054
302; 290; 34021
303; 290; 33748
304; 290; 33614
305; 290; 33512
306; 290; 33482
307; 290; 33701
308; 290; 34045
309; 290; 34155
310; 290; 34169
311; 290; 34184
312; 290; 34166
313; 290; 34122
314; 290; 34169
315; 290; 34275
316; 290; 34238
317; 290; 34037
318; 290; 33935
319; 290; 34081
320; 290; 34237
321; 290; 33981
322; 290; 33426
323; 290; 33079
324; 290; 33025
325; 290; 33137
326; 290; 33218
327; 290; 33160
328; 290; 32995
329; 290; 32881
330; 290; 32942
331; 290; 33226
332; 290; 33574
333; 290; 33981
334; 290; 34396
335; 290; 34586
336; 290; 34470
337; 290; 34191
338; 290; 34094
339; 290; 34326
340; 290; 34746
289; 291; 33757
290; 291; 33908
291; 291; 34069
292; 291; 34057
293; 291; 33922
294; 291; 33602
295; 291; 33401
296; 291; 33421
297; 291; 33634
298; 291; 33563
299; 291; 33573
300; 291; 33996
301; 291; 34411
302; 291; 34314
303; 291; 33859
304; 291; 33559
305; 291; 33406
306; 291; 33405
307; 291; 33752
308; 291; 34186
309; 291; 34281
310; 291; 34231
311; 291; 34201
312; 291; 34150
313; 291; 34070
314; 291; 34072
315; 291; 34154
316; 291; 34154
317; 291; 34043
318; 291; 34002
319; 291; 34101
320; 291; 34055
321; 291; 33535
322; 291; 33003
323; 291; 32934
324; 291; 33054
325; 291; 33212
326; 291; 33332
327; 291; 33454
328; 291; 33498
329; 291; 33323
330; 291; 33115
331; 291; 33110
332; 291; 33173
333; 291; 33404
334; 291; 33803
335; 291; 34342
336; 291; 34553
337; 291; 34369
338; 291; 33932
339; 291; 33849
340; 291; 34071
289; 292; 34156
290; 292; 34360
291; 292; 34319
292; 292; 34126
293; 292; 33945
294; 292; 33666
295; 292; 33342
296; 292; 33242
297; 292; 33292
298; 292; 33392
299; 292; 33530
300; 292; 34008
301; 292; 34454
302; 292; 34389
303; 292; 33924
304; 292; 33535
305; 292; 33369
306; 292; 33472
307; 292; 33897
308; 292; 34252
309; 292; 34300
310; 292; 34214
311; 292; 34172
312; 292; 34136
313; 292; 34064
314; 292; 34044
315; 292; 34116
316; 292; 34169
317; 292; 34152
318; 292; 34166
319; 292; 34161
320; 292; 33786
321; 292; 33129
322; 292; 32917
323; 292; 33046
324; 292; 33350
325; 292; 33303
326; 292; 33299
327; 292; 33390
328; 292; 33562
329; 292; 33693
330; 292; 33646
331; 292; 33427
332; 292; 33314
333; 292; 33312
334; 292; 33356
335; 292; 33818
336; 292; 34399
337; 292; 34584
338; 292; 34455
339; 292; 34141
340; 292; 33905
289; 293; 34375
290; 293; 34340
291; 293; 34025
292; 293; 33680
293; 293; 33692
294; 293; 33694
295; 293; 33541
296; 293; 33373
297; 293; 33425
298; 293; 33473
299; 293; 33459
300; 293; 33585
301; 293; 34100
302; 293; 34293
303; 293; 34062
304; 293; 33716
305; 293; 33723
306; 293; 33973
307; 293; 34123
308; 293; 34133
309; 293; 34084
310; 293; 34098
311; 293; 34171
312; 293; 34197
313; 293; 34110
314; 293; 34037
315; 293; 34109
316; 293; 34232
317; 293; 34263
318; 293; 34239
319; 293; 33990
320; 293; 33394
321; 293; 32939
322; 293; 33017
323; 293; 33408
324; 293; 33427
325; 293; 33213
326; 293; 32943
327; 293; 32949
328; 293; 33214
329; 293; 33577
330; 293; 33751
331; 293; 33854
332; 293; 33784
333; 293; 33409
334; 293; 33193
335; 293; 33477
336; 293; 34316
337; 293; 34818
338; 293; 34949
339; 293; 34817
340; 293; 34243
289; 294; 34239
290; 294; 33840
291; 294; 33598
292; 294; 33536
293; 294; 33778
294; 294; 34045
295; 294; 34091
296; 294; 34022
297; 294; 34034
298; 294; 33886
299; 294; 33439
300; 294; 33348
301; 294; 33845
302; 294; 34225
303; 294; 34030
304; 294; 33805
305; 294; 34104
306; 294; 34359
307; 294; 34257
308; 294; 33948
309; 294; 33892
310; 294; 34060
311; 294; 34244
312; 294; 34274
313; 294; 34131
314; 294; 33985
315; 294; 34010
316; 294; 34149
317; 294; 34217
318; 294; 34095
319; 294; 33634
320; 294; 33099
321; 294; 33024
322; 294; 33320
323; 294; 33426
324; 294; 33310
325; 294; 33068
326; 294; 32924
327; 294; 32868
328; 294; 32954
329; 294; 33207
330; 294; 33584
331; 294; 33932
332; 294; 34044
333; 294; 33629
334; 294; 33153
335; 294; 33469
336; 294; 34302
337; 294; 34661
338; 294; 34717
339; 294; 34761
340; 294; 34495
289; 295; 33853
290; 295; 33641
291; 295; 33731
292; 295; 34162
293; 295; 34476
294; 295; 34568
295; 295; 34523
296; 295; 34483
297; 295; 34422
298; 295; 34147
299; 295; 33737
300; 295; 33713
301; 295; 34047
302; 295; 33975
303; 295; 33427
304; 295; 33269
305; 295; 33694
306; 295; 34173
307; 295; 34101
308; 295; 33897
309; 295; 33944
310; 295; 34174
311; 295; 34272
312; 295; 34203
313; 295; 34056
314; 295; 33933
315; 295; 33912
316; 295; 33999
317; 295; 34076
318; 295; 33957
319; 295; 33440
320; 295; 33009
321; 295; 33088
322; 295; 33344
323; 295; 33283
324; 295; 33111
325; 295; 33076
326; 295; 32953
327; 295; 32906
328; 295; 32971
329; 295; 33117
330; 295; 33349
331; 295; 33770
332; 295; 33990
333; 295; 33817
334; 295; 33416
335; 295; 33583
336; 295; 33990
337; 295; 33930
338; 295; 33702
339; 295; 33881
340; 295; 34220
289; 296; 33755
290; 296; 33737
291; 296; 34232
292; 296; 34745
293; 296; 34790
294; 296; 34693
295; 296; 34529
296; 296; 34456
297; 296; 34301
298; 296; 34072
299; 296; 34081
300; 296; 34379
301; 296; 34310
302; 296; 33604
303; 296; 32852
304; 296; 32768
305; 296; 33135
306; 296; 33675
307; 296; 33933
308; 296; 34053
309; 296; 34225
310; 296; 34311
311; 296; 34219
312; 296; 34065
313; 296; 33997
314; 296; 33996
315; 296; 33982
316; 296; 33995
317; 296; 34037
318; 296; 33951
319; 296; 33478
320; 296; 33120
321; 296; 33168
322; 296; 33257
323; 296; 33160
324; 296; 33056
325; 296; 32965
326; 296; 32884
327; 296; 32957
328; 296; 33142
329; 296; 33248
330; 296; 33328
331; 296; 33461
332; 296; 33780
333; 296; 33952
334; 296; 33914
335; 296; 33683
336; 296; 33435
337; 296; 33151
338; 296; 33082
339; 296; 33411
340; 296; 33951
289; 297; 33875
290; 297; 33862
291; 297; 34101
292; 297; 34397
293; 297; 34512
294; 297; 34404
295; 297; 34254
296; 297; 34129
297; 297; 33990
298; 297; 33994
299; 297; 34399
300; 297; 34656
301; 297; 34408
302; 297; 33727
303; 297; 33284
304; 297; 33259
305; 297; 33489
306; 297; 33786
307; 297; 34125
308; 297; 34307
309; 297; 34364
310; 297; 34335
311; 297; 34199
312; 297; 34099
313; 297; 34113
314; 297; 34162
315; 297; 34155
316; 297; 34115
317; 297; 34085
318; 297; 33960
319; 297; 33564
320; 297; 33283
321; 297; 33277
322; 297; 33274
323; 297; 33183
324; 297; 33080
325; 297; 32936
326; 297; 32878
327; 297; 32977
328; 297; 33236
329; 297; 33363
330; 297; 33354
331; 297; 33327
332; 297; 33627
333; 297; 34134
334; 297; 34281
335; 297; 33805
336; 297; 33187
337; 297; 33096
338; 297; 33550
339; 297; 34128
340; 297; 34454
289; 298; 33985
290; 298; 33822
291; 298; 33586
292; 298; 33539
293; 298; 33794
294; 298; 34050
295; 298; 34095
296; 298; 34004
297; 298; 33966
298; 298; 34271
299; 298; 34542
300; 298; 34547
301; 298; 34337
302; 298; 34320
303; 298; 34537
304; 298; 34636
305; 298; 34502
306; 298; 34384
307; 298; 34357
308; 298; 34332
309; 298; 34175
310; 298; 34088
311; 298; 34155
312; 298; 34247
313; 298; 34285
314; 298; 34309
315; 298; 34277
316; 298; 34208
317; 298; 34115
318; 298; 33942
319; 298; 33639
320; 298; 33405
321; 298; 33356
322; 298; 33325
323; 298; 33247
324; 298; 33158
325; 298; 33038
326; 298; 32900
327; 298; 32958
328; 298; 33163
329; 298; 33377
330; 298; 33396
331; 298; 33452
332; 298; 33728
333; 298; 34203
334; 298; 34365
335; 298; 34080
336; 298; 33491
337; 298; 33489
338; 298; 34214
339; 298; 34947
340; 298; 34987
289; 299; 34125
290; 299; 34140
291; 299; 33671
292; 299; 33340
293; 299; 33552
294; 299; 33954
295; 299; 34075
296; 299; 34038
297; 299; 34227
298; 299; 34467
299; 299; 34438
300; 299; 34046
301; 299; 33923
302; 299; 34458
303; 299; 34985
304; 299; 35070
305; 299; 34859
306; 299; 34578
307; 299; 34335
308; 299; 33991
309; 299; 33588
310; 299; 33432
311; 299; 33661
312; 299; 34020
313; 299; 34250
314; 299; 34333
315; 299; 34325
316; 299; 34226
317; 299; 34083
318; 299; 33965
319; 299; 33834
320; 299; 33507
321; 299; 33353
322; 299; 33313
323; 299; 33279
324; 299; 33251
325; 299; 33227
326; 299; 33081
327; 299; 33012
328; 299; 33155
329; 299; 33393
330; 299; 33619
331; 299; 33845
332; 299; 33905
333; 299; 33970
334; 299; 34275
335; 299; 34497
336; 299; 34313
337; 299; 33882
338; 299; 34044
339; 299; 34526
340; 299; 34625
289; 300; 34178
290; 300; 34534
291; 300; 34316
292; 300; 33900
293; 300; 33907
294; 300; 34166
295; 300; 34173
296; 300; 34146
297; 300; 34324
298; 300; 34307
299; 300; 33787
300; 300; 33331
301; 300; 33493
302; 300; 34005
303; 300; 34354
304; 300; 34432
305; 300; 34416
306; 300; 34248
307; 300; 33894
308; 300; 33429
309; 300; 33086
310; 300; 32904
311; 300; 32980
312; 300; 33313
313; 300; 33836
314; 300; 34234
315; 300; 34330
316; 300; 34223
317; 300; 34111
318; 300; 34164
319; 300; 34085
320; 300; 33663
321; 300; 33337
322; 300; 33256
323; 300; 33252
324; 300; 33268
325; 300; 33303
326; 300; 33271
327; 300; 33267
328; 300; 33431
329; 300; 33739
330; 300; 34064
331; 300; 34084
332; 300; 33888
333; 300; 33641
334; 300; 34081
335; 300; 34845
336; 300; 34986
337; 300; 34254
338; 300; 33524
339; 300; 33374
340; 300; 33330
289; 301; 33919
290; 301; 34445
291; 301; 34538
292; 301; 34388
293; 301; 34427
294; 301; 34491
295; 301; 34389
296; 301; 34234
297; 301; 34099
298; 301; 33645
299; 301; 33083
300; 301; 33011
301; 301; 33502
302; 301; 33887
303; 301; 34010
304; 301; 33997
305; 301; 34070
306; 301; 33797
307; 301; 33323
308; 301; 33039
309; 301; 33036
310; 301; 32911
311; 301; 32865
312; 301; 32876
313; 301; 33314
314; 301; 33969
315; 301; 34315
316; 301; 34222
317; 301; 34131
318; 301; 34275
319; 301; 34356
320; 301; 33949
321; 301; 33471
322; 301; 33273
323; 301; 33249
324; 301; 33257
325; 301; 33314
326; 301; 33470
327; 301; 33735
328; 301; 34135
329; 301; 34455
330; 301; 34407
331; 301; 34011
332; 301; 33505
333; 301; 33325
334; 301; 33717
335; 301; 34510
336; 301; 34780
337; 301; 34247
338; 301; 33500
339; 301; 33069
340; 301; 32933
289; 302; 33521
290; 302; 33753
291; 302; 33976
292; 302; 34181
293; 302; 34455
294; 302; 34595
295; 302; 34500
296; 302; 34276
297; 302; 33892
298; 302; 33340
299; 302; 32939
300; 302; 33245
301; 302; 33905
302; 302; 34311
303; 302; 34262
304; 302; 34180
305; 302; 34031
306; 302; 33520
307; 302; 33029
308; 302; 33004
309; 302; 33279
310; 302; 33360
311; 302; 33166
312; 302; 32965
313; 302; 33057
314; 302; 33620
315; 302; 34184
316; 302; 34220
317; 302; 34135
318; 302; 34291
319; 302; 34569
320; 302; 34306
321; 302; 33761
322; 302; 33534
323; 302; 33553
324; 302; 33575
325; 302; 33643
326; 302; 33907
327; 302; 34399
328; 302; 34864
329; 302; 34995
330; 302; 34485
331; 302; 33674
332; 302; 33176
333; 302; 33158
334; 302; 33274
335; 302; 33441
336; 302; 33605
337; 302; 33736
338; 302; 33616
339; 302; 33281
340; 302; 32967
289; 303; 33402
290; 303; 33271
291; 303; 33278
292; 303; 33525
293; 303; 33958
294; 303; 34245
295; 303; 34325
296; 303; 34250
297; 303; 34081
298; 303; 33645
299; 303; 33424
300; 303; 33746
301; 303; 34322
302; 303; 34606
303; 303; 34494
304; 303; 34233
305; 303; 33841
306; 303; 33313
307; 303; 33067
308; 303; 33210
309; 303; 33523
310; 303; 33623
311; 303; 33570
312; 303; 33259
313; 303; 33064
314; 303; 33389
315; 303; 34088
316; 303; 34253
317; 303; 34146
318; 303; 34261
319; 303; 34694
320; 303; 34646
321; 303; 34187
322; 303; 33978
323; 303; 34081
324; 303; 34286
325; 303; 34402
326; 303; 34534
327; 303; 34751
328; 303; 35016
329; 303; 34989
330; 303; 34374
331; 303; 33527
332; 303; 33170
333; 303; 33215
334; 303; 33168
335; 303; 32862
336; 303; 32969
337; 303; 33285
338; 303; 33569
339; 303; 33493
340; 303; 33308
289; 304; 33468
290; 304; 33365
291; 304; 33253
292; 304; 33198
293; 304; 33337
294; 304; 33591
295; 304; 33946
296; 304; 34191
297; 304; 34250
298; 304; 34181
299; 304; 34109
300; 304; 34264
301; 304; 34529
302; 304; 34568
303; 304; 34343
304; 304; 33876
305; 304; 33405
306; 304; 33160
307; 304; 33270
308; 304; 33565
309; 304; 33576
310; 304; 33540
311; 304; 33582
312; 304; 33450
313; 304; 33150
314; 304; 33356
315; 304; 34064
316; 304; 34331
317; 304; 34188
318; 304; 34281
319; 304; 34786
320; 304; 34941
321; 304; 34660
322; 304; 34394
323; 304; 34565
324; 304; 34870
325; 304; 34984
326; 304; 34797
327; 304; 34520
328; 304; 34445
329; 304; 34486
330; 304; 34333
331; 304; 33986
332; 304; 33627
333; 304; 33507
334; 304; 33384
335; 304; 33123
336; 304; 32956
337; 304; 33091
338; 304; 33194
339; 304; 33326
340; 304; 33280
289; 305; 33417
290; 305; 33471
291; 305; 33461
292; 305; 33319
293; 305; 33210
294; 305; 33216
295; 305; 33550
296; 305; 33989
297; 305; 34232
298; 305; 34313
299; 305; 34417
300; 305; 34547
301; 305; 34558
302; 305; 34463
303; 305; 34138
304; 305; 33740
305; 305; 33240
306; 305; 33105
307; 305; 33389
308; 305; 33659
309; 305; 33601
310; 305; 33532
311; 305; 33559
312; 305; 33476
313; 305; 33235
314; 305; 33408
315; 305; 34051
316; 305; 34345
317; 305; 34290
318; 305; 34361
319; 305; 34819
320; 305; 35057
321; 305; 34965
322; 305; 34731
323; 305; 34729
324; 305; 34890
325; 305; 34775
326; 305; 34342
327; 305; 33781
328; 305; 33591
329; 305; 33926
330; 305; 34389
331; 305; 34502
332; 305; 34079
333; 305; 33593
334; 305; 33467
335; 305; 33633
336; 305; 33493
337; 305; 33126
338; 305; 33011
339; 305; 33076
340; 305; 33184
289; 306; 33062
290; 306; 33325
291; 306; 33459
292; 306; 33425
293; 306; 33335
294; 306; 33291
295; 306; 33408
296; 306; 33712
297; 306; 34053
298; 306; 34244
299; 306; 34385
300; 306; 34473
301; 306; 34440
302; 306; 34329
303; 306; 34263
304; 306; 34153
305; 306; 33680
306; 306; 33199
307; 306; 33188
308; 306; 33463
309; 306; 33611
310; 306; 33636
311; 306; 33618
312; 306; 33428
313; 306; 33312
314; 306; 33529
315; 306; 34061
316; 306; 34293
317; 306; 34301
318; 306; 34353
319; 306; 34667
320; 306; 34991
321; 306; 35039
322; 306; 34977
323; 306; 34730
324; 306; 34370
325; 306; 33857
326; 306; 33460
327; 306; 33313
328; 306; 33360
329; 306; 33669
330; 306; 34229
331; 306; 34384
332; 306; 33894
333; 306; 33305
334; 306; 33357
335; 306; 33614
336; 306; 33621
337; 306; 33306
338; 306; 33122
339; 306; 33140
340; 306; 33151
289; 307; 32897
290; 307; 33012
291; 307; 33264
292; 307; 33405
293; 307; 33435
294; 307; 33467
295; 307; 33471
296; 307; 33604
297; 307; 33956
298; 307; 34168
299; 307; 34161
300; 307; 34114
301; 307; 34114
302; 307; 34245
303; 307; 34527
304; 307; 34717
305; 307; 34438
306; 307; 33757
307; 307; 33325
308; 307; 33323
309; 307; 33527
310; 307; 33618
311; 307; 33537
312; 307; 33420
313; 307; 33490
314; 307; 33844
315; 307; 34153
316; 307; 34224
317; 307; 34243
318; 307; 34273
319; 307; 34382
320; 307; 34664
321; 307; 34927
322; 307; 34828
323; 307; 34334
324; 307; 33585
325; 307; 33221
326; 307; 33398
327; 307; 33789
328; 307; 33912
329; 307; 33830
330; 307; 33888
331; 307; 33716
332; 307; 33286
333; 307; 33159
334; 307; 33353
335; 307; 33493
336; 307; 33413
337; 307; 33302
338; 307; 33296
339; 307; 33283
340; 307; 33184
289; 308; 32878
290; 308; 32856
291; 308; 32955
292; 308; 33151
293; 308; 33359
294; 308; 33492
295; 308; 33513
296; 308; 33574
297; 308; 33880
298; 308; 34120
299; 308; 34095
300; 308; 34057
301; 308; 34097
302; 308; 34179
303; 308; 34411
304; 308; 34721
305; 308; 34773
306; 308; 34418
307; 308; 33904
308; 308; 33606
309; 308; 33485
310; 308; 33448
311; 308; 33409
312; 308; 33585
313; 308; 33955
314; 308; 34279
315; 308; 34291
316; 308; 34226
317; 308; 34253
318; 308; 34263
319; 308; 34271
320; 308; 34337
321; 308; 34420
322; 308; 34098
323; 308; 33468
324; 308; 33198
325; 308; 33567
326; 308; 34413
327; 308; 34851
328; 308; 34594
329; 308; 34044
330; 308; 33571
331; 308; 33110
332; 308; 32914
333; 308; 33182
334; 308; 33514
335; 308; 33476
336; 308; 33297
337; 308; 33234
338; 308; 33281
339; 308; 33262
340; 308; 33170
289; 309; 32851
290; 309; 32837
291; 309; 32843
292; 309; 32911
293; 309; 33101
294; 309; 33383
295; 309; 33483
296; 309; 33510
297; 309; 33684
298; 309; 33968
299; 309; 34128
300; 309; 34195
301; 309; 34244
302; 309; 34232
303; 309; 34201
304; 309; 34337
305; 309; 34591
306; 309; 34651
307; 309; 34451
308; 309; 34118
309; 309; 33781
310; 309; 33637
311; 309; 33740
312; 309; 34150
313; 309; 34518
314; 309; 34523
315; 309; 34308
316; 309; 34273
317; 309; 34329
318; 309; 34332
319; 309; 34321
320; 309; 34219
321; 309; 33876
322; 309; 33239
323; 309; 33008
324; 309; 33452
325; 309; 34439
326; 309; 35194
327; 309; 35143
328; 309; 34434
329; 309; 33699
330; 309; 33252
331; 309; 32888
332; 309; 32939
333; 309; 33368
334; 309; 33584
335; 309; 33489
336; 309; 33292
337; 309; 33203
338; 309; 33197
339; 309; 33145
340; 309; 33111
289; 310; 32869
290; 310; 32857
291; 310; 32861
292; 310; 32876
293; 310; 32927
294; 310; 33113
295; 310; 33359
296; 310; 33409
297; 310; 33496
298; 310; 33727
299; 310; 34075
300; 310; 34301
301; 310; 34326
302; 310; 34285
303; 310; 34210
304; 310; 34190
305; 310; 34250
306; 310; 34435
307; 310; 34423
308; 310; 34383
309; 310; 34378
310; 310; 34436
311; 310; 34554
312; 310; 34710
313; 310; 34679
314; 310; 34439
315; 310; 34261
316; 310; 34300
317; 310; 34331
318; 310; 34341
319; 310; 34437
320; 310; 34350
321; 310; 33762
322; 310; 33221
323; 310; 33424
324; 310; 34231
325; 310; 34920
326; 310; 35018
327; 310; 34424
328; 310; 33620
329; 310; 33137
330; 310; 32928
331; 310; 32981
332; 310; 33228
333; 310; 33375
334; 310; 33455
335; 310; 33380
336; 310; 33243
337; 310; 33172
338; 310; 33162
339; 310; 33114
340; 310; 33066
289; 311; 32874
290; 311; 32877
291; 311; 32868
292; 311; 32864
293; 311; 32869
294; 311; 32919
295; 311; 33098
296; 311; 33362
297; 311; 33470
298; 311; 33642
299; 311; 33976
300; 311; 34216
301; 311; 34273
302; 311; 34293
303; 311; 34300
304; 311; 34274
305; 311; 34239
306; 311; 34224
307; 311; 34192
308; 311; 34329
309; 311; 34697
310; 311; 35016
311; 311; 35059
312; 311; 34859
313; 311; 34543
314; 311; 34243
315; 311; 34255
316; 311; 34294
317; 311; 34262
318; 311; 34308
319; 311; 34486
320; 311; 34461
321; 311; 33981
322; 311; 33888
323; 311; 34436
324; 311; 34939
325; 311; 34887
326; 311; 34287
327; 311; 33505
328; 311; 32999
329; 311; 32940
330; 311; 33067
331; 311; 33350
332; 311; 33402
333; 311; 33357
334; 311; 33294
335; 311; 33181
336; 311; 33084
337; 311; 33102
338; 311; 33169
339; 311; 33201
340; 311; 33172
289; 312; 32872
290; 312; 32879
291; 312; 32864
292; 312; 32864
293; 312; 32867
294; 312; 32944
295; 312; 33028
296; 312; 33268
297; 312; 33554
298; 312; 33711
299; 312; 33905
300; 312; 34118
301; 312; 34192
302; 312; 34230
303; 312; 34275
304; 312; 34359
305; 312; 34454
306; 312; 34377
307; 312; 34230
308; 312; 34247
309; 312; 34581
310; 312; 34869
311; 312; 34868
312; 312; 34580
313; 312; 34294
314; 312; 34253
315; 312; 34292
316; 312; 34296
317; 312; 34279
318; 312; 34384
319; 312; 34466
320; 312; 34204
321; 312; 34082
322; 312; 34434
323; 312; 34985
324; 312; 35032
325; 312; 34423
326; 312; 33567
327; 312; 33090
328; 312; 33073
329; 312; 33167
330; 312; 33280
331; 312; 33397
332; 312; 33435
333; 312; 33359
334; 312; 33221
335; 312; 33061
336; 312; 32939
337; 312; 33018
338; 312; 33169
339; 312; 33265
340; 312; 33256
289; 313; 32839
290; 313; 32849
291; 313; 32854
292; 313; 32860
293; 313; 32867
294; 313; 32974
295; 313; 33033
296; 313; 33172
297; 313; 33474
298; 313; 33641
299; 313; 33813
300; 313; 34123
301; 313; 34266
302; 313; 34238
303; 313; 34189
304; 313; 34282
305; 313; 34512
306; 313; 34588
307; 313; 34488
308; 313; 34365
309; 313; 34379
310; 313; 34418
311; 313; 34424
312; 313; 34348
313; 313; 34257
314; 313; 34254
315; 313; 34277
316; 313; 34341
317; 313; 34472
318; 313; 34528
319; 313; 34189
320; 313; 33745
321; 313; 33906
322; 313; 34538
323; 313; 34831
324; 313; 34488
325; 313; 33735
326; 313; 33159
327; 313; 33118
328; 313; 33283
329; 313; 33337
330; 313; 33291
331; 313; 33317
332; 313; 33364
333; 313; 33281
334; 313; 33138
335; 313; 33044
336; 313; 32999
337; 313; 33028
338; 313; 33130
339; 313; 33194
340; 313; 33186
289; 314; 32857
290; 314; 32852
291; 314; 32857
292; 314; 32868
293; 314; 32854
294; 314; 32899
295; 314; 32958
296; 314; 33026
297; 314; 33237
298; 314; 33473
299; 314; 33758
300; 314; 34184
301; 314; 34464
302; 314; 34449
303; 314; 34283
304; 314; 34169
305; 314; 34104
306; 314; 33992
307; 314; 34029
308; 314; 34249
309; 314; 34418
310; 314; 34424
311; 314; 34442
312; 314; 34431
313; 314; 34237
314; 314; 34067
315; 314; 34132
316; 314; 34432
317; 314; 34570
318; 314; 34413
319; 314; 33753
320; 314; 33475
321; 314; 33893
322; 314; 34524
323; 314; 34487
324; 314; 33906
325; 314; 33304
326; 314; 33007
327; 314; 33074
328; 314; 33259
329; 314; 33340
330; 314; 33289
331; 314; 33285
332; 314; 33293
333; 314; 33194
334; 314; 33087
335; 314; 33082
336; 314; 33134
337; 314; 33145
338; 314; 33105
339; 314; 33070
340; 314; 33076
289; 315; 32905
290; 315; 32887
291; 315; 32882
292; 315; 32894
293; 315; 32868
294; 315; 32869
295; 315; 32880
296; 315; 32912
297; 315; 33056
298; 315; 33330
299; 315; 33673
300; 315; 34133
301; 315; 34482
302; 315; 34536
303; 315; 34460
304; 315; 34157
305; 315; 33583
306; 315; 33066
307; 315; 33177
308; 315; 33944
309; 315; 34497
310; 315; 34619
311; 315; 34609
312; 315; 34549
313; 315; 34133
314; 315; 33892
315; 315; 34094
316; 315; 34449
317; 315; 34424
318; 315; 33975
319; 315; 33626
320; 315; 33689
321; 315; 34243
322; 315; 34475
323; 315; 34211
324; 315; 33547
325; 315; 33122
326; 315; 33029
327; 315; 33046
328; 315; 33200
329; 315; 33320
330; 315; 33301
331; 315; 33271
332; 315; 33253
333; 315; 33160
334; 315; 33050
335; 315; 33060
336; 315; 33143
337; 315; 33153
338; 315; 33091
339; 315; 33050
340; 315; 33080
289; 316; 32880
290; 316; 32893
291; 316; 32889
292; 316; 32880
293; 316; 32864
294; 316; 32880
295; 316; 32877
296; 316; 32860
297; 316; 32948
298; 316; 33188
299; 316; 33514
300; 316; 33931
301; 316; 34317
302; 316; 34482
303; 316; 34483
304; 316; 34209
305; 316; 33593
306; 316; 33082
307; 316; 33313
308; 316; 34065
309; 316; 34512
310; 316; 34564
311; 316; 34572
312; 316; 34415
313; 316; 34014
314; 316; 33926
315; 316; 34192
316; 316; 34249
317; 316; 33812
318; 316; 33646
319; 316; 33941
320; 316; 34429
321; 316; 34605
322; 316; 34363
323; 316; 33783
324; 316; 33218
325; 316; 33048
326; 316; 33103
327; 316; 33145
328; 316; 33225
329; 316; 33299
330; 316; 33263
331; 316; 33208
332; 316; 33204
333; 316; 33172
334; 316; 33089
335; 316; 33063
336; 316; 33104
337; 316; 33111
338; 316; 33084
339; 316; 33083
340; 316; 33135
289; 317; 32844
290; 317; 32869
291; 317; 32867
292; 317; 32844
293; 317; 32850
294; 317; 32864
295; 317; 32847
296; 317; 32844
297; 317; 32909
298; 317; 33111
299; 317; 33436
300; 317; 33883
301; 317; 34268
302; 317; 34358
303; 317; 34305
304; 317; 34201
305; 317; 34096
306; 317; 34116
307; 317; 34338
308; 317; 34566
309; 317; 34447
310; 317; 34254
311; 317; 34256
312; 317; 34173
313; 317; 33948
314; 317; 34005
315; 317; 34185
316; 317; 33811
317; 317; 33399
318; 317; 33712
319; 317; 34609
320; 317; 34994
321; 317; 34605
322; 317; 33872
323; 317; 33198
324; 317; 32935
325; 317; 33101
326; 317; 33241
327; 317; 33266
328; 317; 33279
329; 317; 33258
330; 317; 33191
331; 317; 33153
332; 317; 33172
333; 317; 33178
334; 317; 33149
335; 317; 33125
336; 317; 33125
337; 317; 33127
338; 317; 33101
339; 317; 33095
340; 317; 33133
289; 318; 32880
290; 318; 32887
291; 318; 32884
292; 318; 32885
293; 318; 32893
294; 318; 32897
295; 318; 32887
296; 318; 32906
297; 318; 32969
298; 318; 33146
299; 318; 33485
300; 318; 34019
301; 318; 34393
302; 318; 34351
303; 318; 34008
304; 318; 33914
305; 318; 34249
306; 318; 34663
307; 318; 34830
308; 318; 34711
309; 318; 34381
310; 318; 34224
311; 318; 34213
312; 318; 34066
313; 318; 33887
314; 318; 33901
315; 318; 33852
316; 318; 33587
317; 318; 33563
318; 318; 34257
319; 318; 34933
320; 318; 34839
321; 318; 34092
322; 318; 33289
323; 318; 32868
324; 318; 33021
325; 318; 33244
326; 318; 33292
327; 318; 33263
328; 318; 33231
329; 318; 33190
330; 318; 33149
331; 318; 33135
332; 318; 33138
333; 318; 33140
334; 318; 33136
335; 318; 33126
336; 318; 33122
337; 318; 33127
338; 318; 33106
339; 318; 33085
340; 318; 33104
289; 319; 32959
290; 319; 32954
291; 319; 32958
292; 319; 32972
293; 319; 32949
294; 319; 32938
295; 319; 32940
296; 319; 32955
297; 319; 33030
298; 319; 33159
299; 319; 33456
300; 319; 34004
301; 319; 34422
302; 319; 34379
303; 319; 33896
304; 319; 33605
305; 319; 33841
306; 319; 34297
307; 319; 34507
308; 319; 34492
309; 319; 34460
310; 319; 34514
311; 319; 34368
312; 319; 34064
313; 319; 33773
314; 319; 33667
315; 319; 33645
316; 319; 33720
317; 319; 34177
318; 319; 34625
319; 319; 34621
320; 319; 34064
321; 319; 33363
322; 319; 32894
323; 319; 32986
324; 319; 33317
325; 319; 33385
326; 319; 33298
327; 319; 33196
328; 319; 33145
329; 319; 33117
330; 319; 33100
331; 319; 33110
332; 319; 33129
333; 319; 33152
334; 319; 33148
335; 319; 33104
336; 319; 33052
337; 319; 33056
338; 319; 33095
339; 319; 33129
340; 319; 33163
289; 320; 32940
290; 320; 32944
291; 320; 32948
292; 320; 32967
293; 320; 32943
294; 320; 32926
295; 320; 32924
296; 320; 32907
297; 320; 32974
298; 320; 33088
299; 320; 33321
300; 320; 33798
301; 320; 34294
302; 320; 34432
303; 320; 34082
304; 320; 33570
305; 320; 33584
306; 320; 34003
307; 320; 34334
308; 320; 34564
309; 320; 34796
310; 320; 34728
311; 320; 34298
312; 320; 33833
313; 320; 33687
314; 320; 33612
315; 320; 33701
316; 320; 34100
317; 320; 34476
318; 320; 34449
319; 320; 33958
320; 320; 33304
321; 320; 32920
322; 320; 33018
323; 320; 33341
324; 320; 33432
325; 320; 33394
326; 320; 33291
327; 320; 33206
328; 320; 33139
329; 320; 33067
330; 320; 33043
331; 320; 33105
332; 320; 33186
333; 320; 33241
334; 320; 33239
335; 320; 33164
336; 320; 33052
337; 320; 33006
338; 320; 33077
339; 320; 33183
340; 320; 33238
289; 321; 32863
290; 321; 32878
291; 321; 32874
292; 321; 32897
293; 321; 32899
294; 321; 32891
295; 321; 32905
296; 321; 32880
297; 321; 32886
298; 321; 32988
299; 321; 33234
300; 321; 33651
301; 321; 34187
302; 321; 34535
303; 321; 34360
304; 321; 33736
305; 321; 33631
306; 321; 34183
307; 321; 34653
308; 321; 34777
309; 321; 34809
310; 321; 34486
311; 321; 33925
312; 321; 33690
313; 321; 33758
314; 321; 33909
315; 321; 34121
316; 321; 34243
317; 321; 34244
318; 321; 33862
319; 321; 33364
320; 321; 33126
321; 321; 33166
322; 321; 33341
323; 321; 33358
324; 321; 33329
325; 321; 33265
326; 321; 33247
327; 321; 33248
328; 321; 33207
329; 321; 33122
330; 321; 33076
331; 321; 33135
332; 321; 33206
333; 321; 33235
334; 321; 33239
335; 321; 33210
336; 321; 33133
337; 321; 33056
338; 321; 33064
339; 321; 33136
340; 321; 33195
289; 322; 32830
290; 322; 32839
291; 322; 32852
292; 322; 32860
293; 322; 32848
294; 322; 32850
295; 322; 32874
296; 322; 32864
297; 322; 32847
298; 322; 32928
299; 322; 33245
300; 322; 33666
301; 322; 34185
302; 322; 34582
303; 322; 34471
304; 322; 33837
305; 322; 33702
306; 322; 34266
307; 322; 34708
308; 322; 34649
309; 322; 34309
310; 322; 33973
311; 322; 33813
312; 322; 33844
313; 322; 34076
314; 322; 34281
315; 322; 34384
316; 322; 34244
317; 322; 33752
318; 322; 33259
319; 322; 33224
320; 322; 33373
321; 322; 33423
322; 322; 33356
323; 322; 33271
324; 322; 33179
325; 322; 33138
326; 322; 33183
327; 322; 33246
328; 322; 33257
329; 322; 33227
330; 322; 33194
331; 322; 33171
332; 322; 33126
333; 322; 33088
334; 322; 33115
335; 322; 33169
336; 322; 33169
337; 322; 33133
338; 322; 33088
339; 322; 33060
340; 322; 33100
289; 323; 32835
290; 323; 32845
291; 323; 32860
292; 323; 32848
293; 323; 32828
294; 323; 32832
295; 323; 32849
296; 323; 32843
297; 323; 32838
298; 323; 32921
299; 323; 33256
300; 323; 33770
301; 323; 34305
302; 323; 34559
303; 323; 34435
304; 323; 33913
305; 323; 33804
306; 323; 34156
307; 323; 34432
308; 323; 34207
309; 323; 33919
310; 323; 33899
311; 323; 34008
312; 323; 34136
313; 323; 34224
314; 323; 34354
315; 323; 34414
316; 323; 34024
317; 323; 33343
318; 323; 33071
319; 323; 33253
320; 323; 33408
321; 323; 33390
322; 323; 33310
323; 323; 33251
324; 323; 33204
325; 323; 33146
326; 323; 33128
327; 323; 33169
328; 323; 33225
329; 323; 33253
330; 323; 33244
331; 323; 33202
332; 323; 33123
333; 323; 33053
334; 323; 33046
335; 323; 33095
336; 323; 33134
337; 323; 33140
338; 323; 33137
339; 323; 33134
340; 323; 33131
289; 324; 32869
290; 324; 32885
291; 324; 32869
292; 324; 32848
293; 324; 32840
294; 324; 32840
295; 324; 32846
296; 324; 32854
297; 324; 32867
298; 324; 32945
299; 324; 33258
300; 324; 33883
301; 324; 34438
302; 324; 34538
303; 324; 34320
304; 324; 34082
305; 324; 34123
306; 324; 34243
307; 324; 34293
308; 324; 34166
309; 324; 33980
310; 324; 33921
311; 324; 33936
312; 324; 33995
313; 324; 34113
314; 324; 34273
315; 324; 34194
316; 324; 33707
317; 324; 33205
318; 324; 33111
319; 324; 33240
320; 324; 33317
321; 324; 33304
322; 324; 33276
323; 324; 33265
324; 324; 33256
325; 324; 33211
326; 324; 33151
327; 324; 33130
328; 324; 33166
329; 324; 33206
330; 324; 33204
331; 324; 33192
332; 324; 33187
333; 324; 33168
334; 324; 33111
335; 324; 33055
336; 324; 33053
337; 324; 33078
338; 324; 33170
339; 324; 33279
340; 324; 33259
289; 325; 32894
290; 325; 32897
291; 325; 32867
292; 325; 32851
293; 325; 32845
294; 325; 32850
295; 325; 32850
296; 325; 32856
297; 325; 32891
298; 325; 32984
299; 325; 33304
300; 325; 33978
301; 325; 34464
302; 325; 34365
303; 325; 34154
304; 325; 34314
305; 325; 34539
306; 325; 34496
307; 325; 34371
308; 325; 34328
309; 325; 34065
310; 325; 33614
311; 325; 33436
312; 325; 33616
313; 325; 33975
314; 325; 34069
315; 325; 33796
316; 325; 33348
317; 325; 33171
318; 325; 33208
319; 325; 33259
320; 325; 33268
321; 325; 33264
322; 325; 33232
323; 325; 33186
324; 325; 33174
325; 325; 33191
326; 325; 33203
327; 325; 33199
328; 325; 33179
329; 325; 33168
330; 325; 33145
331; 325; 33131
332; 325; 33162
333; 325; 33191
334; 325; 33164
335; 325; 33127
336; 325; 33094
337; 325; 33051
338; 325; 33106
339; 325; 33283
340; 325; 33187
289; 326; 32848
290; 326; 32853
291; 326; 32837
292; 326; 32846
293; 326; 32867
294; 326; 32863
295; 326; 32873
296; 326; 32867
297; 326; 32872
298; 326; 33039
299; 326; 33441
300; 326; 34152
301; 326; 34465
302; 326; 34182
303; 326; 34083
304; 326; 34455
305; 326; 34604
306; 326; 34476
307; 326; 34337
308; 326; 34263
309; 326; 33882
310; 326; 33466
311; 326; 33418
312; 326; 33757
313; 326; 33932
314; 326; 33713
315; 326; 33234
316; 326; 33031
317; 326; 33192
318; 326; 33344
319; 326; 33331
320; 326; 33292
321; 326; 33263
322; 326; 33198
323; 326; 33120
324; 326; 33094
325; 326; 33139
326; 326; 33206
327; 326; 33233
328; 326; 33215
329; 326; 33179
330; 326; 33132
331; 326; 33088
332; 326; 33098
333; 326; 33128
334; 326; 33148
335; 326; 33192
336; 326; 33179
337; 326; 33054
338; 326; 32979
339; 326; 32980
340; 326; 32971
289; 327; 32883
290; 327; 32880
291; 327; 32884
292; 327; 32895
293; 327; 32915
294; 327; 32913
295; 327; 32890
296; 327; 32859
297; 327; 32908
298; 327; 33118
299; 327; 33625
300; 327; 34382
301; 327; 34541
302; 327; 34229
303; 327; 34227
304; 327; 34546
305; 327; 34517
306; 327; 34213
307; 327; 34107
308; 327; 33998
309; 327; 33780
310; 327; 33762
311; 327; 34011
312; 327; 34054
313; 327; 33734
314; 327; 33190
315; 327; 32888
316; 327; 33047
317; 327; 33357
318; 327; 33408
319; 327; 33352
320; 327; 33282
321; 327; 33233
322; 327; 33190
323; 327; 33166
324; 327; 33155
325; 327; 33159
326; 327; 33193
327; 327; 33204
328; 327; 33182
329; 327; 33157
330; 327; 33130
331; 327; 33116
332; 327; 33127
333; 327; 33124
334; 327; 33121
335; 327; 33143
336; 327; 33115
337; 327; 33035
338; 327; 32971
339; 327; 32919
340; 327; 32898
289; 328; 32867
290; 328; 32870
291; 328; 32884
292; 328; 32876
293; 328; 32871
294; 328; 32892
295; 328; 32879
296; 328; 32865
297; 328; 32952
298; 328; 33182
299; 328; 33817
300; 328; 34482
301; 328; 34461
302; 328; 34285
303; 328; 34437
304; 328; 34550
305; 328; 34371
306; 328; 34063
307; 328; 33918
308; 328; 33720
309; 328; 33676
310; 328; 34019
311; 328; 34223
312; 328; 33883
313; 328; 33233
314; 328; 32851
315; 328; 32981
316; 328; 33344
317; 328; 33467
318; 328; 33416
319; 328; 33305
320; 328; 33211
321; 328; 33147
322; 328; 33139
323; 328; 33183
324; 328; 33213
325; 328; 33221
326; 328; 33231
327; 328; 33199
328; 328; 33126
329; 328; 33081
330; 328; 33093
331; 328; 33147
332; 328; 33198
333; 328; 33218
334; 328; 33206
335; 328; 33130
336; 328; 33039
337; 328; 33112
338; 328; 33361
339; 328; 33405
340; 328; 33313
289; 329; 32855
290; 329; 32844
291; 329; 32845
292; 329; 32849
293; 329; 32860
294; 329; 32852
295; 329; 32832
296; 329; 32885
297; 329; 32977
298; 329; 33318
299; 329; 34083
300; 329; 34446
301; 329; 34207
302; 329; 34179
303; 329; 34519
304; 329; 34583
305; 329; 34337
306; 329; 34060
307; 329; 33827
308; 329; 33524
309; 329; 33487
310; 329; 33791
311; 329; 33780
312; 329; 33283
313; 329; 32872
314; 329; 32947
315; 329; 33333
316; 329; 33520
317; 329; 33479
318; 329; 33349
319; 329; 33258
320; 329; 33179
321; 329; 33115
322; 329; 33102
323; 329; 33134
324; 329; 33174
325; 329; 33238
326; 329; 33291
327; 329; 33234
328; 329; 33107
329; 329; 33056
330; 329; 33087
331; 329; 33127
332; 329; 33192
333; 329; 33287
334; 329; 33337
335; 329; 33269
336; 329; 33227
337; 329; 33485
338; 329; 33886
339; 329; 33949
340; 329; 33794
289; 330; 32892
290; 330; 32887
291; 330; 32892
292; 330; 32894
293; 330; 32904
294; 330; 32868
295; 330; 32851
296; 330; 32909
297; 330; 33109
298; 330; 33726
299; 330; 34482
300; 330; 34532
301; 330; 34149
302; 330; 34186
303; 330; 34516
304; 330; 34514
305; 330; 34266
306; 330; 34157
307; 330; 33923
308; 330; 33614
309; 330; 33533
310; 330; 33513
311; 330; 33257
312; 330; 32993
313; 330; 33039
314; 330; 33334
315; 330; 33491
316; 330; 33468
317; 330; 33322
318; 330; 33245
319; 330; 33240
320; 330; 33222
321; 330; 33194
322; 330; 33170
323; 330; 33130
324; 330; 33132
325; 330; 33218
326; 330; 33288
327; 330; 33234
328; 330; 33149
329; 330; 33155
330; 330; 33162
331; 330; 33105
332; 330; 33115
333; 330; 33257
334; 330; 33316
335; 330; 33277
336; 330; 33347
337; 330; 33582
338; 330; 33670
339; 330; 33595
340; 330; 33633
289; 331; 32867
290; 331; 32874
291; 331; 32882
292; 331; 32883
293; 331; 32882
294; 331; 32853
295; 331; 32868
296; 331; 33027
297; 331; 33445
298; 331; 34237
299; 331; 34727
300; 331; 34584
301; 331; 34304
302; 331; 34346
303; 331; 34395
304; 331; 34253
305; 331; 34194
306; 331; 34215
307; 331; 34127
308; 331; 33890
309; 331; 33644
310; 331; 33329
311; 331; 33128
312; 331; 33132
313; 331; 33378
314; 331; 33485
315; 331; 33435
316; 331; 33280
317; 331; 33163
318; 331; 33167
319; 331; 33227
320; 331; 33237
321; 331; 33239
322; 331; 33254
323; 331; 33204
324; 331; 33164
325; 331; 33219
326; 331; 33260
327; 331; 33227
328; 331; 33234
329; 331; 33260
330; 331; 33172
331; 331; 33081
332; 331; 33261
333; 331; 33431
334; 331; 33266
335; 331; 33115
336; 331; 33209
337; 331; 33211
338; 331; 32992
339; 331; 32940
340; 331; 33253
