317; 344; 34834
318; 344; 34458
316; 345; 35313
317; 345; 35167
318; 345; 34891
314; 346; 34584
315; 346; 35361
316; 346; 35354
317; 346; 35056
318; 346; 34915
313; 347; 33850
314; 347; 34965
315; 347; 35442
316; 347; 35133
317; 347; 34787
318; 347; 34922
319; 347; 35127
313; 348; 34129
314; 348; 35145
315; 348; 35343
316; 348; 34957
317; 348; 34745
318; 348; 35078
319; 348; 35335
313; 349; 34530
314; 349; 35349
315; 349; 35402
316; 349; 35008
317; 349; 34945
318; 349; 35327
319; 349; 35383
313; 350; 34932
314; 350; 35558
315; 350; 35483
316; 350; 35173
317; 350; 35209
318; 350; 35493
319; 350; 35299
313; 351; 35133
314; 351; 35628
315; 351; 35496
316; 351; 35263
317; 351; 35340
318; 351; 35521
319; 351; 35232
313; 352; 35087
314; 352; 35525
315; 352; 35346
316; 352; 35091
317; 352; 35193
318; 352; 35512
319; 352; 35183
313; 353; 34942
314; 353; 35391
315; 353; 35167
316; 353; 34866
317; 353; 34975
318; 353; 35426
319; 353; 35001
314; 354; 35291
315; 354; 35143
316; 354; 34874
317; 354; 35124
318; 354; 35360
314; 355; 35009
315; 355; 35178
316; 355; 35143
317; 355; 35283
318; 355; 35092
316; 356; 35028
317; 356; 34958
318; 356; 34580
317; 357; 34152
