296; 273; 33858
297; 273; 33661
298; 273; 33574
299; 273; 33471
300; 273; 33353
301; 273; 33285
302; 273; 33302
303; 273; 33407
304; 273; 33688
305; 273; 33845
306; 273; 33704
307; 273; 33246
308; 273; 32888
309; 273; 32952
310; 273; 33110
311; 273; 33098
312; 273; 32946
313; 273; 32941
314; 273; 32948
315; 273; 32888
316; 273; 33012
317; 273; 33189
318; 273; 33230
319; 273; 33121
320; 273; 33064
321; 273; 32984
322; 273; 32875
323; 273; 32890
324; 273; 33037
325; 273; 33269
326; 273; 33258
327; 273; 33166
328; 273; 33165
329; 273; 33124
330; 273; 32958
331; 273; 32859
332; 273; 32939
333; 273; 33117
334; 273; 33038
335; 273; 32908
336; 273; 33067
337; 273; 33832
338; 273; 34368
339; 273; 34476
340; 273; 34481
341; 273; 34431
342; 273; 34098
343; 273; 33540
344; 273; 33265
296; 274; 33941
297; 274; 33700
298; 274; 33590
299; 274; 33504
300; 274; 33410
301; 274; 33321
302; 274; 33307
303; 274; 33515
304; 274; 33978
305; 274; 34164
306; 274; 33878
307; 274; 33276
308; 274; 32961
309; 274; 33013
310; 274; 33102
311; 274; 33102
312; 274; 33054
313; 274; 32997
314; 274; 32939
315; 274; 32960
316; 274; 33047
317; 274; 33103
318; 274; 33051
319; 274; 32997
320; 274; 33003
321; 274; 32943
322; 274; 32930
323; 274; 32986
324; 274; 32920
325; 274; 33162
326; 274; 33245
327; 274; 33254
328; 274; 33324
329; 274; 33284
330; 274; 33066
331; 274; 32899
332; 274; 32977
333; 274; 33064
334; 274; 32970
335; 274; 32948
336; 274; 33143
337; 274; 33903
338; 274; 34380
339; 274; 34476
340; 274; 34469
341; 274; 34431
342; 274; 34139
343; 274; 33595
344; 274; 33252
296; 275; 34187
297; 275; 33949
298; 275; 33797
299; 275; 33626
300; 275; 33371
301; 275; 33245
302; 275; 33237
303; 275; 33647
304; 275; 34185
305; 275; 34201
306; 275; 33725
307; 275; 33198
308; 275; 33080
309; 275; 33055
310; 275; 32994
311; 275; 32982
312; 275; 33085
313; 275; 33130
314; 275; 33021
315; 275; 32940
316; 275; 32985
317; 275; 33056
318; 275; 33069
319; 275; 33046
320; 275; 33020
321; 275; 32975
322; 275; 33006
323; 275; 33043
324; 275; 32943
325; 275; 33010
326; 275; 33145
327; 275; 33203
328; 275; 33236
329; 275; 33221
330; 275; 33160
331; 275; 33122
332; 275; 33116
333; 275; 33063
334; 275; 32962
335; 275; 32991
336; 275; 33219
337; 275; 33885
338; 275; 34330
339; 275; 34446
340; 275; 34448
341; 275; 34446
342; 275; 34285
343; 275; 33755
344; 275; 33324
296; 276; 34174
297; 276; 34128
298; 276; 34048
299; 276; 33761
300; 276; 33326
301; 276; 33167
302; 276; 33320
303; 276; 33955
304; 276; 34223
305; 276; 34031
306; 276; 33437
307; 276; 33178
308; 276; 33200
309; 276; 33116
310; 276; 32959
311; 276; 32909
312; 276; 33009
313; 276; 33105
314; 276; 33046
315; 276; 32961
316; 276; 32962
317; 276; 33014
318; 276; 33111
319; 276; 33107
320; 276; 33038
321; 276; 33061
322; 276; 33100
323; 276; 33072
324; 276; 33014
325; 276; 32977
326; 276; 33063
327; 276; 33104
328; 276; 33065
329; 276; 33095
330; 276; 33252
331; 276; 33398
332; 276; 33333
333; 276; 33118
334; 276; 32972
335; 276; 32982
336; 276; 33205
337; 276; 33842
338; 276; 34301
339; 276; 34417
340; 276; 34413
341; 276; 34476
342; 276; 34487
343; 276; 34068
344; 276; 33501
296; 277; 33765
297; 277; 34054
298; 277; 34086
299; 277; 33824
300; 277; 33332
301; 277; 33223
302; 277; 33742
303; 277; 34221
304; 277; 34243
305; 277; 33847
306; 277; 33437
307; 277; 33306
308; 277; 33267
309; 277; 33163
310; 277; 33045
311; 277; 32959
312; 277; 32966
313; 277; 33046
314; 277; 33106
315; 277; 33047
316; 277; 32948
317; 277; 32931
318; 277; 33052
319; 277; 33084
320; 277; 33015
321; 277; 33124
322; 277; 33147
323; 277; 33067
324; 277; 33027
325; 277; 33007
326; 277; 33022
327; 277; 33033
328; 277; 33013
329; 277; 33054
330; 277; 33293
331; 277; 33497
332; 277; 33418
333; 277; 33168
334; 277; 33004
335; 277; 32973
336; 277; 33151
337; 277; 33889
338; 277; 34379
339; 277; 34438
340; 277; 34369
341; 277; 34459
342; 277; 34666
343; 277; 34482
344; 277; 33959
296; 278; 33150
297; 278; 33622
298; 278; 33876
299; 278; 33737
300; 278; 33433
301; 278; 33539
302; 278; 34011
303; 278; 34190
304; 278; 34099
305; 278; 33907
306; 278; 33862
307; 278; 33851
308; 278; 33601
309; 278; 33256
310; 278; 33064
311; 278; 32995
312; 278; 32937
313; 278; 32995
314; 278; 33140
315; 278; 33177
316; 278; 32991
317; 278; 32937
318; 278; 32908
319; 278; 32972
320; 278; 32953
321; 278; 33067
322; 278; 33100
323; 278; 33017
324; 278; 33019
325; 278; 33000
326; 278; 33009
327; 278; 33036
328; 278; 33049
329; 278; 33127
330; 278; 33233
331; 278; 33318
332; 278; 33287
333; 278; 33142
334; 278; 33011
335; 278; 32977
336; 278; 33189
337; 278; 34045
338; 278; 34482
339; 278; 34468
340; 278; 34355
341; 278; 34435
342; 278; 34746
343; 278; 34835
344; 278; 34500
296; 279; 32873
297; 279; 33158
298; 279; 33505
299; 279; 33565
300; 279; 33575
301; 279; 33763
302; 279; 33951
303; 279; 33982
304; 279; 34037
305; 279; 34219
306; 279; 34629
307; 279; 34792
308; 279; 34357
309; 279; 33553
310; 279; 32953
311; 279; 32870
312; 279; 32906
313; 279; 33022
314; 279; 33168
315; 279; 33248
316; 279; 33182
317; 279; 32942
318; 279; 32858
319; 279; 32908
320; 279; 32891
321; 279; 32909
322; 279; 32959
323; 279; 32946
324; 279; 33009
325; 279; 33010
326; 279; 33032
327; 279; 33211
328; 279; 33425
329; 279; 33307
330; 279; 33105
331; 279; 33037
332; 279; 33109
333; 279; 33076
334; 279; 32951
335; 279; 32898
336; 279; 33300
337; 279; 34101
338; 279; 34434
339; 279; 34410
340; 279; 34371
341; 279; 34484
342; 279; 34727
343; 279; 34797
344; 279; 34564
296; 280; 32926
297; 280; 33039
298; 280; 33202
299; 280; 33409
300; 280; 33661
301; 280; 33766
302; 280; 33818
303; 280; 33910
304; 280; 34237
305; 280; 34746
306; 280; 35229
307; 280; 35510
308; 280; 35174
309; 280; 34106
310; 280; 32985
311; 280; 32879
312; 280; 33013
313; 280; 33177
314; 280; 33194
315; 280; 33218
316; 280; 33338
317; 280; 33400
318; 280; 33187
319; 280; 32998
320; 280; 32954
321; 280; 32953
322; 280; 32946
323; 280; 32980
324; 280; 33043
325; 280; 33201
326; 280; 33489
327; 280; 33897
328; 280; 34014
329; 280; 33660
330; 280; 33048
331; 280; 32934
332; 280; 33007
333; 280; 33001
334; 280; 32871
335; 280; 32877
336; 280; 33411
337; 280; 34085
338; 280; 34281
339; 280; 34304
340; 280; 34384
341; 280; 34524
342; 280; 34594
343; 280; 34492
344; 280; 34175
296; 281; 33040
297; 281; 33055
298; 281; 33036
299; 281; 33227
300; 281; 33622
301; 281; 33795
302; 281; 33839
303; 281; 34069
304; 281; 34571
305; 281; 35011
306; 281; 35420
307; 281; 35794
308; 281; 35684
309; 281; 34780
310; 281; 33454
311; 281; 32958
312; 281; 33194
313; 281; 33334
314; 281; 33274
315; 281; 33189
316; 281; 33382
317; 281; 33666
318; 281; 33569
319; 281; 33201
320; 281; 33063
321; 281; 33141
322; 281; 33197
323; 281; 33147
324; 281; 33224
325; 281; 33630
326; 281; 34300
327; 281; 34706
328; 281; 34548
329; 281; 33860
330; 281; 33067
331; 281; 32935
332; 281; 33014
333; 281; 32989
334; 281; 32882
335; 281; 32954
336; 281; 33530
337; 281; 34181
338; 281; 34274
339; 281; 34262
340; 281; 34355
341; 281; 34488
342; 281; 34462
343; 281; 34198
344; 281; 33815
296; 282; 32951
297; 282; 32900
298; 282; 32911
299; 282; 33031
300; 282; 33604
301; 282; 33979
302; 282; 33991
303; 282; 34057
304; 282; 34298
305; 282; 34692
306; 282; 35254
307; 282; 35790
308; 282; 35935
309; 282; 35386
310; 282; 34318
311; 282; 33488
312; 282; 33337
313; 282; 33385
314; 282; 33375
315; 282; 33284
316; 282; 33363
317; 282; 33574
318; 282; 33505
319; 282; 33184
320; 282; 33129
321; 282; 33239
322; 282; 33293
323; 282; 33294
324; 282; 33436
325; 282; 34191
326; 282; 35064
327; 282; 35308
328; 282; 34809
329; 282; 33847
330; 282; 33053
331; 282; 32951
332; 282; 33056
333; 282; 33031
334; 282; 32924
335; 282; 33007
336; 282; 33712
337; 282; 34329
338; 282; 34376
339; 282; 34271
340; 282; 34257
341; 282; 34363
342; 282; 34376
343; 282; 34117
344; 282; 33716
296; 283; 32939
297; 283; 32982
298; 283; 33041
299; 283; 32979
300; 283; 33812
301; 283; 34331
302; 283; 34208
303; 283; 33678
304; 283; 33388
305; 283; 33853
306; 283; 34816
307; 283; 35566
308; 283; 35879
309; 283; 35750
310; 283; 35110
311; 283; 34188
312; 283; 33561
313; 283; 33389
314; 283; 33443
315; 283; 33522
316; 283; 33472
317; 283; 33369
318; 283; 33184
319; 283; 33085
320; 283; 33136
321; 283; 33246
322; 283; 33271
323; 283; 33221
324; 283; 33524
325; 283; 34595
326; 283; 35416
327; 283; 35392
328; 283; 34672
329; 283; 33679
330; 283; 33017
331; 283; 32924
332; 283; 33024
333; 283; 33056
334; 283; 33005
335; 283; 33161
336; 283; 33868
337; 283; 34392
338; 283; 34405
339; 283; 34257
340; 283; 34136
341; 283; 34227
342; 283; 34312
343; 283; 34157
344; 283; 33662
296; 284; 33038
297; 284; 33014
298; 284; 32856
299; 284; 33366
300; 284; 34357
301; 284; 34750
302; 284; 34326
303; 284; 33307
304; 284; 32887
305; 284; 33347
306; 284; 34466
307; 284; 35209
308; 284; 35588
309; 284; 35681
310; 284; 35379
311; 284; 34658
312; 284; 33846
313; 284; 33461
314; 284; 33543
315; 284; 33785
316; 284; 33729
317; 284; 33389
318; 284; 33096
319; 284; 33055
320; 284; 33180
321; 284; 33243
322; 284; 33131
323; 284; 32972
324; 284; 33418
325; 284; 34493
326; 284; 35094
327; 284; 34932
328; 284; 34248
329; 284; 33562
330; 284; 33077
331; 284; 32880
332; 284; 32912
333; 284; 33020
334; 284; 33111
335; 284; 33321
336; 284; 33924
337; 284; 34420
338; 284; 34448
339; 284; 34238
340; 284; 34069
341; 284; 34193
342; 284; 34344
343; 284; 34204
344; 284; 33663
296; 285; 32924
297; 285; 32896
298; 285; 33173
299; 285; 34041
300; 285; 34810
301; 285; 34930
302; 285; 34302
303; 285; 33222
304; 285; 32935
305; 285; 33371
306; 285; 34295
307; 285; 34922
308; 285; 35278
309; 285; 35360
310; 285; 35124
311; 285; 34569
312; 285; 33922
313; 285; 33619
314; 285; 33773
315; 285; 34057
316; 285; 33979
317; 285; 33600
318; 285; 33282
319; 285; 33223
320; 285; 33355
321; 285; 33293
322; 285; 33012
323; 285; 32848
324; 285; 33168
325; 285; 33875
326; 285; 34372
327; 285; 34336
328; 285; 34097
329; 285; 33778
330; 285; 33363
331; 285; 32950
332; 285; 32842
333; 285; 32909
334; 285; 33061
335; 285; 33282
336; 285; 33863
337; 285; 34489
338; 285; 34538
339; 285; 34277
340; 285; 34085
341; 285; 34241
342; 285; 34469
343; 285; 34328
344; 285; 33804
296; 286; 33126
297; 286; 33249
298; 286; 33632
299; 286; 34424
300; 286; 34930
301; 286; 34788
302; 286; 34128
303; 286; 33338
304; 286; 33055
305; 286; 33347
306; 286; 34039
307; 286; 34769
308; 286; 35189
309; 286; 35110
310; 286; 34650
311; 286; 34059
312; 286; 33706
313; 286; 33773
314; 286; 34214
315; 286; 34426
316; 286; 34208
317; 286; 33746
318; 286; 33477
319; 286; 33470
320; 286; 33488
321; 286; 33386
322; 286; 33075
323; 286; 32917
324; 286; 33011
325; 286; 33396
326; 286; 33855
327; 286; 34250
328; 286; 34549
329; 286; 34471
330; 286; 33922
331; 286; 33150
332; 286; 32800
333; 286; 32891
334; 286; 32963
335; 286; 33128
336; 286; 33738
337; 286; 34531
338; 286; 34620
339; 286; 34334
340; 286; 34118
341; 286; 34257
342; 286; 34488
343; 286; 34443
344; 286; 33973
296; 287; 33286
297; 287; 33496
298; 287; 33901
299; 287; 34610
300; 287; 34886
301; 287; 34648
302; 287; 33989
303; 287; 33413
304; 287; 33175
305; 287; 33165
306; 287; 33703
307; 287; 34595
308; 287; 35041
309; 287; 34822
310; 287; 34202
311; 287; 33598
312; 287; 33361
313; 287; 33872
314; 287; 34771
315; 287; 34987
316; 287; 34497
317; 287; 33790
318; 287; 33475
319; 287; 33493
320; 287; 33486
321; 287; 33355
322; 287; 33155
323; 287; 33076
324; 287; 33114
325; 287; 33382
326; 287; 33969
327; 287; 34800
328; 287; 35446
329; 287; 35301
330; 287; 34484
331; 287; 33440
332; 287; 32848
333; 287; 32977
334; 287; 33035
335; 287; 33069
336; 287; 33685
337; 287; 34493
338; 287; 34591
339; 287; 34328
340; 287; 34133
341; 287; 34251
342; 287; 34487
343; 287; 34462
344; 287; 34037
296; 288; 33537
297; 288; 33831
298; 288; 34182
299; 288; 34727
300; 288; 34950
301; 288; 34720
302; 288; 34056
303; 288; 33425
304; 288; 33089
305; 288; 33044
306; 288; 33422
307; 288; 34104
308; 288; 34509
309; 288; 34308
310; 288; 33771
311; 288; 33285
312; 288; 33056
313; 288; 33956
314; 288; 35276
315; 288; 35530
316; 288; 34824
317; 288; 33844
318; 288; 33393
319; 288; 33418
320; 288; 33392
321; 288; 33226
322; 288; 33056
323; 288; 33074
324; 288; 33336
325; 288; 33787
326; 288; 34565
327; 288; 35608
328; 288; 36257
329; 288; 36051
330; 288; 35079
331; 288; 33812
332; 288; 32996
333; 288; 32978
334; 288; 33074
335; 288; 33067
336; 288; 33776
337; 288; 34452
338; 288; 34493
339; 288; 34298
340; 288; 34183
341; 288; 34317
342; 288; 34469
343; 288; 34415
344; 288; 33987
296; 289; 33892
297; 289; 34298
298; 289; 34472
299; 289; 34714
300; 289; 34941
301; 289; 34764
302; 289; 34143
303; 289; 33378
304; 289; 33004
305; 289; 33112
306; 289; 33410
307; 289; 33639
308; 289; 33806
309; 289; 33697
310; 289; 33350
311; 289; 32960
312; 289; 32861
313; 289; 34043
314; 289; 35505
315; 289; 35737
316; 289; 35002
317; 289; 33989
318; 289; 33464
319; 289; 33436
320; 289; 33395
321; 289; 33180
322; 289; 32908
323; 289; 32938
324; 289; 33523
325; 289; 34420
326; 289; 35382
327; 289; 36231
328; 289; 36763
329; 289; 36642
330; 289; 35690
331; 289; 34286
332; 289; 33183
333; 289; 32891
334; 289; 33053
335; 289; 33046
336; 289; 33799
337; 289; 34397
338; 289; 34445
339; 289; 34299
340; 289; 34252
341; 289; 34408
342; 289; 34490
343; 289; 34336
344; 289; 33880
296; 290; 34140
297; 290; 34615
298; 290; 34656
299; 290; 34550
300; 290; 34621
301; 290; 34514
302; 290; 33999
303; 290; 33277
304; 290; 32994
305; 290; 33369
306; 290; 33705
307; 290; 33655
308; 290; 33585
309; 290; 33413
310; 290; 33108
311; 290; 32826
312; 290; 32948
313; 290; 34030
314; 290; 35332
315; 290; 35537
316; 290; 35003
317; 290; 34222
318; 290; 33689
319; 290; 33466
320; 290; 33395
321; 290; 33191
322; 290; 32835
323; 290; 32847
324; 290; 33716
325; 290; 35124
326; 290; 36101
327; 290; 36608
328; 290; 36946
329; 290; 36996
330; 290; 36261
331; 290; 34826
332; 290; 33382
333; 290; 32835
334; 290; 33062
335; 290; 33026
336; 290; 33665
337; 290; 34319
338; 290; 34431
339; 290; 34319
340; 290; 34269
341; 290; 34417
342; 290; 34473
343; 290; 34281
344; 290; 33860
296; 291; 34276
297; 291; 34748
298; 291; 34751
299; 291; 34424
300; 291; 34227
301; 291; 34066
302; 291; 33691
303; 291; 33229
304; 291; 33196
305; 291; 33839
306; 291; 34137
307; 291; 33970
308; 291; 33714
309; 291; 33508
310; 291; 33186
311; 291; 32829
312; 291; 32948
313; 291; 33784
314; 291; 34817
315; 291; 35112
316; 291; 34947
317; 291; 34556
318; 291; 33964
319; 291; 33456
320; 291; 33191
321; 291; 33008
322; 291; 32836
323; 291; 32907
324; 291; 33822
325; 291; 35509
326; 291; 36512
327; 291; 36750
328; 291; 36852
329; 291; 37060
330; 291; 36588
331; 291; 35193
332; 291; 33532
333; 291; 32814
334; 291; 33132
335; 291; 33015
336; 291; 33548
337; 291; 34285
338; 291; 34435
339; 291; 34325
340; 291; 34244
341; 291; 34374
342; 291; 34446
343; 291; 34332
344; 291; 34073
296; 292; 34392
297; 292; 34695
298; 292; 34710
299; 292; 34369
300; 292; 34017
301; 292; 33756
302; 292; 33488
303; 292; 33312
304; 292; 33584
305; 292; 34260
306; 292; 34428
307; 292; 34194
308; 292; 33907
309; 292; 33739
310; 292; 33419
311; 292; 32973
312; 292; 32902
313; 292; 33511
314; 292; 34345
315; 292; 34790
316; 292; 34998
317; 292; 34960
318; 292; 34466
319; 292; 33675
320; 292; 33074
321; 292; 32821
322; 292; 32938
323; 292; 32956
324; 292; 33725
325; 292; 35400
326; 292; 36429
327; 292; 36645
328; 292; 36646
329; 292; 36855
330; 292; 36535
331; 292; 35264
332; 292; 33577
333; 292; 32789
334; 292; 33191
335; 292; 33014
336; 292; 33605
337; 292; 34308
338; 292; 34431
339; 292; 34292
340; 292; 34203
341; 292; 34319
342; 292; 34403
343; 292; 34371
344; 292; 34297
296; 293; 34500
297; 293; 34519
298; 293; 34526
299; 293; 34330
300; 293; 33918
301; 293; 33601
302; 293; 33410
303; 293; 33394
304; 293; 33764
305; 293; 34335
306; 293; 34437
307; 293; 34323
308; 293; 34180
309; 293; 33978
310; 293; 33633
311; 293; 33097
312; 293; 32871
313; 293; 33362
314; 293; 34234
315; 293; 34836
316; 293; 35251
317; 293; 35509
318; 293; 35290
319; 293; 34512
320; 293; 33497
321; 293; 32852
322; 293; 33096
323; 293; 33034
324; 293; 33460
325; 293; 34943
326; 293; 35954
327; 293; 36326
328; 293; 36399
329; 293; 36473
330; 293; 36114
331; 293; 35001
332; 293; 33492
333; 293; 32786
334; 293; 33177
335; 293; 32980
336; 293; 33758
337; 293; 34369
338; 293; 34465
339; 293; 34275
340; 293; 34204
341; 293; 34249
342; 293; 34288
343; 293; 34299
344; 293; 34312
296; 294; 34551
297; 294; 34472
298; 294; 34478
299; 294; 34331
300; 294; 33928
301; 294; 33574
302; 294; 33420
303; 294; 33411
304; 294; 33622
305; 294; 34070
306; 294; 34323
307; 294; 34428
308; 294; 34580
309; 294; 34479
310; 294; 33975
311; 294; 33230
312; 294; 32893
313; 294; 33291
314; 294; 34406
315; 294; 35196
316; 294; 35617
317; 294; 35907
318; 294; 35987
319; 294; 35472
320; 294; 34359
321; 294; 33226
322; 294; 32955
323; 294; 33057
324; 294; 33205
325; 294; 34389
326; 294; 35316
327; 294; 35856
328; 294; 36047
329; 294; 35948
330; 294; 35460
331; 294; 34509
332; 294; 33320
333; 294; 32804
334; 294; 33092
335; 294; 32958
336; 294; 33915
337; 294; 34499
338; 294; 34608
339; 294; 34473
340; 294; 34307
341; 294; 34225
342; 294; 34188
343; 294; 34231
344; 294; 34258
296; 295; 34550
297; 295; 34558
298; 295; 34584
299; 295; 34401
300; 295; 33975
301; 295; 33616
302; 295; 33393
303; 295; 33369
304; 295; 33474
305; 295; 33829
306; 295; 34028
307; 295; 34309
308; 295; 34786
309; 295; 34865
310; 295; 34349
311; 295; 33447
312; 295; 32844
313; 295; 33319
314; 295; 34668
315; 295; 35567
316; 295; 35903
317; 295; 35885
318; 295; 35952
319; 295; 35884
320; 295; 35053
321; 295; 33736
322; 295; 32806
323; 295; 32943
324; 295; 33087
325; 295; 33856
326; 295; 34627
327; 295; 35221
328; 295; 35503
329; 295; 35329
330; 295; 34766
331; 295; 33982
332; 295; 33192
333; 295; 32820
334; 295; 32957
335; 295; 33010
336; 295; 34060
337; 295; 34646
338; 295; 34736
339; 295; 34624
340; 295; 34462
341; 295; 34299
342; 295; 34226
343; 295; 34280
344; 295; 34342
296; 296; 34441
297; 296; 34601
298; 296; 34595
299; 296; 34302
300; 296; 33916
301; 296; 33649
302; 296; 33432
303; 296; 33367
304; 296; 33522
305; 296; 33727
306; 296; 33308
307; 296; 33358
308; 296; 34382
309; 296; 34891
310; 296; 34545
311; 296; 33665
312; 296; 32945
313; 296; 33413
314; 296; 34856
315; 296; 35727
316; 296; 35914
317; 296; 35738
318; 296; 35694
319; 296; 35767
320; 296; 35199
321; 296; 34020
322; 296; 33042
323; 296; 32816
324; 296; 33036
325; 296; 33418
326; 296; 33870
327; 296; 34440
328; 296; 34778
329; 296; 34631
330; 296; 34149
331; 296; 33616
332; 296; 33165
333; 296; 32843
334; 296; 32825
335; 296; 33097
336; 296; 34093
337; 296; 34672
338; 296; 34706
339; 296; 34577
340; 296; 34479
341; 296; 34416
342; 296; 34358
343; 296; 34331
344; 296; 34337
296; 297; 34152
297; 297; 34435
298; 297; 34353
299; 297; 33943
300; 297; 33758
301; 297; 33805
302; 297; 33668
303; 297; 33536
304; 297; 33677
305; 297; 33832
306; 297; 33810
307; 297; 33861
308; 297; 33233
309; 297; 34632
310; 297; 34523
311; 297; 33806
312; 297; 33061
313; 297; 33344
314; 297; 34689
315; 297; 35544
316; 297; 35802
317; 297; 35686
318; 297; 35616
319; 297; 35522
320; 297; 34879
321; 297; 33814
322; 297; 33026
323; 297; 32880
324; 297; 32974
325; 297; 33074
326; 297; 33224
327; 297; 33581
328; 297; 33936
329; 297; 33871
330; 297; 33526
331; 297; 33300
332; 297; 33139
333; 297; 32897
334; 297; 32772
335; 297; 33073
336; 297; 33995
337; 297; 34540
338; 297; 34536
339; 297; 34371
340; 297; 34419
341; 297; 34524
342; 297; 34474
343; 297; 34299
344; 297; 34113
296; 298; 33766
297; 298; 34134
298; 298; 34090
299; 298; 33699
300; 298; 33674
301; 298; 34006
302; 298; 34042
303; 298; 33778
304; 298; 33815
305; 298; 34192
306; 298; 34337
307; 298; 33782
308; 298; 33116
309; 298; 34418
310; 298; 34423
311; 298; 33744
312; 298; 32967
313; 298; 33041
314; 298; 33999
315; 298; 34876
316; 298; 35299
317; 298; 35467
318; 298; 35472
319; 298; 35100
320; 298; 34280
321; 298; 33345
322; 298; 32843
323; 298; 32866
324; 298; 32950
325; 298; 32910
326; 298; 32846
327; 298; 32977
328; 298; 33149
329; 298; 33185
330; 298; 33109
331; 298; 33130
332; 298; 33133
333; 298; 32935
334; 298; 32826
335; 298; 33003
336; 298; 33831
337; 298; 34374
338; 298; 34395
339; 298; 34341
340; 298; 34450
341; 298; 34597
342; 298; 34529
343; 298; 34156
344; 298; 33781
296; 299; 33403
297; 299; 33856
298; 299; 33959
299; 299; 33747
300; 299; 33748
301; 299; 34196
302; 299; 34277
303; 299; 33961
304; 299; 33904
305; 299; 34258
306; 299; 34421
307; 299; 34284
308; 299; 34026
309; 299; 34445
310; 299; 34340
311; 299; 33537
312; 299; 32802
313; 299; 32918
314; 299; 33219
315; 299; 33930
316; 299; 34455
317; 299; 34775
318; 299; 34751
319; 299; 34260
320; 299; 33505
321; 299; 32985
322; 299; 32843
323; 299; 32891
324; 299; 32931
325; 299; 32874
326; 299; 32851
327; 299; 32904
328; 299; 32837
329; 299; 32912
330; 299; 33065
331; 299; 33193
332; 299; 33188
333; 299; 32951
334; 299; 32880
335; 299; 33018
336; 299; 33577
337; 299; 34261
338; 299; 34424
339; 299; 34450
340; 299; 34544
341; 299; 34619
342; 299; 34460
343; 299; 33990
344; 299; 33602
296; 300; 33101
297; 300; 33573
298; 300; 33871
299; 300; 33846
300; 300; 33935
301; 300; 34345
302; 300; 34400
303; 300; 34025
304; 300; 33880
305; 300; 34059
306; 300; 34263
307; 300; 34236
308; 300; 34421
309; 300; 34608
310; 300; 34247
311; 300; 33341
312; 300; 32819
313; 300; 33037
314; 300; 32822
315; 300; 33164
316; 300; 33567
317; 300; 33852
318; 300; 33735
319; 300; 33273
320; 300; 32911
321; 300; 32909
322; 300; 33017
323; 300; 33030
324; 300; 33004
325; 300; 32951
326; 300; 32874
327; 300; 32917
328; 300; 32906
329; 300; 33001
330; 300; 33237
331; 300; 33345
332; 300; 33269
333; 300; 32952
334; 300; 32910
335; 300; 33011
336; 300; 33376
337; 300; 34220
338; 300; 34505
339; 300; 34515
340; 300; 34523
341; 300; 34538
342; 300; 34336
343; 300; 33884
344; 300; 33548
296; 301; 32979
297; 301; 33300
298; 301; 33675
299; 301; 33840
300; 301; 34179
301; 301; 34512
302; 301; 34453
303; 301; 33995
304; 301; 33678
305; 301; 33661
306; 301; 33811
307; 301; 34185
308; 301; 34632
309; 301; 34694
310; 301; 34079
311; 301; 33146
312; 301; 32901
313; 301; 32964
314; 301; 32895
315; 301; 32914
316; 301; 33015
317; 301; 33191
318; 301; 33116
319; 301; 32859
320; 301; 32869
321; 301; 32928
322; 301; 33098
323; 301; 33145
324; 301; 33160
325; 301; 33156
326; 301; 33034
327; 301; 32907
328; 301; 32985
329; 301; 33195
330; 301; 33310
331; 301; 33311
332; 301; 33198
333; 301; 32913
334; 301; 32882
335; 301; 32969
336; 301; 33389
337; 301; 34301
338; 301; 34532
339; 301; 34455
340; 301; 34387
341; 301; 34420
342; 301; 34314
343; 301; 33933
344; 301; 33630
296; 302; 33094
297; 302; 33235
298; 302; 33522
299; 302; 33888
300; 302; 34311
301; 302; 34511
302; 302; 34370
303; 302; 33817
304; 302; 33407
305; 302; 33278
306; 302; 33370
307; 302; 33769
308; 302; 34375
309; 302; 34480
310; 302; 33878
311; 302; 33010
312; 302; 32939
313; 302; 32841
314; 302; 33156
315; 302; 33089
316; 302; 32925
317; 302; 32947
318; 302; 33012
319; 302; 32946
320; 302; 32898
321; 302; 32957
322; 302; 32994
323; 302; 33106
324; 302; 33276
325; 302; 33354
326; 302; 33268
327; 302; 33181
328; 302; 33221
329; 302; 33276
330; 302; 33224
331; 302; 33128
332; 302; 33041
333; 302; 32894
334; 302; 32839
335; 302; 32941
336; 302; 33557
337; 302; 34449
338; 302; 34555
339; 302; 34380
340; 302; 34315
341; 302; 34418
342; 302; 34414
343; 302; 34088
344; 302; 33702
296; 303; 33233
297; 303; 33325
298; 303; 33582
299; 303; 33862
300; 303; 34222
301; 303; 34411
302; 303; 34156
303; 303; 33628
304; 303; 33359
305; 303; 33345
306; 303; 33432
307; 303; 33549
308; 303; 33867
309; 303; 34105
310; 303; 33761
311; 303; 33069
312; 303; 32879
313; 303; 32981
314; 303; 33540
315; 303; 33573
316; 303; 33187
317; 303; 32978
318; 303; 33167
319; 303; 33365
320; 303; 33307
321; 303; 33050
322; 303; 32882
323; 303; 32962
324; 303; 33243
325; 303; 33386
326; 303; 33337
327; 303; 33324
328; 303; 33382
329; 303; 33332
330; 303; 33155
331; 303; 33016
332; 303; 32984
333; 303; 32910
334; 303; 32836
335; 303; 32913
336; 303; 33555
337; 303; 34476
338; 303; 34566
339; 303; 34356
340; 303; 34281
341; 303; 34421
342; 303; 34450
343; 303; 34130
344; 303; 33660
296; 304; 33260
297; 304; 33451
298; 304; 33535
299; 304; 33617
300; 304; 33951
301; 304; 34176
302; 304; 33983
303; 304; 33589
304; 304; 33546
305; 304; 33852
306; 304; 34062
307; 304; 33894
308; 304; 33733
309; 304; 33848
310; 304; 33780
311; 304; 33318
312; 304; 32958
313; 304; 33095
314; 304; 33532
315; 304; 33689
316; 304; 33562
317; 304; 33506
318; 304; 33824
319; 304; 34064
320; 304; 33914
321; 304; 33418
322; 304; 32984
323; 304; 32921
324; 304; 33071
325; 304; 33145
326; 304; 33145
327; 304; 33224
328; 304; 33422
329; 304; 33423
330; 304; 33171
331; 304; 32976
332; 304; 32979
333; 304; 32952
334; 304; 32874
335; 304; 32857
336; 304; 33352
337; 304; 34358
338; 304; 34547
339; 304; 34343
340; 304; 34195
341; 304; 34294
342; 304; 34324
343; 304; 34080
344; 304; 33669
296; 305; 33192
297; 305; 33433
298; 305; 33377
299; 305; 33309
300; 305; 33679
301; 305; 34012
302; 305; 33895
303; 305; 33702
304; 305; 33895
305; 305; 34482
306; 305; 34823
307; 305; 34632
308; 305; 34143
309; 305; 33922
310; 305; 33846
311; 305; 33577
312; 305; 33206
313; 305; 33109
314; 305; 33249
315; 305; 33518
316; 305; 33886
317; 305; 34293
318; 305; 34670
319; 305; 34794
320; 305; 34552
321; 305; 34021
322; 305; 33403
323; 305; 33078
324; 305; 33031
325; 305; 33009
326; 305; 32980
327; 305; 33079
328; 305; 33428
329; 305; 33493
330; 305; 33222
331; 305; 32976
332; 305; 32989
333; 305; 32999
334; 305; 32894
335; 305; 32812
336; 305; 33192
337; 305; 34157
338; 305; 34420
339; 305; 34271
340; 305; 34109
341; 305; 34156
342; 305; 34171
343; 305; 34020
344; 305; 33810
296; 306; 33104
297; 306; 33375
298; 306; 33285
299; 306; 33208
300; 306; 33574
301; 306; 33828
302; 306; 33739
303; 306; 33747
304; 306; 34146
305; 306; 34738
306; 306; 35169
307; 306; 35185
308; 306; 34799
309; 306; 34246
310; 306; 33733
311; 306; 33413
312; 306; 33218
313; 306; 33145
314; 306; 33116
315; 306; 33433
316; 306; 34216
317; 306; 34876
318; 306; 35166
319; 306; 35211
320; 306; 35052
321; 306; 34588
322; 306; 33914
323; 306; 33374
324; 306; 33157
325; 306; 33062
326; 306; 33001
327; 306; 33105
328; 306; 33434
329; 306; 33511
330; 306; 33302
331; 306; 33061
332; 306; 33043
333; 306; 33040
334; 306; 32897
335; 306; 32817
336; 306; 33160
337; 306; 33841
338; 306; 34112
339; 306; 34088
340; 306; 34022
341; 306; 33981
342; 306; 33906
343; 306; 33835
344; 306; 33837
296; 307; 32992
297; 307; 33411
298; 307; 33435
299; 307; 33370
300; 307; 33572
301; 307; 33639
302; 307; 33598
303; 307; 33679
304; 307; 34025
305; 307; 34507
306; 307; 34926
307; 307; 35206
308; 307; 35086
309; 307; 34457
310; 307; 33623
311; 307; 33189
312; 307; 33200
313; 307; 33227
314; 307; 33241
315; 307; 33595
316; 307; 34458
317; 307; 35027
318; 307; 35094
319; 307; 35148
320; 307; 35263
321; 307; 34993
322; 307; 34259
323; 307; 33525
324; 307; 33280
325; 307; 33298
326; 307; 33293
327; 307; 33331
328; 307; 33492
329; 307; 33571
330; 307; 33419
331; 307; 33203
332; 307; 33103
333; 307; 33060
334; 307; 32965
335; 307; 32957
336; 307; 33143
337; 307; 33433
338; 307; 33747
339; 307; 33906
340; 307; 33901
341; 307; 33684
342; 307; 33446
343; 307; 33376
344; 307; 33538
296; 308; 33028
297; 308; 33566
298; 308; 33625
299; 308; 33521
300; 308; 33577
301; 308; 33612
302; 308; 33540
303; 308; 33516
304; 308; 33717
305; 308; 34014
306; 308; 34374
307; 308; 34773
308; 308; 34907
309; 308; 34491
310; 308; 33710
311; 308; 33244
312; 308; 33291
313; 308; 33388
314; 308; 33407
315; 308; 33654
316; 308; 34360
317; 308; 34823
318; 308; 34855
319; 308; 34952
320; 308; 35230
321; 308; 35030
322; 308; 34270
323; 308; 33473
324; 308; 33284
325; 308; 33413
326; 308; 33490
327; 308; 33480
328; 308; 33552
329; 308; 33613
330; 308; 33516
331; 308; 33291
332; 308; 33157
333; 308; 33107
334; 308; 33059
335; 308; 33040
336; 308; 33066
337; 308; 33219
338; 308; 33539
339; 308; 33826
340; 308; 33841
341; 308; 33491
342; 308; 33113
343; 308; 33030
344; 308; 33195
296; 309; 33188
297; 309; 33676
298; 309; 33582
299; 309; 33413
300; 309; 33527
301; 309; 33622
302; 309; 33490
303; 309; 33250
304; 309; 33325
305; 309; 33617
306; 309; 33959
307; 309; 34334
308; 309; 34605
309; 309; 34467
310; 309; 33983
311; 309; 33585
312; 309; 33567
313; 309; 33577
314; 309; 33458
315; 309; 33440
316; 309; 33844
317; 309; 34383
318; 309; 34618
319; 309; 34768
320; 309; 34877
321; 309; 34586
322; 309; 33898
323; 309; 33352
324; 309; 33300
325; 309; 33444
326; 309; 33496
327; 309; 33483
328; 309; 33553
329; 309; 33626
330; 309; 33481
331; 309; 33310
332; 309; 33284
333; 309; 33255
334; 309; 33112
335; 309; 32968
336; 309; 32962
337; 309; 33099
338; 309; 33418
339; 309; 33748
340; 309; 33799
341; 309; 33554
342; 309; 33142
343; 309; 33062
344; 309; 33222
296; 310; 33233
297; 310; 33601
298; 310; 33441
299; 310; 33309
300; 310; 33453
301; 310; 33553
302; 310; 33337
303; 310; 32981
304; 310; 33037
305; 310; 33448
306; 310; 33881
307; 310; 34208
308; 310; 34382
309; 310; 34364
310; 310; 34222
311; 310; 33998
312; 310; 33907
313; 310; 33782
314; 310; 33553
315; 310; 33391
316; 310; 33386
317; 310; 33846
318; 310; 34388
319; 310; 34549
320; 310; 34341
321; 310; 33835
322; 310; 33427
323; 310; 33355
324; 310; 33433
325; 310; 33468
326; 310; 33411
327; 310; 33368
328; 310; 33357
329; 310; 33301
330; 310; 33222
331; 310; 33296
332; 310; 33423
333; 310; 33375
334; 310; 33111
335; 310; 32891
336; 310; 32861
337; 310; 32996
338; 310; 33224
339; 310; 33498
340; 310; 33685
341; 310; 33671
342; 310; 33514
343; 310; 33379
344; 310; 33507
296; 311; 33036
297; 311; 33416
298; 311; 33469
299; 311; 33455
300; 311; 33504
301; 311; 33474
302; 311; 33235
303; 311; 32996
304; 311; 33066
305; 311; 33521
306; 311; 33916
307; 311; 34062
308; 311; 34014
309; 311; 34110
310; 311; 34410
311; 311; 34571
312; 311; 34306
313; 311; 33999
314; 311; 33816
315; 311; 33615
316; 311; 33394
317; 311; 33551
318; 311; 34125
319; 311; 34294
320; 311; 33867
321; 311; 33281
322; 311; 33150
323; 311; 33424
324; 311; 33502
325; 311; 33400
326; 311; 33252
327; 311; 33139
328; 311; 32989
329; 311; 32878
330; 311; 32938
331; 311; 33246
332; 311; 33421
333; 311; 33300
334; 311; 33049
335; 311; 32879
336; 311; 32894
337; 311; 33010
338; 311; 33103
339; 311; 33163
340; 311; 33440
341; 311; 33755
342; 311; 33843
343; 311; 33722
344; 311; 33771
296; 312; 32964
297; 312; 33270
298; 312; 33618
299; 312; 33721
300; 312; 33617
301; 312; 33448
302; 312; 33322
303; 312; 33189
304; 312; 33122
305; 312; 33309
306; 312; 33540
307; 312; 33552
308; 312; 33606
309; 312; 34179
310; 312; 35066
311; 312; 35282
312; 312; 34755
313; 312; 34244
314; 312; 34203
315; 312; 34221
316; 312; 33839
317; 312; 33587
318; 312; 33812
319; 312; 33963
320; 312; 33504
321; 312; 33077
322; 312; 33136
323; 312; 33416
324; 312; 33391
325; 312; 33186
326; 312; 33109
327; 312; 33008
328; 312; 32874
329; 312; 32857
330; 312; 32878
331; 312; 33245
332; 312; 33291
333; 312; 33134
334; 312; 33034
335; 312; 33004
336; 312; 33031
337; 312; 33063
338; 312; 33081
339; 312; 33054
340; 312; 33170
341; 312; 33598
342; 312; 33893
343; 312; 33872
344; 312; 33919
296; 313; 33039
297; 313; 33207
298; 313; 33519
299; 313; 33674
300; 313; 33579
301; 313; 33422
302; 313; 33353
303; 313; 33196
304; 313; 32956
305; 313; 32899
306; 313; 32985
307; 313; 33176
308; 313; 33788
309; 313; 34949
310; 313; 35886
311; 313; 35944
312; 313; 35280
313; 313; 34670
314; 313; 34780
315; 313; 34900
316; 313; 34448
317; 313; 33799
318; 313; 33561
319; 313; 33497
320; 313; 33236
321; 313; 33070
322; 313; 33164
323; 313; 33313
324; 313; 33219
325; 313; 33096
326; 313; 33094
327; 313; 33022
328; 313; 32876
329; 313; 32869
330; 313; 33066
331; 313; 33349
332; 313; 33239
333; 313; 33116
334; 313; 33198
335; 313; 33270
336; 313; 33152
337; 313; 33019
338; 313; 33018
339; 313; 33012
340; 313; 32963
341; 313; 33151
342; 313; 33604
343; 313; 33900
344; 313; 34051
296; 314; 33232
297; 314; 33160
298; 314; 33182
299; 314; 33286
300; 314; 33307
301; 314; 33294
302; 314; 33185
303; 314; 32944
304; 314; 32952
305; 314; 33065
306; 314; 32975
307; 314; 33102
308; 314; 34274
309; 314; 35574
310; 314; 36368
311; 314; 36344
312; 314; 35730
313; 314; 35319
314; 314; 35464
315; 314; 35368
316; 314; 34734
317; 314; 33911
318; 314; 33392
319; 314; 33174
320; 314; 33054
321; 314; 33049
322; 314; 33110
323; 314; 33189
324; 314; 33203
325; 314; 33207
326; 314; 33173
327; 314; 33018
328; 314; 32877
329; 314; 33018
330; 314; 33366
331; 314; 33368
332; 314; 33186
333; 314; 33159
334; 314; 33352
335; 314; 33406
336; 314; 33182
337; 314; 32912
338; 314; 32909
339; 314; 32935
340; 314; 32854
341; 314; 32805
342; 314; 33155
343; 314; 33837
344; 314; 34264
296; 315; 33244
297; 315; 33144
298; 315; 33129
299; 315; 33187
300; 315; 33210
301; 315; 33152
302; 315; 32973
303; 315; 32876
304; 315; 32893
305; 315; 32989
306; 315; 33030
307; 315; 32924
308; 315; 34031
309; 315; 35495
310; 315; 36272
311; 315; 36287
312; 315; 35905
313; 315; 35692
314; 315; 35606
315; 315; 35227
316; 315; 34571
317; 315; 33897
318; 315; 33457
319; 315; 33216
320; 315; 33094
321; 315; 33028
322; 315; 32996
323; 315; 33068
324; 315; 33282
325; 315; 33368
326; 315; 33255
327; 315; 32960
328; 315; 32938
329; 315; 33209
330; 315; 33386
331; 315; 33296
332; 315; 33097
333; 315; 33113
334; 315; 33308
335; 315; 33360
336; 315; 33152
337; 315; 32958
338; 315; 32957
339; 315; 32989
340; 315; 32860
341; 315; 32806
342; 315; 32857
343; 315; 33614
344; 315; 34392
296; 316; 33207
297; 316; 33340
298; 316; 33437
299; 316; 33408
300; 316; 33287
301; 316; 33151
302; 316; 32983
303; 316; 32935
304; 316; 33079
305; 316; 33119
306; 316; 32929
307; 316; 32976
308; 316; 33423
309; 316; 34720
310; 316; 35574
311; 316; 35776
312; 316; 35628
313; 316; 35391
314; 316; 35038
315; 316; 34568
316; 316; 34104
317; 316; 33900
318; 316; 33689
319; 316; 33424
320; 316; 33097
321; 316; 32902
322; 316; 32876
323; 316; 32975
324; 316; 33263
325; 316; 33418
326; 316; 33387
327; 316; 33189
328; 316; 33218
329; 316; 33428
330; 316; 33485
331; 316; 33312
332; 316; 33039
333; 316; 32940
334; 316; 32997
335; 316; 33118
336; 316; 33173
337; 316; 33217
338; 316; 33359
339; 316; 33401
340; 316; 33144
341; 316; 32893
342; 316; 32768
343; 316; 33211
344; 316; 34107
296; 317; 33192
297; 317; 33557
298; 317; 33730
299; 317; 33639
300; 317; 33459
301; 317; 33300
302; 317; 33132
303; 317; 33063
304; 317; 33170
305; 317; 33483
306; 317; 33605
307; 317; 33465
308; 317; 33399
309; 317; 33847
310; 317; 34571
311; 317; 34962
312; 317; 34916
313; 317; 34609
314; 317; 34200
315; 317; 33917
316; 317; 33818
317; 317; 33807
318; 317; 33626
319; 317; 33190
320; 317; 32912
321; 317; 32931
322; 317; 32889
323; 317; 32882
324; 317; 33208
325; 317; 33439
326; 317; 33606
327; 317; 33664
328; 317; 33656
329; 317; 33631
330; 317; 33588
331; 317; 33411
332; 317; 33044
333; 317; 32846
334; 317; 32838
335; 317; 32965
336; 317; 33190
337; 317; 33488
338; 317; 33752
339; 317; 33854
340; 317; 33685
341; 317; 33287
342; 317; 33023
343; 317; 33073
344; 317; 33465
296; 318; 33124
297; 318; 33505
298; 318; 33697
299; 318; 33645
300; 318; 33474
301; 318; 33371
302; 318; 33295
303; 318; 33111
304; 318; 32992
305; 318; 33278
306; 318; 33824
307; 318; 34002
308; 318; 33653
309; 318; 33312
310; 318; 33539
311; 318; 33967
312; 318; 33962
313; 318; 33690
314; 318; 33542
315; 318; 33604
316; 318; 33710
317; 318; 33625
318; 318; 33282
319; 318; 32895
320; 318; 32847
321; 318; 33092
322; 318; 32936
323; 318; 32851
324; 318; 33178
325; 318; 33394
326; 318; 33673
327; 318; 33787
328; 318; 33704
329; 318; 33489
330; 318; 33419
331; 318; 33328
332; 318; 32998
333; 318; 32799
334; 318; 32846
335; 318; 33120
336; 318; 33430
337; 318; 33643
338; 318; 33896
339; 318; 34075
340; 318; 34032
341; 318; 33842
342; 318; 33643
343; 318; 33402
344; 318; 33247
296; 319; 33028
297; 319; 33268
298; 319; 33522
299; 319; 33500
300; 319; 33357
301; 319; 33299
302; 319; 33326
303; 319; 33237
304; 319; 32996
305; 319; 33004
306; 319; 33546
307; 319; 33864
308; 319; 33504
309; 319; 32939
310; 319; 32928
311; 319; 33186
312; 319; 33135
313; 319; 32973
314; 319; 33084
315; 319; 33454
316; 319; 33563
317; 319; 33316
318; 319; 33230
319; 319; 33359
320; 319; 33221
321; 319; 33028
322; 319; 32879
323; 319; 32893
324; 319; 33033
325; 319; 33264
326; 319; 33568
327; 319; 33697
328; 319; 33457
329; 319; 33097
330; 319; 33037
331; 319; 33136
332; 319; 32965
333; 319; 32787
334; 319; 32901
335; 319; 33376
336; 319; 33723
337; 319; 33855
338; 319; 33971
339; 319; 34021
340; 319; 33996
341; 319; 33982
342; 319; 34090
343; 319; 34013
344; 319; 33655
296; 320; 33189
297; 320; 33213
298; 320; 33392
299; 320; 33481
300; 320; 33254
301; 320; 33056
302; 320; 33187
303; 320; 33408
304; 320; 33325
305; 320; 33138
306; 320; 33172
307; 320; 33349
308; 320; 33118
309; 320; 32922
310; 320; 33091
311; 320; 33134
312; 320; 32878
313; 320; 32812
314; 320; 32926
315; 320; 33491
316; 320; 33326
317; 320; 33069
318; 320; 33853
319; 320; 34988
320; 320; 34936
321; 320; 33986
322; 320; 33053
323; 320; 32814
324; 320; 32892
325; 320; 33215
326; 320; 33597
327; 320; 33779
328; 320; 33598
329; 320; 33210
330; 320; 33107
331; 320; 33172
332; 320; 33073
333; 320; 32884
334; 320; 32910
335; 320; 33252
336; 320; 33752
337; 320; 34098
338; 320; 34199
339; 320; 34099
340; 320; 33771
341; 320; 33698
342; 320; 34081
343; 320; 34369
344; 320; 34263
296; 321; 33551
297; 321; 33276
298; 321; 33423
299; 321; 33616
300; 321; 33280
301; 321; 32813
302; 321; 32968
303; 321; 33423
304; 321; 33548
305; 321; 33367
306; 321; 33056
307; 321; 32989
308; 321; 33033
309; 321; 33268
310; 321; 33723
311; 321; 33697
312; 321; 33135
313; 321; 32805
314; 321; 32987
315; 321; 33583
316; 321; 33326
317; 321; 33110
318; 321; 34417
319; 321; 35896
320; 321; 35753
321; 321; 34511
322; 321; 33220
323; 321; 32794
324; 321; 33083
325; 321; 33496
326; 321; 33802
327; 321; 33940
328; 321; 33906
329; 321; 33670
330; 321; 33502
331; 321; 33445
332; 321; 33344
333; 321; 33169
334; 321; 33051
335; 321; 33018
336; 321; 33280
337; 321; 34038
338; 321; 34500
339; 321; 34350
340; 321; 33771
341; 321; 33343
342; 321; 33643
343; 321; 34266
344; 321; 34418
296; 322; 33780
297; 322; 33314
298; 322; 33464
299; 322; 33698
300; 322; 33280
301; 322; 32776
302; 322; 32997
303; 322; 33192
304; 322; 33556
305; 322; 33298
306; 322; 32935
307; 322; 32909
308; 322; 33016
309; 322; 33453
310; 322; 34093
311; 322; 34160
312; 322; 33481
313; 322; 32799
314; 322; 33056
315; 322; 33674
316; 322; 33615
317; 322; 33392
318; 322; 34116
319; 322; 35076
320; 322; 35017
321; 322; 34147
322; 322; 33393
323; 322; 33364
324; 322; 33701
325; 322; 33868
326; 322; 33878
327; 322; 33857
328; 322; 33797
329; 322; 33604
330; 322; 33474
331; 322; 33508
332; 322; 33605
333; 322; 33644
334; 322; 33554
335; 322; 33201
336; 322; 32928
337; 322; 33415
338; 322; 34280
339; 322; 34433
340; 322; 33954
341; 322; 33318
342; 322; 33293
343; 322; 33882
344; 322; 34325
296; 323; 33713
297; 323; 33275
298; 323; 33373
299; 323; 33594
300; 323; 33271
301; 323; 32825
302; 323; 32986
303; 323; 33127
304; 323; 33331
305; 323; 33040
306; 323; 32832
307; 323; 32897
308; 323; 33003
309; 323; 33469
310; 323; 34146
311; 323; 34287
312; 323; 33694
313; 323; 32946
314; 323; 33031
315; 323; 33686
316; 323; 33898
317; 323; 33760
318; 323; 33724
319; 323; 33827
320; 323; 33758
321; 323; 33561
322; 323; 33724
323; 323; 34045
324; 323; 34162
325; 323; 34014
326; 323; 33817
327; 323; 33730
328; 323; 33494
329; 323; 33153
330; 323; 33072
331; 323; 33403
332; 323; 33911
333; 323; 34175
334; 323; 34162
335; 323; 33851
336; 323; 33252
337; 323; 33001
338; 323; 33476
339; 323; 33993
340; 323; 33929
341; 323; 33492
342; 323; 33294
343; 323; 33548
344; 323; 34004
296; 324; 33658
297; 324; 33259
298; 324; 33187
299; 324; 33480
300; 324; 33452
301; 324; 33143
302; 324; 33073
303; 324; 33259
304; 324; 33219
305; 324; 32989
306; 324; 32870
307; 324; 32925
308; 324; 33191
309; 324; 33841
310; 324; 34281
311; 324; 34182
312; 324; 33481
313; 324; 32849
314; 324; 32964
315; 324; 33538
316; 324; 33906
317; 324; 33782
318; 324; 33457
319; 324; 33124
320; 324; 32966
321; 324; 33142
322; 324; 33649
323; 324; 34047
324; 324; 34058
325; 324; 33973
326; 324; 34121
327; 324; 34283
328; 324; 33987
329; 324; 33401
330; 324; 33077
331; 324; 33513
332; 324; 34236
333; 324; 34561
334; 324; 34555
335; 324; 34321
336; 324; 33873
337; 324; 33296
338; 324; 33130
339; 324; 33434
340; 324; 33698
341; 324; 33661
342; 324; 33483
343; 324; 33464
344; 324; 33713
296; 325; 33676
297; 325; 33246
298; 325; 33034
299; 325; 33560
300; 325; 33950
301; 325; 33798
302; 325; 33444
303; 325; 33251
304; 325; 33205
305; 325; 33109
306; 325; 32903
307; 325; 32933
308; 325; 33561
309; 325; 34353
310; 325; 34442
311; 325; 33870
312; 325; 33075
313; 325; 32860
314; 325; 32967
315; 325; 33170
316; 325; 33558
317; 325; 33533
318; 325; 33256
319; 325; 33005
320; 325; 32883
321; 325; 32971
322; 325; 33288
323; 325; 33684
324; 325; 33962
325; 325; 34309
326; 325; 34949
327; 325; 35457
328; 325; 35245
329; 325; 34399
330; 325; 33650
331; 325; 33735
332; 325; 34344
333; 325; 34588
334; 325; 34478
335; 325; 34297
336; 325; 34147
337; 325; 33903
338; 325; 33588
339; 325; 33509
340; 325; 33659
341; 325; 33831
342; 325; 33794
343; 325; 33666
344; 325; 33699
296; 326; 33536
297; 326; 33144
298; 326; 33033
299; 326; 33800
300; 326; 34300
301; 326; 34033
302; 326; 33567
303; 326; 33500
304; 326; 33598
305; 326; 33447
306; 326; 33040
307; 326; 32993
308; 326; 33784
309; 326; 34532
310; 326; 34417
311; 326; 33631
312; 326; 32927
313; 326; 32892
314; 326; 32905
315; 326; 33026
316; 326; 33414
317; 326; 33582
318; 326; 33625
319; 326; 33608
320; 326; 33521
321; 326; 33448
322; 326; 33593
323; 326; 34047
324; 326; 34628
325; 326; 35248
326; 326; 35800
327; 326; 36133
328; 326; 35930
329; 326; 35149
330; 326; 34168
331; 326; 33771
332; 326; 33932
333; 326; 34133
334; 326; 33987
335; 326; 33768
336; 326; 33895
337; 326; 34131
338; 326; 34069
339; 326; 33829
340; 326; 33719
341; 326; 33883
342; 326; 34074
343; 326; 34094
344; 326; 33933
296; 327; 33287
297; 327; 33047
298; 327; 33183
299; 327; 33936
300; 327; 34222
301; 327; 33942
302; 327; 33878
303; 327; 34287
304; 327; 34376
305; 327; 33846
306; 327; 33117
307; 327; 33081
308; 327; 33887
309; 327; 34501
310; 327; 34490
311; 327; 34165
312; 327; 33692
313; 327; 33282
314; 327; 33162
315; 327; 33393
316; 327; 33880
317; 327; 34389
318; 327; 34607
319; 327; 34582
320; 327; 34468
321; 327; 34418
322; 327; 34570
323; 327; 35006
324; 327; 35662
325; 327; 36200
326; 327; 36321
327; 327; 36029
328; 327; 35521
329; 327; 34926
330; 327; 34223
331; 327; 33658
332; 327; 33422
333; 327; 33457
334; 327; 33433
335; 327; 33267
336; 327; 33291
337; 327; 33545
338; 327; 33704
339; 327; 33579
340; 327; 33379
341; 327; 33614
342; 327; 34128
343; 327; 34360
344; 327; 34138
296; 328; 33227
297; 328; 33113
298; 328; 33311
299; 328; 33865
300; 328; 33993
301; 328; 33818
302; 328; 34181
303; 328; 34817
304; 328; 34805
305; 328; 34017
306; 328; 33182
307; 328; 33246
308; 328; 34029
309; 328; 34654
310; 328; 35127
311; 328; 35555
312; 328; 35619
313; 328; 35041
314; 328; 34214
315; 328; 33996
316; 328; 34509
317; 328; 34997
318; 328; 34973
319; 328; 34867
320; 328; 34727
321; 328; 34875
322; 328; 35039
323; 328; 35323
324; 328; 35868
325; 328; 36389
326; 328; 36293
327; 328; 35528
328; 328; 34669
329; 328; 34262
330; 328; 34095
331; 328; 33753
332; 328; 33380
333; 328; 33317
334; 328; 33497
335; 328; 33500
336; 328; 33281
337; 328; 33153
338; 328; 33138
339; 328; 33120
340; 328; 33009
341; 328; 33219
342; 328; 33925
343; 328; 34336
344; 328; 34148
