282; 311; 33104
283; 311; 33068
284; 311; 33092
285; 311; 33122
286; 311; 33135
287; 311; 33124
288; 311; 33102
289; 311; 33079
290; 311; 33097
291; 311; 33135
292; 311; 33140
293; 311; 33090
294; 311; 33048
295; 311; 33074
296; 311; 33087
297; 311; 33036
298; 311; 33028
299; 311; 33110
300; 311; 33118
301; 311; 33011
302; 311; 33020
303; 311; 33232
304; 311; 33412
305; 311; 33409
306; 311; 33356
307; 311; 33315
308; 311; 33195
309; 311; 33104
310; 311; 33181
311; 311; 33383
312; 311; 33566
313; 311; 33691
314; 311; 33744
315; 311; 33498
316; 311; 33128
317; 311; 33145
318; 311; 33429
319; 311; 33383
320; 311; 33002
321; 311; 32964
322; 311; 33323
323; 311; 33666
324; 311; 33899
325; 311; 34122
326; 311; 34241
327; 311; 34251
328; 311; 34218
329; 311; 34269
330; 311; 34288
331; 311; 34201
332; 311; 34026
333; 311; 33866
334; 311; 33957
282; 312; 33084
283; 312; 33051
284; 312; 33055
285; 312; 33098
286; 312; 33131
287; 312; 33123
288; 312; 33102
289; 312; 33092
290; 312; 33094
291; 312; 33109
292; 312; 33114
293; 312; 33067
294; 312; 33009
295; 312; 33019
296; 312; 33074
297; 312; 33091
298; 312; 33096
299; 312; 33123
300; 312; 33089
301; 312; 32980
302; 312; 32993
303; 312; 33196
304; 312; 33390
305; 312; 33420
306; 312; 33383
307; 312; 33358
308; 312; 33290
309; 312; 33220
310; 312; 33237
311; 312; 33295
312; 312; 33369
313; 312; 33613
314; 312; 33722
315; 312; 33536
316; 312; 33193
317; 312; 33254
318; 312; 33533
319; 312; 33403
320; 312; 32964
321; 312; 32968
322; 312; 33372
323; 312; 33583
324; 312; 33624
325; 312; 33760
326; 312; 34127
327; 312; 34435
328; 312; 34631
329; 312; 34759
330; 312; 34623
331; 312; 34075
332; 312; 33539
333; 312; 33661
334; 312; 34399
282; 313; 33084
283; 313; 33020
284; 313; 32998
285; 313; 33011
286; 313; 32999
287; 313; 32981
288; 313; 33023
289; 313; 33100
290; 313; 33141
291; 313; 33162
292; 313; 33171
293; 313; 33123
294; 313; 33040
295; 313; 33022
296; 313; 33086
297; 313; 33136
298; 313; 33143
299; 313; 33149
300; 313; 33134
301; 313; 33075
302; 313; 33075
303; 313; 33198
304; 313; 33330
305; 313; 33361
306; 313; 33332
307; 313; 33312
308; 313; 33298
309; 313; 33295
310; 313; 33294
311; 313; 33278
312; 313; 33296
313; 313; 33544
314; 313; 33707
315; 313; 33545
316; 313; 33253
317; 313; 33294
318; 313; 33556
319; 313; 33466
320; 313; 33107
321; 313; 33128
322; 313; 33438
323; 313; 33468
324; 313; 33316
325; 313; 33498
326; 313; 34152
327; 313; 34828
328; 313; 35153
329; 313; 35218
330; 313; 34903
331; 313; 34062
332; 313; 33428
333; 313; 33736
334; 313; 34796
282; 314; 33083
283; 314; 32996
284; 314; 32972
285; 314; 32981
286; 314; 32941
287; 314; 32910
288; 314; 32983
289; 314; 33107
290; 314; 33162
291; 314; 33170
292; 314; 33195
293; 314; 33200
294; 314; 33141
295; 314; 33098
296; 314; 33135
297; 314; 33178
298; 314; 33178
299; 314; 33176
300; 314; 33184
301; 314; 33163
302; 314; 33137
303; 314; 33175
304; 314; 33253
305; 314; 33284
306; 314; 33247
307; 314; 33198
308; 314; 33204
309; 314; 33273
310; 314; 33320
311; 314; 33299
312; 314; 33306
313; 314; 33477
314; 314; 33594
315; 314; 33434
316; 314; 33161
317; 314; 33216
318; 314; 33558
319; 314; 33589
320; 314; 33328
321; 314; 33292
322; 314; 33402
323; 314; 33350
324; 314; 33145
325; 314; 33265
326; 314; 33910
327; 314; 34828
328; 314; 35384
329; 314; 35482
330; 314; 35152
331; 314; 34339
332; 314; 33692
333; 314; 33954
334; 314; 34907
282; 315; 33101
283; 315; 33016
284; 315; 32999
285; 315; 33050
286; 315; 33025
287; 315; 32959
288; 315; 32979
289; 315; 33053
290; 315; 33086
291; 315; 33091
292; 315; 33159
293; 315; 33243
294; 315; 33226
295; 315; 33152
296; 315; 33135
297; 315; 33165
298; 315; 33170
299; 315; 33147
300; 315; 33131
301; 315; 33112
302; 315; 33092
303; 315; 33117
304; 315; 33188
305; 315; 33224
306; 315; 33175
307; 315; 33105
308; 315; 33121
309; 315; 33243
310; 315; 33344
311; 315; 33322
312; 315; 33282
313; 315; 33363
314; 315; 33461
315; 315; 33345
316; 315; 33166
317; 315; 33252
318; 315; 33629
319; 315; 33671
320; 315; 33399
321; 315; 33230
322; 315; 33241
323; 315; 33229
324; 315; 33079
325; 315; 33038
326; 315; 33463
327; 315; 34392
328; 315; 35208
329; 315; 35477
330; 315; 35147
331; 315; 34389
332; 315; 33750
333; 315; 33859
334; 315; 34663
282; 316; 33102
283; 316; 33039
284; 316; 33023
285; 316; 33104
286; 316; 33122
287; 316; 33044
288; 316; 32990
289; 316; 33016
290; 316; 33048
291; 316; 33074
292; 316; 33181
293; 316; 33302
294; 316; 33307
295; 316; 33191
296; 316; 33115
297; 316; 33126
298; 316; 33118
299; 316; 33045
300; 316; 33002
301; 316; 33013
302; 316; 33069
303; 316; 33148
304; 316; 33217
305; 316; 33236
306; 316; 33157
307; 316; 33080
308; 316; 33089
309; 316; 33229
310; 316; 33360
311; 316; 33334
312; 316; 33229
313; 316; 33246
314; 316; 33358
315; 316; 33352
316; 316; 33281
317; 316; 33418
318; 316; 33724
319; 316; 33694
320; 316; 33345
321; 316; 33151
322; 316; 33186
323; 316; 33231
324; 316; 33118
325; 316; 32964
326; 316; 33098
327; 316; 33803
328; 316; 34753
329; 316; 35158
330; 316; 34830
331; 316; 34062
332; 316; 33474
333; 316; 33459
334; 316; 34074
282; 317; 33047
283; 317; 33032
284; 317; 33015
285; 317; 33071
286; 317; 33113
287; 317; 33087
288; 317; 33082
289; 317; 33154
290; 317; 33223
291; 317; 33206
292; 317; 33236
293; 317; 33324
294; 317; 33336
295; 317; 33231
296; 317; 33158
297; 317; 33163
298; 317; 33122
299; 317; 33015
300; 317; 32982
301; 317; 33147
302; 317; 33350
303; 317; 33459
304; 317; 33474
305; 317; 33400
306; 317; 33249
307; 317; 33091
308; 317; 33054
309; 317; 33132
310; 317; 33304
311; 317; 33343
312; 317; 33224
313; 317; 33191
314; 317; 33313
315; 317; 33381
316; 317; 33365
317; 317; 33459
318; 317; 33663
319; 317; 33604
320; 317; 33290
321; 317; 33191
322; 317; 33246
323; 317; 33261
324; 317; 33127
325; 317; 32920
326; 317; 32876
327; 317; 33282
328; 317; 34033
329; 317; 34504
330; 317; 34308
331; 317; 33744
332; 317; 33305
333; 317; 33185
334; 317; 33482
282; 318; 32993
283; 318; 33028
284; 318; 33012
285; 318; 33011
286; 318; 33030
287; 318; 33059
288; 318; 33181
289; 318; 33355
290; 318; 33403
291; 318; 33291
292; 318; 33166
293; 318; 33160
294; 318; 33177
295; 318; 33159
296; 318; 33177
297; 318; 33220
298; 318; 33195
299; 318; 33133
300; 318; 33253
301; 318; 33596
302; 318; 33812
303; 318; 33874
304; 318; 33864
305; 318; 33764
306; 318; 33516
307; 318; 33227
308; 318; 32998
309; 318; 32995
310; 318; 33190
311; 318; 33320
312; 318; 33251
313; 318; 33196
314; 318; 33290
315; 318; 33354
316; 318; 33323
317; 318; 33376
318; 318; 33513
319; 318; 33458
320; 318; 33200
321; 318; 33145
322; 318; 33177
323; 318; 33126
324; 318; 32991
325; 318; 32881
326; 318; 32853
327; 318; 32996
328; 318; 33354
329; 318; 33653
330; 318; 33631
331; 318; 33438
332; 318; 33281
333; 318; 33204
334; 318; 33193
282; 319; 33007
283; 319; 33050
284; 319; 33015
285; 319; 32955
286; 319; 32923
287; 319; 32929
288; 319; 33083
289; 319; 33351
290; 319; 33439
291; 319; 33302
292; 319; 33086
293; 319; 32987
294; 319; 33002
295; 319; 33037
296; 319; 33113
297; 319; 33173
298; 319; 33189
299; 319; 33266
300; 319; 33592
301; 319; 33926
302; 319; 34016
303; 319; 34056
304; 319; 34117
305; 319; 34081
306; 319; 33868
307; 319; 33522
308; 319; 33169
309; 319; 33025
310; 319; 33088
311; 319; 33204
312; 319; 33201
313; 319; 33191
314; 319; 33303
315; 319; 33377
316; 319; 33340
317; 319; 33371
318; 319; 33434
319; 319; 33269
320; 319; 33016
321; 319; 32965
322; 319; 33036
323; 319; 33115
324; 319; 33229
325; 319; 33398
326; 319; 33458
327; 319; 33373
328; 319; 33305
329; 319; 33271
330; 319; 33182
331; 319; 33134
332; 319; 33161
333; 319; 33184
334; 319; 33179
282; 320; 33089
283; 320; 33076
284; 320; 32983
285; 320; 32884
286; 320; 32838
287; 320; 32820
288; 320; 32917
289; 320; 33198
290; 320; 33480
291; 320; 33533
292; 320; 33393
293; 320; 33262
294; 320; 33169
295; 320; 33124
296; 320; 33110
297; 320; 33094
298; 320; 33107
299; 320; 33310
300; 320; 33762
301; 320; 34047
302; 320; 34038
303; 320; 34069
304; 320; 34175
305; 320; 34210
306; 320; 34056
307; 320; 33795
308; 320; 33508
309; 320; 33202
310; 320; 33036
311; 320; 33003
312; 320; 33061
313; 320; 33169
314; 320; 33358
315; 320; 33509
316; 320; 33544
317; 320; 33536
318; 320; 33463
319; 320; 33141
320; 320; 32921
321; 320; 33061
322; 320; 33503
323; 320; 33952
324; 320; 34343
325; 320; 34724
326; 320; 34814
327; 320; 34571
328; 320; 34224
329; 320; 33909
330; 320; 33537
331; 320; 33210
332; 320; 33075
333; 320; 33124
334; 320; 33195
282; 321; 33148
283; 321; 33075
284; 321; 32909
285; 321; 32816
286; 321; 32837
287; 321; 32812
288; 321; 32946
289; 321; 33220
290; 321; 33567
291; 321; 33784
292; 321; 33861
293; 321; 33834
294; 321; 33724
295; 321; 33566
296; 321; 33382
297; 321; 33246
298; 321; 33216
299; 321; 33419
300; 321; 33828
301; 321; 34070
302; 321; 34048
303; 321; 34059
304; 321; 34160
305; 321; 34195
306; 321; 34055
307; 321; 33844
308; 321; 33640
309; 321; 33304
310; 321; 32973
311; 321; 32894
312; 321; 33011
313; 321; 33265
314; 321; 33502
315; 321; 33625
316; 321; 33701
317; 321; 33663
318; 321; 33389
319; 321; 33105
320; 321; 33161
321; 321; 33787
322; 321; 34680
323; 321; 35284
324; 321; 35612
325; 321; 35839
326; 321; 35888
327; 321; 35713
328; 321; 35477
329; 321; 35208
330; 321; 34739
331; 321; 34073
332; 321; 33527
333; 321; 33269
334; 321; 33238
282; 322; 33117
283; 322; 33028
284; 322; 32870
285; 322; 32800
286; 322; 32889
287; 322; 33063
288; 322; 33262
289; 322; 33437
290; 322; 33609
291; 322; 33756
292; 322; 33885
293; 322; 33972
294; 322; 33985
295; 322; 33911
296; 322; 33796
297; 322; 33675
298; 322; 33587
299; 322; 33604
300; 322; 33804
301; 322; 34007
302; 322; 34025
303; 322; 34014
304; 322; 34105
305; 322; 34159
306; 322; 33994
307; 322; 33670
308; 322; 33448
309; 322; 33212
310; 322; 32974
311; 322; 32948
312; 322; 33173
313; 322; 33449
314; 322; 33558
315; 322; 33641
316; 322; 33689
317; 322; 33559
318; 322; 33233
319; 322; 33190
320; 322; 33770
321; 322; 34866
322; 322; 35714
323; 322; 35974
324; 322; 35945
325; 322; 35980
326; 322; 35987
327; 322; 35968
328; 322; 35943
329; 322; 35931
330; 322; 35740
331; 322; 35253
332; 322; 34572
333; 322; 33898
334; 322; 33486
282; 323; 33019
283; 323; 33003
284; 323; 33009
285; 323; 33126
286; 323; 33336
287; 323; 33464
288; 323; 33481
289; 323; 33444
290; 323; 33416
291; 323; 33418
292; 323; 33521
293; 323; 33707
294; 323; 33896
295; 323; 34049
296; 323; 34121
297; 323; 34121
298; 323; 33970
299; 323; 33689
300; 323; 33583
301; 323; 33754
302; 323; 33939
303; 323; 34042
304; 323; 34160
305; 323; 34248
306; 323; 34009
307; 323; 33512
308; 323; 33208
309; 323; 33110
310; 323; 33082
311; 323; 33150
312; 323; 33348
313; 323; 33473
314; 323; 33499
315; 323; 33549
316; 323; 33544
317; 323; 33333
318; 323; 33192
319; 323; 33564
320; 323; 34585
321; 323; 35649
322; 323; 36041
323; 323; 35838
324; 323; 35600
325; 323; 35674
326; 323; 35798
327; 323; 35727
328; 323; 35686
329; 323; 35800
330; 323; 35868
331; 323; 35882
332; 323; 35586
333; 323; 34881
334; 323; 33961
282; 324; 32981
283; 324; 33133
284; 324; 33397
285; 324; 33704
286; 324; 33792
287; 324; 33640
288; 324; 33395
289; 324; 33218
290; 324; 33262
291; 324; 33361
292; 324; 33470
293; 324; 33636
294; 324; 33888
295; 324; 34205
296; 324; 34422
297; 324; 34471
298; 324; 34240
299; 324; 33682
300; 324; 33290
301; 324; 33335
302; 324; 33734
303; 324; 34085
304; 324; 34269
305; 324; 34285
306; 324; 33930
307; 324; 33389
308; 324; 33096
309; 324; 33086
310; 324; 33120
311; 324; 33179
312; 324; 33290
313; 324; 33398
314; 324; 33418
315; 324; 33411
316; 324; 33357
317; 324; 33290
318; 324; 33420
319; 324; 34194
320; 324; 35322
321; 324; 35983
322; 324; 35896
323; 324; 35500
324; 324; 35479
325; 324; 35720
326; 324; 35843
327; 324; 35692
328; 324; 35598
329; 324; 35626
330; 324; 35708
331; 324; 35914
332; 324; 36088
333; 324; 35658
334; 324; 34447
282; 325; 33250
283; 325; 33400
284; 325; 33765
285; 325; 34022
286; 325; 33927
287; 325; 33484
288; 325; 33110
289; 325; 33142
290; 325; 33421
291; 325; 33684
292; 325; 33752
293; 325; 33790
294; 325; 33985
295; 325; 34319
296; 325; 34612
297; 325; 34737
298; 325; 34561
299; 325; 33939
300; 325; 33260
301; 325; 33102
302; 325; 33479
303; 325; 33990
304; 325; 34087
305; 325; 33842
306; 325; 33467
307; 325; 33201
308; 325; 33136
309; 325; 33135
310; 325; 33114
311; 325; 33107
312; 325; 33216
313; 325; 33404
314; 325; 33487
315; 325; 33427
316; 325; 33318
317; 325; 33315
318; 325; 33818
319; 325; 34883
320; 325; 35807
321; 325; 35964
322; 325; 35669
323; 325; 35503
324; 325; 35666
325; 325; 35981
326; 325; 35990
327; 325; 35852
328; 325; 35803
329; 325; 35775
330; 325; 35682
331; 325; 35736
332; 325; 36054
333; 325; 35923
334; 325; 34679
282; 326; 33659
283; 326; 33529
284; 326; 33734
285; 326; 33919
286; 326; 33659
287; 326; 33165
288; 326; 33082
289; 326; 33381
290; 326; 33717
291; 326; 33788
292; 326; 33702
293; 326; 33613
294; 326; 33701
295; 326; 33991
296; 326; 34359
297; 326; 34684
298; 326; 34799
299; 326; 34399
300; 326; 33543
301; 326; 33173
302; 326; 33532
303; 326; 33983
304; 326; 33752
305; 326; 33246
306; 326; 33012
307; 326; 33129
308; 326; 33239
309; 326; 33293
310; 326; 33222
311; 326; 33204
312; 326; 33346
313; 326; 33632
314; 326; 33784
315; 326; 33657
316; 326; 33415
317; 326; 33433
318; 326; 34131
319; 326; 35325
320; 326; 36038
321; 326; 35924
322; 326; 35514
323; 326; 35529
324; 326; 35811
325; 326; 35955
326; 326; 35932
327; 326; 35929
328; 326; 35976
329; 326; 35930
330; 326; 35683
331; 326; 35617
332; 326; 35924
333; 326; 35834
334; 326; 34632
282; 327; 33728
283; 327; 33372
284; 327; 33473
285; 327; 33599
286; 327; 33330
287; 327; 33107
288; 327; 33277
289; 327; 33722
290; 327; 33739
291; 327; 33430
292; 327; 33146
293; 327; 33076
294; 327; 33137
295; 327; 33323
296; 327; 33655
297; 327; 34182
298; 327; 34635
299; 327; 34505
300; 327; 33791
301; 327; 33578
302; 327; 34159
303; 327; 34508
304; 327; 34036
305; 327; 33273
306; 327; 33089
307; 327; 33271
308; 327; 33393
309; 327; 33378
310; 327; 33385
311; 327; 33447
312; 327; 33578
313; 327; 33791
314; 327; 33972
315; 327; 33905
316; 327; 33540
317; 327; 33487
318; 327; 34243
319; 327; 35488
320; 327; 36076
321; 327; 35811
322; 327; 35473
323; 327; 35602
324; 327; 35821
325; 327; 35832
326; 327; 35824
327; 327; 35873
328; 327; 35894
329; 327; 35832
330; 327; 35716
331; 327; 35772
332; 327; 35953
333; 327; 35691
334; 327; 34614
282; 328; 33344
283; 328; 33210
284; 328; 33432
285; 328; 33557
286; 328; 33245
287; 328; 33111
288; 328; 33466
289; 328; 33899
290; 328; 33657
291; 328; 33082
292; 328; 32818
293; 328; 32903
294; 328; 32968
295; 328; 33008
296; 328; 33177
297; 328; 33592
298; 328; 34106
299; 328; 34106
300; 328; 33744
301; 328; 34090
302; 328; 35017
303; 328; 35325
304; 328; 34779
305; 328; 33919
306; 328; 33553
307; 328; 33495
308; 328; 33366
309; 328; 33258
310; 328; 33283
311; 328; 33363
312; 328; 33469
313; 328; 33690
314; 328; 33959
315; 328; 33947
316; 328; 33554
317; 328; 33450
318; 328; 34220
319; 328; 35501
320; 328; 36058
321; 328; 35746
322; 328; 35530
323; 328; 35727
324; 328; 35858
325; 328; 35777
326; 328; 35743
327; 328; 35783
328; 328; 35783
329; 328; 35818
330; 328; 36001
331; 328; 36117
332; 328; 36010
333; 328; 35465
334; 328; 34551
282; 329; 33056
283; 329; 33309
284; 329; 33756
285; 329; 33730
286; 329; 33268
287; 329; 33093
288; 329; 33500
289; 329; 34031
290; 329; 33890
291; 329; 33325
292; 329; 32988
293; 329; 32984
294; 329; 33135
295; 329; 33168
296; 329; 33212
297; 329; 33393
298; 329; 33605
299; 329; 33531
300; 329; 33491
301; 329; 34161
302; 329; 35322
303; 329; 35728
304; 329; 35109
305; 329; 34182
306; 329; 33627
307; 329; 33380
308; 329; 33192
309; 329; 33046
310; 329; 33029
311; 329; 32979
312; 329; 33054
313; 329; 33350
314; 329; 33763
315; 329; 33846
316; 329; 33483
317; 329; 33378
318; 329; 34173
319; 329; 35492
320; 329; 36071
321; 329; 35784
322; 329; 35608
323; 329; 35755
324; 329; 35814
325; 329; 35700
326; 329; 35683
327; 329; 35769
328; 329; 35855
329; 329; 36001
330; 329; 36172
331; 329; 36044
332; 329; 35566
333; 329; 34916
334; 329; 34281
282; 330; 33164
283; 330; 33585
284; 330; 33976
285; 330; 33794
286; 330; 33279
287; 330; 33103
288; 330; 33490
289; 330; 34177
290; 330; 34350
291; 330; 33917
292; 330; 33302
293; 330; 33046
294; 330; 33155
295; 330; 33352
296; 330; 33370
297; 330; 33374
298; 330; 33388
299; 330; 33282
300; 330; 33229
301; 330; 33722
302; 330; 34681
303; 330; 35117
304; 330; 34583
305; 330; 33733
306; 330; 33281
307; 330; 33235
308; 330; 33341
309; 330; 33396
310; 330; 33290
311; 330; 33083
312; 330; 32996
313; 330; 33183
314; 330; 33544
315; 330; 33698
316; 330; 33421
317; 330; 33335
318; 330; 34116
319; 330; 35448
320; 330; 36100
321; 330; 35895
322; 330; 35577
323; 330; 35633
324; 330; 35679
325; 330; 35659
326; 330; 35764
327; 330; 35958
328; 330; 35984
329; 330; 35939
330; 330; 35719
331; 330; 35228
332; 330; 34614
333; 330; 34180
334; 330; 33914
282; 331; 33686
283; 331; 33904
284; 331; 34035
285; 331; 33882
286; 331; 33519
287; 331; 33331
288; 331; 33548
289; 331; 34153
290; 331; 34562
291; 331; 34326
292; 331; 33532
293; 331; 32985
294; 331; 33010
295; 331; 33239
296; 331; 33275
297; 331; 33248
298; 331; 33381
299; 331; 33413
300; 331; 33265
301; 331; 33381
302; 331; 33903
303; 331; 34262
304; 331; 33929
305; 331; 33460
306; 331; 33348
307; 331; 33644
308; 331; 34094
309; 331; 34368
310; 331; 34332
311; 331; 34017
312; 331; 33635
313; 331; 33423
314; 331; 33480
315; 331; 33556
316; 331; 33396
317; 331; 33332
318; 331; 34006
319; 331; 35259
320; 331; 36035
321; 331; 36001
322; 331; 35751
323; 331; 35644
324; 331; 35709
325; 331; 35911
326; 331; 36103
327; 331; 36110
328; 331; 35791
329; 331; 35345
330; 331; 34834
331; 331; 34348
332; 331; 33928
333; 331; 33709
334; 331; 33667
282; 332; 34450
283; 332; 34398
284; 332; 34402
285; 332; 34388
286; 332; 34248
287; 332; 33956
288; 332; 33749
289; 332; 33928
290; 332; 34413
291; 332; 34415
292; 332; 33706
293; 332; 33054
294; 332; 32988
295; 332; 33139
296; 332; 33216
297; 332; 33438
298; 332; 33911
299; 332; 34093
300; 332; 33822
301; 332; 33623
302; 332; 33781
303; 332; 33961
304; 332; 33828
305; 332; 33768
306; 332; 34034
307; 332; 34474
308; 332; 34784
309; 332; 34954
310; 332; 35006
311; 332; 34927
312; 332; 34575
313; 332; 33984
314; 332; 33545
315; 332; 33389
316; 332; 33326
317; 332; 33331
318; 332; 33832
319; 332; 34871
320; 332; 35745
321; 332; 36103
322; 332; 36110
323; 332; 36041
324; 332; 35994
325; 332; 36084
326; 332; 36081
327; 332; 35709
328; 332; 35056
329; 332; 34599
330; 332; 34433
331; 332; 34368
332; 332; 34121
333; 332; 33656
334; 332; 33510
282; 333; 35070
283; 333; 35024
284; 333; 35047
285; 333; 35119
286; 333; 35120
287; 333; 34795
288; 333; 34186
289; 333; 33927
290; 333; 34184
291; 333; 34310
292; 333; 33745
293; 333; 33139
294; 333; 33061
295; 333; 33221
296; 333; 33532
297; 333; 34228
298; 333; 34993
299; 333; 35096
300; 333; 34630
301; 333; 34083
302; 333; 33861
303; 333; 33745
304; 333; 33790
305; 333; 34168
306; 333; 34716
307; 333; 34916
308; 333; 34832
309; 333; 34790
310; 333; 34874
311; 333; 35056
312; 333; 35079
313; 333; 34557
314; 333; 33748
315; 333; 33309
316; 333; 33257
317; 333; 33293
318; 333; 33598
319; 333; 34287
320; 333; 35178
321; 333; 35881
322; 333; 36250
323; 333; 36199
324; 333; 35890
325; 333; 35580
326; 333; 35194
327; 333; 34593
328; 333; 34172
329; 333; 34318
330; 333; 34858
331; 333; 35268
332; 333; 35044
333; 333; 34171
334; 333; 33534
282; 334; 35134
283; 334; 35227
284; 334; 35291
285; 334; 35295
286; 334; 35349
287; 334; 35247
288; 334; 34802
289; 334; 34371
290; 334; 34349
291; 334; 34319
292; 334; 33721
293; 334; 33139
294; 334; 33054
295; 334; 33266
296; 334; 33823
297; 334; 34831
298; 334; 35725
299; 334; 35684
300; 334; 34885
301; 334; 33992
302; 334; 33460
303; 334; 33331
304; 334; 33627
305; 334; 34322
306; 334; 34825
307; 334; 34788
308; 334; 34540
309; 334; 34359
310; 334; 34450
311; 334; 34848
312; 334; 35173
313; 334; 34959
314; 334; 34070
315; 334; 33380
316; 334; 33227
317; 334; 33272
318; 334; 33356
319; 334; 33709
320; 334; 34390
321; 334; 35191
322; 334; 35654
323; 334; 35525
324; 334; 35021
325; 334; 34476
326; 334; 34019
327; 334; 33656
328; 334; 33677
329; 334; 34521
330; 334; 35726
331; 334; 36248
332; 334; 35940
333; 334; 35063
334; 334; 34155
282; 335; 34536
283; 335; 34776
284; 335; 34864
285; 335; 34702
286; 335; 34705
287; 335; 34973
288; 335; 35030
289; 335; 34991
290; 335; 34920
291; 335; 34696
292; 335; 34048
293; 335; 33359
294; 335; 33058
295; 335; 33142
296; 335; 33591
297; 335; 34502
298; 335; 35297
299; 335; 35227
300; 335; 34336
301; 335; 33455
302; 335; 33079
303; 335; 33201
304; 335; 33775
305; 335; 34489
306; 335; 34671
307; 335; 34489
308; 335; 34385
309; 335; 34355
310; 335; 34375
311; 335; 34690
312; 335; 35240
313; 335; 35256
314; 335; 34413
315; 335; 33525
316; 335; 33256
317; 335; 33263
318; 335; 33179
319; 335; 33256
320; 335; 33680
321; 335; 34222
322; 335; 34467
323; 335; 34268
324; 335; 33897
325; 335; 33601
326; 335; 33418
327; 335; 33372
328; 335; 33597
329; 335; 34592
330; 335; 36021
331; 335; 36596
332; 335; 36288
333; 335; 35598
334; 335; 34881
282; 336; 33722
283; 336; 33991
284; 336; 34075
285; 336; 33755
286; 336; 33716
287; 336; 34195
288; 336; 34855
289; 336; 35206
290; 336; 35359
291; 336; 35278
292; 336; 34785
293; 336; 34041
294; 336; 33458
295; 336; 33131
296; 336; 33141
297; 336; 33508
298; 336; 33945
299; 336; 33937
300; 336; 33494
301; 336; 33133
302; 336; 33151
303; 336; 33582
304; 336; 34333
305; 336; 34861
306; 336; 34755
307; 336; 34455
308; 336; 34486
309; 336; 34581
310; 336; 34556
311; 336; 34730
312; 336; 35291
313; 336; 35403
314; 336; 34582
315; 336; 33590
316; 336; 33262
317; 336; 33260
318; 336; 33121
319; 336; 33026
320; 336; 33243
321; 336; 33522
322; 336; 33558
323; 336; 33415
324; 336; 33316
325; 336; 33282
326; 336; 33271
327; 336; 33312
328; 336; 33522
329; 336; 34224
330; 336; 35410
331; 336; 36069
332; 336; 35953
333; 336; 35453
334; 336; 34940
282; 337; 33325
283; 337; 33441
284; 337; 33397
285; 337; 33060
286; 337; 33088
287; 337; 33571
288; 337; 34313
289; 337; 34834
290; 337; 35209
291; 337; 35461
292; 337; 35353
293; 337; 34884
294; 337; 34178
295; 337; 33518
296; 337; 33115
297; 337; 33040
298; 337; 33124
299; 337; 33141
300; 337; 33098
301; 337; 33151
302; 337; 33374
303; 337; 33886
304; 337; 34570
305; 337; 35080
306; 337; 34987
307; 337; 34636
308; 337; 34518
309; 337; 34518
310; 337; 34503
311; 337; 34703
312; 337; 35250
313; 337; 35359
314; 337; 34551
315; 337; 33553
316; 337; 33227
317; 337; 33258
318; 337; 33143
319; 337; 33046
320; 337; 33159
321; 337; 33356
322; 337; 33375
323; 337; 33337
324; 337; 33390
325; 337; 33418
326; 337; 33315
327; 337; 33249
328; 337; 33350
329; 337; 33694
330; 337; 34333
331; 337; 35032
332; 337; 35219
333; 337; 34901
334; 337; 34541
282; 338; 33566
283; 338; 33391
284; 338; 33046
285; 338; 32914
286; 338; 32988
287; 338; 33415
288; 338; 33748
289; 338; 33977
290; 338; 34414
291; 338; 34991
292; 338; 35397
293; 338; 35378
294; 338; 34920
295; 338; 34174
296; 338; 33524
297; 338; 33166
298; 338; 33057
299; 338; 33057
300; 338; 33112
301; 338; 33215
302; 338; 33371
303; 338; 33647
304; 338; 34233
305; 338; 34944
306; 338; 35164
307; 338; 34960
308; 338; 34560
309; 338; 34354
310; 338; 34383
311; 338; 34687
312; 338; 35174
313; 338; 35172
314; 338; 34400
315; 338; 33510
316; 338; 33227
317; 338; 33283
318; 338; 33207
319; 338; 33116
320; 338; 33289
321; 338; 33595
322; 338; 33772
323; 338; 33919
324; 338; 34036
325; 338; 33964
326; 338; 33693
327; 338; 33505
328; 338; 33464
329; 338; 33475
330; 338; 33681
331; 338; 34224
332; 338; 34614
333; 338; 34562
334; 338; 34379
282; 339; 33892
283; 339; 33585
284; 339; 33080
285; 339; 32920
286; 339; 33308
287; 339; 33652
288; 339; 33373
289; 339; 33141
290; 339; 33484
291; 339; 34218
292; 339; 35044
293; 339; 35486
294; 339; 35397
295; 339; 34824
296; 339; 34015
297; 339; 33419
298; 339; 33148
299; 339; 33099
300; 339; 33163
301; 339; 33291
302; 339; 33351
303; 339; 33387
304; 339; 33700
305; 339; 34456
306; 339; 35164
307; 339; 35201
308; 339; 34935
309; 339; 34649
310; 339; 34699
311; 339; 34949
312; 339; 35072
313; 339; 34810
314; 339; 34144
315; 339; 33465
316; 339; 33247
317; 339; 33262
318; 339; 33213
319; 339; 33180
320; 339; 33420
321; 339; 33808
322; 339; 34202
323; 339; 34523
324; 339; 34605
325; 339; 34333
326; 339; 34081
327; 339; 34134
328; 339; 34193
329; 339; 33973
330; 339; 33871
331; 339; 34163
332; 339; 34499
333; 339; 34550
334; 339; 34518
282; 340; 33801
283; 340; 33701
284; 340; 33297
285; 340; 33053
286; 340; 33214
287; 340; 33492
288; 340; 33272
289; 340; 32824
290; 340; 33001
291; 340; 33589
292; 340; 34438
293; 340; 35133
294; 340; 35458
295; 340; 35275
296; 340; 34582
297; 340; 33738
298; 340; 33244
299; 340; 33083
300; 340; 33131
301; 340; 33310
302; 340; 33399
303; 340; 33320
304; 340; 33295
305; 340; 33680
306; 340; 34438
307; 340; 35039
308; 340; 35255
309; 340; 35296
310; 340; 35279
311; 340; 35098
312; 340; 34681
313; 340; 34231
314; 340; 33763
315; 340; 33361
316; 340; 33179
317; 340; 33161
318; 340; 33162
319; 340; 33234
320; 340; 33539
321; 340; 34008
322; 340; 34483
323; 340; 34695
324; 340; 34532
325; 340; 34048
326; 340; 33978
327; 340; 34492
328; 340; 34937
329; 340; 34780
330; 340; 34431
331; 340; 34388
332; 340; 34491
333; 340; 34530
334; 340; 34571
282; 341; 33497
283; 341; 33729
284; 341; 33526
285; 341; 32958
286; 341; 32950
287; 341; 33034
288; 341; 33062
289; 341; 32908
290; 341; 32901
291; 341; 33213
292; 341; 33694
293; 341; 34296
294; 341; 35037
295; 341; 35499
296; 341; 35238
297; 341; 34361
298; 341; 33559
299; 341; 33149
300; 341; 33092
301; 341; 33217
302; 341; 33390
303; 341; 33266
304; 341; 33024
305; 341; 33030
306; 341; 33441
307; 341; 34103
308; 341; 34794
309; 341; 35173
310; 341; 35062
311; 341; 34514
312; 341; 33914
313; 341; 33631
314; 341; 33504
315; 341; 33278
316; 341; 33106
317; 341; 33097
318; 341; 33178
319; 341; 33434
320; 341; 33843
321; 341; 34301
322; 341; 34639
323; 341; 34537
324; 341; 33931
325; 341; 33448
326; 341; 33560
327; 341; 34388
328; 341; 35057
329; 341; 34952
330; 341; 34569
331; 341; 34424
332; 341; 34460
333; 341; 34471
334; 341; 34519
282; 342; 33115
283; 342; 33567
284; 342; 33458
285; 342; 32998
286; 342; 33153
287; 342; 32936
288; 342; 32802
289; 342; 32882
290; 342; 32871
291; 342; 32934
292; 342; 33093
293; 342; 33453
294; 342; 34384
295; 342; 35405
296; 342; 35682
297; 342; 35056
298; 342; 34079
299; 342; 33395
300; 342; 33058
301; 342; 33026
302; 342; 33195
303; 342; 33222
304; 342; 33102
305; 342; 33016
306; 342; 33122
307; 342; 33419
308; 342; 33825
309; 342; 34065
310; 342; 33898
311; 342; 33497
312; 342; 33307
313; 342; 33417
314; 342; 33515
315; 342; 33328
316; 342; 33120
317; 342; 33108
318; 342; 33272
319; 342; 33682
320; 342; 34222
321; 342; 34576
322; 342; 34491
323; 342; 33957
324; 342; 33367
325; 342; 33129
326; 342; 33406
327; 342; 34258
328; 342; 34806
329; 342; 34711
330; 342; 34499
331; 342; 34516
332; 342; 34566
333; 342; 34553
334; 342; 34580
282; 343; 32817
283; 343; 33119
284; 343; 33038
285; 343; 33065
286; 343; 33250
287; 343; 33108
288; 343; 32804
289; 343; 32819
290; 343; 32859
291; 343; 32852
292; 343; 32839
293; 343; 33013
294; 343; 33805
295; 343; 34989
296; 343; 35646
297; 343; 35409
298; 343; 34607
299; 343; 33736
300; 343; 33134
301; 343; 32894
302; 343; 32996
303; 343; 33261
304; 343; 33343
305; 343; 33414
306; 343; 33442
307; 343; 33436
308; 343; 33363
309; 343; 33236
310; 343; 33048
311; 343; 32964
312; 343; 33158
313; 343; 33514
314; 343; 33569
315; 343; 33424
316; 343; 33195
317; 343; 33150
318; 343; 33245
319; 343; 33684
320; 343; 34182
321; 343; 34275
322; 343; 33830
323; 343; 33349
324; 343; 33181
325; 343; 33319
326; 343; 33866
327; 343; 34484
328; 343; 34687
329; 343; 34632
330; 343; 34650
331; 343; 34763
332; 343; 34769
333; 343; 34733
334; 343; 34750
282; 344; 32842
283; 344; 32903
284; 344; 32899
285; 344; 32965
286; 344; 33170
287; 344; 33144
288; 344; 32880
289; 344; 32867
290; 344; 32898
291; 344; 32834
292; 344; 32903
293; 344; 33030
294; 344; 33466
295; 344; 34475
296; 344; 35350
297; 344; 35583
298; 344; 35092
299; 344; 34168
300; 344; 33316
301; 344; 32861
302; 344; 32911
303; 344; 33123
304; 344; 33182
305; 344; 33212
306; 344; 33380
307; 344; 33504
308; 344; 33428
309; 344; 33163
310; 344; 33008
311; 344; 33044
312; 344; 33280
313; 344; 33496
314; 344; 33489
315; 344; 33354
316; 344; 33220
317; 344; 33155
318; 344; 33160
319; 344; 33421
320; 344; 33722
321; 344; 33573
322; 344; 33214
323; 344; 33119
324; 344; 33488
325; 344; 34118
326; 344; 34630
327; 344; 34796
328; 344; 34723
329; 344; 34720
330; 344; 34842
331; 344; 34900
332; 344; 34825
333; 344; 34792
334; 344; 34825
282; 345; 33071
283; 345; 32929
284; 345; 33114
285; 345; 32958
286; 345; 32932
287; 345; 33032
288; 345; 32908
289; 345; 32915
290; 345; 32900
291; 345; 32933
292; 345; 33197
293; 345; 33148
294; 345; 33309
295; 345; 34027
296; 345; 35016
297; 345; 35593
298; 345; 35441
299; 345; 34631
300; 345; 33596
301; 345; 32939
302; 345; 32835
303; 345; 32830
304; 345; 32769
305; 345; 32768
306; 345; 32947
307; 345; 33329
308; 345; 33424
309; 345; 33297
310; 345; 33179
311; 345; 33207
312; 345; 33312
313; 345; 33365
314; 345; 33330
315; 345; 33232
316; 345; 33198
317; 345; 33216
318; 345; 33278
319; 345; 33411
320; 345; 33429
321; 345; 33230
322; 345; 33121
323; 345; 33444
324; 345; 34210
325; 345; 34811
326; 345; 34942
327; 345; 34780
328; 345; 34686
329; 345; 34754
330; 345; 34862
331; 345; 34835
332; 345; 34737
333; 345; 34743
334; 345; 34790
282; 346; 33404
283; 346; 32885
284; 346; 33113
285; 346; 33020
286; 346; 32823
287; 346; 32852
288; 346; 32867
289; 346; 32914
290; 346; 32908
291; 346; 33182
292; 346; 33357
293; 346; 33177
294; 346; 33261
295; 346; 33698
296; 346; 34483
297; 346; 35171
298; 346; 35379
299; 346; 34920
300; 346; 33916
301; 346; 33039
302; 346; 32770
303; 346; 32904
304; 346; 33169
305; 346; 33410
306; 346; 33569
307; 346; 33547
308; 346; 33268
309; 346; 33052
310; 346; 33068
311; 346; 33192
312; 346; 33345
313; 346; 33419
314; 346; 33358
315; 346; 33171
316; 346; 33149
317; 346; 33352
318; 346; 33591
319; 346; 33654
320; 346; 33498
321; 346; 33391
322; 346; 33563
323; 346; 34146
324; 346; 34747
325; 346; 34948
326; 346; 34809
327; 346; 34619
328; 346; 34641
329; 346; 34743
330; 346; 34792
331; 346; 34740
332; 346; 34704
333; 346; 34755
334; 346; 34784
282; 347; 33414
283; 347; 32886
284; 347; 32961
285; 347; 33007
286; 347; 32821
287; 347; 32826
288; 347; 32849
289; 347; 32910
290; 347; 32928
291; 347; 33217
292; 347; 33362
293; 347; 33342
294; 347; 33306
295; 347; 33479
296; 347; 33973
297; 347; 34607
298; 347; 35193
299; 347; 35176
300; 347; 34264
301; 347; 33124
302; 347; 32794
303; 347; 33473
304; 347; 34618
305; 347; 35278
306; 347; 35106
307; 347; 34242
308; 347; 33213
309; 347; 32777
310; 347; 32902
311; 347; 33211
312; 347; 33485
313; 347; 33539
314; 347; 33417
315; 347; 33125
316; 347; 33087
317; 347; 33389
318; 347; 33702
319; 347; 33701
320; 347; 33626
321; 347; 33719
322; 347; 34152
323; 347; 34651
324; 347; 34910
325; 347; 34836
326; 347; 34662
327; 347; 34629
328; 347; 34705
329; 347; 34772
330; 347; 34751
331; 347; 34713
332; 347; 34742
333; 347; 34802
334; 347; 34793
282; 348; 33305
283; 348; 32972
284; 348; 32866
285; 348; 32981
286; 348; 32882
287; 348; 32848
288; 348; 32890
289; 348; 32938
290; 348; 32985
291; 348; 32977
292; 348; 33164
293; 348; 33529
294; 348; 33490
295; 348; 33526
296; 348; 33816
297; 348; 34465
298; 348; 35378
299; 348; 35507
300; 348; 34517
301; 348; 33242
302; 348; 32951
303; 348; 33910
304; 348; 35403
305; 348; 36138
306; 348; 35695
307; 348; 34402
308; 348; 33155
309; 348; 32774
310; 348; 32984
311; 348; 33390
312; 348; 33573
313; 348; 33534
314; 348; 33284
315; 348; 33127
316; 348; 33173
317; 348; 33402
318; 348; 33550
319; 348; 33511
320; 348; 33582
321; 348; 33949
322; 348; 34476
323; 348; 34799
324; 348; 34839
325; 348; 34784
326; 348; 34732
327; 348; 34738
328; 348; 34788
329; 348; 34798
330; 348; 34748
331; 348; 34723
332; 348; 34758
333; 348; 34780
334; 348; 34745
282; 349; 33539
283; 349; 33090
284; 349; 32832
285; 349; 32957
286; 349; 32983
287; 349; 32867
288; 349; 32942
289; 349; 33010
290; 349; 32910
291; 349; 32819
292; 349; 33242
293; 349; 33689
294; 349; 33646
295; 349; 33644
296; 349; 33995
297; 349; 34957
298; 349; 35822
299; 349; 35660
300; 349; 34541
301; 349; 33498
302; 349; 33351
303; 349; 34070
304; 349; 34995
305; 349; 35214
306; 349; 34688
307; 349; 33741
308; 349; 33087
309; 349; 32954
310; 349; 33175
311; 349; 33478
312; 349; 33545
313; 349; 33433
314; 349; 33288
315; 349; 33345
316; 349; 33521
317; 349; 33549
318; 349; 33436
319; 349; 33388
320; 349; 33672
321; 349; 34202
322; 349; 34607
323; 349; 34746
324; 349; 34775
325; 349; 34799
326; 349; 34791
327; 349; 34755
328; 349; 34757
329; 349; 34781
330; 349; 34777
331; 349; 34766
332; 349; 34768
333; 349; 34750
334; 349; 34721
282; 350; 33656
283; 350; 33081
284; 350; 32801
285; 350; 32880
286; 350; 32962
287; 350; 32894
288; 350; 33054
289; 350; 32957
290; 350; 32855
291; 350; 33006
292; 350; 33557
293; 350; 33834
294; 350; 33663
295; 350; 33661
296; 350; 34292
297; 350; 35499
298; 350; 36114
299; 350; 35573
300; 350; 34476
301; 350; 33870
302; 350; 34024
303; 350; 34488
304; 350; 34617
305; 350; 34338
306; 350; 33829
307; 350; 33479
308; 350; 33303
309; 350; 33196
310; 350; 33220
311; 350; 33388
312; 350; 33558
313; 350; 33597
314; 350; 33634
315; 350; 33793
316; 350; 33827
317; 350; 33631
318; 350; 33433
319; 350; 33568
320; 350; 34024
321; 350; 34495
322; 350; 34713
323; 350; 34727
324; 350; 34746
325; 350; 34781
326; 350; 34745
327; 350; 34661
328; 350; 34671
329; 350; 34760
330; 350; 34814
331; 350; 34813
332; 350; 34792
333; 350; 34757
334; 350; 34736
282; 351; 33353
283; 351; 33062
284; 351; 32824
285; 351; 32852
286; 351; 32871
287; 351; 33051
288; 351; 33169
289; 351; 32812
290; 351; 32865
291; 351; 33428
292; 351; 33794
293; 351; 33852
294; 351; 33562
295; 351; 33546
296; 351; 34320
297; 351; 35649
298; 351; 36241
299; 351; 35632
300; 351; 34563
301; 351; 34160
302; 351; 34526
303; 351; 35044
304; 351; 35049
305; 351; 34658
306; 351; 34219
307; 351; 33983
308; 351; 33734
309; 351; 33370
310; 351; 33176
311; 351; 33404
312; 351; 33809
313; 351; 34041
314; 351; 34064
315; 351; 34013
316; 351; 33807
317; 351; 33535
318; 351; 33526
319; 351; 33905
320; 351; 34404
321; 351; 34707
322; 351; 34804
323; 351; 34794
324; 351; 34801
325; 351; 34791
326; 351; 34713
327; 351; 34632
328; 351; 34664
329; 351; 34760
330; 351; 34809
331; 351; 34802
332; 351; 34768
333; 351; 34721
334; 351; 34682
282; 352; 33054
283; 352; 33098
284; 352; 33029
285; 352; 32868
286; 352; 32928
287; 352; 33101
288; 352; 33093
289; 352; 32808
290; 352; 33182
291; 352; 33746
292; 352; 33941
293; 352; 33758
294; 352; 33451
295; 352; 33377
296; 352; 33998
297; 352; 35273
298; 352; 36152
299; 352; 35890
300; 352; 34900
301; 352; 34266
302; 352; 34426
303; 352; 35026
304; 352; 35321
305; 352; 35095
306; 352; 34598
307; 352; 34136
308; 352; 33694
309; 352; 33351
310; 352; 33341
311; 352; 33785
312; 352; 34255
313; 352; 34348
314; 352; 34209
315; 352; 33946
316; 352; 33681
317; 352; 33576
318; 352; 33814
319; 352; 34270
320; 352; 34589
321; 352; 34752
322; 352; 34853
323; 352; 34949
324; 352; 34937
325; 352; 34857
326; 352; 34770
327; 352; 34730
328; 352; 34747
329; 352; 34777
330; 352; 34787
331; 352; 34778
332; 352; 34739
333; 352; 34670
334; 352; 34622
282; 353; 33101
283; 353; 33137
284; 353; 32995
285; 353; 32893
286; 353; 32934
287; 353; 32989
288; 353; 33213
289; 353; 33299
290; 353; 33637
291; 353; 33908
292; 353; 33953
293; 353; 33860
294; 353; 33601
295; 353; 33414
296; 353; 33657
297; 353; 34479
298; 353; 35495
299; 353; 35893
300; 353; 35267
301; 353; 34299
302; 353; 34022
303; 353; 34448
304; 353; 34847
305; 353; 34645
306; 353; 34045
307; 353; 33503
308; 353; 33308
309; 353; 33451
310; 353; 33906
311; 353; 34433
312; 353; 34606
313; 353; 34434
314; 353; 34179
315; 353; 34048
316; 353; 33986
317; 353; 34050
318; 353; 34353
319; 353; 34625
320; 353; 34717
321; 353; 34756
322; 353; 34915
323; 353; 35023
324; 353; 34990
325; 353; 34868
326; 353; 34829
327; 353; 34851
328; 353; 34854
329; 353; 34826
330; 353; 34819
331; 353; 34821
332; 353; 34783
333; 353; 34722
334; 353; 34704
282; 354; 33335
283; 354; 33292
284; 354; 33118
285; 354; 32933
286; 354; 32891
287; 354; 33335
288; 354; 33777
289; 354; 33887
290; 354; 33890
291; 354; 33937
292; 354; 33997
293; 354; 34062
294; 354; 33980
295; 354; 33750
296; 354; 33637
297; 354; 33945
298; 354; 34738
299; 354; 35559
300; 354; 35336
301; 354; 34302
302; 354; 33771
303; 354; 33997
304; 354; 34350
305; 354; 34067
306; 354; 33392
307; 354; 33037
308; 354; 33264
309; 354; 33901
310; 354; 34564
311; 354; 34848
312; 354; 34637
313; 354; 34216
314; 354; 34166
315; 354; 34397
316; 354; 34563
317; 354; 34672
318; 354; 34850
319; 354; 34951
320; 354; 34884
321; 354; 34835
322; 354; 34938
323; 354; 34985
324; 354; 34896
325; 354; 34813
326; 354; 34851
327; 354; 34938
328; 354; 34950
329; 354; 34906
330; 354; 34882
331; 354; 34865
332; 354; 34823
333; 354; 34805
334; 354; 34839
282; 355; 33477
283; 355; 33626
284; 355; 33342
285; 355; 32970
286; 355; 33052
287; 355; 33765
288; 355; 34136
289; 355; 34045
290; 355; 33867
291; 355; 33928
292; 355; 34187
293; 355; 34279
294; 355; 34243
295; 355; 34135
296; 355; 34028
297; 355; 34203
298; 355; 34834
299; 355; 35500
300; 355; 35240
301; 355; 34190
302; 355; 33649
303; 355; 33936
304; 355; 34323
305; 355; 34000
306; 355; 33303
307; 355; 33139
308; 355; 33675
309; 355; 34430
310; 355; 34842
311; 355; 34721
312; 355; 34155
313; 355; 33831
314; 355; 34093
315; 355; 34609
316; 355; 34843
317; 355; 34906
318; 355; 35019
319; 355; 35049
320; 355; 34991
321; 355; 34927
322; 355; 34930
323; 355; 34902
324; 355; 34846
325; 355; 34849
326; 355; 34929
327; 355; 35008
328; 355; 35015
329; 355; 34964
330; 355; 34899
331; 355; 34828
332; 355; 34776
333; 355; 34805
334; 355; 34882
282; 356; 33521
283; 356; 33796
284; 356; 33645
285; 356; 33242
286; 356; 33195
287; 356; 33753
288; 356; 34097
289; 356; 33932
290; 356; 33735
291; 356; 34076
292; 356; 34545
293; 356; 34490
294; 356; 34010
295; 356; 33882
296; 356; 34399
297; 356; 35055
298; 356; 35681
299; 356; 35867
300; 356; 35155
301; 356; 34002
302; 356; 33516
303; 356; 33846
304; 356; 34213
305; 356; 33817
306; 356; 33205
307; 356; 33270
308; 356; 33990
309; 356; 34569
310; 356; 34591
311; 356; 34095
312; 356; 33593
313; 356; 33605
314; 356; 34108
315; 356; 34630
316; 356; 34779
317; 356; 34814
318; 356; 34904
319; 356; 34997
320; 356; 35024
321; 356; 34996
322; 356; 34946
323; 356; 34916
324; 356; 34948
325; 356; 35013
326; 356; 35043
327; 356; 35036
328; 356; 35023
329; 356; 34983
330; 356; 34892
331; 356; 34783
332; 356; 34735
333; 356; 34801
334; 356; 34898
282; 357; 33600
283; 357; 33703
284; 357; 33637
285; 357; 33358
286; 357; 33076
287; 357; 33282
288; 357; 33798
289; 357; 33746
290; 357; 33792
291; 357; 34369
292; 357; 34898
293; 357; 34460
294; 357; 33498
295; 357; 33625
296; 357; 34515
297; 357; 35630
298; 357; 36291
299; 357; 36038
300; 357; 35007
301; 357; 33909
302; 357; 33505
303; 357; 33671
304; 357; 33726
305; 357; 33226
306; 357; 32855
307; 357; 33194
308; 357; 33984
309; 357; 34355
310; 357; 34095
311; 357; 33596
312; 357; 33461
313; 357; 33808
314; 357; 34407
315; 357; 34746
316; 357; 34757
317; 357; 34741
318; 357; 34817
319; 357; 34938
320; 357; 35023
321; 357; 35039
322; 357; 35009
323; 357; 35024
324; 357; 35105
325; 357; 35144
326; 357; 35083
327; 357; 35014
328; 357; 35008
329; 357; 34994
330; 357; 34903
331; 357; 34801
332; 357; 34789
333; 357; 34857
334; 357; 34903
282; 358; 33618
283; 358; 33466
284; 358; 33070
285; 358; 32930
286; 358; 32937
287; 358; 33004
288; 358; 33658
289; 358; 33781
290; 358; 33962
291; 358; 34527
292; 358; 34853
293; 358; 34327
294; 358; 33462
295; 358; 33764
296; 358; 34573
297; 358; 35715
298; 358; 36244
299; 358; 35746
300; 358; 34703
301; 358; 33928
302; 358; 33710
303; 358; 33718
304; 358; 33367
305; 358; 32881
306; 358; 32819
307; 358; 33414
308; 358; 34141
309; 358; 34260
310; 358; 33860
311; 358; 33559
312; 358; 33731
313; 358; 34325
314; 358; 34858
315; 358; 34987
316; 358; 34848
317; 358; 34801
318; 358; 34864
319; 358; 34945
320; 358; 35005
321; 358; 35050
322; 358; 35074
323; 358; 35118
324; 358; 35169
325; 358; 35145
326; 358; 35055
327; 358; 35001
328; 358; 35015
329; 358; 34996
330; 358; 34904
331; 358; 34843
332; 358; 34872
333; 358; 34875
334; 358; 34772
282; 359; 33537
283; 359; 33202
284; 359; 32774
285; 359; 33068
286; 359; 32954
287; 359; 33162
288; 359; 33806
289; 359; 33966
290; 359; 34038
291; 359; 34463
292; 359; 34757
293; 359; 34432
294; 359; 33924
295; 359; 34103
296; 359; 34859
297; 359; 35824
298; 359; 36084
299; 359; 35405
300; 359; 34405
301; 359; 33896
302; 359; 33909
303; 359; 33849
304; 359; 33379
305; 359; 33054
306; 359; 33346
307; 359; 34078
308; 359; 34507
309; 359; 34379
310; 359; 33993
311; 359; 33851
312; 359; 34142
313; 359; 34726
314; 359; 35104
315; 359; 35054
316; 359; 34879
317; 359; 34868
318; 359; 34938
319; 359; 34966
320; 359; 34979
321; 359; 35035
322; 359; 35093
323; 359; 35115
324; 359; 35104
325; 359; 35068
326; 359; 35026
327; 359; 35017
328; 359; 35022
329; 359; 34979
330; 359; 34901
331; 359; 34889
332; 359; 34917
333; 359; 34832
334; 359; 34645
282; 360; 33933
283; 360; 33879
284; 360; 33340
285; 360; 33015
286; 360; 32870
287; 360; 33219
288; 360; 33650
289; 360; 33947
290; 360; 34015
291; 360; 34214
292; 360; 34409
293; 360; 34459
294; 360; 34525
295; 360; 34859
296; 360; 35516
297; 360; 36117
298; 360; 36040
299; 360; 35150
300; 360; 34167
301; 360; 33800
302; 360; 33868
303; 360; 33753
304; 360; 33394
305; 360; 33423
306; 360; 34008
307; 360; 34555
308; 360; 34580
309; 360; 34404
310; 360; 34204
311; 360; 34244
312; 360; 34552
313; 360; 34929
314; 360; 35091
315; 360; 34991
316; 360; 34886
317; 360; 34907
318; 360; 34965
319; 360; 34967
320; 360; 34974
321; 360; 35029
322; 360; 35063
323; 360; 35034
324; 360; 35000
325; 360; 35001
326; 360; 35018
327; 360; 35025
328; 360; 35008
329; 360; 34974
330; 360; 34948
331; 360; 34953
332; 360; 34923
333; 360; 34818
334; 360; 34915
