156; 177; 32969
157; 177; 33100
158; 177; 33076
159; 177; 32983
160; 177; 32987
161; 177; 32971
162; 177; 32940
163; 177; 32910
164; 177; 32883
165; 177; 32936
166; 177; 33124
167; 177; 33245
168; 177; 33155
169; 177; 33080
170; 177; 33099
171; 177; 33021
172; 177; 32918
173; 177; 32905
174; 177; 32894
175; 177; 32922
176; 177; 32925
177; 177; 32953
178; 177; 33017
179; 177; 33006
180; 177; 32986
181; 177; 32962
182; 177; 32990
183; 177; 33067
184; 177; 33037
185; 177; 32997
186; 177; 32996
187; 177; 32995
188; 177; 33029
189; 177; 33145
190; 177; 33252
191; 177; 33212
192; 177; 33064
193; 177; 32956
194; 177; 32924
195; 177; 32908
196; 177; 32893
197; 177; 32904
198; 177; 32942
199; 177; 32975
200; 177; 32981
201; 177; 32966
202; 177; 32945
203; 177; 32977
156; 178; 33047
157; 178; 33085
158; 178; 32961
159; 178; 32943
160; 178; 32966
161; 178; 32914
162; 178; 32890
163; 178; 32842
164; 178; 32855
165; 178; 32929
166; 178; 33050
167; 178; 33141
168; 178; 33168
169; 178; 33216
170; 178; 33227
171; 178; 33105
172; 178; 32988
173; 178; 32936
174; 178; 32911
175; 178; 32950
176; 178; 32928
177; 178; 32910
178; 178; 32947
179; 178; 32929
180; 178; 32922
181; 178; 32936
182; 178; 32935
183; 178; 32937
184; 178; 32932
185; 178; 32933
186; 178; 32916
187; 178; 32911
188; 178; 32970
189; 178; 33108
190; 178; 33241
191; 178; 33252
192; 178; 33126
193; 178; 33012
194; 178; 32967
195; 178; 32928
196; 178; 32919
197; 178; 32914
198; 178; 32893
199; 178; 32952
200; 178; 33010
201; 178; 33068
202; 178; 33081
203; 178; 33031
156; 179; 33144
157; 179; 33082
158; 179; 33014
159; 179; 33069
160; 179; 32974
161; 179; 32968
162; 179; 32961
163; 179; 32894
164; 179; 32928
165; 179; 33138
166; 179; 33281
167; 179; 33347
168; 179; 33439
169; 179; 33526
170; 179; 33480
171; 179; 33357
172; 179; 33294
173; 179; 33190
174; 179; 33005
175; 179; 32931
176; 179; 32935
177; 179; 32960
178; 179; 32999
179; 179; 32976
180; 179; 32946
181; 179; 32947
182; 179; 32924
183; 179; 32894
184; 179; 32927
185; 179; 32965
186; 179; 32948
187; 179; 32906
188; 179; 32931
189; 179; 33074
190; 179; 33240
191; 179; 33353
192; 179; 33297
193; 179; 33154
194; 179; 33032
195; 179; 32926
196; 179; 32887
197; 179; 32914
198; 179; 32948
199; 179; 33003
200; 179; 33062
201; 179; 33141
202; 179; 33149
203; 179; 33025
156; 180; 33088
157; 180; 33089
158; 180; 33077
159; 180; 33036
160; 180; 33031
161; 180; 33191
162; 180; 33091
163; 180; 33026
164; 180; 33202
165; 180; 33435
166; 180; 33579
167; 180; 33684
168; 180; 33792
169; 180; 33813
170; 180; 33704
171; 180; 33615
172; 180; 33585
173; 180; 33429
174; 180; 33130
175; 180; 32934
176; 180; 32927
177; 180; 33012
178; 180; 32992
179; 180; 32936
180; 180; 32950
181; 180; 32956
182; 180; 32936
183; 180; 32906
184; 180; 32936
185; 180; 33013
186; 180; 33035
187; 180; 32979
188; 180; 32944
189; 180; 33050
190; 180; 33257
191; 180; 33479
192; 180; 33500
193; 180; 33313
194; 180; 33115
195; 180; 32981
196; 180; 32928
197; 180; 32989
198; 180; 33082
199; 180; 33066
200; 180; 33009
201; 180; 33038
202; 180; 33070
203; 180; 32987
156; 181; 33010
157; 181; 33084
158; 181; 33142
159; 181; 33132
160; 181; 33212
161; 181; 33331
162; 181; 33271
163; 181; 33234
164; 181; 33375
165; 181; 33592
166; 181; 33774
167; 181; 33900
168; 181; 33958
169; 181; 33925
170; 181; 33865
171; 181; 33842
172; 181; 33773
173; 181; 33579
174; 181; 33285
175; 181; 33069
176; 181; 33006
177; 181; 33006
178; 181; 32942
179; 181; 32923
180; 181; 32971
181; 181; 32973
182; 181; 32941
183; 181; 32913
184; 181; 32953
185; 181; 33028
186; 181; 33035
187; 181; 32996
188; 181; 32971
189; 181; 33057
190; 181; 33292
191; 181; 33555
192; 181; 33602
193; 181; 33421
194; 181; 33195
195; 181; 33062
196; 181; 33074
197; 181; 33195
198; 181; 33266
199; 181; 33142
200; 181; 32956
201; 181; 32910
202; 181; 32952
203; 181; 32947
156; 182; 33083
157; 182; 33090
158; 182; 33101
159; 182; 33166
160; 182; 33237
161; 182; 33274
162; 182; 33284
163; 182; 33298
164; 182; 33412
165; 182; 33673
166; 182; 33924
167; 182; 33969
168; 182; 33885
169; 182; 33879
170; 182; 34003
171; 182; 34073
172; 182; 33963
173; 182; 33801
174; 182; 33620
175; 182; 33404
176; 182; 33175
177; 182; 33002
178; 182; 32980
179; 182; 33045
180; 182; 33095
181; 182; 33085
182; 182; 33006
183; 182; 32980
184; 182; 33033
185; 182; 33080
186; 182; 33086
187; 182; 33057
188; 182; 33040
189; 182; 33128
190; 182; 33354
191; 182; 33549
192; 182; 33574
193; 182; 33487
194; 182; 33345
195; 182; 33191
196; 182; 33134
197; 182; 33216
198; 182; 33290
199; 182; 33177
200; 182; 32981
201; 182; 32905
202; 182; 32897
203; 182; 32903
156; 183; 33039
157; 183; 33027
158; 183; 33098
159; 183; 33213
160; 183; 33222
161; 183; 33204
162; 183; 33190
163; 183; 33186
164; 183; 33341
165; 183; 33743
166; 183; 34041
167; 183; 33910
168; 183; 33650
169; 183; 33694
170; 183; 33987
171; 183; 34121
172; 183; 34013
173; 183; 33930
174; 183; 33870
175; 183; 33635
176; 183; 33276
177; 183; 33057
178; 183; 33068
179; 183; 33198
180; 183; 33315
181; 183; 33321
182; 183; 33227
183; 183; 33136
184; 183; 33097
185; 183; 33110
186; 183; 33118
187; 183; 33088
188; 183; 33076
189; 183; 33184
190; 183; 33393
191; 183; 33509
192; 183; 33516
193; 183; 33537
194; 183; 33544
195; 183; 33401
196; 183; 33176
197; 183; 33073
198; 183; 33084
199; 183; 33049
200; 183; 32949
201; 183; 32918
202; 183; 32913
203; 183; 32902
156; 184; 32972
157; 184; 32976
158; 184; 33124
159; 184; 33303
160; 184; 33258
161; 184; 33179
162; 184; 33103
163; 184; 33037
164; 184; 33223
165; 184; 33685
166; 184; 33958
167; 184; 33708
168; 184; 33302
169; 184; 33322
170; 184; 33637
171; 184; 33751
172; 184; 33637
173; 184; 33598
174; 184; 33589
175; 184; 33388
176; 184; 33117
177; 184; 33001
178; 184; 33058
179; 184; 33192
180; 184; 33271
181; 184; 33254
182; 184; 33179
183; 184; 33121
184; 184; 33108
185; 184; 33114
186; 184; 33125
187; 184; 33099
188; 184; 33058
189; 184; 33144
190; 184; 33373
191; 184; 33522
192; 184; 33519
193; 184; 33552
194; 184; 33632
195; 184; 33558
196; 184; 33265
197; 184; 32971
198; 184; 32868
199; 184; 32865
200; 184; 32864
201; 184; 32910
202; 184; 32938
203; 184; 32938
156; 185; 33008
157; 185; 33002
158; 185; 33036
159; 185; 33222
160; 185; 33179
161; 185; 33118
162; 185; 33086
163; 185; 33040
164; 185; 33144
165; 185; 33481
166; 185; 33690
167; 185; 33402
168; 185; 32961
169; 185; 32941
170; 185; 33126
171; 185; 33191
172; 185; 33115
173; 185; 33068
174; 185; 33035
175; 185; 32946
176; 185; 32882
177; 185; 32939
178; 185; 33070
179; 185; 33136
180; 185; 33109
181; 185; 33043
182; 185; 32981
183; 185; 32997
184; 185; 33072
185; 185; 33118
186; 185; 33139
187; 185; 33070
188; 185; 33006
189; 185; 33076
190; 185; 33289
191; 185; 33537
192; 185; 33562
193; 185; 33516
194; 185; 33559
195; 185; 33552
196; 185; 33340
197; 185; 33042
198; 185; 32912
199; 185; 32897
200; 185; 32904
201; 185; 32983
202; 185; 32983
203; 185; 32978
156; 186; 32972
157; 186; 32980
158; 186; 32974
159; 186; 33019
160; 186; 32996
161; 186; 32998
162; 186; 33074
163; 186; 33210
164; 186; 33311
165; 186; 33444
166; 186; 33468
167; 186; 33180
168; 186; 32913
169; 186; 32927
170; 186; 32889
171; 186; 32943
172; 186; 33000
173; 186; 32976
174; 186; 32954
175; 186; 32951
176; 186; 32908
177; 186; 33012
178; 186; 33208
179; 186; 33248
180; 186; 33241
181; 186; 33177
182; 186; 33060
183; 186; 33030
184; 186; 33061
185; 186; 33084
186; 186; 33072
187; 186; 32984
188; 186; 32987
189; 186; 33049
190; 186; 33157
191; 186; 33443
192; 186; 33555
193; 186; 33491
194; 186; 33466
195; 186; 33469
196; 186; 33386
197; 186; 33225
198; 186; 33086
199; 186; 33011
200; 186; 33050
201; 186; 33149
202; 186; 33149
203; 186; 33069
156; 187; 33075
157; 187; 32971
158; 187; 32946
159; 187; 32932
160; 187; 32934
161; 187; 32955
162; 187; 33033
163; 187; 33311
164; 187; 33512
165; 187; 33517
166; 187; 33390
167; 187; 33156
168; 187; 32964
169; 187; 32941
170; 187; 32952
171; 187; 32942
172; 187; 32952
173; 187; 32923
174; 187; 32914
175; 187; 32920
176; 187; 32982
177; 187; 33179
178; 187; 33371
179; 187; 33464
180; 187; 33546
181; 187; 33475
182; 187; 33182
183; 187; 33014
184; 187; 33034
185; 187; 33015
186; 187; 32947
187; 187; 32945
188; 187; 33038
189; 187; 33032
190; 187; 33050
191; 187; 33312
192; 187; 33516
193; 187; 33548
194; 187; 33524
195; 187; 33491
196; 187; 33430
197; 187; 33381
198; 187; 33349
199; 187; 33245
200; 187; 33163
201; 187; 33202
202; 187; 33231
203; 187; 33129
156; 188; 33188
157; 188; 33028
158; 188; 32940
159; 188; 32926
160; 188; 32918
161; 188; 32918
162; 188; 33007
163; 188; 33189
164; 188; 33416
165; 188; 33441
166; 188; 33299
167; 188; 33128
168; 188; 33039
169; 188; 33046
170; 188; 33039
171; 188; 32993
172; 188; 32993
173; 188; 32988
174; 188; 32927
175; 188; 32938
176; 188; 33072
177; 188; 33238
178; 188; 33412
179; 188; 33537
180; 188; 33577
181; 188; 33409
182; 188; 33100
183; 188; 32973
184; 188; 33006
185; 188; 32969
186; 188; 32933
187; 188; 32961
188; 188; 32981
189; 188; 32936
190; 188; 32980
191; 188; 33227
192; 188; 33477
193; 188; 33624
194; 188; 33664
195; 188; 33588
196; 188; 33476
197; 188; 33465
198; 188; 33474
199; 188; 33302
200; 188; 33095
201; 188; 33108
202; 188; 33202
203; 188; 33144
156; 189; 33130
157; 189; 33060
158; 189; 32997
159; 189; 33018
160; 189; 33070
161; 189; 33026
162; 189; 32992
163; 189; 33038
164; 189; 33141
165; 189; 33223
166; 189; 33142
167; 189; 33026
168; 189; 32986
169; 189; 33015
170; 189; 33031
171; 189; 33030
172; 189; 32992
173; 189; 32918
174; 189; 32909
175; 189; 32931
176; 189; 32979
177; 189; 33114
178; 189; 33281
179; 189; 33364
180; 189; 33324
181; 189; 33137
182; 189; 32940
183; 189; 32910
184; 189; 32952
185; 189; 32941
186; 189; 32933
187; 189; 32918
188; 189; 32900
189; 189; 32879
190; 189; 32961
191; 189; 33200
192; 189; 33415
193; 189; 33565
194; 189; 33641
195; 189; 33595
196; 189; 33500
197; 189; 33500
198; 189; 33510
199; 189; 33299
200; 189; 33025
201; 189; 33018
202; 189; 33168
203; 189; 33204
156; 190; 33186
157; 190; 33200
158; 190; 33091
159; 190; 33082
160; 190; 33144
161; 190; 33138
162; 190; 33042
163; 190; 33016
164; 190; 33076
165; 190; 33114
166; 190; 33019
167; 190; 32938
168; 190; 32968
169; 190; 33026
170; 190; 32988
171; 190; 33021
172; 190; 33030
173; 190; 32916
174; 190; 32909
175; 190; 32989
176; 190; 32966
177; 190; 32977
178; 190; 33223
179; 190; 33336
180; 190; 33271
181; 190; 33141
182; 190; 33013
183; 190; 32943
184; 190; 32924
185; 190; 32916
186; 190; 32954
187; 190; 33056
188; 190; 33123
189; 190; 33071
190; 190; 33090
191; 190; 33230
192; 190; 33329
193; 190; 33390
194; 190; 33459
195; 190; 33487
196; 190; 33440
197; 190; 33433
198; 190; 33477
199; 190; 33346
200; 190; 33097
201; 190; 33034
202; 190; 33174
203; 190; 33269
156; 191; 33163
157; 191; 33262
158; 191; 33224
159; 191; 33183
160; 191; 33199
161; 191; 33169
162; 191; 33096
163; 191; 33113
164; 191; 33176
165; 191; 33109
166; 191; 32972
167; 191; 32906
168; 191; 32968
169; 191; 33109
170; 191; 33038
171; 191; 32976
172; 191; 32972
173; 191; 32913
174; 191; 32911
175; 191; 33012
176; 191; 33072
177; 191; 33059
178; 191; 33365
179; 191; 33601
180; 191; 33555
181; 191; 33470
182; 191; 33384
183; 191; 33272
184; 191; 33123
185; 191; 32985
186; 191; 33002
187; 191; 33187
188; 191; 33353
189; 191; 33338
190; 191; 33267
191; 191; 33279
192; 191; 33312
193; 191; 33321
194; 191; 33341
195; 191; 33360
196; 191; 33318
197; 191; 33284
198; 191; 33341
199; 191; 33346
200; 191; 33235
201; 191; 33142
202; 191; 33161
203; 191; 33216
156; 192; 33025
157; 192; 33170
158; 192; 33313
159; 192; 33347
160; 192; 33284
161; 192; 33167
162; 192; 33095
163; 192; 33132
164; 192; 33161
165; 192; 33079
166; 192; 32978
167; 192; 32959
168; 192; 33042
169; 192; 33154
170; 192; 33102
171; 192; 32990
172; 192; 32995
173; 192; 33053
174; 192; 32965
175; 192; 32963
176; 192; 33037
177; 192; 33262
178; 192; 33780
179; 192; 33921
180; 192; 33866
181; 192; 33830
182; 192; 33818
183; 192; 33728
184; 192; 33500
185; 192; 33211
186; 192; 33097
187; 192; 33263
188; 192; 33517
189; 192; 33558
190; 192; 33439
191; 192; 33411
192; 192; 33455
193; 192; 33454
194; 192; 33452
195; 192; 33446
196; 192; 33343
197; 192; 33201
198; 192; 33181
199; 192; 33259
200; 192; 33257
201; 192; 33148
202; 192; 33070
203; 192; 33095
156; 193; 33055
157; 193; 33180
158; 193; 33341
159; 193; 33376
160; 193; 33293
161; 193; 33188
162; 193; 33135
163; 193; 33126
164; 193; 33106
165; 193; 33055
166; 193; 32995
167; 193; 32995
168; 193; 33072
169; 193; 33120
170; 193; 33063
171; 193; 32987
172; 193; 33005
173; 193; 33040
174; 193; 32967
175; 193; 32919
176; 193; 33071
177; 193; 33509
178; 193; 33930
179; 193; 33981
180; 193; 33916
181; 193; 33900
182; 193; 33907
183; 193; 33886
184; 193; 33815
185; 193; 33590
186; 193; 33326
187; 193; 33316
188; 193; 33485
189; 193; 33538
190; 193; 33454
191; 193; 33463
192; 193; 33566
193; 193; 33626
194; 193; 33685
195; 193; 33738
196; 193; 33609
197; 193; 33317
198; 193; 33134
199; 193; 33148
200; 193; 33157
201; 193; 33047
202; 193; 32965
203; 193; 33028
156; 194; 33419
157; 194; 33427
158; 194; 33378
159; 194; 33263
160; 194; 33200
161; 194; 33241
162; 194; 33302
163; 194; 33264
164; 194; 33195
165; 194; 33200
166; 194; 33202
167; 194; 33127
168; 194; 33047
169; 194; 33013
170; 194; 32948
171; 194; 32869
172; 194; 32859
173; 194; 32908
174; 194; 32929
175; 194; 32974
176; 194; 33303
177; 194; 33757
178; 194; 33913
179; 194; 33875
180; 194; 33839
181; 194; 33873
182; 194; 33890
183; 194; 33904
184; 194; 33970
185; 194; 33920
186; 194; 33642
187; 194; 33397
188; 194; 33347
189; 194; 33323
190; 194; 33270
191; 194; 33323
192; 194; 33497
193; 194; 33671
194; 194; 33827
195; 194; 33962
196; 194; 33907
197; 194; 33585
198; 194; 33245
199; 194; 33102
200; 194; 33047
201; 194; 32956
202; 194; 32917
203; 194; 33033
156; 195; 33801
157; 195; 33765
158; 195; 33544
159; 195; 33240
160; 195; 33110
161; 195; 33251
162; 195; 33431
163; 195; 33387
164; 195; 33246
165; 195; 33212
166; 195; 33213
167; 195; 33132
168; 195; 33029
169; 195; 32973
170; 195; 32920
171; 195; 32888
172; 195; 32896
173; 195; 32888
174; 195; 32917
175; 195; 33082
176; 195; 33503
177; 195; 33840
178; 195; 33847
179; 195; 33795
180; 195; 33834
181; 195; 33912
182; 195; 33895
183; 195; 33857
184; 195; 33940
185; 195; 33986
186; 195; 33793
187; 195; 33461
188; 195; 33219
189; 195; 33112
190; 195; 33113
191; 195; 33234
192; 195; 33447
193; 195; 33666
194; 195; 33852
195; 195; 34011
196; 195; 34029
197; 195; 33795
198; 195; 33428
199; 195; 33158
200; 195; 33037
201; 195; 32978
202; 195; 32969
203; 195; 33076
156; 196; 33943
157; 196; 33994
158; 196; 33795
159; 196; 33440
160; 196; 33172
161; 196; 33187
162; 196; 33328
163; 196; 33301
164; 196; 33147
165; 196; 33070
166; 196; 33066
167; 196; 33031
168; 196; 33014
169; 196; 33061
170; 196; 33049
171; 196; 32974
172; 196; 32926
173; 196; 32936
174; 196; 32973
175; 196; 33070
176; 196; 33374
177; 196; 33665
178; 196; 33724
179; 196; 33760
180; 196; 33882
181; 196; 33939
182; 196; 33841
183; 196; 33749
184; 196; 33803
185; 196; 33873
186; 196; 33754
187; 196; 33457
188; 196; 33174
189; 196; 33056
190; 196; 33115
191; 196; 33292
192; 196; 33507
193; 196; 33679
194; 196; 33794
195; 196; 33896
196; 196; 33944
197; 196; 33843
198; 196; 33582
199; 196; 33292
200; 196; 33109
201; 196; 33053
202; 196; 33076
203; 196; 33122
156; 197; 33909
157; 197; 34056
158; 197; 34036
159; 197; 33788
160; 197; 33400
161; 197; 33153
162; 197; 33126
163; 197; 33135
164; 197; 33083
165; 197; 33043
166; 197; 32998
167; 197; 32932
168; 197; 32994
169; 197; 33159
170; 197; 33227
171; 197; 33170
172; 197; 33098
173; 197; 33055
174; 197; 32990
175; 197; 32964
176; 197; 33076
177; 197; 33265
178; 197; 33444
179; 197; 33655
180; 197; 33835
181; 197; 33843
182; 197; 33742
183; 197; 33702
184; 197; 33767
185; 197; 33817
186; 197; 33712
187; 197; 33485
188; 197; 33265
189; 197; 33165
190; 197; 33215
191; 197; 33346
192; 197; 33495
193; 197; 33629
194; 197; 33711
195; 197; 33760
196; 197; 33797
197; 197; 33779
198; 197; 33646
199; 197; 33391
200; 197; 33153
201; 197; 33077
202; 197; 33114
203; 197; 33104
156; 198; 33945
157; 198; 34056
158; 198; 34123
159; 198; 34002
160; 198; 33633
161; 198; 33274
162; 198; 33152
163; 198; 33232
164; 198; 33322
165; 198; 33318
166; 198; 33183
167; 198; 33042
168; 198; 33040
169; 198; 33125
170; 198; 33203
171; 198; 33195
172; 198; 33126
173; 198; 33047
174; 198; 32978
175; 198; 32962
176; 198; 32985
177; 198; 33001
178; 198; 33103
179; 198; 33389
180; 198; 33656
181; 198; 33726
182; 198; 33734
183; 198; 33816
184; 198; 33914
185; 198; 33889
186; 198; 33741
187; 198; 33591
188; 198; 33460
189; 198; 33346
190; 198; 33292
191; 198; 33279
192; 198; 33339
193; 198; 33498
194; 198; 33643
195; 198; 33705
196; 198; 33704
197; 198; 33674
198; 198; 33595
199; 198; 33398
200; 198; 33154
201; 198; 33048
202; 198; 33083
203; 198; 33088
156; 199; 34038
157; 199; 34050
158; 199; 34062
159; 199; 33985
160; 199; 33745
161; 199; 33502
162; 199; 33469
163; 199; 33642
164; 199; 33766
165; 199; 33730
166; 199; 33562
167; 199; 33345
168; 199; 33194
169; 199; 33137
170; 199; 33120
171; 199; 33103
172; 199; 33062
173; 199; 33016
174; 199; 33030
175; 199; 33086
176; 199; 33066
177; 199; 32965
178; 199; 32956
179; 199; 33165
180; 199; 33475
181; 199; 33693
182; 199; 33860
183; 199; 34015
184; 199; 34054
185; 199; 33914
186; 199; 33737
187; 199; 33654
188; 199; 33581
189; 199; 33478
190; 199; 33372
191; 199; 33252
192; 199; 33227
193; 199; 33357
194; 199; 33547
195; 199; 33662
196; 199; 33647
197; 199; 33581
198; 199; 33526
199; 199; 33422
200; 199; 33239
201; 199; 33099
202; 199; 33090
203; 199; 33114
156; 200; 34032
157; 200; 34042
158; 200; 33979
159; 200; 33879
160; 200; 33784
161; 200; 33760
162; 200; 33849
163; 200; 33961
164; 200; 33981
165; 200; 33896
166; 200; 33781
167; 200; 33678
168; 200; 33549
169; 200; 33390
170; 200; 33265
171; 200; 33191
172; 200; 33136
173; 200; 33074
174; 200; 33085
175; 200; 33145
176; 200; 33108
177; 200; 33012
178; 200; 33014
179; 200; 33189
180; 200; 33490
181; 200; 33786
182; 200; 34025
183; 200; 34138
184; 200; 34063
185; 200; 33862
186; 200; 33682
187; 200; 33582
188; 200; 33520
189; 200; 33507
190; 200; 33469
191; 200; 33329
192; 200; 33209
193; 200; 33249
194; 200; 33420
195; 200; 33548
196; 200; 33562
197; 200; 33545
198; 200; 33545
199; 200; 33537
200; 200; 33437
201; 200; 33251
202; 200; 33126
203; 200; 33101
156; 201; 33937
157; 201; 33971
158; 201; 33869
159; 201; 33739
160; 201; 33726
161; 201; 33843
162; 201; 33991
163; 201; 34033
164; 201; 33955
165; 201; 33855
166; 201; 33820
167; 201; 33829
168; 201; 33825
169; 201; 33758
170; 201; 33616
171; 201; 33460
172; 201; 33311
173; 201; 33168
174; 201; 33053
175; 201; 32997
176; 201; 32996
177; 201; 33052
178; 201; 33184
179; 201; 33421
180; 201; 33725
181; 201; 34002
182; 201; 34173
183; 201; 34185
184; 201; 34073
185; 201; 33924
186; 201; 33755
187; 201; 33548
188; 201; 33403
189; 201; 33420
190; 201; 33461
191; 201; 33364
192; 201; 33219
193; 201; 33233
194; 201; 33371
195; 201; 33439
196; 201; 33454
197; 201; 33500
198; 201; 33539
199; 201; 33583
200; 201; 33565
201; 201; 33349
202; 201; 33077
203; 201; 32961
156; 202; 33933
157; 202; 33984
158; 202; 33903
159; 202; 33741
160; 202; 33684
161; 202; 33773
162; 202; 33903
163; 202; 33960
164; 202; 33883
165; 202; 33737
166; 202; 33676
167; 202; 33732
168; 202; 33818
169; 202; 33864
170; 202; 33833
171; 202; 33684
172; 202; 33478
173; 202; 33282
174; 202; 33085
175; 202; 32958
176; 202; 32935
177; 202; 33046
178; 202; 33309
179; 202; 33644
180; 202; 33970
181; 202; 34205
182; 202; 34294
183; 202; 34270
184; 202; 34217
185; 202; 34159
186; 202; 33987
187; 202; 33643
188; 202; 33369
189; 202; 33344
190; 202; 33397
191; 202; 33323
192; 202; 33196
193; 202; 33246
194; 202; 33422
195; 202; 33461
196; 202; 33392
197; 202; 33425
198; 202; 33512
199; 202; 33570
200; 202; 33577
201; 202; 33347
202; 202; 32980
203; 202; 32815
156; 203; 34008
157; 203; 34068
158; 203; 34024
159; 203; 33854
160; 203; 33706
161; 203; 33683
162; 203; 33752
163; 203; 33832
164; 203; 33830
165; 203; 33765
166; 203; 33714
167; 203; 33656
168; 203; 33629
169; 203; 33694
170; 203; 33732
171; 203; 33681
172; 203; 33609
173; 203; 33496
174; 203; 33310
175; 203; 33119
176; 203; 33017
177; 203; 33082
178; 203; 33357
179; 203; 33752
180; 203; 34117
181; 203; 34368
182; 203; 34483
183; 203; 34463
184; 203; 34386
185; 203; 34333
186; 203; 34179
187; 203; 33837
188; 203; 33559
189; 203; 33509
190; 203; 33504
191; 203; 33373
192; 203; 33202
193; 203; 33229
194; 203; 33440
195; 203; 33515
196; 203; 33413
197; 203; 33414
198; 203; 33565
199; 203; 33667
200; 203; 33639
201; 203; 33362
202; 203; 32970
203; 203; 32823
156; 204; 33998
157; 204; 34058
158; 204; 34062
159; 204; 33946
160; 204; 33810
161; 204; 33723
162; 204; 33694
163; 204; 33717
164; 204; 33774
165; 204; 33821
166; 204; 33783
167; 204; 33640
168; 204; 33528
169; 204; 33522
170; 204; 33537
171; 204; 33561
172; 204; 33642
173; 204; 33705
174; 204; 33588
175; 204; 33333
176; 204; 33112
177; 204; 33114
178; 204; 33383
179; 204; 33787
180; 204; 34173
181; 204; 34474
182; 204; 34654
183; 204; 34629
184; 204; 34466
185; 204; 34344
186; 204; 34241
187; 204; 34088
188; 204; 33961
189; 204; 33900
190; 204; 33795
191; 204; 33546
192; 204; 33258
193; 204; 33166
194; 204; 33321
195; 204; 33493
196; 204; 33492
197; 204; 33443
198; 204; 33602
199; 204; 33836
200; 204; 33836
201; 204; 33506
202; 204; 33064
203; 204; 32872
156; 205; 33838
157; 205; 33937
158; 205; 34033
159; 205; 33993
160; 205; 33886
161; 205; 33794
162; 205; 33698
163; 205; 33634
164; 205; 33687
165; 205; 33781
166; 205; 33742
167; 205; 33584
168; 205; 33484
169; 205; 33461
170; 205; 33424
171; 205; 33457
172; 205; 33598
173; 205; 33701
174; 205; 33582
175; 205; 33311
176; 205; 33124
177; 205; 33159
178; 205; 33428
179; 205; 33808
180; 205; 34153
181; 205; 34435
182; 205; 34646
183; 205; 34683
184; 205; 34526
185; 205; 34366
186; 205; 34326
187; 205; 34350
188; 205; 34332
189; 205; 34207
190; 205; 33993
191; 205; 33696
192; 205; 33369
193; 205; 33169
194; 205; 33242
195; 205; 33495
196; 205; 33602
197; 205; 33484
198; 205; 33503
199; 205; 33798
200; 205; 33958
201; 205; 33691
202; 205; 33223
203; 205; 32996
156; 206; 33653
157; 206; 33875
158; 206; 34063
159; 206; 34010
160; 206; 33847
161; 206; 33764
162; 206; 33688
163; 206; 33561
164; 206; 33529
165; 206; 33615
166; 206; 33653
167; 206; 33550
168; 206; 33424
169; 206; 33401
170; 206; 33401
171; 206; 33425
172; 206; 33526
173; 206; 33593
174; 206; 33488
175; 206; 33264
176; 206; 33138
177; 206; 33214
178; 206; 33474
179; 206; 33829
180; 206; 34115
181; 206; 34306
182; 206; 34478
183; 206; 34604
184; 206; 34586
185; 206; 34505
186; 206; 34511
187; 206; 34584
188; 206; 34542
189; 206; 34276
190; 206; 33953
191; 206; 33735
192; 206; 33535
193; 206; 33311
194; 206; 33291
195; 206; 33550
196; 206; 33708
197; 206; 33502
198; 206; 33292
199; 206; 33507
200; 206; 33841
201; 206; 33795
202; 206; 33447
203; 206; 33183
156; 207; 33613
157; 207; 33944
158; 207; 34131
159; 207; 33987
160; 207; 33761
161; 207; 33679
162; 207; 33632
163; 207; 33513
164; 207; 33423
165; 207; 33434
166; 207; 33504
167; 207; 33442
168; 207; 33323
169; 207; 33362
170; 207; 33442
171; 207; 33468
172; 207; 33528
173; 207; 33581
174; 207; 33562
175; 207; 33412
176; 207; 33239
177; 207; 33272
178; 207; 33500
179; 207; 33844
180; 207; 34143
181; 207; 34281
182; 207; 34364
183; 207; 34498
184; 207; 34610
185; 207; 34641
186; 207; 34684
187; 207; 34771
188; 207; 34690
189; 207; 34318
190; 207; 33929
191; 207; 33777
192; 207; 33699
193; 207; 33481
194; 207; 33298
195; 207; 33478
196; 207; 33697
197; 207; 33541
198; 207; 33260
199; 207; 33313
200; 207; 33671
201; 207; 33850
202; 207; 33754
203; 207; 33509
156; 208; 33654
157; 208; 33979
158; 208; 34122
159; 208; 33966
160; 208; 33760
161; 208; 33661
162; 208; 33597
163; 208; 33500
164; 208; 33413
165; 208; 33384
166; 208; 33407
167; 208; 33335
168; 208; 33270
169; 208; 33338
170; 208; 33451
171; 208; 33523
172; 208; 33566
173; 208; 33620
174; 208; 33675
175; 208; 33609
176; 208; 33394
177; 208; 33281
178; 208; 33440
179; 208; 33868
180; 208; 34307
181; 208; 34481
182; 208; 34478
183; 208; 34520
184; 208; 34623
185; 208; 34681
186; 208; 34740
187; 208; 34848
188; 208; 34801
189; 208; 34465
190; 208; 34114
191; 208; 34006
192; 208; 33916
193; 208; 33580
194; 208; 33195
195; 208; 33230
196; 208; 33577
197; 208; 33674
198; 208; 33450
199; 208; 33356
200; 208; 33613
201; 208; 33893
202; 208; 33966
203; 208; 33775
156; 209; 33646
157; 209; 33825
158; 209; 33943
159; 209; 33929
160; 209; 33856
161; 209; 33725
162; 209; 33606
163; 209; 33530
164; 209; 33472
165; 209; 33405
166; 209; 33340
167; 209; 33282
168; 209; 33263
169; 209; 33321
170; 209; 33454
171; 209; 33549
172; 209; 33546
173; 209; 33569
174; 209; 33643
175; 209; 33622
176; 209; 33394
177; 209; 33158
178; 209; 33243
179; 209; 33782
180; 209; 34425
181; 209; 34692
182; 209; 34642
183; 209; 34609
184; 209; 34663
185; 209; 34678
186; 209; 34680
187; 209; 34747
188; 209; 34747
189; 209; 34550
190; 209; 34348
191; 209; 34329
192; 209; 34215
193; 209; 33709
194; 209; 33133
195; 209; 33018
196; 209; 33420
197; 209; 33752
198; 209; 33643
199; 209; 33479
200; 209; 33584
201; 209; 33835
202; 209; 33979
203; 209; 33863
156; 210; 33565
157; 210; 33569
158; 210; 33694
159; 210; 33892
160; 210; 33997
161; 210; 33803
162; 210; 33587
163; 210; 33522
164; 210; 33472
165; 210; 33332
166; 210; 33238
167; 210; 33251
168; 210; 33296
169; 210; 33350
170; 210; 33447
171; 210; 33498
172; 210; 33457
173; 210; 33436
174; 210; 33516
175; 210; 33548
176; 210; 33321
177; 210; 33024
178; 210; 33031
179; 210; 33568
180; 210; 34330
181; 210; 34668
182; 210; 34603
183; 210; 34585
184; 210; 34684
185; 210; 34676
186; 210; 34572
187; 210; 34531
188; 210; 34513
189; 210; 34413
190; 210; 34368
191; 210; 34497
192; 210; 34499
193; 210; 34019
194; 210; 33321
195; 210; 33008
196; 210; 33275
197; 210; 33655
198; 210; 33683
199; 210; 33545
200; 210; 33550
201; 210; 33723
202; 210; 33892
203; 210; 33856
156; 211; 33493
157; 211; 33425
158; 211; 33567
159; 211; 33874
160; 211; 34039
161; 211; 33784
162; 211; 33523
163; 211; 33450
164; 211; 33378
165; 211; 33264
166; 211; 33199
167; 211; 33227
168; 211; 33337
169; 211; 33373
170; 211; 33380
171; 211; 33417
172; 211; 33424
173; 211; 33420
174; 211; 33492
175; 211; 33567
176; 211; 33362
177; 211; 33039
178; 211; 32996
179; 211; 33419
180; 211; 34130
181; 211; 34474
182; 211; 34380
183; 211; 34411
184; 211; 34638
185; 211; 34680
186; 211; 34498
187; 211; 34346
188; 211; 34284
189; 211; 34221
190; 211; 34234
191; 211; 34412
192; 211; 34534
193; 211; 34255
194; 211; 33614
195; 211; 33113
196; 211; 33119
197; 211; 33422
198; 211; 33602
199; 211; 33602
200; 211; 33615
201; 211; 33738
202; 211; 33912
203; 211; 33932
156; 212; 33540
157; 212; 33472
158; 212; 33600
159; 212; 33863
160; 212; 33937
161; 212; 33661
162; 212; 33456
163; 212; 33396
164; 212; 33289
165; 212; 33211
166; 212; 33237
167; 212; 33312
168; 212; 33429
169; 212; 33399
170; 212; 33342
171; 212; 33365
172; 212; 33417
173; 212; 33505
174; 212; 33613
175; 212; 33667
176; 212; 33485
177; 212; 33198
178; 212; 33136
179; 212; 33423
180; 212; 33988
181; 212; 34275
182; 212; 34157
183; 212; 34247
184; 212; 34592
185; 212; 34693
186; 212; 34479
187; 212; 34279
188; 212; 34224
189; 212; 34188
190; 212; 34164
191; 212; 34271
192; 212; 34427
193; 212; 34317
194; 212; 33777
195; 212; 33169
196; 212; 32979
197; 212; 33189
198; 212; 33470
199; 212; 33619
200; 212; 33698
201; 212; 33846
202; 212; 34036
203; 212; 34070
156; 213; 33718
157; 213; 33631
158; 213; 33703
159; 213; 33838
160; 213; 33762
161; 213; 33500
162; 213; 33377
163; 213; 33357
164; 213; 33275
165; 213; 33212
166; 213; 33302
167; 213; 33450
168; 213; 33510
169; 213; 33392
170; 213; 33287
171; 213; 33307
172; 213; 33411
173; 213; 33550
174; 213; 33653
175; 213; 33648
176; 213; 33504
177; 213; 33309
178; 213; 33241
179; 213; 33419
180; 213; 33868
181; 213; 34129
182; 213; 34049
183; 213; 34175
184; 213; 34534
185; 213; 34662
186; 213; 34464
187; 213; 34270
188; 213; 34239
189; 213; 34230
190; 213; 34203
191; 213; 34282
192; 213; 34444
193; 213; 34394
194; 213; 33914
195; 213; 33256
196; 213; 32951
197; 213; 33081
198; 213; 33335
199; 213; 33501
200; 213; 33611
201; 213; 33821
202; 213; 34054
203; 213; 34121
156; 214; 33791
157; 214; 33738
158; 214; 33765
159; 214; 33786
160; 214; 33631
161; 214; 33424
162; 214; 33350
163; 214; 33326
164; 214; 33296
165; 214; 33269
166; 214; 33378
167; 214; 33521
168; 214; 33518
169; 214; 33361
170; 214; 33241
171; 214; 33285
172; 214; 33451
173; 214; 33581
174; 214; 33569
175; 214; 33474
176; 214; 33367
177; 214; 33265
178; 214; 33228
179; 214; 33349
180; 214; 33758
181; 214; 34078
182; 214; 34027
183; 214; 34098
184; 214; 34415
185; 214; 34566
186; 214; 34451
187; 214; 34323
188; 214; 34279
189; 214; 34238
190; 214; 34230
191; 214; 34340
192; 214; 34510
193; 214; 34474
194; 214; 34048
195; 214; 33412
196; 214; 33041
197; 214; 33161
198; 214; 33386
199; 214; 33384
200; 214; 33379
201; 214; 33620
202; 214; 33947
203; 214; 34081
156; 215; 33557
157; 215; 33637
158; 215; 33671
159; 215; 33672
160; 215; 33580
161; 215; 33484
162; 215; 33430
163; 215; 33353
164; 215; 33306
165; 215; 33309
166; 215; 33388
167; 215; 33499
168; 215; 33515
169; 215; 33388
170; 215; 33306
171; 215; 33398
172; 215; 33563
173; 215; 33608
174; 215; 33498
175; 215; 33364
176; 215; 33246
177; 215; 33149
178; 215; 33133
179; 215; 33267
180; 215; 33680
181; 215; 34067
182; 215; 34076
183; 215; 34068
184; 215; 34310
185; 215; 34490
186; 215; 34483
187; 215; 34459
188; 215; 34405
189; 215; 34288
190; 215; 34226
191; 215; 34290
192; 215; 34404
193; 215; 34364
194; 215; 34002
195; 215; 33459
196; 215; 33213
197; 215; 33465
198; 215; 33706
199; 215; 33555
200; 215; 33360
201; 215; 33536
202; 215; 33903
203; 215; 34044
