288; 214; 33786
289; 214; 33858
290; 214; 33868
291; 214; 33821
292; 214; 33796
293; 214; 33773
294; 214; 33644
295; 214; 33343
296; 214; 33197
297; 214; 33209
298; 214; 33322
299; 214; 33452
300; 214; 33523
301; 214; 33548
302; 214; 33601
303; 214; 33736
304; 214; 33832
305; 214; 33721
306; 214; 33493
307; 214; 33439
308; 214; 33639
309; 214; 33887
310; 214; 33975
311; 214; 33890
312; 214; 33780
313; 214; 33752
314; 214; 33754
315; 214; 33542
316; 214; 33288
317; 214; 33217
318; 214; 33158
319; 214; 33013
320; 214; 32944
321; 214; 32918
322; 214; 32911
323; 214; 33025
324; 214; 33114
325; 214; 33188
326; 214; 33292
327; 214; 33245
328; 214; 32948
329; 214; 32916
330; 214; 33007
331; 214; 33034
332; 214; 32985
333; 214; 32949
334; 214; 32988
335; 214; 33025
336; 214; 33130
337; 214; 33334
338; 214; 33440
288; 215; 33808
289; 215; 33851
290; 215; 33855
291; 215; 33824
292; 215; 33818
293; 215; 33805
294; 215; 33679
295; 215; 33369
296; 215; 33169
297; 215; 33178
298; 215; 33257
299; 215; 33434
300; 215; 33501
301; 215; 33523
302; 215; 33560
303; 215; 33688
304; 215; 33792
305; 215; 33706
306; 215; 33507
307; 215; 33456
308; 215; 33635
309; 215; 33856
310; 215; 33932
311; 215; 33871
312; 215; 33824
313; 215; 33880
314; 215; 33936
315; 215; 33739
316; 215; 33397
317; 215; 33196
318; 215; 33084
319; 215; 32983
320; 215; 32925
321; 215; 32875
322; 215; 32911
323; 215; 33026
324; 215; 33088
325; 215; 33194
326; 215; 33231
327; 215; 33034
328; 215; 32886
329; 215; 33007
330; 215; 33116
331; 215; 33102
332; 215; 32986
333; 215; 32917
334; 215; 32950
335; 215; 32994
336; 215; 33007
337; 215; 32964
338; 215; 32936
288; 216; 33845
289; 216; 33856
290; 216; 33846
291; 216; 33822
292; 216; 33824
293; 216; 33815
294; 216; 33705
295; 216; 33409
296; 216; 33166
297; 216; 33137
298; 216; 33198
299; 216; 33417
300; 216; 33526
301; 216; 33549
302; 216; 33557
303; 216; 33637
304; 216; 33729
305; 216; 33705
306; 216; 33598
307; 216; 33569
308; 216; 33683
309; 216; 33826
310; 216; 33868
311; 216; 33826
312; 216; 33835
313; 216; 33957
314; 216; 34028
315; 216; 33873
316; 216; 33485
317; 216; 33212
318; 216; 33039
319; 216; 32955
320; 216; 32908
321; 216; 32864
322; 216; 32945
323; 216; 33040
324; 216; 33109
325; 216; 33218
326; 216; 33208
327; 216; 32915
328; 216; 32936
329; 216; 33097
330; 216; 33186
331; 216; 33143
332; 216; 33013
333; 216; 32937
334; 216; 32970
335; 216; 33004
336; 216; 32995
337; 216; 32927
338; 216; 32873
288; 217; 33859
289; 217; 33851
290; 217; 33839
291; 217; 33827
292; 217; 33833
293; 217; 33830
294; 217; 33743
295; 217; 33458
296; 217; 33169
297; 217; 33109
298; 217; 33168
299; 217; 33413
300; 217; 33555
301; 217; 33590
302; 217; 33583
303; 217; 33621
304; 217; 33702
305; 217; 33747
306; 217; 33729
307; 217; 33713
308; 217; 33752
309; 217; 33812
310; 217; 33815
311; 217; 33770
312; 217; 33796
313; 217; 33935
314; 217; 34023
315; 217; 33921
316; 217; 33558
317; 217; 33218
318; 217; 32988
319; 217; 32909
320; 217; 32886
321; 217; 32867
322; 217; 32941
323; 217; 33013
324; 217; 33100
325; 217; 33198
326; 217; 33105
327; 217; 32888
328; 217; 32971
329; 217; 33083
330; 217; 33134
331; 217; 33111
332; 217; 33031
333; 217; 32969
334; 217; 32972
335; 217; 32988
336; 217; 32997
337; 217; 32985
338; 217; 32969
288; 218; 33849
289; 218; 33842
290; 218; 33845
291; 218; 33852
292; 218; 33864
293; 218; 33863
294; 218; 33788
295; 218; 33513
296; 218; 33189
297; 218; 33102
298; 218; 33154
299; 218; 33402
300; 218; 33548
301; 218; 33597
302; 218; 33602
303; 218; 33632
304; 218; 33713
305; 218; 33796
306; 218; 33823
307; 218; 33802
308; 218; 33793
309; 218; 33808
310; 218; 33792
311; 218; 33743
312; 218; 33769
313; 218; 33913
314; 218; 34027
315; 218; 33974
316; 218; 33652
317; 218; 33236
318; 218; 32945
319; 218; 32873
320; 218; 32874
321; 218; 32889
322; 218; 32912
323; 218; 32964
324; 218; 33045
325; 218; 33096
326; 218; 33000
327; 218; 32923
328; 218; 32967
329; 218; 33005
330; 218; 33033
331; 218; 33064
332; 218; 33054
333; 218; 33002
334; 218; 32954
335; 218; 32951
336; 218; 32979
337; 218; 33025
338; 218; 33063
288; 219; 33840
289; 219; 33840
290; 219; 33857
291; 219; 33879
292; 219; 33892
293; 219; 33882
294; 219; 33824
295; 219; 33576
296; 219; 33238
297; 219; 33125
298; 219; 33150
299; 219; 33366
300; 219; 33514
301; 219; 33576
302; 219; 33601
303; 219; 33633
304; 219; 33703
305; 219; 33790
306; 219; 33831
307; 219; 33813
308; 219; 33795
309; 219; 33806
310; 219; 33796
311; 219; 33754
312; 219; 33784
313; 219; 33926
314; 219; 34054
315; 219; 34048
316; 219; 33779
317; 219; 33327
318; 219; 32973
319; 219; 32849
320; 219; 32872
321; 219; 32912
322; 219; 32922
323; 219; 32952
324; 219; 33007
325; 219; 33003
326; 219; 32951
327; 219; 32959
328; 219; 32978
329; 219; 32965
330; 219; 32983
331; 219; 33041
332; 219; 33061
333; 219; 33020
334; 219; 32965
335; 219; 32945
336; 219; 32974
337; 219; 33015
338; 219; 33040
288; 220; 33848
289; 220; 33839
290; 220; 33854
291; 220; 33881
292; 220; 33894
293; 220; 33888
294; 220; 33858
295; 220; 33663
296; 220; 33323
297; 220; 33153
298; 220; 33160
299; 220; 33300
300; 220; 33494
301; 220; 33564
302; 220; 33601
303; 220; 33618
304; 220; 33659
305; 220; 33732
306; 220; 33789
307; 220; 33796
308; 220; 33792
309; 220; 33807
310; 220; 33806
311; 220; 33779
312; 220; 33811
313; 220; 33940
314; 220; 34057
315; 220; 34047
316; 220; 33872
317; 220; 33522
318; 220; 33135
319; 220; 32901
320; 220; 32862
321; 220; 32892
322; 220; 32928
323; 220; 32980
324; 220; 33013
325; 220; 32967
326; 220; 32930
327; 220; 32979
328; 220; 32995
329; 220; 32977
330; 220; 32995
331; 220; 33034
332; 220; 33037
333; 220; 33007
334; 220; 32997
335; 220; 32994
336; 220; 32996
337; 220; 33009
338; 220; 33002
288; 221; 33860
289; 221; 33835
290; 221; 33844
291; 221; 33875
292; 221; 33890
293; 221; 33893
294; 221; 33880
295; 221; 33777
296; 221; 33471
297; 221; 33196
298; 221; 33146
299; 221; 33204
300; 221; 33414
301; 221; 33550
302; 221; 33611
303; 221; 33618
304; 221; 33633
305; 221; 33694
306; 221; 33765
307; 221; 33795
308; 221; 33800
309; 221; 33814
310; 221; 33817
311; 221; 33799
312; 221; 33821
313; 221; 33917
314; 221; 34005
315; 221; 34001
316; 221; 33908
317; 221; 33717
318; 221; 33417
319; 221; 33104
320; 221; 32861
321; 221; 32886
322; 221; 32926
323; 221; 33063
324; 221; 33086
325; 221; 32952
326; 221; 32926
327; 221; 32977
328; 221; 32986
329; 221; 32983
330; 221; 33012
331; 221; 33028
332; 221; 33009
333; 221; 32988
334; 221; 33008
335; 221; 33024
336; 221; 33017
337; 221; 33022
338; 221; 33019
288; 222; 33860
289; 222; 33834
290; 222; 33852
291; 222; 33892
292; 222; 33906
293; 222; 33906
294; 222; 33912
295; 222; 33890
296; 222; 33666
297; 222; 33305
298; 222; 33132
299; 222; 33155
300; 222; 33312
301; 222; 33540
302; 222; 33613
303; 222; 33632
304; 222; 33646
305; 222; 33707
306; 222; 33778
307; 222; 33801
308; 222; 33795
309; 222; 33807
310; 222; 33822
311; 222; 33812
312; 222; 33816
313; 222; 33873
314; 222; 33935
315; 222; 33940
316; 222; 33898
317; 222; 33849
318; 222; 33699
319; 222; 33371
320; 222; 33091
321; 222; 33039
322; 222; 33249
323; 222; 33417
324; 222; 33198
325; 222; 32921
326; 222; 32928
327; 222; 32988
328; 222; 32977
329; 222; 32973
330; 222; 33003
331; 222; 33014
332; 222; 32998
333; 222; 32987
334; 222; 33000
335; 222; 32992
336; 222; 32982
337; 222; 33002
338; 222; 33039
288; 223; 33857
289; 223; 33849
290; 223; 33879
291; 223; 33926
292; 223; 33934
293; 223; 33916
294; 223; 33925
295; 223; 33933
296; 223; 33816
297; 223; 33457
298; 223; 33171
299; 223; 33155
300; 223; 33260
301; 223; 33521
302; 223; 33618
303; 223; 33638
304; 223; 33660
305; 223; 33730
306; 223; 33792
307; 223; 33789
308; 223; 33760
309; 223; 33774
310; 223; 33811
311; 223; 33823
312; 223; 33821
313; 223; 33847
314; 223; 33892
315; 223; 33921
316; 223; 33925
317; 223; 33911
318; 223; 33863
319; 223; 33692
320; 223; 33528
321; 223; 33647
322; 223; 33879
323; 223; 33759
324; 223; 33202
325; 223; 32866
326; 223; 32916
327; 223; 33034
328; 223; 33014
329; 223; 32977
330; 223; 32996
331; 223; 33021
332; 223; 33013
333; 223; 33000
334; 223; 32991
335; 223; 32944
336; 223; 32932
337; 223; 32965
338; 223; 33023
288; 224; 33870
289; 224; 33875
290; 224; 33905
291; 224; 33948
292; 224; 33956
293; 224; 33928
294; 224; 33926
295; 224; 33950
296; 224; 33908
297; 224; 33614
298; 224; 33260
299; 224; 33189
300; 224; 33290
301; 224; 33573
302; 224; 33650
303; 224; 33641
304; 224; 33645
305; 224; 33719
306; 224; 33777
307; 224; 33761
308; 224; 33729
309; 224; 33750
310; 224; 33802
311; 224; 33833
312; 224; 33842
313; 224; 33851
314; 224; 33873
315; 224; 33906
316; 224; 33937
317; 224; 33951
318; 224; 33933
319; 224; 33901
320; 224; 33921
321; 224; 34117
322; 224; 34219
323; 224; 33846
324; 224; 33111
325; 224; 32867
326; 224; 32955
327; 224; 33110
328; 224; 33059
329; 224; 32970
330; 224; 32993
331; 224; 33042
332; 224; 33045
333; 224; 33033
334; 224; 33014
335; 224; 32946
336; 224; 32915
337; 224; 32961
338; 224; 33023
288; 225; 33902
289; 225; 33897
290; 225; 33909
291; 225; 33949
292; 225; 33975
293; 225; 33958
294; 225; 33948
295; 225; 33971
296; 225; 33956
297; 225; 33695
298; 225; 33307
299; 225; 33211
300; 225; 33325
301; 225; 33644
302; 225; 33710
303; 225; 33655
304; 225; 33619
305; 225; 33678
306; 225; 33735
307; 225; 33733
308; 225; 33727
309; 225; 33762
310; 225; 33810
311; 225; 33843
312; 225; 33864
313; 225; 33863
314; 225; 33843
315; 225; 33849
316; 225; 33887
317; 225; 33930
318; 225; 33952
319; 225; 33965
320; 225; 34042
321; 225; 34157
322; 225; 34141
323; 225; 33613
324; 225; 32948
325; 225; 32911
326; 225; 33037
327; 225; 33157
328; 225; 33066
329; 225; 32952
330; 225; 32974
331; 225; 33023
332; 225; 33031
333; 225; 33024
334; 225; 33015
335; 225; 32972
336; 225; 32936
337; 225; 32966
338; 225; 33025
288; 226; 33935
289; 226; 33909
290; 226; 33901
291; 226; 33943
292; 226; 33992
293; 226; 33995
294; 226; 33986
295; 226; 33999
296; 226; 33984
297; 226; 33728
298; 226; 33311
299; 226; 33189
300; 226; 33288
301; 226; 33631
302; 226; 33720
303; 226; 33667
304; 226; 33614
305; 226; 33650
306; 226; 33696
307; 226; 33714
308; 226; 33745
309; 226; 33793
310; 226; 33825
311; 226; 33846
312; 226; 33869
313; 226; 33862
314; 226; 33814
315; 226; 33795
316; 226; 33838
317; 226; 33897
318; 226; 33935
319; 226; 33965
320; 226; 34025
321; 226; 34073
322; 226; 33916
323; 226; 33354
324; 226; 32927
325; 226; 32949
326; 226; 33054
327; 226; 33127
328; 226; 33038
329; 226; 32946
330; 226; 32955
331; 226; 32984
332; 226; 32985
333; 226; 32981
334; 226; 32996
335; 226; 32991
336; 226; 32952
337; 226; 32953
338; 226; 33000
288; 227; 33958
289; 227; 33920
290; 227; 33905
291; 227; 33946
292; 227; 33998
293; 227; 34008
294; 227; 34001
295; 227; 34010
296; 227; 33996
297; 227; 33756
298; 227; 33337
299; 227; 33158
300; 227; 33210
301; 227; 33498
302; 227; 33662
303; 227; 33656
304; 227; 33633
305; 227; 33656
306; 227; 33686
307; 227; 33710
308; 227; 33757
309; 227; 33805
310; 227; 33818
311; 227; 33829
312; 227; 33856
313; 227; 33856
314; 227; 33822
315; 227; 33821
316; 227; 33877
317; 227; 33932
318; 227; 33947
319; 227; 33945
320; 227; 33973
321; 227; 33989
322; 227; 33828
323; 227; 33316
324; 227; 32942
325; 227; 32933
326; 227; 33004
327; 227; 33058
328; 227; 33017
329; 227; 32967
330; 227; 32969
331; 227; 32969
332; 227; 32955
333; 227; 32963
334; 227; 33001
335; 227; 33003
336; 227; 32938
337; 227; 32920
338; 227; 32981
288; 228; 33976
289; 228; 33941
290; 228; 33928
291; 228; 33958
292; 228; 33989
293; 228; 33987
294; 228; 33980
295; 228; 33991
296; 228; 33989
297; 228; 33802
298; 228; 33440
299; 228; 33203
300; 228; 33199
301; 228; 33342
302; 228; 33573
303; 228; 33623
304; 228; 33648
305; 228; 33672
306; 228; 33694
307; 228; 33721
308; 228; 33762
309; 228; 33790
310; 228; 33790
311; 228; 33806
312; 228; 33847
313; 228; 33861
314; 228; 33840
315; 228; 33850
316; 228; 33905
317; 228; 33974
318; 228; 33988
319; 228; 33963
320; 228; 33951
321; 228; 33966
322; 228; 33862
323; 228; 33423
324; 228; 32991
325; 228; 32922
326; 228; 32967
327; 228; 33021
328; 228; 33023
329; 228; 33005
330; 228; 33002
331; 228; 32965
332; 228; 32934
333; 228; 32958
334; 228; 33002
335; 228; 32996
336; 228; 32934
337; 228; 32929
338; 228; 33017
288; 229; 33986
289; 229; 33965
290; 229; 33959
291; 229; 33973
292; 229; 33974
293; 229; 33957
294; 229; 33954
295; 229; 33970
296; 229; 33955
297; 229; 33865
298; 229; 33627
299; 229; 33346
300; 229; 33239
301; 229; 33253
302; 229; 33472
303; 229; 33591
304; 229; 33635
305; 229; 33654
306; 229; 33685
307; 229; 33728
308; 229; 33760
309; 229; 33764
310; 229; 33765
311; 229; 33801
312; 229; 33846
313; 229; 33847
314; 229; 33795
315; 229; 33697
316; 229; 33652
317; 229; 33844
318; 229; 34009
319; 229; 34016
320; 229; 33990
321; 229; 33978
322; 229; 33891
323; 229; 33496
324; 229; 33038
325; 229; 32946
326; 229; 32990
327; 229; 33040
328; 229; 33041
329; 229; 33024
330; 229; 33010
331; 229; 32958
332; 229; 32929
333; 229; 32958
334; 229; 32983
335; 229; 32977
336; 229; 32966
337; 229; 32998
338; 229; 33079
288; 230; 33981
289; 230; 33978
290; 230; 33982
291; 230; 33984
292; 230; 33965
293; 230; 33945
294; 230; 33952
295; 230; 33970
296; 230; 33964
297; 230; 33916
298; 230; 33796
299; 230; 33494
300; 230; 33244
301; 230; 33244
302; 230; 33433
303; 230; 33584
304; 230; 33609
305; 230; 33607
306; 230; 33654
307; 230; 33722
308; 230; 33752
309; 230; 33743
310; 230; 33752
311; 230; 33800
312; 230; 33826
313; 230; 33787
314; 230; 33570
315; 230; 33294
316; 230; 33208
317; 230; 33441
318; 230; 33868
319; 230; 34060
320; 230; 34059
321; 230; 34013
322; 230; 33890
323; 230; 33502
324; 230; 33043
325; 230; 32971
326; 230; 33038
327; 230; 33088
328; 230; 33055
329; 230; 33010
330; 230; 32988
331; 230; 32964
332; 230; 32952
333; 230; 32969
334; 230; 32984
335; 230; 33002
336; 230; 33040
337; 230; 33093
338; 230; 33120
288; 231; 33973
289; 231; 33986
290; 231; 33997
291; 231; 33987
292; 231; 33962
293; 231; 33953
294; 231; 33966
295; 231; 33974
296; 231; 33979
297; 231; 33981
298; 231; 33904
299; 231; 33597
300; 231; 33270
301; 231; 33245
302; 231; 33453
303; 231; 33614
304; 231; 33610
305; 231; 33585
306; 231; 33642
307; 231; 33723
308; 231; 33748
309; 231; 33730
310; 231; 33738
311; 231; 33784
312; 231; 33787
313; 231; 33654
314; 231; 33420
315; 231; 33133
316; 231; 33036
317; 231; 33156
318; 231; 33617
319; 231; 34008
320; 231; 34071
321; 231; 34000
322; 231; 33868
323; 231; 33524
324; 231; 33064
325; 231; 32980
326; 231; 33059
327; 231; 33126
328; 231; 33069
329; 231; 32985
330; 231; 32966
331; 231; 32988
332; 231; 33011
333; 231; 33021
334; 231; 33026
335; 231; 33052
336; 231; 33101
337; 231; 33134
338; 231; 33100
288; 232; 33983
289; 232; 34005
290; 232; 34011
291; 232; 33986
292; 232; 33961
293; 232; 33966
294; 232; 33976
295; 232; 33964
296; 232; 33971
297; 232; 33999
298; 232; 33953
299; 232; 33635
300; 232; 33274
301; 232; 33253
302; 232; 33483
303; 232; 33649
304; 232; 33646
305; 232; 33622
306; 232; 33673
307; 232; 33745
308; 232; 33761
309; 232; 33729
310; 232; 33720
311; 232; 33757
312; 232; 33761
313; 232; 33678
314; 232; 33552
315; 232; 33331
316; 232; 33115
317; 232; 33100
318; 232; 33393
319; 232; 33810
320; 232; 33947
321; 232; 33890
322; 232; 33804
323; 232; 33599
324; 232; 33183
325; 232; 32993
326; 232; 33051
327; 232; 33132
328; 232; 33081
329; 232; 32985
330; 232; 32975
331; 232; 33025
332; 232; 33075
333; 232; 33077
334; 232; 33054
335; 232; 33068
336; 232; 33111
337; 232; 33116
338; 232; 33081
288; 233; 34009
289; 233; 34031
290; 233; 34026
291; 233; 33989
292; 233; 33963
293; 233; 33978
294; 233; 33986
295; 233; 33958
296; 233; 33957
297; 233; 33991
298; 233; 33948
299; 233; 33615
300; 233; 33261
301; 233; 33228
302; 233; 33453
303; 233; 33658
304; 233; 33680
305; 233; 33683
306; 233; 33714
307; 233; 33763
308; 233; 33779
309; 233; 33746
310; 233; 33714
311; 233; 33732
312; 233; 33754
313; 233; 33732
314; 233; 33707
315; 233; 33673
316; 233; 33455
317; 233; 33277
318; 233; 33356
319; 233; 33658
320; 233; 33728
321; 233; 33716
322; 233; 33737
323; 233; 33728
324; 233; 33401
325; 233; 33069
326; 233; 33064
327; 233; 33127
328; 233; 33100
329; 233; 33015
330; 233; 33009
331; 233; 33073
332; 233; 33113
333; 233; 33089
334; 233; 33061
335; 233; 33076
336; 233; 33116
337; 233; 33133
338; 233; 33141
288; 234; 34038
289; 234; 34052
290; 234; 34040
291; 234; 34003
292; 234; 33981
293; 234; 33998
294; 234; 34008
295; 234; 33980
296; 234; 33965
297; 234; 33976
298; 234; 33919
299; 234; 33593
300; 234; 33250
301; 234; 33186
302; 234; 33288
303; 234; 33558
304; 234; 33675
305; 234; 33718
306; 234; 33723
307; 234; 33747
308; 234; 33788
309; 234; 33779
310; 234; 33728
311; 234; 33713
312; 234; 33736
313; 234; 33742
314; 234; 33737
315; 234; 33729
316; 234; 33651
317; 234; 33470
318; 234; 33479
319; 234; 33654
320; 234; 33705
321; 234; 33718
322; 234; 33826
323; 234; 33893
324; 234; 33632
325; 234; 33192
326; 234; 33087
327; 234; 33132
328; 234; 33142
329; 234; 33082
330; 234; 33078
331; 234; 33129
332; 234; 33132
333; 234; 33083
334; 234; 33084
335; 234; 33130
336; 234; 33170
337; 234; 33251
338; 234; 33381
288; 235; 34053
289; 235; 34053
290; 235; 34043
291; 235; 34028
292; 235; 34017
293; 235; 34025
294; 235; 34034
295; 235; 34013
296; 235; 33988
297; 235; 33970
298; 235; 33908
299; 235; 33636
300; 235; 33294
301; 235; 33137
302; 235; 33155
303; 235; 33407
304; 235; 33657
305; 235; 33727
306; 235; 33710
307; 235; 33708
308; 235; 33775
309; 235; 33808
310; 235; 33759
311; 235; 33712
312; 235; 33712
313; 235; 33708
314; 235; 33676
315; 235; 33633
316; 235; 33574
317; 235; 33522
318; 235; 33562
319; 235; 33718
320; 235; 33814
321; 235; 33922
322; 235; 34035
323; 235; 34043
324; 235; 33757
325; 235; 33276
326; 235; 33102
327; 235; 33162
328; 235; 33216
329; 235; 33177
330; 235; 33143
331; 235; 33143
332; 235; 33120
333; 235; 33098
334; 235; 33144
335; 235; 33224
336; 235; 33365
337; 235; 33507
338; 235; 33664
288; 236; 34051
289; 236; 34040
290; 236; 34039
291; 236; 34051
292; 236; 34051
293; 236; 34044
294; 236; 34042
295; 236; 34029
296; 236; 34001
297; 236; 33973
298; 236; 33936
299; 236; 33762
300; 236; 33430
301; 236; 33173
302; 236; 33142
303; 236; 33271
304; 236; 33620
305; 236; 33754
306; 236; 33715
307; 236; 33680
308; 236; 33745
309; 236; 33812
310; 236; 33789
311; 236; 33734
312; 236; 33711
313; 236; 33690
314; 236; 33638
315; 236; 33580
316; 236; 33540
317; 236; 33528
318; 236; 33565
319; 236; 33674
320; 236; 33882
321; 236; 34044
322; 236; 34107
323; 236; 34109
324; 236; 33811
325; 236; 33332
326; 236; 33129
327; 236; 33184
328; 236; 33268
329; 236; 33227
330; 236; 33133
331; 236; 33079
332; 236; 33073
333; 236; 33132
334; 236; 33242
335; 236; 33431
336; 236; 33578
337; 236; 33663
338; 236; 33761
288; 237; 34047
289; 237; 34038
290; 237; 34041
291; 237; 34063
292; 237; 34066
293; 237; 34046
294; 237; 34035
295; 237; 34031
296; 237; 34011
297; 237; 33988
298; 237; 33969
299; 237; 33911
300; 237; 33672
301; 237; 33327
302; 237; 33160
303; 237; 33229
304; 237; 33592
305; 237; 33768
306; 237; 33733
307; 237; 33674
308; 237; 33715
309; 237; 33789
310; 237; 33797
311; 237; 33762
312; 237; 33730
313; 237; 33689
314; 237; 33628
315; 237; 33596
316; 237; 33603
317; 237; 33593
318; 237; 33559
319; 237; 33590
320; 237; 33775
321; 237; 33990
322; 237; 34060
323; 237; 34038
324; 237; 33797
325; 237; 33368
326; 237; 33137
327; 237; 33152
328; 237; 33222
329; 237; 33169
330; 237; 33057
331; 237; 33012
332; 237; 33067
333; 237; 33197
334; 237; 33421
335; 237; 33621
336; 237; 33701
337; 237; 33745
338; 237; 33778
288; 238; 34051
289; 238; 34052
290; 238; 34055
291; 238; 34070
292; 238; 34069
293; 238; 34048
294; 238; 34039
295; 238; 34045
296; 238; 34034
297; 238; 34014
298; 238; 34016
299; 238; 34011
300; 238; 33879
301; 238; 33504
302; 238; 33211
303; 238; 33208
304; 238; 33540
305; 238; 33771
306; 238; 33741
307; 238; 33680
308; 238; 33697
309; 238; 33756
310; 238; 33782
311; 238; 33781
312; 238; 33766
313; 238; 33701
314; 238; 33602
315; 238; 33587
316; 238; 33673
317; 238; 33703
318; 238; 33612
319; 238; 33572
320; 238; 33687
321; 238; 33871
322; 238; 33929
323; 238; 33842
324; 238; 33644
325; 238; 33323
326; 238; 33087
327; 238; 33076
328; 238; 33105
329; 238; 33054
330; 238; 33003
331; 238; 33046
332; 238; 33182
333; 238; 33399
334; 238; 33607
335; 238; 33736
336; 238; 33808
337; 238; 33799
338; 238; 33787
288; 239; 34054
289; 239; 34061
290; 239; 34067
291; 239; 34077
292; 239; 34076
293; 239; 34064
294; 239; 34058
295; 239; 34060
296; 239; 34050
297; 239; 34031
298; 239; 34039
299; 239; 34058
300; 239; 34007
301; 239; 33693
302; 239; 33289
303; 239; 33223
304; 239; 33396
305; 239; 33711
306; 239; 33737
307; 239; 33692
308; 239; 33694
309; 239; 33734
310; 239; 33756
311; 239; 33793
312; 239; 33837
313; 239; 33772
314; 239; 33595
315; 239; 33531
316; 239; 33662
317; 239; 33752
318; 239; 33657
319; 239; 33595
320; 239; 33740
321; 239; 33867
322; 239; 33828
323; 239; 33609
324; 239; 33347
325; 239; 33167
326; 239; 33066
327; 239; 33037
328; 239; 33024
329; 239; 32992
330; 239; 33015
331; 239; 33224
332; 239; 33484
333; 239; 33643
334; 239; 33722
335; 239; 33834
336; 239; 33880
337; 239; 33862
338; 239; 33838
288; 240; 34045
289; 240; 34054
290; 240; 34070
291; 240; 34084
292; 240; 34090
293; 240; 34081
294; 240; 34064
295; 240; 34048
296; 240; 34041
297; 240; 34035
298; 240; 34042
299; 240; 34070
300; 240; 34070
301; 240; 33831
302; 240; 33392
303; 240; 33217
304; 240; 33302
305; 240; 33643
306; 240; 33729
307; 240; 33704
308; 240; 33697
309; 240; 33722
310; 240; 33734
311; 240; 33800
312; 240; 33919
313; 240; 33887
314; 240; 33645
315; 240; 33488
316; 240; 33591
317; 240; 33693
318; 240; 33597
319; 240; 33530
320; 240; 33760
321; 240; 33896
322; 240; 33758
323; 240; 33370
324; 240; 33089
325; 240; 33035
326; 240; 33040
327; 240; 33046
328; 240; 33034
329; 240; 33049
330; 240; 33204
331; 240; 33542
332; 240; 33757
333; 240; 33781
334; 240; 33799
335; 240; 33861
336; 240; 33901
337; 240; 33897
338; 240; 33898
288; 241; 34037
289; 241; 34049
290; 241; 34073
291; 241; 34092
292; 241; 34096
293; 241; 34079
294; 241; 34045
295; 241; 34022
296; 241; 34033
297; 241; 34053
298; 241; 34054
299; 241; 34063
300; 241; 34068
301; 241; 33947
302; 241; 33543
303; 241; 33228
304; 241; 33245
305; 241; 33550
306; 241; 33718
307; 241; 33703
308; 241; 33690
309; 241; 33716
310; 241; 33729
311; 241; 33793
312; 241; 33935
313; 241; 33941
314; 241; 33697
315; 241; 33494
316; 241; 33554
317; 241; 33628
318; 241; 33495
319; 241; 33394
320; 241; 33623
321; 241; 33800
322; 241; 33606
323; 241; 33174
324; 241; 32996
325; 241; 33031
326; 241; 33075
327; 241; 33069
328; 241; 33080
329; 241; 33152
330; 241; 33438
331; 241; 33774
332; 241; 33891
333; 241; 33851
334; 241; 33810
335; 241; 33837
336; 241; 33876
337; 241; 33892
338; 241; 33913
288; 242; 34047
289; 242; 34060
290; 242; 34080
291; 242; 34094
292; 242; 34090
293; 242; 34062
294; 242; 34027
295; 242; 34023
296; 242; 34065
297; 242; 34103
298; 242; 34085
299; 242; 34052
300; 242; 34052
301; 242; 34031
302; 242; 33751
303; 242; 33341
304; 242; 33266
305; 242; 33432
306; 242; 33689
307; 242; 33689
308; 242; 33681
309; 242; 33717
310; 242; 33741
311; 242; 33770
312; 242; 33862
313; 242; 33878
314; 242; 33699
315; 242; 33538
316; 242; 33593
317; 242; 33652
318; 242; 33491
319; 242; 33341
320; 242; 33432
321; 242; 33577
322; 242; 33346
323; 242; 33051
324; 242; 33053
325; 242; 33162
326; 242; 33191
327; 242; 33099
328; 242; 33092
329; 242; 33249
330; 242; 33615
331; 242; 33907
332; 242; 33956
333; 242; 33877
334; 242; 33795
335; 242; 33807
336; 242; 33858
337; 242; 33888
338; 242; 33904
288; 243; 34068
289; 243; 34074
290; 243; 34080
291; 243; 34089
292; 243; 34083
293; 243; 34054
294; 243; 34030
295; 243; 34047
296; 243; 34102
297; 243; 34139
298; 243; 34107
299; 243; 34042
300; 243; 34029
301; 243; 34036
302; 243; 33878
303; 243; 33452
304; 243; 33233
305; 243; 33319
306; 243; 33621
307; 243; 33685
308; 243; 33688
309; 243; 33723
310; 243; 33756
311; 243; 33750
312; 243; 33772
313; 243; 33788
314; 243; 33696
315; 243; 33596
316; 243; 33642
317; 243; 33694
318; 243; 33556
319; 243; 33385
320; 243; 33379
321; 243; 33379
322; 243; 33150
323; 243; 33023
324; 243; 33130
325; 243; 33328
326; 243; 33344
327; 243; 33174
328; 243; 33154
329; 243; 33356
330; 243; 33714
331; 243; 33951
332; 243; 33968
333; 243; 33877
334; 243; 33790
335; 243; 33805
336; 243; 33871
337; 243; 33907
338; 243; 33899
288; 244; 34086
289; 244; 34082
290; 244; 34076
291; 244; 34087
292; 244; 34090
293; 244; 34068
294; 244; 34049
295; 244; 34062
296; 244; 34095
297; 244; 34120
298; 244; 34106
299; 244; 34054
300; 244; 34023
301; 244; 34031
302; 244; 33938
303; 244; 33547
304; 244; 33223
305; 244; 33243
306; 244; 33557
307; 244; 33701
308; 244; 33713
309; 244; 33735
310; 244; 33768
311; 244; 33750
312; 244; 33738
313; 244; 33775
314; 244; 33765
315; 244; 33670
316; 244; 33635
317; 244; 33636
318; 244; 33537
319; 244; 33427
320; 244; 33393
321; 244; 33351
322; 244; 33080
323; 244; 33000
324; 244; 33146
325; 244; 33360
326; 244; 33401
327; 244; 33344
328; 244; 33352
329; 244; 33570
330; 244; 33789
331; 244; 33911
332; 244; 33938
333; 244; 33872
334; 244; 33810
335; 244; 33827
336; 244; 33887
337; 244; 33909
338; 244; 33881
288; 245; 34090
289; 245; 34085
290; 245; 34084
291; 245; 34100
292; 245; 34107
293; 245; 34087
294; 245; 34068
295; 245; 34067
296; 245; 34066
297; 245; 34082
298; 245; 34110
299; 245; 34099
300; 245; 34050
301; 245; 34021
302; 245; 33964
303; 245; 33673
304; 245; 33300
305; 245; 33257
306; 245; 33475
307; 245; 33709
308; 245; 33724
309; 245; 33741
310; 245; 33772
311; 245; 33758
312; 245; 33747
313; 245; 33818
314; 245; 33876
315; 245; 33776
316; 245; 33571
317; 245; 33484
318; 245; 33413
319; 245; 33397
320; 245; 33395
321; 245; 33343
322; 245; 33090
323; 245; 33018
324; 245; 33085
325; 245; 33218
326; 245; 33305
327; 245; 33437
328; 245; 33614
329; 245; 33783
330; 245; 33848
331; 245; 33897
332; 245; 33918
333; 245; 33887
334; 245; 33840
335; 245; 33842
336; 245; 33875
337; 245; 33868
338; 245; 33825
288; 246; 34083
289; 246; 34090
290; 246; 34105
291; 246; 34123
292; 246; 34118
293; 246; 34096
294; 246; 34089
295; 246; 34090
296; 246; 34074
297; 246; 34081
298; 246; 34133
299; 246; 34150
300; 246; 34087
301; 246; 34019
302; 246; 33986
303; 246; 33788
304; 246; 33434
305; 246; 33312
306; 246; 33404
307; 246; 33632
308; 246; 33687
309; 246; 33717
310; 246; 33752
311; 246; 33748
312; 246; 33746
313; 246; 33838
314; 246; 33930
315; 246; 33891
316; 246; 33627
317; 246; 33412
318; 246; 33372
319; 246; 33390
320; 246; 33412
321; 246; 33352
322; 246; 33106
323; 246; 33023
324; 246; 33007
325; 246; 33028
326; 246; 33109
327; 246; 33387
328; 246; 33718
329; 246; 33890
330; 246; 33912
331; 246; 33903
332; 246; 33913
333; 246; 33896
334; 246; 33838
335; 246; 33815
336; 246; 33838
337; 246; 33827
338; 246; 33773
288; 247; 34071
289; 247; 34093
290; 247; 34117
291; 247; 34126
292; 247; 34109
293; 247; 34094
294; 247; 34115
295; 247; 34136
296; 247; 34118
297; 247; 34106
298; 247; 34145
299; 247; 34169
300; 247; 34112
301; 247; 34036
302; 247; 33998
303; 247; 33901
304; 247; 33606
305; 247; 33410
306; 247; 33408
307; 247; 33537
308; 247; 33627
309; 247; 33674
310; 247; 33715
311; 247; 33725
312; 247; 33732
313; 247; 33813
314; 247; 33917
315; 247; 33913
316; 247; 33777
317; 247; 33533
318; 247; 33436
319; 247; 33472
320; 247; 33546
321; 247; 33403
322; 247; 33083
323; 247; 32983
324; 247; 32993
325; 247; 33032
326; 247; 33088
327; 247; 33323
328; 247; 33721
329; 247; 33914
330; 247; 33924
331; 247; 33893
332; 247; 33889
333; 247; 33857
334; 247; 33776
335; 247; 33751
336; 247; 33813
337; 247; 33849
338; 247; 33794
288; 248; 34072
289; 248; 34092
290; 248; 34106
291; 248; 34100
292; 248; 34084
293; 248; 34091
294; 248; 34134
295; 248; 34166
296; 248; 34145
297; 248; 34114
298; 248; 34127
299; 248; 34156
300; 248; 34133
301; 248; 34086
302; 248; 34058
303; 248; 34005
304; 248; 33781
305; 248; 33501
306; 248; 33436
307; 248; 33498
308; 248; 33601
309; 248; 33665
310; 248; 33698
311; 248; 33713
312; 248; 33728
313; 248; 33779
314; 248; 33853
315; 248; 33889
316; 248; 33847
317; 248; 33712
318; 248; 33593
319; 248; 33649
320; 248; 33721
321; 248; 33512
322; 248; 33047
323; 248; 32917
324; 248; 33025
325; 248; 33275
326; 248; 33299
327; 248; 33381
328; 248; 33663
329; 248; 33846
330; 248; 33883
331; 248; 33868
332; 248; 33860
333; 248; 33814
334; 248; 33725
335; 248; 33709
336; 248; 33813
337; 248; 33903
338; 248; 33867
288; 249; 34090
289; 249; 34092
290; 249; 34086
291; 249; 34071
292; 249; 34068
293; 249; 34095
294; 249; 34136
295; 249; 34156
296; 249; 34137
297; 249; 34107
298; 249; 34111
299; 249; 34146
300; 249; 34161
301; 249; 34142
302; 249; 34113
303; 249; 34079
304; 249; 33907
305; 249; 33600
306; 249; 33451
307; 249; 33482
308; 249; 33625
309; 249; 33718
310; 249; 33732
311; 249; 33728
312; 249; 33741
313; 249; 33765
314; 249; 33798
315; 249; 33849
316; 249; 33871
317; 249; 33802
318; 249; 33705
319; 249; 33755
320; 249; 33852
321; 249; 33648
322; 249; 33044
323; 249; 32900
324; 249; 33061
325; 249; 33453
326; 249; 33464
327; 249; 33445
328; 249; 33574
329; 249; 33790
330; 249; 33839
331; 249; 33864
332; 249; 33873
333; 249; 33832
334; 249; 33755
335; 249; 33739
336; 249; 33822
337; 249; 33910
338; 249; 33912
288; 250; 34105
289; 250; 34095
290; 250; 34082
291; 250; 34073
292; 250; 34084
293; 250; 34108
294; 250; 34124
295; 250; 34126
296; 250; 34118
297; 250; 34113
298; 250; 34124
299; 250; 34159
300; 250; 34187
301; 250; 34180
302; 250; 34147
303; 250; 34096
304; 250; 33977
305; 250; 33671
306; 250; 33431
307; 250; 33445
308; 250; 33632
309; 250; 33779
310; 250; 33793
311; 250; 33761
312; 250; 33764
313; 250; 33776
314; 250; 33779
315; 250; 33816
316; 250; 33868
317; 250; 33830
318; 250; 33743
319; 250; 33796
320; 250; 33946
321; 250; 33780
322; 250; 33120
323; 250; 32891
324; 250; 32968
325; 250; 33344
326; 250; 33373
327; 250; 33362
328; 250; 33512
329; 250; 33770
330; 250; 33836
331; 250; 33879
332; 250; 33907
333; 250; 33886
334; 250; 33831
335; 250; 33803
336; 250; 33826
337; 250; 33869
338; 250; 33912
288; 251; 34096
289; 251; 34096
290; 251; 34094
291; 251; 34096
292; 251; 34109
293; 251; 34118
294; 251; 34112
295; 251; 34109
296; 251; 34118
297; 251; 34134
298; 251; 34150
299; 251; 34174
300; 251; 34198
301; 251; 34195
302; 251; 34162
303; 251; 34118
304; 251; 34032
305; 251; 33756
306; 251; 33437
307; 251; 33399
308; 251; 33577
309; 251; 33782
310; 251; 33829
311; 251; 33786
312; 251; 33778
313; 251; 33790
314; 251; 33773
315; 251; 33782
316; 251; 33847
317; 251; 33860
318; 251; 33796
319; 251; 33831
320; 251; 33966
321; 251; 33890
322; 251; 33275
323; 251; 32899
324; 251; 32858
325; 251; 33024
326; 251; 33125
327; 251; 33243
328; 251; 33532
329; 251; 33810
330; 251; 33858
331; 251; 33885
332; 251; 33913
333; 251; 33909
334; 251; 33873
335; 251; 33839
336; 251; 33828
337; 251; 33844
338; 251; 33895
288; 252; 34071
289; 252; 34093
290; 252; 34100
291; 252; 34102
292; 252; 34105
293; 252; 34105
294; 252; 34107
295; 252; 34122
296; 252; 34142
297; 252; 34151
298; 252; 34153
299; 252; 34167
300; 252; 34196
301; 252; 34207
302; 252; 34179
303; 252; 34143
304; 252; 34103
305; 252; 33897
306; 252; 33518
307; 252; 33386
308; 252; 33513
309; 252; 33746
310; 252; 33831
311; 252; 33783
312; 252; 33764
313; 252; 33788
314; 252; 33765
315; 252; 33741
316; 252; 33808
317; 252; 33884
318; 252; 33864
319; 252; 33870
320; 252; 33976
321; 252; 33962
322; 252; 33463
323; 252; 32949
324; 252; 32864
325; 252; 32911
326; 252; 33030
327; 252; 33238
328; 252; 33578
329; 252; 33839
330; 252; 33868
331; 252; 33872
332; 252; 33890
333; 252; 33897
334; 252; 33868
335; 252; 33832
336; 252; 33829
337; 252; 33860
338; 252; 33884
288; 253; 34062
289; 253; 34094
290; 253; 34095
291; 253; 34082
292; 253; 34075
293; 253; 34081
294; 253; 34113
295; 253; 34155
296; 253; 34167
297; 253; 34146
298; 253; 34130
299; 253; 34148
300; 253; 34194
301; 253; 34223
302; 253; 34200
303; 253; 34171
304; 253; 34160
305; 253; 34059
306; 253; 33690
307; 253; 33443
308; 253; 33495
309; 253; 33731
310; 253; 33826
311; 253; 33759
312; 253; 33730
313; 253; 33782
314; 253; 33781
315; 253; 33733
316; 253; 33770
317; 253; 33865
318; 253; 33882
319; 253; 33879
320; 253; 33967
321; 253; 34002
322; 253; 33613
323; 253; 33013
324; 253; 32852
325; 253; 32912
326; 253; 33070
327; 253; 33278
328; 253; 33599
329; 253; 33835
330; 253; 33861
331; 253; 33851
332; 253; 33865
333; 253; 33889
334; 253; 33862
335; 253; 33812
336; 253; 33821
337; 253; 33881
338; 253; 33890
288; 254; 34073
289; 254; 34100
290; 254; 34095
291; 254; 34074
292; 254; 34061
293; 254; 34076
294; 254; 34129
295; 254; 34178
296; 254; 34168
297; 254; 34124
298; 254; 34111
299; 254; 34144
300; 254; 34197
301; 254; 34229
302; 254; 34209
303; 254; 34185
304; 254; 34204
305; 254; 34190
306; 254; 33891
307; 254; 33544
308; 254; 33537
309; 254; 33739
310; 254; 33824
311; 254; 33735
312; 254; 33699
313; 254; 33783
314; 254; 33828
315; 254; 33781
316; 254; 33768
317; 254; 33823
318; 254; 33848
319; 254; 33865
320; 254; 33973
321; 254; 34044
322; 254; 33705
323; 254; 33075
324; 254; 32858
325; 254; 32902
326; 254; 33140
327; 254; 33332
328; 254; 33597
329; 254; 33821
330; 254; 33845
331; 254; 33819
332; 254; 33837
333; 254; 33889
334; 254; 33879
335; 254; 33816
336; 254; 33813
337; 254; 33889
338; 254; 33918
288; 255; 34076
289; 255; 34098
290; 255; 34104
291; 255; 34093
292; 255; 34082
293; 255; 34096
294; 255; 34144
295; 255; 34178
296; 255; 34149
297; 255; 34104
298; 255; 34111
299; 255; 34158
300; 255; 34199
301; 255; 34221
302; 255; 34205
303; 255; 34185
304; 255; 34215
305; 255; 34242
306; 255; 34013
307; 255; 33630
308; 255; 33577
309; 255; 33722
310; 255; 33805
311; 255; 33724
312; 255; 33683
313; 255; 33768
314; 255; 33847
315; 255; 33841
316; 255; 33822
317; 255; 33839
318; 255; 33849
319; 255; 33871
320; 255; 33981
321; 255; 34054
322; 255; 33797
323; 255; 33155
324; 255; 32862
325; 255; 32895
326; 255; 33172
327; 255; 33383
328; 255; 33602
329; 255; 33782
330; 255; 33822
331; 255; 33781
332; 255; 33803
333; 255; 33884
334; 255; 33905
335; 255; 33849
336; 255; 33829
337; 255; 33899
338; 255; 33956
288; 256; 34057
289; 256; 34085
290; 256; 34108
291; 256; 34113
292; 256; 34106
293; 256; 34109
294; 256; 34137
295; 256; 34162
296; 256; 34141
297; 256; 34111
298; 256; 34130
299; 256; 34173
300; 256; 34200
301; 256; 34218
302; 256; 34216
303; 256; 34194
304; 256; 34208
305; 256; 34219
306; 256; 34054
307; 256; 33674
308; 256; 33572
309; 256; 33677
310; 256; 33773
311; 256; 33729
312; 256; 33681
313; 256; 33727
314; 256; 33813
315; 256; 33872
316; 256; 33905
317; 256; 33923
318; 256; 33910
319; 256; 33886
320; 256; 33939
321; 256; 34010
322; 256; 33876
323; 256; 33283
324; 256; 32878
325; 256; 32901
326; 256; 33184
327; 256; 33427
328; 256; 33618
329; 256; 33774
330; 256; 33813
331; 256; 33774
332; 256; 33789
333; 256; 33865
334; 256; 33900
335; 256; 33873
336; 256; 33868
337; 256; 33923
338; 256; 33971
288; 257; 34043
289; 257; 34075
290; 257; 34101
291; 257; 34113
292; 257; 34110
293; 257; 34100
294; 257; 34113
295; 257; 34146
296; 257; 34155
297; 257; 34142
298; 257; 34152
299; 257; 34182
300; 257; 34207
301; 257; 34235
302; 257; 34244
303; 257; 34212
304; 257; 34198
305; 257; 34207
306; 257; 34076
307; 257; 33704
308; 257; 33558
309; 257; 33625
310; 257; 33755
311; 257; 33745
312; 257; 33695
313; 257; 33709
314; 257; 33792
315; 257; 33873
316; 257; 33904
317; 257; 33909
318; 257; 33898
319; 257; 33851
320; 257; 33852
321; 257; 33939
322; 257; 33934
323; 257; 33498
324; 257; 32959
325; 257; 32917
326; 257; 33168
327; 257; 33441
328; 257; 33633
329; 257; 33779
330; 257; 33843
331; 257; 33819
332; 257; 33812
333; 257; 33843
334; 257; 33862
335; 257; 33870
336; 257; 33901
337; 257; 33942
338; 257; 33955
288; 258; 34059
289; 258; 34084
290; 258; 34098
291; 258; 34109
292; 258; 34114
293; 258; 34102
294; 258; 34107
295; 258; 34144
296; 258; 34169
297; 258; 34162
298; 258; 34164
299; 258; 34191
300; 258; 34224
301; 258; 34257
302; 258; 34260
303; 258; 34211
304; 258; 34179
305; 258; 34183
306; 258; 34068
307; 258; 33698
308; 258; 33511
309; 258; 33563
310; 258; 33747
311; 258; 33770
312; 258; 33731
313; 258; 33752
314; 258; 33830
315; 258; 33835
316; 258; 33725
317; 258; 33647
318; 258; 33699
319; 258; 33773
320; 258; 33817
321; 258; 33915
322; 258; 33994
323; 258; 33690
324; 258; 33121
325; 258; 32927
326; 258; 33044
327; 258; 33361
328; 258; 33624
329; 258; 33833
330; 258; 33888
331; 258; 33871
332; 258; 33845
333; 258; 33838
334; 258; 33838
335; 258; 33861
336; 258; 33912
337; 258; 33945
338; 258; 33940
288; 259; 34087
289; 259; 34102
290; 259; 34104
291; 259; 34117
292; 259; 34136
293; 259; 34135
294; 259; 34135
295; 259; 34157
296; 259; 34169
297; 259; 34159
298; 259; 34165
299; 259; 34199
300; 259; 34240
301; 259; 34272
302; 259; 34265
303; 259; 34208
304; 259; 34169
305; 259; 34159
306; 259; 34030
307; 259; 33649
308; 259; 33456
309; 259; 33532
310; 259; 33783
311; 259; 33799
312; 259; 33768
313; 259; 33804
314; 259; 33871
315; 259; 33767
316; 259; 33460
317; 259; 33266
318; 259; 33422
319; 259; 33716
320; 259; 33890
321; 259; 33991
322; 259; 34037
323; 259; 33824
324; 259; 33265
325; 259; 32894
326; 259; 32906
327; 259; 33226
328; 259; 33610
329; 259; 33856
330; 259; 33893
331; 259; 33859
332; 259; 33838
333; 259; 33856
334; 259; 33872
335; 259; 33890
336; 259; 33923
337; 259; 33942
338; 259; 33940
288; 260; 34099
289; 260; 34109
290; 260; 34111
291; 260; 34126
292; 260; 34151
293; 260; 34165
294; 260; 34169
295; 260; 34172
296; 260; 34165
297; 260; 34153
298; 260; 34166
299; 260; 34202
300; 260; 34244
301; 260; 34280
302; 260; 34283
303; 260; 34237
304; 260; 34200
305; 260; 34172
306; 260; 34016
307; 260; 33611
308; 260; 33403
309; 260; 33492
310; 260; 33783
311; 260; 33816
312; 260; 33778
313; 260; 33806
314; 260; 33865
315; 260; 33727
316; 260; 33343
317; 260; 33073
318; 260; 33232
319; 260; 33630
320; 260; 33929
321; 260; 34055
322; 260; 34090
323; 260; 33917
324; 260; 33387
325; 260; 32968
326; 260; 32891
327; 260; 33113
328; 260; 33570
329; 260; 33854
330; 260; 33863
331; 260; 33791
332; 260; 33779
333; 260; 33855
334; 260; 33921
335; 260; 33939
336; 260; 33940
337; 260; 33937
338; 260; 33937
288; 261; 34095
289; 261; 34109
290; 261; 34117
291; 261; 34128
292; 261; 34145
293; 261; 34162
294; 261; 34173
295; 261; 34175
296; 261; 34169
297; 261; 34167
298; 261; 34178
299; 261; 34200
300; 261; 34233
301; 261; 34281
302; 261; 34306
303; 261; 34279
304; 261; 34247
305; 261; 34242
306; 261; 34057
307; 261; 33634
308; 261; 33359
309; 261; 33439
310; 261; 33742
311; 261; 33801
312; 261; 33765
313; 261; 33773
314; 261; 33834
315; 261; 33767
316; 261; 33479
317; 261; 33162
318; 261; 33134
319; 261; 33433
320; 261; 33789
321; 261; 34012
322; 261; 34093
323; 261; 34007
324; 261; 33559
325; 261; 33055
326; 261; 32944
327; 261; 32992
328; 261; 33439
329; 261; 33805
330; 261; 33849
331; 261; 33758
332; 261; 33705
333; 261; 33786
334; 261; 33895
335; 261; 33936
336; 261; 33927
337; 261; 33915
338; 261; 33906
288; 262; 34095
289; 262; 34115
290; 262; 34131
291; 262; 34137
292; 262; 34141
293; 262; 34151
294; 262; 34162
295; 262; 34169
296; 262; 34179
297; 262; 34191
298; 262; 34196
299; 262; 34200
300; 262; 34224
301; 262; 34275
302; 262; 34307
303; 262; 34285
304; 262; 34257
305; 262; 34248
306; 262; 34128
307; 262; 33723
308; 262; 33380
309; 262; 33381
310; 262; 33650
311; 262; 33762
312; 262; 33753
313; 262; 33754
314; 262; 33815
315; 262; 33835
316; 262; 33700
317; 262; 33420
318; 262; 33198
319; 262; 33272
320; 262; 33584
321; 262; 33896
322; 262; 34097
323; 262; 34088
324; 262; 33714
325; 262; 33155
326; 262; 32956
327; 262; 32907
328; 262; 33237
329; 262; 33692
330; 262; 33877
331; 262; 33821
332; 262; 33691
333; 262; 33690
334; 262; 33791
335; 262; 33861
336; 262; 33873
337; 262; 33863
338; 262; 33844
288; 263; 34110
289; 263; 34124
290; 263; 34142
291; 263; 34152
292; 263; 34159
293; 263; 34169
294; 263; 34173
295; 263; 34175
296; 263; 34192
297; 263; 34210
298; 263; 34209
299; 263; 34207
300; 263; 34234
301; 263; 34282
302; 263; 34301
303; 263; 34268
304; 263; 34239
305; 263; 34246
306; 263; 34196
307; 263; 33854
308; 263; 33437
309; 263; 33391
310; 263; 33559
311; 263; 33731
312; 263; 33751
313; 263; 33752
314; 263; 33791
315; 263; 33839
316; 263; 33821
317; 263; 33662
318; 263; 33439
319; 263; 33380
320; 263; 33556
321; 263; 33814
322; 263; 34035
323; 263; 34111
324; 263; 33827
325; 263; 33275
326; 263; 32992
327; 263; 32948
328; 263; 33058
329; 263; 33513
330; 263; 33875
331; 263; 33904
332; 263; 33760
333; 263; 33665
334; 263; 33719
335; 263; 33796
336; 263; 33820
337; 263; 33811
338; 263; 33787
288; 264; 34127
289; 264; 34125
290; 264; 34137
291; 264; 34154
292; 264; 34176
293; 264; 34193
294; 264; 34190
295; 264; 34187
296; 264; 34205
297; 264; 34220
298; 264; 34211
299; 264; 34211
300; 264; 34253
301; 264; 34306
302; 264; 34318
303; 264; 34276
304; 264; 34236
305; 264; 34249
306; 264; 34248
307; 264; 33982
308; 264; 33531
309; 264; 33398
310; 264; 33485
311; 264; 33720
312; 264; 33750
313; 264; 33752
314; 264; 33754
315; 264; 33774
316; 264; 33814
317; 264; 33823
318; 264; 33767
319; 264; 33719
320; 264; 33733
321; 264; 33804
322; 264; 33938
323; 264; 34028
324; 264; 33907
325; 264; 33424
326; 264; 33047
327; 264; 32933
328; 264; 32919
329; 264; 33245
330; 264; 33748
331; 264; 33920
332; 264; 33842
333; 264; 33722
334; 264; 33738
335; 264; 33805
336; 264; 33826
337; 264; 33810
338; 264; 33788
