318; 318; 34162
319; 318; 34195
318; 319; 34055
319; 319; 33938
320; 319; 33899
317; 320; 34003
318; 320; 33877
319; 320; 33515
320; 320; 33421
321; 320; 33713
322; 320; 34102
317; 321; 33878
318; 321; 33771
319; 321; 33370
320; 321; 33302
321; 321; 33524
322; 321; 33916
317; 322; 33654
318; 322; 33693
319; 322; 33516
320; 322; 33369
321; 322; 33526
322; 322; 33787
317; 323; 33479
318; 323; 33611
319; 323; 33690
320; 323; 33606
321; 323; 33657
322; 323; 33783
317; 324; 33551
318; 324; 33548
319; 324; 33743
320; 324; 33788
321; 324; 33812
322; 324; 33895
318; 325; 33622
319; 325; 33808
320; 325; 33858
321; 325; 33877
322; 325; 34031
318; 326; 33818
319; 326; 33841
320; 326; 33829
321; 326; 33863
322; 326; 34153
318; 327; 33854
319; 327; 33773
320; 327; 33730
321; 327; 33892
322; 327; 34273
318; 328; 33800
319; 328; 33737
320; 328; 33772
318; 329; 33858
319; 329; 33902
