115; 153; 32924
116; 153; 32989
117; 153; 32950
118; 153; 32854
119; 153; 32816
120; 153; 32829
121; 153; 32852
122; 153; 32868
123; 153; 32879
124; 153; 32913
125; 153; 32966
126; 153; 33041
127; 153; 33104
128; 153; 33112
129; 153; 33041
130; 153; 32973
131; 153; 32939
132; 153; 32922
133; 153; 32976
134; 153; 33026
135; 153; 33044
136; 153; 33070
137; 153; 33139
138; 153; 33189
139; 153; 33183
140; 153; 33149
141; 153; 33110
142; 153; 33066
143; 153; 33055
144; 153; 33059
145; 153; 33068
146; 153; 33066
147; 153; 33041
148; 153; 33060
149; 153; 33097
150; 153; 33053
151; 153; 32951
152; 153; 32920
153; 153; 32979
154; 153; 33062
155; 153; 33132
156; 153; 33143
157; 153; 33027
158; 153; 32853
159; 153; 32791
160; 153; 32860
161; 153; 33001
162; 153; 33095
163; 153; 33138
164; 153; 33142
165; 153; 33112
166; 153; 33106
167; 153; 33127
168; 153; 33133
169; 153; 33136
115; 154; 32857
116; 154; 32925
117; 154; 32934
118; 154; 32901
119; 154; 32886
120; 154; 32895
121; 154; 32905
122; 154; 32935
123; 154; 32967
124; 154; 32967
125; 154; 32972
126; 154; 33010
127; 154; 33015
128; 154; 32954
129; 154; 32897
130; 154; 32931
131; 154; 33004
132; 154; 33022
133; 154; 33072
134; 154; 33122
135; 154; 33118
136; 154; 33104
137; 154; 33097
138; 154; 33049
139; 154; 33003
140; 154; 33006
141; 154; 33027
142; 154; 33027
143; 154; 33032
144; 154; 33054
145; 154; 33116
146; 154; 33181
147; 154; 33167
148; 154; 33079
149; 154; 32968
150; 154; 32883
151; 154; 32870
152; 154; 32942
153; 154; 33021
154; 154; 33038
155; 154; 33032
156; 154; 33019
157; 154; 32936
158; 154; 32825
159; 154; 32802
160; 154; 32900
161; 154; 33044
162; 154; 33157
163; 154; 33187
164; 154; 33099
165; 154; 33003
166; 154; 33026
167; 154; 33108
168; 154; 33107
169; 154; 33053
115; 155; 32863
116; 155; 32951
117; 155; 33001
118; 155; 33021
119; 155; 33015
120; 155; 32993
121; 155; 32965
122; 155; 32993
123; 155; 33006
124; 155; 32922
125; 155; 32864
126; 155; 32890
127; 155; 32928
128; 155; 32932
129; 155; 32962
130; 155; 33081
131; 155; 33192
132; 155; 33203
133; 155; 33175
134; 155; 33158
135; 155; 33133
136; 155; 33110
137; 155; 33072
138; 155; 33003
139; 155; 32970
140; 155; 32996
141; 155; 33053
142; 155; 33115
143; 155; 33133
144; 155; 33145
145; 155; 33181
146; 155; 33189
147; 155; 33122
148; 155; 32983
149; 155; 32863
150; 155; 32832
151; 155; 32856
152; 155; 32918
153; 155; 32954
154; 155; 32933
155; 155; 32906
156; 155; 32906
157; 155; 32909
158; 155; 32873
159; 155; 32823
160; 155; 32858
161; 155; 32955
162; 155; 33106
163; 155; 33188
164; 155; 33104
165; 155; 33002
166; 155; 33043
167; 155; 33131
168; 155; 33085
169; 155; 32999
115; 156; 32984
116; 156; 33042
117; 156; 33077
118; 156; 33106
119; 156; 33090
120; 156; 33031
121; 156; 32968
122; 156; 32966
123; 156; 32961
124; 156; 32883
125; 156; 32834
126; 156; 32879
127; 156; 32990
128; 156; 33069
129; 156; 33126
130; 156; 33216
131; 156; 33295
132; 156; 33275
133; 156; 33214
134; 156; 33164
135; 156; 33131
136; 156; 33120
137; 156; 33110
138; 156; 33095
139; 156; 33104
140; 156; 33141
141; 156; 33182
142; 156; 33236
143; 156; 33251
144; 156; 33221
145; 156; 33146
146; 156; 33026
147; 156; 32919
148; 156; 32854
149; 156; 32859
150; 156; 32889
151; 156; 32880
152; 156; 32866
153; 156; 32854
154; 156; 32846
155; 156; 32855
156; 156; 32890
157; 156; 32920
158; 156; 32896
159; 156; 32855
160; 156; 32858
161; 156; 32894
162; 156; 32998
163; 156; 33095
164; 156; 33096
165; 156; 33072
166; 156; 33125
167; 156; 33189
168; 156; 33131
169; 156; 33062
115; 157; 33073
116; 157; 33044
117; 157; 33046
118; 157; 33072
119; 157; 33057
120; 157; 33004
121; 157; 32942
122; 157; 32936
123; 157; 32983
124; 157; 32989
125; 157; 32976
126; 157; 33023
127; 157; 33128
128; 157; 33195
129; 157; 33190
130; 157; 33193
131; 157; 33223
132; 157; 33225
133; 157; 33208
134; 157; 33174
135; 157; 33134
136; 157; 33107
137; 157; 33115
138; 157; 33146
139; 157; 33166
140; 157; 33190
141; 157; 33204
142; 157; 33224
143; 157; 33235
144; 157; 33191
145; 157; 33059
146; 157; 32893
147; 157; 32811
148; 157; 32835
149; 157; 32927
150; 157; 32969
151; 157; 32907
152; 157; 32851
153; 157; 32827
154; 157; 32816
155; 157; 32851
156; 157; 32899
157; 157; 32920
158; 157; 32937
159; 157; 32992
160; 157; 33020
161; 157; 32967
162; 157; 32925
163; 157; 32959
164; 157; 33046
165; 157; 33133
166; 157; 33206
167; 157; 33244
168; 157; 33213
169; 157; 33183
115; 158; 33016
116; 158; 32955
117; 158; 32954
118; 158; 32998
119; 158; 33012
120; 158; 32996
121; 158; 32976
122; 158; 33019
123; 158; 33113
124; 158; 33168
125; 158; 33188
126; 158; 33205
127; 158; 33211
128; 158; 33190
129; 158; 33153
130; 158; 33131
131; 158; 33148
132; 158; 33187
133; 158; 33215
134; 158; 33204
135; 158; 33147
136; 158; 33077
137; 158; 33085
138; 158; 33131
139; 158; 33120
140; 158; 33109
141; 158; 33133
142; 158; 33178
143; 158; 33200
144; 158; 33138
145; 158; 33023
146; 158; 32923
147; 158; 32884
148; 158; 32915
149; 158; 32985
150; 158; 33010
151; 158; 32945
152; 158; 32862
153; 158; 32825
154; 158; 32821
155; 158; 32849
156; 158; 32874
157; 158; 32912
158; 158; 33030
159; 158; 33221
160; 158; 33307
161; 158; 33153
162; 158; 32931
163; 158; 32858
164; 158; 32959
165; 158; 33106
166; 158; 33187
167; 158; 33198
168; 158; 33176
169; 158; 33146
115; 159; 32923
116; 159; 32931
117; 159; 32969
118; 159; 33017
119; 159; 33039
120; 159; 33056
121; 159; 33093
122; 159; 33165
123; 159; 33214
124; 159; 33236
125; 159; 33269
126; 159; 33258
127; 159; 33203
128; 159; 33162
129; 159; 33154
130; 159; 33149
131; 159; 33149
132; 159; 33195
133; 159; 33236
134; 159; 33231
135; 159; 33176
136; 159; 33094
137; 159; 33088
138; 159; 33136
139; 159; 33115
140; 159; 33102
141; 159; 33150
142; 159; 33217
143; 159; 33210
144; 159; 33086
145; 159; 33001
146; 159; 33012
147; 159; 33007
148; 159; 32988
149; 159; 33011
150; 159; 33033
151; 159; 32983
152; 159; 32879
153; 159; 32823
154; 159; 32835
155; 159; 32864
156; 159; 32871
157; 159; 32913
158; 159; 33062
159; 159; 33319
160; 159; 33464
161; 159; 33287
162; 159; 32975
163; 159; 32837
164; 159; 32917
165; 159; 33064
166; 159; 33134
167; 159; 33115
168; 159; 33081
169; 159; 33061
115; 160; 32966
116; 160; 33044
117; 160; 33092
118; 160; 33100
119; 160; 33096
120; 160; 33145
121; 160; 33252
122; 160; 33300
123; 160; 33243
124; 160; 33175
125; 160; 33190
126; 160; 33191
127; 160; 33152
128; 160; 33157
129; 160; 33183
130; 160; 33191
131; 160; 33173
132; 160; 33195
133; 160; 33224
134; 160; 33228
135; 160; 33219
136; 160; 33163
137; 160; 33125
138; 160; 33140
139; 160; 33152
140; 160; 33181
141; 160; 33222
142; 160; 33236
143; 160; 33133
144; 160; 32966
145; 160; 32916
146; 160; 32992
147; 160; 33043
148; 160; 33038
149; 160; 33059
150; 160; 33081
151; 160; 33014
152; 160; 32909
153; 160; 32868
154; 160; 32875
155; 160; 32894
156; 160; 32890
157; 160; 32890
158; 160; 32965
159; 160; 33173
160; 160; 33340
161; 160; 33241
162; 160; 33005
163; 160; 32907
164; 160; 32999
165; 160; 33124
166; 160; 33158
167; 160; 33120
168; 160; 33077
169; 160; 33074
115; 161; 33098
116; 161; 33189
117; 161; 33202
118; 161; 33170
119; 161; 33158
120; 161; 33220
121; 161; 33312
122; 161; 33313
123; 161; 33222
124; 161; 33127
125; 161; 33129
126; 161; 33131
127; 161; 33128
128; 161; 33172
129; 161; 33210
130; 161; 33204
131; 161; 33171
132; 161; 33169
133; 161; 33175
134; 161; 33189
135; 161; 33218
136; 161; 33200
137; 161; 33151
138; 161; 33124
139; 161; 33127
140; 161; 33129
141; 161; 33107
142; 161; 33071
143; 161; 32977
144; 161; 32871
145; 161; 32853
146; 161; 32915
147; 161; 32993
148; 161; 33060
149; 161; 33118
150; 161; 33122
151; 161; 33036
152; 161; 32954
153; 161; 32921
154; 161; 32908
155; 161; 32926
156; 161; 32915
157; 161; 32859
158; 161; 32844
159; 161; 32956
160; 161; 33090
161; 161; 33067
162; 161; 32969
163; 161; 33007
164; 161; 33193
165; 161; 33311
166; 161; 33287
167; 161; 33194
168; 161; 33113
169; 161; 33104
115; 162; 33163
116; 162; 33210
117; 162; 33192
118; 162; 33165
119; 162; 33177
120; 162; 33229
121; 162; 33265
122; 162; 33263
123; 162; 33219
124; 162; 33153
125; 162; 33133
126; 162; 33133
127; 162; 33159
128; 162; 33205
129; 162; 33222
130; 162; 33191
131; 162; 33165
132; 162; 33173
133; 162; 33169
134; 162; 33156
135; 162; 33164
136; 162; 33162
137; 162; 33116
138; 162; 33065
139; 162; 33031
140; 162; 32969
141; 162; 32890
142; 162; 32868
143; 162; 32892
144; 162; 32873
145; 162; 32856
146; 162; 32866
147; 162; 32892
148; 162; 32976
149; 162; 33079
150; 162; 33099
151; 162; 33030
152; 162; 32964
153; 162; 32918
154; 162; 32885
155; 162; 32913
156; 162; 32919
157; 162; 32858
158; 162; 32817
159; 162; 32854
160; 162; 32916
161; 162; 32905
162; 162; 32891
163; 162; 33064
164; 162; 33376
165; 162; 33538
166; 162; 33468
167; 162; 33274
168; 162; 33107
169; 162; 33046
115; 163; 33144
116; 163; 33168
117; 163; 33175
118; 163; 33175
119; 163; 33196
120; 163; 33218
121; 163; 33236
122; 163; 33264
123; 163; 33255
124; 163; 33202
125; 163; 33165
126; 163; 33175
127; 163; 33191
128; 163; 33189
129; 163; 33185
130; 163; 33186
131; 163; 33214
132; 163; 33237
133; 163; 33213
134; 163; 33151
135; 163; 33102
136; 163; 33071
137; 163; 33026
138; 163; 32983
139; 163; 32959
140; 163; 32911
141; 163; 32832
142; 163; 32830
143; 163; 32926
144; 163; 32980
145; 163; 32937
146; 163; 32844
147; 163; 32816
148; 163; 32853
149; 163; 32909
150; 163; 32933
151; 163; 32941
152; 163; 32948
153; 163; 32916
154; 163; 32873
155; 163; 32888
156; 163; 32899
157; 163; 32861
158; 163; 32838
159; 163; 32857
160; 163; 32875
161; 163; 32859
162; 163; 32864
163; 163; 33081
164; 163; 33461
165; 163; 33677
166; 163; 33600
167; 163; 33351
168; 163; 33108
169; 163; 32976
115; 164; 33126
116; 164; 33187
117; 164; 33226
118; 164; 33206
119; 164; 33179
120; 164; 33182
121; 164; 33231
122; 164; 33280
123; 164; 33259
124; 164; 33208
125; 164; 33196
126; 164; 33219
127; 164; 33202
128; 164; 33144
129; 164; 33139
130; 164; 33206
131; 164; 33267
132; 164; 33248
133; 164; 33162
134; 164; 33059
135; 164; 32989
136; 164; 32953
137; 164; 32930
138; 164; 32912
139; 164; 32923
140; 164; 32919
141; 164; 32870
142; 164; 32889
143; 164; 32984
144; 164; 33039
145; 164; 32986
146; 164; 32898
147; 164; 32894
148; 164; 32876
149; 164; 32833
150; 164; 32847
151; 164; 32883
152; 164; 32955
153; 164; 32959
154; 164; 32926
155; 164; 32904
156; 164; 32884
157; 164; 32852
158; 164; 32835
159; 164; 32878
160; 164; 32911
161; 164; 32872
162; 164; 32856
163; 164; 33031
164; 164; 33370
165; 164; 33603
166; 164; 33592
167; 164; 33415
168; 164; 33205
169; 164; 33039
115; 165; 33150
116; 165; 33249
117; 165; 33277
118; 165; 33197
119; 165; 33127
120; 165; 33133
121; 165; 33214
122; 165; 33259
123; 165; 33219
124; 165; 33177
125; 165; 33193
126; 165; 33239
127; 165; 33231
128; 165; 33175
129; 165; 33186
130; 165; 33248
131; 165; 33229
132; 165; 33105
133; 165; 32978
134; 165; 32909
135; 165; 32892
136; 165; 32884
137; 165; 32867
138; 165; 32854
139; 165; 32873
140; 165; 32905
141; 165; 32910
142; 165; 32916
143; 165; 32923
144; 165; 32925
145; 165; 32932
146; 165; 33014
147; 165; 33127
148; 165; 33067
149; 165; 32876
150; 165; 32869
151; 165; 32865
152; 165; 32937
153; 165; 32998
154; 165; 32988
155; 165; 32922
156; 165; 32869
157; 165; 32847
158; 165; 32849
159; 165; 32898
160; 165; 32929
161; 165; 32886
162; 165; 32849
163; 165; 32969
164; 165; 33200
165; 165; 33387
166; 165; 33445
167; 165; 33401
168; 165; 33309
169; 165; 33165
115; 166; 33178
116; 166; 33250
117; 166; 33250
118; 166; 33162
119; 166; 33096
120; 166; 33117
121; 166; 33200
122; 166; 33233
123; 166; 33202
124; 166; 33180
125; 166; 33189
126; 166; 33238
127; 166; 33267
128; 166; 33257
129; 166; 33282
130; 166; 33265
131; 166; 33120
132; 166; 32942
133; 166; 32863
134; 166; 32875
135; 166; 32919
136; 166; 32918
137; 166; 32870
138; 166; 32833
139; 166; 32835
140; 166; 32870
141; 166; 32909
142; 166; 32896
143; 166; 32872
144; 166; 32852
145; 166; 32887
146; 166; 33092
147; 166; 33283
148; 166; 33197
149; 166; 32915
150; 166; 32834
151; 166; 32842
152; 166; 32889
153; 166; 32947
154; 166; 32960
155; 166; 32903
156; 166; 32843
157; 166; 32835
158; 166; 32870
159; 166; 32921
160; 166; 32932
161; 166; 32876
162; 166; 32825
163; 166; 32928
164; 166; 33118
165; 166; 33259
166; 166; 33325
167; 166; 33359
168; 166; 33343
169; 166; 33208
115; 167; 33161
116; 167; 33176
117; 167; 33184
118; 167; 33118
119; 167; 33056
120; 167; 33109
121; 167; 33204
122; 167; 33239
123; 167; 33218
124; 167; 33203
125; 167; 33203
126; 167; 33235
127; 167; 33268
128; 167; 33282
129; 167; 33277
130; 167; 33172
131; 167; 32992
132; 167; 32880
133; 167; 32899
134; 167; 32971
135; 167; 33007
136; 167; 32986
137; 167; 32920
138; 167; 32867
139; 167; 32858
140; 167; 32871
141; 167; 32909
142; 167; 32920
143; 167; 32893
144; 167; 32853
145; 167; 32893
146; 167; 33069
147; 167; 33203
148; 167; 33128
149; 167; 32923
150; 167; 32825
151; 167; 32838
152; 167; 32842
153; 167; 32838
154; 167; 32886
155; 167; 32894
156; 167; 32855
157; 167; 32837
158; 167; 32854
159; 167; 32908
160; 167; 32934
161; 167; 32881
162; 167; 32817
163; 167; 32924
164; 167; 33096
165; 167; 33243
166; 167; 33314
167; 167; 33327
168; 167; 33276
169; 167; 33110
115; 168; 33104
116; 168; 33085
117; 168; 33099
118; 168; 33027
119; 168; 32968
120; 168; 33055
121; 168; 33196
122; 168; 33252
123; 168; 33219
124; 168; 33190
125; 168; 33187
126; 168; 33204
127; 168; 33229
128; 168; 33222
129; 168; 33130
130; 168; 32979
131; 168; 32883
132; 168; 32892
133; 168; 32977
134; 168; 33038
135; 168; 33025
136; 168; 32988
137; 168; 32947
138; 168; 32910
139; 168; 32890
140; 168; 32892
141; 168; 32940
142; 168; 32967
143; 168; 32931
144; 168; 32896
145; 168; 32926
146; 168; 32981
147; 168; 33002
148; 168; 32969
149; 168; 32946
150; 168; 32941
151; 168; 32890
152; 168; 32831
153; 168; 32810
154; 168; 32848
155; 168; 32914
156; 168; 32909
157; 168; 32862
158; 168; 32844
159; 168; 32881
160; 168; 32915
161; 168; 32903
162; 168; 32908
163; 168; 32971
164; 168; 33071
165; 168; 33194
166; 168; 33266
167; 168; 33244
168; 168; 33125
169; 168; 32938
115; 169; 33082
116; 169; 33094
117; 169; 33123
118; 169; 33030
119; 169; 32948
120; 169; 33051
121; 169; 33224
122; 169; 33268
123; 169; 33196
124; 169; 33125
125; 169; 33098
126; 169; 33126
127; 169; 33189
128; 169; 33168
129; 169; 33012
130; 169; 32849
131; 169; 32829
132; 169; 32904
133; 169; 32979
134; 169; 33002
135; 169; 32962
136; 169; 32920
137; 169; 32913
138; 169; 32913
139; 169; 32898
140; 169; 32899
141; 169; 32924
142; 169; 32928
143; 169; 32917
144; 169; 32924
145; 169; 32957
146; 169; 32947
147; 169; 32890
148; 169; 32899
149; 169; 32985
150; 169; 33035
151; 169; 32956
152; 169; 32840
153; 169; 32814
154; 169; 32848
155; 169; 32926
156; 169; 32948
157; 169; 32906
158; 169; 32867
159; 169; 32874
160; 169; 32913
161; 169; 32960
162; 169; 32979
163; 169; 32937
164; 169; 32931
165; 169; 33002
166; 169; 33074
167; 169; 33046
168; 169; 32935
169; 169; 32841
115; 170; 33145
116; 170; 33230
117; 170; 33268
118; 170; 33156
119; 170; 33054
120; 170; 33159
121; 170; 33307
122; 170; 33311
123; 170; 33198
124; 170; 33068
125; 170; 33007
126; 170; 33056
127; 170; 33157
128; 170; 33156
129; 170; 33010
130; 170; 32847
131; 170; 32824
132; 170; 32900
133; 170; 32966
134; 170; 32983
135; 170; 32935
136; 170; 32873
137; 170; 32871
138; 170; 32901
139; 170; 32888
140; 170; 32869
141; 170; 32852
142; 170; 32831
143; 170; 32842
144; 170; 32922
145; 170; 33018
146; 170; 32996
147; 170; 32888
148; 170; 32886
149; 170; 32991
150; 170; 33057
151; 170; 32987
152; 170; 32865
153; 170; 32813
154; 170; 32841
155; 170; 32891
156; 170; 32911
157; 170; 32911
158; 170; 32909
159; 170; 32923
160; 170; 32964
161; 170; 33002
162; 170; 32954
163; 170; 32855
164; 170; 32838
165; 170; 32839
166; 170; 32894
167; 170; 32864
168; 170; 32828
169; 170; 32830
115; 171; 33237
116; 171; 33336
117; 171; 33333
118; 171; 33223
119; 171; 33165
120; 171; 33242
121; 171; 33321
122; 171; 33326
123; 171; 33246
124; 171; 33128
125; 171; 33059
126; 171; 33087
127; 171; 33142
128; 171; 33115
129; 171; 32988
130; 171; 32865
131; 171; 32839
132; 171; 32902
133; 171; 32991
134; 171; 33016
135; 171; 32962
136; 171; 32925
137; 171; 32947
138; 171; 32978
139; 171; 32937
140; 171; 32888
141; 171; 32864
142; 171; 32841
143; 171; 32829
144; 171; 32939
145; 171; 33083
146; 171; 33053
147; 171; 32900
148; 171; 32856
149; 171; 32964
150; 171; 33060
151; 171; 33011
152; 171; 32905
153; 171; 32830
154; 171; 32832
155; 171; 32839
156; 171; 32850
157; 171; 32895
158; 171; 32916
159; 171; 32915
160; 171; 32958
161; 171; 32978
162; 171; 32894
163; 171; 32835
164; 171; 32815
165; 171; 32832
166; 171; 32871
167; 171; 32845
168; 171; 32826
169; 171; 32897
115; 172; 33232
116; 172; 33272
117; 172; 33219
118; 172; 33170
119; 172; 33181
120; 172; 33192
121; 172; 33195
122; 172; 33218
123; 172; 33239
124; 172; 33238
125; 172; 33216
126; 172; 33205
127; 172; 33158
128; 172; 33058
129; 172; 32945
130; 172; 32873
131; 172; 32859
132; 172; 32895
133; 172; 32974
134; 172; 33004
135; 172; 33000
136; 172; 33073
137; 172; 33163
138; 172; 33178
139; 172; 33097
140; 172; 33019
141; 172; 32957
142; 172; 32881
143; 172; 32844
144; 172; 32933
145; 172; 33065
146; 172; 33049
147; 172; 32894
148; 172; 32816
149; 172; 32933
150; 172; 33084
151; 172; 33099
152; 172; 33001
153; 172; 32890
154; 172; 32831
155; 172; 32820
156; 172; 32820
157; 172; 32871
158; 172; 32876
159; 172; 32866
160; 172; 32903
161; 172; 32917
162; 172; 32882
163; 172; 32889
164; 172; 32921
165; 172; 32945
166; 172; 32912
167; 172; 32873
168; 172; 32875
169; 172; 32926
115; 173; 33171
116; 173; 33191
117; 173; 33160
118; 173; 33192
119; 173; 33236
120; 173; 33176
121; 173; 33067
122; 173; 33034
123; 173; 33094
124; 173; 33188
125; 173; 33242
126; 173; 33252
127; 173; 33151
128; 173; 33010
129; 173; 32923
130; 173; 32889
131; 173; 32884
132; 173; 32884
133; 173; 32902
134; 173; 32943
135; 173; 33055
136; 173; 33269
137; 173; 33431
138; 173; 33407
139; 173; 33260
140; 173; 33136
141; 173; 33044
142; 173; 32933
143; 173; 32851
144; 173; 32879
145; 173; 32974
146; 173; 33020
147; 173; 32949
148; 173; 32878
149; 173; 32967
150; 173; 33164
151; 173; 33256
152; 173; 33167
153; 173; 32986
154; 173; 32846
155; 173; 32821
156; 173; 32810
157; 173; 32852
158; 173; 32864
159; 173; 32867
160; 173; 32894
161; 173; 32909
162; 173; 32898
163; 173; 32921
164; 173; 32983
165; 173; 33009
166; 173; 32971
167; 173; 32941
168; 173; 32930
169; 173; 32918
115; 174; 33166
116; 174; 33170
117; 174; 33189
118; 174; 33274
119; 174; 33377
120; 174; 33333
121; 174; 33148
122; 174; 33009
123; 174; 32985
124; 174; 33016
125; 174; 33076
126; 174; 33151
127; 174; 33092
128; 174; 32951
129; 174; 32877
130; 174; 32879
131; 174; 32903
132; 174; 32895
133; 174; 32868
134; 174; 32922
135; 174; 33126
136; 174; 33408
137; 174; 33562
138; 174; 33490
139; 174; 33317
140; 174; 33182
141; 174; 33102
142; 174; 32982
143; 174; 32860
144; 174; 32833
145; 174; 32900
146; 174; 33025
147; 174; 33059
148; 174; 33015
149; 174; 33076
150; 174; 33257
151; 174; 33356
152; 174; 33267
153; 174; 33057
154; 174; 32881
155; 174; 32832
156; 174; 32824
157; 174; 32867
158; 174; 32882
159; 174; 32896
160; 174; 32922
161; 174; 32921
162; 174; 32896
163; 174; 32891
164; 174; 32942
165; 174; 32969
166; 174; 32965
167; 174; 32985
168; 174; 33011
169; 174; 32995
115; 175; 33135
116; 175; 33085
117; 175; 33097
118; 175; 33199
119; 175; 33351
120; 175; 33426
121; 175; 33344
122; 175; 33187
123; 175; 33048
124; 175; 32940
125; 175; 32933
126; 175; 33038
127; 175; 33043
128; 175; 32919
129; 175; 32841
130; 175; 32862
131; 175; 32916
132; 175; 32910
133; 175; 32872
134; 175; 32962
135; 175; 33214
136; 175; 33436
137; 175; 33490
138; 175; 33414
139; 175; 33309
140; 175; 33224
141; 175; 33162
142; 175; 33062
143; 175; 32925
144; 175; 32847
145; 175; 32877
146; 175; 33017
147; 175; 33117
148; 175; 33143
149; 175; 33219
150; 175; 33324
151; 175; 33322
152; 175; 33199
153; 175; 33044
154; 175; 32919
155; 175; 32856
156; 175; 32848
157; 175; 32869
158; 175; 32871
159; 175; 32866
160; 175; 32885
161; 175; 32877
162; 175; 32844
163; 175; 32829
164; 175; 32871
165; 175; 32902
166; 175; 32928
167; 175; 32965
168; 175; 33018
169; 175; 33049
115; 176; 33069
116; 176; 33039
117; 176; 33053
118; 176; 33070
119; 176; 33131
120; 176; 33254
121; 176; 33346
122; 176; 33295
123; 176; 33132
124; 176; 32983
125; 176; 32951
126; 176; 33030
127; 176; 33035
128; 176; 32927
129; 176; 32880
130; 176; 32974
131; 176; 33078
132; 176; 33028
133; 176; 32931
134; 176; 33024
135; 176; 33279
136; 176; 33416
137; 176; 33377
138; 176; 33334
139; 176; 33325
140; 176; 33294
141; 176; 33242
142; 176; 33188
143; 176; 33098
144; 176; 32977
145; 176; 32917
146; 176; 32954
147; 176; 33038
148; 176; 33171
149; 176; 33322
150; 176; 33368
151; 176; 33244
152; 176; 33085
153; 176; 33022
154; 176; 33009
155; 176; 32971
156; 176; 32921
157; 176; 32884
158; 176; 32855
159; 176; 32819
160; 176; 32849
161; 176; 32835
162; 176; 32803
163; 176; 32824
164; 176; 32860
165; 176; 32897
166; 176; 32919
167; 176; 32889
168; 176; 32907
169; 176; 32977
115; 177; 33080
116; 177; 33179
117; 177; 33236
118; 177; 33107
119; 177; 32956
120; 177; 32992
121; 177; 33150
122; 177; 33194
123; 177; 33098
124; 177; 33011
125; 177; 33008
126; 177; 33041
127; 177; 33000
128; 177; 32905
129; 177; 32942
130; 177; 33168
131; 177; 33341
132; 177; 33229
133; 177; 33027
134; 177; 33060
135; 177; 33286
136; 177; 33404
137; 177; 33360
138; 177; 33341
139; 177; 33365
140; 177; 33348
141; 177; 33316
142; 177; 33320
143; 177; 33298
144; 177; 33181
145; 177; 33017
146; 177; 32910
147; 177; 32915
148; 177; 33082
149; 177; 33302
150; 177; 33364
151; 177; 33232
152; 177; 33102
153; 177; 33116
154; 177; 33166
155; 177; 33129
156; 177; 33033
157; 177; 32956
158; 177; 32893
159; 177; 32861
160; 177; 32846
161; 177; 32828
162; 177; 32824
163; 177; 32850
164; 177; 32893
165; 177; 32939
166; 177; 32929
167; 177; 32857
168; 177; 32852
169; 177; 32945
115; 178; 33176
116; 178; 33390
117; 178; 33468
118; 178; 33244
119; 178; 32972
120; 178; 32931
121; 178; 33040
122; 178; 33085
123; 178; 33044
124; 178; 33000
125; 178; 32994
126; 178; 32971
127; 178; 32903
128; 178; 32844
129; 178; 32935
130; 178; 33217
131; 178; 33407
132; 178; 33271
133; 178; 33031
134; 178; 33050
135; 178; 33285
136; 178; 33434
137; 178; 33415
138; 178; 33383
139; 178; 33374
140; 178; 33343
141; 178; 33339
142; 178; 33394
143; 178; 33426
144; 178; 33345
145; 178; 33178
146; 178; 33014
147; 178; 32935
148; 178; 33012
149; 178; 33167
150; 178; 33257
151; 178; 33226
152; 178; 33168
153; 178; 33209
154; 178; 33265
155; 178; 33225
156; 178; 33124
157; 178; 33056
158; 178; 33000
159; 178; 32950
160; 178; 32913
161; 178; 32898
162; 178; 32875
163; 178; 32854
164; 178; 32897
165; 178; 32946
166; 178; 32912
167; 178; 32856
168; 178; 32910
169; 178; 33029
115; 179; 33230
116; 179; 33392
117; 179; 33437
118; 179; 33254
119; 179; 33048
120; 179; 33018
121; 179; 33093
122; 179; 33121
123; 179; 33080
124; 179; 33007
125; 179; 32940
126; 179; 32880
127; 179; 32840
128; 179; 32830
129; 179; 32910
130; 179; 33098
131; 179; 33213
132; 179; 33096
133; 179; 32931
134; 179; 33008
135; 179; 33270
136; 179; 33437
137; 179; 33441
138; 179; 33406
139; 179; 33368
140; 179; 33318
141; 179; 33310
142; 179; 33367
143; 179; 33419
144; 179; 33401
145; 179; 33332
146; 179; 33242
147; 179; 33119
148; 179; 33035
149; 179; 33010
150; 179; 33044
151; 179; 33061
152; 179; 33038
153; 179; 33082
154; 179; 33154
155; 179; 33167
156; 179; 33132
157; 179; 33096
158; 179; 33048
159; 179; 32985
160; 179; 32948
161; 179; 32926
162; 179; 32882
163; 179; 32836
164; 179; 32863
165; 179; 32903
166; 179; 32868
167; 179; 32878
168; 179; 32986
169; 179; 33102
115; 180; 33190
116; 180; 33257
117; 180; 33271
118; 180; 33183
119; 180; 33081
120; 180; 33060
121; 180; 33111
122; 180; 33135
123; 180; 33090
124; 180; 33000
125; 180; 32922
126; 180; 32888
127; 180; 32902
128; 180; 32925
129; 180; 32956
130; 180; 32995
131; 180; 33006
132; 180; 32933
133; 180; 32868
134; 180; 32954
135; 180; 33152
136; 180; 33296
137; 180; 33348
138; 180; 33371
139; 180; 33366
140; 180; 33326
141; 180; 33306
142; 180; 33332
143; 180; 33355
144; 180; 33373
145; 180; 33400
146; 180; 33396
147; 180; 33273
148; 180; 33074
149; 180; 32912
150; 180; 32864
151; 180; 32853
152; 180; 32826
153; 180; 32858
154; 180; 32926
155; 180; 32976
156; 180; 33003
157; 180; 33007
158; 180; 32990
159; 180; 32955
160; 180; 32915
161; 180; 32873
162; 180; 32827
163; 180; 32824
164; 180; 32861
165; 180; 32875
166; 180; 32836
167; 180; 32862
168; 180; 32981
169; 180; 33098
115; 181; 33178
116; 181; 33236
117; 181; 33270
118; 181; 33240
119; 181; 33149
120; 181; 33057
121; 181; 33029
122; 181; 33038
123; 181; 33016
124; 181; 32969
125; 181; 32958
126; 181; 32980
127; 181; 33005
128; 181; 33005
129; 181; 32980
130; 181; 32948
131; 181; 32928
132; 181; 32916
133; 181; 32905
134; 181; 32916
135; 181; 32970
136; 181; 33045
137; 181; 33135
138; 181; 33237
139; 181; 33316
140; 181; 33345
141; 181; 33360
142; 181; 33375
143; 181; 33366
144; 181; 33362
145; 181; 33391
146; 181; 33393
147; 181; 33281
148; 181; 33081
149; 181; 32931
150; 181; 32879
151; 181; 32850
152; 181; 32814
153; 181; 32804
154; 181; 32818
155; 181; 32824
156; 181; 32846
157; 181; 32859
158; 181; 32874
159; 181; 32909
160; 181; 32884
161; 181; 32828
162; 181; 32808
163; 181; 32838
164; 181; 32901
165; 181; 32926
166; 181; 32881
167; 181; 32867
168; 181; 32949
169; 181; 33056
115; 182; 33268
116; 182; 33300
117; 182; 33330
118; 182; 33312
119; 182; 33206
120; 182; 33080
121; 182; 33025
122; 182; 33037
123; 182; 33040
124; 182; 33011
125; 182; 33023
126; 182; 33037
127; 182; 33010
128; 182; 32958
129; 182; 32902
130; 182; 32874
131; 182; 32896
132; 182; 32939
133; 182; 32923
134; 182; 32873
135; 182; 32857
136; 182; 32871
137; 182; 32952
138; 182; 33077
139; 182; 33205
140; 182; 33329
141; 182; 33431
142; 182; 33475
143; 182; 33445
144; 182; 33398
145; 182; 33382
146; 182; 33355
147; 182; 33259
148; 182; 33116
149; 182; 33021
150; 182; 32983
151; 182; 32956
152; 182; 32934
153; 182; 32898
154; 182; 32838
155; 182; 32817
156; 182; 32833
157; 182; 32834
158; 182; 32833
159; 182; 32867
160; 182; 32861
161; 182; 32825
162; 182; 32830
163; 182; 32873
164; 182; 32965
165; 182; 33011
166; 182; 32962
167; 182; 32916
168; 182; 32965
169; 182; 33047
115; 183; 33314
116; 183; 33268
117; 183; 33232
118; 183; 33216
119; 183; 33184
120; 183; 33136
121; 183; 33141
122; 183; 33187
123; 183; 33201
124; 183; 33157
125; 183; 33121
126; 183; 33071
127; 183; 32974
128; 183; 32889
129; 183; 32835
130; 183; 32817
131; 183; 32847
132; 183; 32886
133; 183; 32873
134; 183; 32829
135; 183; 32839
136; 183; 32884
137; 183; 32934
138; 183; 32987
139; 183; 33095
140; 183; 33281
141; 183; 33453
142; 183; 33518
143; 183; 33474
144; 183; 33405
145; 183; 33373
146; 183; 33354
147; 183; 33303
148; 183; 33214
149; 183; 33127
150; 183; 33065
151; 183; 33032
152; 183; 33017
153; 183; 32948
154; 183; 32841
155; 183; 32843
156; 183; 32843
157; 183; 32850
158; 183; 32862
159; 183; 32880
160; 183; 32879
161; 183; 32837
162; 183; 32834
163; 183; 32873
164; 183; 32946
165; 183; 32985
166; 183; 32949
167; 183; 32924
168; 183; 32978
169; 183; 33052
115; 184; 33295
116; 184; 33184
117; 184; 33085
118; 184; 33084
119; 184; 33143
120; 184; 33165
121; 184; 33203
122; 184; 33269
123; 184; 33306
124; 184; 33286
125; 184; 33230
126; 184; 33135
127; 184; 33010
128; 184; 32916
129; 184; 32879
130; 184; 32878
131; 184; 32874
132; 184; 32848
133; 184; 32837
134; 184; 32829
135; 184; 32887
136; 184; 32981
137; 184; 32992
138; 184; 32958
139; 184; 33030
140; 184; 33230
141; 184; 33411
142; 184; 33460
143; 184; 33409
144; 184; 33352
145; 184; 33338
146; 184; 33359
147; 184; 33379
148; 184; 33334
149; 184; 33192
150; 184; 33030
151; 184; 32945
152; 184; 32933
153; 184; 32875
154; 184; 32819
155; 184; 32876
156; 184; 32898
157; 184; 32909
158; 184; 32903
159; 184; 32905
160; 184; 32918
161; 184; 32873
162; 184; 32821
163; 184; 32819
164; 184; 32847
165; 184; 32875
166; 184; 32855
167; 184; 32856
168; 184; 32955
169; 184; 33063
115; 185; 33285
116; 185; 33174
117; 185; 33085
118; 185; 33111
119; 185; 33177
120; 185; 33175
121; 185; 33151
122; 185; 33182
123; 185; 33249
124; 185; 33291
125; 185; 33281
126; 185; 33205
127; 185; 33100
128; 185; 33028
129; 185; 33011
130; 185; 33008
131; 185; 32961
132; 185; 32886
133; 185; 32842
134; 185; 32829
135; 185; 32865
136; 185; 32935
137; 185; 32947
138; 185; 32913
139; 185; 32969
140; 185; 33137
141; 185; 33309
142; 185; 33382
143; 185; 33365
144; 185; 33332
145; 185; 33328
146; 185; 33352
147; 185; 33397
148; 185; 33372
149; 185; 33195
150; 185; 32970
151; 185; 32854
152; 185; 32861
153; 185; 32859
154; 185; 32844
155; 185; 32860
156; 185; 32863
157; 185; 32855
158; 185; 32873
159; 185; 32901
160; 185; 32931
161; 185; 32904
162; 185; 32854
163; 185; 32831
164; 185; 32821
165; 185; 32837
166; 185; 32831
167; 185; 32817
168; 185; 32917
169; 185; 33084
115; 186; 33263
116; 186; 33190
117; 186; 33157
118; 186; 33218
119; 186; 33256
120; 186; 33194
121; 186; 33106
122; 186; 33104
123; 186; 33168
124; 186; 33221
125; 186; 33241
126; 186; 33220
127; 186; 33177
128; 186; 33134
129; 186; 33094
130; 186; 33062
131; 186; 33025
132; 186; 32970
133; 186; 32907
134; 186; 32845
135; 186; 32817
136; 186; 32837
137; 186; 32839
138; 186; 32832
139; 186; 32874
140; 186; 33001
141; 186; 33180
142; 186; 33314
143; 186; 33370
144; 186; 33377
145; 186; 33367
146; 186; 33336
147; 186; 33325
148; 186; 33290
149; 186; 33152
150; 186; 32968
151; 186; 32870
152; 186; 32919
153; 186; 32995
154; 186; 33006
155; 186; 33022
156; 186; 33018
157; 186; 32942
158; 186; 32884
159; 186; 32893
160; 186; 32910
161; 186; 32896
162; 186; 32841
163; 186; 32851
164; 186; 32862
165; 186; 32891
166; 186; 32884
167; 186; 32821
168; 186; 32877
169; 186; 33076
115; 187; 33225
116; 187; 33188
117; 187; 33186
118; 187; 33245
119; 187; 33275
120; 187; 33224
121; 187; 33156
122; 187; 33137
123; 187; 33151
124; 187; 33163
125; 187; 33183
126; 187; 33224
127; 187; 33262
128; 187; 33247
129; 187; 33162
130; 187; 33066
131; 187; 33020
132; 187; 33003
133; 187; 32982
134; 187; 32937
135; 187; 32867
136; 187; 32848
137; 187; 32839
138; 187; 32833
139; 187; 32826
140; 187; 32881
141; 187; 33054
142; 187; 33220
143; 187; 33316
144; 187; 33375
145; 187; 33366
146; 187; 33282
147; 187; 33199
148; 187; 33152
149; 187; 33086
150; 187; 32986
151; 187; 32952
152; 187; 33043
153; 187; 33138
154; 187; 33183
155; 187; 33238
156; 187; 33249
157; 187; 33159
158; 187; 33058
159; 187; 32998
160; 187; 32971
161; 187; 32938
162; 187; 32863
163; 187; 32846
164; 187; 32884
165; 187; 32958
166; 187; 32976
167; 187; 32879
168; 187; 32852
169; 187; 33018
115; 188; 33224
116; 188; 33198
117; 188; 33190
118; 188; 33213
119; 188; 33242
120; 188; 33236
121; 188; 33205
122; 188; 33178
123; 188; 33162
124; 188; 33143
125; 188; 33162
126; 188; 33257
127; 188; 33361
128; 188; 33368
129; 188; 33252
130; 188; 33105
131; 188; 33021
132; 188; 33025
133; 188; 33064
134; 188; 33077
135; 188; 33054
136; 188; 33040
137; 188; 32994
138; 188; 32913
139; 188; 32861
140; 188; 32852
141; 188; 32962
142; 188; 33082
143; 188; 33143
144; 188; 33211
145; 188; 33243
146; 188; 33203
147; 188; 33125
148; 188; 33079
149; 188; 33040
150; 188; 32978
151; 188; 32981
152; 188; 33075
153; 188; 33191
154; 188; 33318
155; 188; 33451
156; 188; 33522
157; 188; 33465
158; 188; 33344
159; 188; 33245
160; 188; 33168
161; 188; 33079
162; 188; 32964
163; 188; 32858
164; 188; 32824
165; 188; 32912
166; 188; 32995
167; 188; 32936
168; 188; 32877
169; 188; 32990
115; 189; 33213
116; 189; 33194
117; 189; 33193
118; 189; 33205
119; 189; 33224
120; 189; 33212
121; 189; 33179
122; 189; 33171
123; 189; 33175
124; 189; 33172
125; 189; 33198
126; 189; 33290
127; 189; 33378
128; 189; 33368
129; 189; 33256
130; 189; 33139
131; 189; 33086
132; 189; 33095
133; 189; 33116
134; 189; 33129
135; 189; 33143
136; 189; 33143
137; 189; 33088
138; 189; 32995
139; 189; 32923
140; 189; 32907
141; 189; 32939
142; 189; 32963
143; 189; 32964
144; 189; 33009
145; 189; 33096
146; 189; 33153
147; 189; 33150
148; 189; 33110
149; 189; 33033
150; 189; 32979
151; 189; 33011
152; 189; 33122
153; 189; 33271
154; 189; 33422
155; 189; 33551
156; 189; 33620
157; 189; 33605
158; 189; 33554
159; 189; 33490
160; 189; 33406
161; 189; 33299
162; 189; 33146
163; 189; 32952
164; 189; 32816
165; 189; 32818
166; 189; 32901
167; 189; 32940
168; 189; 32936
169; 189; 33015
115; 190; 33138
116; 190; 33119
117; 190; 33162
118; 190; 33204
119; 190; 33205
120; 190; 33177
121; 190; 33153
122; 190; 33175
123; 190; 33228
124; 190; 33252
125; 190; 33257
126; 190; 33276
127; 190; 33269
128; 190; 33212
129; 190; 33142
130; 190; 33110
131; 190; 33124
132; 190; 33144
133; 190; 33135
134; 190; 33095
135; 190; 33050
136; 190; 33028
137; 190; 33022
138; 190; 32999
139; 190; 32961
140; 190; 32952
141; 190; 32952
142; 190; 32921
143; 190; 32887
144; 190; 32904
145; 190; 32994
146; 190; 33111
147; 190; 33187
148; 190; 33143
149; 190; 33031
150; 190; 33019
151; 190; 33140
152; 190; 33301
153; 190; 33438
154; 190; 33541
155; 190; 33571
156; 190; 33555
157; 190; 33532
158; 190; 33544
159; 190; 33547
160; 190; 33493
161; 190; 33415
162; 190; 33305
163; 190; 33106
164; 190; 32869
165; 190; 32822
166; 190; 32818
167; 190; 32880
168; 190; 32978
169; 190; 33044
115; 191; 33093
116; 191; 33077
117; 191; 33140
118; 191; 33187
119; 191; 33182
120; 191; 33166
121; 191; 33165
122; 191; 33199
123; 191; 33263
124; 191; 33284
125; 191; 33251
126; 191; 33208
127; 191; 33155
128; 191; 33094
129; 191; 33066
130; 191; 33103
131; 191; 33166
132; 191; 33200
133; 191; 33185
134; 191; 33094
135; 191; 32970
136; 191; 32907
137; 191; 32920
138; 191; 32942
139; 191; 32932
140; 191; 32933
141; 191; 32952
142; 191; 32935
143; 191; 32897
144; 191; 32875
145; 191; 32903
146; 191; 33006
147; 191; 33100
148; 191; 33067
149; 191; 32983
150; 191; 33054
151; 191; 33298
152; 191; 33515
153; 191; 33608
154; 191; 33629
155; 191; 33589
156; 191; 33519
157; 191; 33452
158; 191; 33453
159; 191; 33476
160; 191; 33438
161; 191; 33398
162; 191; 33372
163; 191; 33266
164; 191; 33044
165; 191; 32845
166; 191; 32879
167; 191; 32868
168; 191; 32988
169; 191; 33074
115; 192; 33118
116; 192; 33129
117; 192; 33171
118; 192; 33186
119; 192; 33183
120; 192; 33179
121; 192; 33184
122; 192; 33203
123; 192; 33229
124; 192; 33209
125; 192; 33164
126; 192; 33132
127; 192; 33125
128; 192; 33124
129; 192; 33113
130; 192; 33149
131; 192; 33205
132; 192; 33235
133; 192; 33228
134; 192; 33149
135; 192; 33005
136; 192; 32915
137; 192; 32918
138; 192; 32918
139; 192; 32895
140; 192; 32916
141; 192; 32956
142; 192; 32974
143; 192; 32957
144; 192; 32899
145; 192; 32869
146; 192; 32922
147; 192; 32986
148; 192; 32944
149; 192; 32910
150; 192; 33082
151; 192; 33409
152; 192; 33612
153; 192; 33626
154; 192; 33608
155; 192; 33614
156; 192; 33562
157; 192; 33460
158; 192; 33444
159; 192; 33459
160; 192; 33415
161; 192; 33380
162; 192; 33405
163; 192; 33405
164; 192; 33247
165; 192; 32972
166; 192; 32837
167; 192; 32862
168; 192; 32982
169; 192; 33077
115; 193; 33191
116; 193; 33200
117; 193; 33186
118; 193; 33176
119; 193; 33182
120; 193; 33188
121; 193; 33187
122; 193; 33184
123; 193; 33178
124; 193; 33137
125; 193; 33114
126; 193; 33134
127; 193; 33177
128; 193; 33199
129; 193; 33176
130; 193; 33167
131; 193; 33177
132; 193; 33185
133; 193; 33195
134; 193; 33175
135; 193; 33090
136; 193; 33009
137; 193; 32990
138; 193; 32957
139; 193; 32899
140; 193; 32911
141; 193; 32971
142; 193; 33016
143; 193; 33004
144; 193; 32944
145; 193; 32913
146; 193; 32944
147; 193; 32959
148; 193; 32899
149; 193; 32895
150; 193; 33123
151; 193; 33465
152; 193; 33609
153; 193; 33538
154; 193; 33511
155; 193; 33595
156; 193; 33611
157; 193; 33538
158; 193; 33518
159; 193; 33519
160; 193; 33475
161; 193; 33441
162; 193; 33470
163; 193; 33512
164; 193; 33411
165; 193; 33149
166; 193; 32920
167; 193; 32876
168; 193; 32931
169; 193; 32992
115; 194; 33198
116; 194; 33195
117; 194; 33151
118; 194; 33137
119; 194; 33166
120; 194; 33192
121; 194; 33170
122; 194; 33145
123; 194; 33177
124; 194; 33193
125; 194; 33173
126; 194; 33169
127; 194; 33205
128; 194; 33234
129; 194; 33205
130; 194; 33153
131; 194; 33112
132; 194; 33099
133; 194; 33119
134; 194; 33141
135; 194; 33117
136; 194; 33048
137; 194; 33009
138; 194; 32980
139; 194; 32940
140; 194; 32932
141; 194; 32969
142; 194; 32999
143; 194; 32991
144; 194; 32983
145; 194; 33001
146; 194; 33020
147; 194; 33011
148; 194; 32961
149; 194; 32955
150; 194; 33156
151; 194; 33473
152; 194; 33587
153; 194; 33480
154; 194; 33437
155; 194; 33529
156; 194; 33591
157; 194; 33564
158; 194; 33536
159; 194; 33542
160; 194; 33530
161; 194; 33504
162; 194; 33509
163; 194; 33552
164; 194; 33519
165; 194; 33329
166; 194; 33061
167; 194; 32896
168; 194; 32882
169; 194; 32901
115; 195; 33148
116; 195; 33169
117; 195; 33142
118; 195; 33142
119; 195; 33192
120; 195; 33219
121; 195; 33168
122; 195; 33123
123; 195; 33177
124; 195; 33279
125; 195; 33293
126; 195; 33226
127; 195; 33198
128; 195; 33232
129; 195; 33234
130; 195; 33172
131; 195; 33100
132; 195; 33084
133; 195; 33127
134; 195; 33182
135; 195; 33180
136; 195; 33104
137; 195; 33040
138; 195; 32983
139; 195; 32937
140; 195; 32920
141; 195; 32913
142; 195; 32915
143; 195; 32920
144; 195; 32975
145; 195; 33046
146; 195; 33093
147; 195; 33098
148; 195; 33042
149; 195; 32992
150; 195; 33123
151; 195; 33422
152; 195; 33583
153; 195; 33517
154; 195; 33445
155; 195; 33485
156; 195; 33538
157; 195; 33526
158; 195; 33511
159; 195; 33540
160; 195; 33559
161; 195; 33524
162; 195; 33480
163; 195; 33499
164; 195; 33523
165; 195; 33413
166; 195; 33154
167; 195; 32935
168; 195; 32892
169; 195; 32910
115; 196; 33137
116; 196; 33174
117; 196; 33173
118; 196; 33188
119; 196; 33248
120; 196; 33269
121; 196; 33197
122; 196; 33128
123; 196; 33160
124; 196; 33287
125; 196; 33337
126; 196; 33245
127; 196; 33179
128; 196; 33218
129; 196; 33260
130; 196; 33215
131; 196; 33135
132; 196; 33133
133; 196; 33208
134; 196; 33271
135; 196; 33269
136; 196; 33207
137; 196; 33117
138; 196; 32998
139; 196; 32914
140; 196; 32896
141; 196; 32872
142; 196; 32852
143; 196; 32892
144; 196; 32962
145; 196; 33015
146; 196; 33067
147; 196; 33101
148; 196; 33046
149; 196; 32965
150; 196; 33053
151; 196; 33351
152; 196; 33591
153; 196; 33591
154; 196; 33499
155; 196; 33493
156; 196; 33527
157; 196; 33509
158; 196; 33489
159; 196; 33525
160; 196; 33572
161; 196; 33523
162; 196; 33415
163; 196; 33390
164; 196; 33438
165; 196; 33377
166; 196; 33138
167; 196; 32923
168; 196; 32905
169; 196; 32958
115; 197; 33172
116; 197; 33177
117; 197; 33168
118; 197; 33185
119; 197; 33241
120; 197; 33279
121; 197; 33249
122; 197; 33175
123; 197; 33148
124; 197; 33214
125; 197; 33254
126; 197; 33186
127; 197; 33145
128; 197; 33197
129; 197; 33247
130; 197; 33216
131; 197; 33155
132; 197; 33177
133; 197; 33249
134; 197; 33295
135; 197; 33310
136; 197; 33283
137; 197; 33181
138; 197; 33030
139; 197; 32928
140; 197; 32909
141; 197; 32899
142; 197; 32916
143; 197; 32975
144; 197; 32983
145; 197; 32949
146; 197; 32964
147; 197; 33038
148; 197; 33047
149; 197; 32975
150; 197; 33037
151; 197; 33325
152; 197; 33596
153; 197; 33626
154; 197; 33520
155; 197; 33496
156; 197; 33538
157; 197; 33509
158; 197; 33454
159; 197; 33495
160; 197; 33571
161; 197; 33511
162; 197; 33367
163; 197; 33330
164; 197; 33391
165; 197; 33340
166; 197; 33096
167; 197; 32871
168; 197; 32854
169; 197; 32917
115; 198; 33175
116; 198; 33156
117; 198; 33146
118; 198; 33151
119; 198; 33183
120; 198; 33242
121; 198; 33268
122; 198; 33213
123; 198; 33137
124; 198; 33125
125; 198; 33154
126; 198; 33154
127; 198; 33168
128; 198; 33204
129; 198; 33222
130; 198; 33201
131; 198; 33177
132; 198; 33202
133; 198; 33211
134; 198; 33221
135; 198; 33253
136; 198; 33261
137; 198; 33190
138; 198; 33068
139; 198; 32980
140; 198; 32958
141; 198; 32976
142; 198; 33039
143; 198; 33070
144; 198; 32979
145; 198; 32873
146; 198; 32860
147; 198; 32942
148; 198; 33034
149; 198; 33040
150; 198; 33099
151; 198; 33333
152; 198; 33577
153; 198; 33608
154; 198; 33488
155; 198; 33448
156; 198; 33497
157; 198; 33487
158; 198; 33447
159; 198; 33489
160; 198; 33545
161; 198; 33478
162; 198; 33363
163; 198; 33357
164; 198; 33416
165; 198; 33359
166; 198; 33126
167; 198; 32897
168; 198; 32866
169; 198; 32883
115; 199; 33144
116; 199; 33124
117; 199; 33144
118; 199; 33157
119; 199; 33153
120; 199; 33182
121; 199; 33209
122; 199; 33173
123; 199; 33112
124; 199; 33110
125; 199; 33153
126; 199; 33200
127; 199; 33228
128; 199; 33214
129; 199; 33199
130; 199; 33182
131; 199; 33175
132; 199; 33176
133; 199; 33161
134; 199; 33162
135; 199; 33187
136; 199; 33188
137; 199; 33163
138; 199; 33120
139; 199; 33071
140; 199; 33023
141; 199; 33016
142; 199; 33058
143; 199; 33032
144; 199; 32909
145; 199; 32834
146; 199; 32823
147; 199; 32910
148; 199; 33008
149; 199; 33043
150; 199; 33097
151; 199; 33282
152; 199; 33511
153; 199; 33579
154; 199; 33482
155; 199; 33410
156; 199; 33423
157; 199; 33447
158; 199; 33473
159; 199; 33514
160; 199; 33534
161; 199; 33490
162; 199; 33438
163; 199; 33431
164; 199; 33417
165; 199; 33339
166; 199; 33176
167; 199; 32960
168; 199; 32839
169; 199; 32882
115; 200; 33095
116; 200; 33077
117; 200; 33142
118; 200; 33191
119; 200; 33166
120; 200; 33141
121; 200; 33145
122; 200; 33139
123; 200; 33130
124; 200; 33156
125; 200; 33196
126; 200; 33236
127; 200; 33242
128; 200; 33202
129; 200; 33162
130; 200; 33155
131; 200; 33168
132; 200; 33160
133; 200; 33153
134; 200; 33171
135; 200; 33179
136; 200; 33154
137; 200; 33160
138; 200; 33199
139; 200; 33180
140; 200; 33097
141; 200; 33045
142; 200; 33028
143; 200; 32954
144; 200; 32865
145; 200; 32849
146; 200; 32892
147; 200; 32960
148; 200; 33002
149; 200; 33006
150; 200; 33019
151; 200; 33138
152; 200; 33359
153; 200; 33517
154; 200; 33528
155; 200; 33473
156; 200; 33428
157; 200; 33446
158; 200; 33519
159; 200; 33568
160; 200; 33576
161; 200; 33572
162; 200; 33554
163; 200; 33485
164; 200; 33372
165; 200; 33277
166; 200; 33184
167; 200; 33016
168; 200; 32855
169; 200; 32864
115; 201; 33052
116; 201; 33048
117; 201; 33130
118; 201; 33200
119; 201; 33185
120; 201; 33139
121; 201; 33135
122; 201; 33158
123; 201; 33190
124; 201; 33199
125; 201; 33180
126; 201; 33166
127; 201; 33149
128; 201; 33134
129; 201; 33128
130; 201; 33144
131; 201; 33163
132; 201; 33133
133; 201; 33115
134; 201; 33168
135; 201; 33202
136; 201; 33169
137; 201; 33165
138; 201; 33229
139; 201; 33250
140; 201; 33174
141; 201; 33106
142; 201; 33062
143; 201; 32984
144; 201; 32934
145; 201; 32969
146; 201; 33054
147; 201; 33091
148; 201; 33067
149; 201; 33021
150; 201; 32999
151; 201; 33047
152; 201; 33180
153; 201; 33374
154; 201; 33538
155; 201; 33594
156; 201; 33550
157; 201; 33530
158; 201; 33567
159; 201; 33589
160; 201; 33592
161; 201; 33607
162; 201; 33595
163; 201; 33490
164; 201; 33351
165; 201; 33278
166; 201; 33222
167; 201; 33068
168; 201; 32871
169; 201; 32833
115; 202; 33088
116; 202; 33098
117; 202; 33136
118; 202; 33186
119; 202; 33192
120; 202; 33156
121; 202; 33134
122; 202; 33165
123; 202; 33217
124; 202; 33221
125; 202; 33118
126; 202; 33043
127; 202; 33049
128; 202; 33093
129; 202; 33146
130; 202; 33180
131; 202; 33158
132; 202; 33072
133; 202; 33051
134; 202; 33130
135; 202; 33188
136; 202; 33157
137; 202; 33124
138; 202; 33170
139; 202; 33235
140; 202; 33221
141; 202; 33170
142; 202; 33127
143; 202; 33056
144; 202; 33012
145; 202; 33065
146; 202; 33177
147; 202; 33228
148; 202; 33184
149; 202; 33125
150; 202; 33080
151; 202; 33045
152; 202; 33042
153; 202; 33164
154; 202; 33414
155; 202; 33617
156; 202; 33649
157; 202; 33600
158; 202; 33569
159; 202; 33544
160; 202; 33519
161; 202; 33510
162; 202; 33496
163; 202; 33439
164; 202; 33377
165; 202; 33361
166; 202; 33327
167; 202; 33163
168; 202; 32925
169; 202; 32823
115; 203; 33156
116; 203; 33151
117; 203; 33135
118; 203; 33147
119; 203; 33169
120; 203; 33173
121; 203; 33158
122; 203; 33159
123; 203; 33177
124; 203; 33179
125; 203; 33109
126; 203; 33047
127; 203; 33060
128; 203; 33160
129; 203; 33269
130; 203; 33284
131; 203; 33174
132; 203; 33051
133; 203; 33039
134; 203; 33116
135; 203; 33160
136; 203; 33118
137; 203; 33061
138; 203; 33095
139; 203; 33188
140; 203; 33210
141; 203; 33173
142; 203; 33145
143; 203; 33101
144; 203; 33049
145; 203; 33072
146; 203; 33174
147; 203; 33259
148; 203; 33249
149; 203; 33209
150; 203; 33189
151; 203; 33134
152; 203; 33036
153; 203; 33012
154; 203; 33179
155; 203; 33405
156; 203; 33497
157; 203; 33488
158; 203; 33477
159; 203; 33459
160; 203; 33417
161; 203; 33388
162; 203; 33380
163; 203; 33374
164; 203; 33376
165; 203; 33407
166; 203; 33419
167; 203; 33311
168; 203; 33089
169; 203; 32917
115; 204; 33181
116; 204; 33148
117; 204; 33092
118; 204; 33075
119; 204; 33111
120; 204; 33156
121; 204; 33180
122; 204; 33191
123; 204; 33178
124; 204; 33144
125; 204; 33113
126; 204; 33085
127; 204; 33094
128; 204; 33215
129; 204; 33365
130; 204; 33353
131; 204; 33180
132; 204; 33066
133; 204; 33078
134; 204; 33157
135; 204; 33180
136; 204; 33116
137; 204; 33051
138; 204; 33086
139; 204; 33168
140; 204; 33180
141; 204; 33137
142; 204; 33119
143; 204; 33105
144; 204; 33049
145; 204; 33013
146; 204; 33084
147; 204; 33201
148; 204; 33227
149; 204; 33205
150; 204; 33215
151; 204; 33199
152; 204; 33101
153; 204; 32999
154; 204; 33010
155; 204; 33093
156; 204; 33172
157; 204; 33247
158; 204; 33325
159; 204; 33358
160; 204; 33343
161; 204; 33360
162; 204; 33390
163; 204; 33381
164; 204; 33358
165; 204; 33383
166; 204; 33448
167; 204; 33440
168; 204; 33293
169; 204; 33093
115; 205; 33151
116; 205; 33106
117; 205; 33030
118; 205; 33025
119; 205; 33078
120; 205; 33117
121; 205; 33160
122; 205; 33220
123; 205; 33224
124; 205; 33145
125; 205; 33088
126; 205; 33070
127; 205; 33094
128; 205; 33205
129; 205; 33339
130; 205; 33315
131; 205; 33136
132; 205; 33051
133; 205; 33104
134; 205; 33211
135; 205; 33237
136; 205; 33168
137; 205; 33098
138; 205; 33097
139; 205; 33142
140; 205; 33160
141; 205; 33150
142; 205; 33147
143; 205; 33137
144; 205; 33081
145; 205; 33013
146; 205; 33043
147; 205; 33145
148; 205; 33180
149; 205; 33154
150; 205; 33166
151; 205; 33202
152; 205; 33163
153; 205; 33070
154; 205; 32994
155; 205; 32944
156; 205; 32968
157; 205; 33051
158; 205; 33143
159; 205; 33213
160; 205; 33264
161; 205; 33370
162; 205; 33467
163; 205; 33457
164; 205; 33398
165; 205; 33395
166; 205; 33457
167; 205; 33489
168; 205; 33406
169; 205; 33225
115; 206; 33102
116; 206; 33072
117; 206; 33043
118; 206; 33074
119; 206; 33111
120; 206; 33102
121; 206; 33104
122; 206; 33165
123; 206; 33207
124; 206; 33153
125; 206; 33090
126; 206; 33073
127; 206; 33110
128; 206; 33196
129; 206; 33267
130; 206; 33226
131; 206; 33084
132; 206; 33015
133; 206; 33082
134; 206; 33192
135; 206; 33251
136; 206; 33245
137; 206; 33173
138; 206; 33090
139; 206; 33091
140; 206; 33146
141; 206; 33192
142; 206; 33208
143; 206; 33197
144; 206; 33153
145; 206; 33096
146; 206; 33093
147; 206; 33149
148; 206; 33170
149; 206; 33126
150; 206; 33109
151; 206; 33154
152; 206; 33176
153; 206; 33144
154; 206; 33077
155; 206; 33018
156; 206; 33004
157; 206; 33006
158; 206; 32984
159; 206; 33000
160; 206; 33105
161; 206; 33301
162; 206; 33461
163; 206; 33503
164; 206; 33477
165; 206; 33463
166; 206; 33480
167; 206; 33483
168; 206; 33437
169; 206; 33322
