72; 138; 32810
73; 138; 32814
74; 138; 32806
75; 138; 32806
76; 138; 32813
77; 138; 32797
78; 138; 32793
79; 138; 32799
80; 138; 32806
81; 138; 32801
82; 138; 32797
83; 138; 32795
84; 138; 32801
85; 138; 32808
86; 138; 32807
87; 138; 32833
88; 138; 32903
89; 138; 32945
90; 138; 32920
91; 138; 32902
92; 138; 32924
93; 138; 32930
94; 138; 32887
95; 138; 32848
96; 138; 32837
97; 138; 32839
98; 138; 32877
99; 138; 32874
100; 138; 32878
101; 138; 32907
72; 139; 32811
73; 139; 32820
74; 139; 32809
75; 139; 32813
76; 139; 32821
77; 139; 32802
78; 139; 32798
79; 139; 32799
80; 139; 32794
81; 139; 32806
82; 139; 32806
83; 139; 32791
84; 139; 32785
85; 139; 32800
86; 139; 32807
87; 139; 32839
88; 139; 32913
89; 139; 32940
90; 139; 32917
91; 139; 32918
92; 139; 32938
93; 139; 32921
94; 139; 32874
95; 139; 32833
96; 139; 32817
97; 139; 32827
98; 139; 32883
99; 139; 32908
100; 139; 32873
101; 139; 32897
72; 140; 32819
73; 140; 32815
74; 140; 32808
75; 140; 32823
76; 140; 32830
77; 140; 32820
78; 140; 32810
79; 140; 32804
80; 140; 32796
81; 140; 32808
82; 140; 32813
83; 140; 32804
84; 140; 32789
85; 140; 32791
86; 140; 32814
87; 140; 32844
88; 140; 32901
89; 140; 32923
90; 140; 32913
91; 140; 32927
92; 140; 32951
93; 140; 32932
94; 140; 32874
95; 140; 32832
96; 140; 32809
97; 140; 32837
98; 140; 32913
99; 140; 32931
100; 140; 32847
101; 140; 32861
72; 141; 32814
73; 141; 32807
74; 141; 32820
75; 141; 32831
76; 141; 32823
77; 141; 32812
78; 141; 32799
79; 141; 32801
80; 141; 32810
81; 141; 32812
82; 141; 32817
83; 141; 32815
84; 141; 32804
85; 141; 32804
86; 141; 32821
87; 141; 32850
88; 141; 32902
89; 141; 32929
90; 141; 32917
91; 141; 32928
92; 141; 32955
93; 141; 32932
94; 141; 32860
95; 141; 32836
96; 141; 32815
97; 141; 32832
98; 141; 32916
99; 141; 32941
100; 141; 32865
101; 141; 32830
72; 142; 32813
73; 142; 32809
74; 142; 32820
75; 142; 32824
76; 142; 32822
77; 142; 32820
78; 142; 32813
79; 142; 32807
80; 142; 32816
81; 142; 32812
82; 142; 32815
83; 142; 32821
84; 142; 32812
85; 142; 32814
86; 142; 32815
87; 142; 32852
88; 142; 32921
89; 142; 32943
90; 142; 32912
91; 142; 32912
92; 142; 32946
93; 142; 32919
94; 142; 32840
95; 142; 32824
96; 142; 32806
97; 142; 32803
98; 142; 32899
99; 142; 32984
100; 142; 32950
101; 142; 32855
72; 143; 32822
73; 143; 32812
74; 143; 32808
75; 143; 32809
76; 143; 32827
77; 143; 32837
78; 143; 32818
79; 143; 32802
80; 143; 32813
81; 143; 32812
82; 143; 32818
83; 143; 32826
84; 143; 32814
85; 143; 32810
86; 143; 32812
87; 143; 32853
88; 143; 32926
89; 143; 32943
90; 143; 32900
91; 143; 32893
92; 143; 32933
93; 143; 32908
94; 143; 32848
95; 143; 32832
96; 143; 32820
97; 143; 32818
98; 143; 32916
99; 143; 33018
100; 143; 33006
101; 143; 32900
72; 144; 32837
73; 144; 32825
74; 144; 32817
75; 144; 32815
76; 144; 32824
77; 144; 32823
78; 144; 32809
79; 144; 32807
80; 144; 32816
81; 144; 32814
82; 144; 32814
83; 144; 32828
84; 144; 32818
85; 144; 32816
86; 144; 32827
87; 144; 32856
88; 144; 32919
89; 144; 32935
90; 144; 32896
91; 144; 32894
92; 144; 32924
93; 144; 32891
94; 144; 32876
95; 144; 32864
96; 144; 32855
97; 144; 32853
98; 144; 32961
99; 144; 33020
100; 144; 32979
101; 144; 32909
72; 145; 32837
73; 145; 32834
74; 145; 32832
75; 145; 32832
76; 145; 32833
77; 145; 32823
78; 145; 32815
79; 145; 32824
80; 145; 32832
81; 145; 32826
82; 145; 32818
83; 145; 32819
84; 145; 32817
85; 145; 32832
86; 145; 32842
87; 145; 32854
88; 145; 32915
89; 145; 32939
90; 145; 32903
91; 145; 32897
92; 145; 32909
93; 145; 32871
94; 145; 32873
95; 145; 32879
96; 145; 32868
97; 145; 32869
98; 145; 32992
99; 145; 33022
100; 145; 32932
101; 145; 32892
72; 146; 32836
73; 146; 32843
74; 146; 32848
75; 146; 32839
76; 146; 32841
77; 146; 32839
78; 146; 32827
79; 146; 32830
80; 146; 32838
81; 146; 32832
82; 146; 32825
83; 146; 32817
84; 146; 32823
85; 146; 32845
86; 146; 32840
87; 146; 32845
88; 146; 32906
89; 146; 32944
90; 146; 32916
91; 146; 32895
92; 146; 32884
93; 146; 32843
94; 146; 32836
95; 146; 32875
96; 146; 32862
97; 146; 32862
98; 146; 32969
99; 146; 33015
100; 146; 32905
101; 146; 32877
72; 147; 32839
73; 147; 32854
74; 147; 32850
75; 147; 32835
76; 147; 32840
77; 147; 32841
78; 147; 32834
79; 147; 32837
80; 147; 32848
81; 147; 32846
82; 147; 32840
83; 147; 32836
84; 147; 32834
85; 147; 32841
86; 147; 32831
87; 147; 32837
88; 147; 32891
89; 147; 32934
90; 147; 32924
91; 147; 32900
92; 147; 32864
93; 147; 32824
94; 147; 32847
95; 147; 32899
96; 147; 32877
97; 147; 32839
98; 147; 32912
99; 147; 32980
100; 147; 32907
101; 147; 32870
72; 148; 32823
73; 148; 32837
74; 148; 32832
75; 148; 32826
76; 148; 32845
77; 148; 32858
78; 148; 32855
79; 148; 32859
80; 148; 32870
81; 148; 32875
82; 148; 32876
83; 148; 32865
84; 148; 32845
85; 148; 32838
86; 148; 32831
87; 148; 32834
88; 148; 32883
89; 148; 32916
90; 148; 32917
91; 148; 32909
92; 148; 32855
93; 148; 32844
94; 148; 32930
95; 148; 32973
96; 148; 32913
97; 148; 32826
98; 148; 32864
99; 148; 32918
100; 148; 32910
101; 148; 32875
72; 149; 32821
73; 149; 32819
74; 149; 32815
75; 149; 32812
76; 149; 32848
77; 149; 32884
78; 149; 32874
79; 149; 32860
80; 149; 32860
81; 149; 32879
82; 149; 32901
83; 149; 32889
84; 149; 32861
85; 149; 32847
86; 149; 32836
87; 149; 32833
88; 149; 32875
89; 149; 32900
90; 149; 32905
91; 149; 32914
92; 149; 32849
93; 149; 32863
94; 149; 32976
95; 149; 33015
96; 149; 32942
97; 149; 32830
98; 149; 32824
99; 149; 32845
100; 149; 32886
101; 149; 32887
72; 150; 32856
73; 150; 32839
74; 150; 32826
75; 150; 32815
76; 150; 32841
77; 150; 32870
78; 150; 32861
79; 150; 32846
80; 150; 32845
81; 150; 32870
82; 150; 32894
83; 150; 32883
84; 150; 32868
85; 150; 32863
86; 150; 32851
87; 150; 32840
88; 150; 32864
89; 150; 32891
90; 150; 32902
91; 150; 32912
92; 150; 32843
93; 150; 32840
94; 150; 32939
95; 150; 32969
96; 150; 32925
97; 150; 32845
98; 150; 32796
99; 150; 32803
100; 150; 32875
101; 150; 32883
72; 151; 32899
73; 151; 32886
74; 151; 32876
75; 151; 32892
76; 151; 32916
77; 151; 32907
78; 151; 32891
79; 151; 32895
80; 151; 32906
81; 151; 32919
82; 151; 32913
83; 151; 32890
84; 151; 32882
85; 151; 32889
86; 151; 32877
87; 151; 32856
88; 151; 32862
89; 151; 32876
90; 151; 32891
91; 151; 32899
92; 151; 32837
93; 151; 32819
94; 151; 32923
95; 151; 32939
96; 151; 32887
97; 151; 32859
98; 151; 32810
99; 151; 32836
100; 151; 32898
101; 151; 32877
72; 152; 32936
73; 152; 32925
74; 152; 32919
75; 152; 32963
76; 152; 33001
77; 152; 32982
78; 152; 32964
79; 152; 32965
80; 152; 32960
81; 152; 32956
82; 152; 32947
83; 152; 32926
84; 152; 32913
85; 152; 32917
86; 152; 32900
87; 152; 32870
88; 152; 32864
89; 152; 32860
90; 152; 32888
91; 152; 32901
92; 152; 32826
93; 152; 32828
94; 152; 32963
95; 152; 32990
96; 152; 32888
97; 152; 32855
98; 152; 32849
99; 152; 32886
100; 152; 32896
101; 152; 32878
72; 153; 32944
73; 153; 32924
74; 153; 32909
75; 153; 32915
76; 153; 32926
77; 153; 32936
78; 153; 32945
79; 153; 32931
80; 153; 32910
81; 153; 32922
82; 153; 32945
83; 153; 32938
84; 153; 32920
85; 153; 32925
86; 153; 32917
87; 153; 32885
88; 153; 32864
89; 153; 32863
90; 153; 32922
91; 153; 32932
92; 153; 32827
93; 153; 32863
94; 153; 33007
95; 153; 33038
96; 153; 32920
97; 153; 32849
98; 153; 32862
99; 153; 32880
100; 153; 32866
101; 153; 32874
72; 154; 32926
73; 154; 32919
74; 154; 32915
75; 154; 32887
76; 154; 32867
77; 154; 32888
78; 154; 32900
79; 154; 32883
80; 154; 32891
81; 154; 32925
82; 154; 32935
83; 154; 32917
84; 154; 32904
85; 154; 32918
86; 154; 32934
87; 154; 32912
88; 154; 32869
89; 154; 32868
90; 154; 32923
91; 154; 32921
92; 154; 32847
93; 154; 32905
94; 154; 33018
95; 154; 33022
96; 154; 32927
97; 154; 32852
98; 154; 32852
99; 154; 32861
100; 154; 32859
101; 154; 32882
72; 155; 32942
73; 155; 32957
74; 155; 32978
75; 155; 32984
76; 155; 32994
77; 155; 33000
78; 155; 32976
79; 155; 32959
80; 155; 32982
81; 155; 32978
82; 155; 32939
83; 155; 32920
84; 155; 32917
85; 155; 32929
86; 155; 32959
87; 155; 32952
88; 155; 32892
89; 155; 32854
90; 155; 32859
91; 155; 32852
92; 155; 32847
93; 155; 32911
94; 155; 32977
95; 155; 32975
96; 155; 32906
97; 155; 32838
98; 155; 32840
99; 155; 32856
100; 155; 32859
101; 155; 32893
72; 156; 32985
73; 156; 32985
74; 156; 32994
75; 156; 33032
76; 156; 33096
77; 156; 33107
78; 156; 33069
79; 156; 33053
80; 156; 33040
81; 156; 32984
82; 156; 32951
83; 156; 32958
84; 156; 32953
85; 156; 32961
86; 156; 32996
87; 156; 32999
88; 156; 32936
89; 156; 32863
90; 156; 32837
91; 156; 32833
92; 156; 32836
93; 156; 32871
94; 156; 32918
95; 156; 32943
96; 156; 32886
97; 156; 32817
98; 156; 32825
99; 156; 32841
100; 156; 32844
101; 156; 32882
72; 157; 33005
73; 157; 32979
74; 157; 32954
75; 157; 32970
76; 157; 33033
77; 157; 33058
78; 157; 33028
79; 157; 33015
80; 157; 32993
81; 157; 32957
82; 157; 32960
83; 157; 32957
84; 157; 32942
85; 157; 32980
86; 157; 33028
87; 157; 33018
88; 157; 32961
89; 157; 32913
90; 157; 32894
91; 157; 32873
92; 157; 32847
93; 157; 32837
94; 157; 32879
95; 157; 32912
96; 157; 32853
97; 157; 32808
98; 157; 32819
99; 157; 32841
100; 157; 32830
101; 157; 32866
72; 158; 33008
73; 158; 32989
74; 158; 32963
75; 158; 32937
76; 158; 32932
77; 158; 32933
78; 158; 32909
79; 158; 32907
80; 158; 32920
81; 158; 32941
82; 158; 32948
83; 158; 32903
84; 158; 32890
85; 158; 32974
86; 158; 33039
87; 158; 33000
88; 158; 32945
89; 158; 32939
90; 158; 32940
91; 158; 32905
92; 158; 32849
93; 158; 32813
94; 158; 32839
95; 158; 32861
96; 158; 32815
97; 158; 32794
98; 158; 32819
99; 158; 32851
100; 158; 32832
101; 158; 32853
72; 159; 32988
73; 159; 33000
74; 159; 33003
75; 159; 32951
76; 159; 32870
77; 159; 32838
78; 159; 32833
79; 159; 32835
80; 159; 32863
81; 159; 32912
82; 159; 32917
83; 159; 32879
84; 159; 32874
85; 159; 32951
86; 159; 33029
87; 159; 32998
88; 159; 32918
89; 159; 32899
90; 159; 32919
91; 159; 32900
92; 159; 32838
93; 159; 32806
94; 159; 32794
95; 159; 32808
96; 159; 32804
97; 159; 32795
98; 159; 32814
99; 159; 32846
100; 159; 32836
101; 159; 32841
72; 160; 32938
73; 160; 32969
74; 160; 32992
75; 160; 32947
76; 160; 32859
77; 160; 32823
78; 160; 32823
79; 160; 32806
80; 160; 32816
81; 160; 32853
82; 160; 32879
83; 160; 32890
84; 160; 32888
85; 160; 32913
86; 160; 33004
87; 160; 33033
88; 160; 32944
89; 160; 32870
90; 160; 32868
91; 160; 32856
92; 160; 32832
93; 160; 32823
94; 160; 32786
95; 160; 32784
96; 160; 32812
97; 160; 32806
98; 160; 32806
99; 160; 32836
100; 160; 32833
101; 160; 32826
72; 161; 32898
73; 161; 32915
74; 161; 32934
75; 161; 32927
76; 161; 32891
77; 161; 32868
78; 161; 32842
79; 161; 32805
80; 161; 32800
81; 161; 32809
82; 161; 32835
83; 161; 32874
84; 161; 32876
85; 161; 32881
86; 161; 32980
87; 161; 33045
88; 161; 32994
89; 161; 32922
90; 161; 32855
91; 161; 32820
92; 161; 32834
93; 161; 32844
94; 161; 32818
95; 161; 32808
96; 161; 32820
97; 161; 32802
98; 161; 32803
99; 161; 32835
100; 161; 32828
101; 161; 32812
72; 162; 32877
73; 162; 32871
74; 162; 32881
75; 162; 32901
76; 162; 32902
77; 162; 32897
78; 162; 32871
79; 162; 32836
80; 162; 32828
81; 162; 32821
82; 162; 32817
83; 162; 32841
84; 162; 32858
85; 162; 32875
86; 162; 32960
87; 162; 32991
88; 162; 32967
89; 162; 32960
90; 162; 32886
91; 162; 32828
92; 162; 32845
93; 162; 32878
94; 162; 32864
95; 162; 32860
96; 162; 32842
97; 162; 32807
98; 162; 32804
99; 162; 32836
100; 162; 32826
101; 162; 32817
72; 163; 32856
73; 163; 32848
74; 163; 32861
75; 163; 32875
76; 163; 32873
77; 163; 32893
78; 163; 32904
79; 163; 32889
80; 163; 32878
81; 163; 32860
82; 163; 32836
83; 163; 32841
84; 163; 32860
85; 163; 32881
86; 163; 32935
87; 163; 32922
88; 163; 32887
89; 163; 32914
90; 163; 32887
91; 163; 32839
92; 163; 32853
93; 163; 32881
94; 163; 32896
95; 163; 32906
96; 163; 32887
97; 163; 32844
98; 163; 32820
99; 163; 32827
100; 163; 32831
101; 163; 32835
72; 164; 32841
73; 164; 32851
74; 164; 32870
75; 164; 32869
76; 164; 32866
77; 164; 32896
78; 164; 32918
79; 164; 32919
80; 164; 32914
81; 164; 32888
82; 164; 32858
83; 164; 32840
84; 164; 32840
85; 164; 32874
86; 164; 32919
87; 164; 32895
88; 164; 32857
89; 164; 32869
90; 164; 32861
91; 164; 32839
92; 164; 32856
93; 164; 32878
94; 164; 32899
95; 164; 32913
96; 164; 32906
97; 164; 32871
98; 164; 32845
99; 164; 32833
100; 164; 32844
101; 164; 32852
72; 165; 32860
73; 165; 32882
74; 165; 32894
75; 165; 32890
76; 165; 32906
77; 165; 32924
78; 165; 32919
79; 165; 32927
80; 165; 32940
81; 165; 32922
82; 165; 32889
83; 165; 32848
84; 165; 32818
85; 165; 32854
86; 165; 32911
87; 165; 32906
88; 165; 32883
89; 165; 32878
90; 165; 32865
91; 165; 32862
92; 165; 32873
93; 165; 32875
94; 165; 32885
95; 165; 32907
96; 165; 32897
97; 165; 32862
98; 165; 32856
99; 165; 32858
100; 165; 32854
101; 165; 32851
72; 166; 32922
73; 166; 32935
74; 166; 32921
75; 166; 32916
76; 166; 32940
77; 166; 32945
78; 166; 32932
79; 166; 32938
80; 166; 32958
81; 166; 32965
82; 166; 32955
83; 166; 32921
84; 166; 32874
85; 166; 32860
86; 166; 32897
87; 166; 32917
88; 166; 32896
89; 166; 32879
90; 166; 32881
91; 166; 32897
92; 166; 32898
93; 166; 32865
94; 166; 32861
95; 166; 32910
96; 166; 32903
97; 166; 32858
98; 166; 32856
99; 166; 32881
100; 166; 32858
101; 166; 32831
72; 167; 32978
73; 167; 32974
74; 167; 32943
75; 167; 32934
76; 167; 32939
77; 167; 32937
78; 167; 32940
79; 167; 32932
80; 167; 32926
81; 167; 32952
82; 167; 32988
83; 167; 32997
84; 167; 32972
85; 167; 32920
86; 167; 32908
87; 167; 32927
88; 167; 32897
89; 167; 32863
90; 167; 32884
91; 167; 32910
92; 167; 32897
93; 167; 32846
94; 167; 32856
95; 167; 32920
96; 167; 32933
97; 167; 32882
98; 167; 32860
99; 167; 32893
100; 167; 32876
101; 167; 32829
72; 168; 32976
73; 168; 32964
74; 168; 32949
75; 168; 32946
76; 168; 32937
77; 168; 32939
78; 168; 32941
79; 168; 32911
80; 168; 32879
81; 168; 32895
82; 168; 32940
83; 168; 32979
84; 168; 33005
85; 168; 32980
86; 168; 32952
87; 168; 32954
88; 168; 32928
89; 168; 32893
90; 168; 32900
91; 168; 32904
92; 168; 32873
93; 168; 32840
94; 168; 32886
95; 168; 32952
96; 168; 32965
97; 168; 32924
98; 168; 32878
99; 168; 32877
100; 168; 32884
101; 168; 32865
