170; 181; 33751
171; 181; 33789
172; 181; 33747
168; 182; 33586
169; 182; 33843
170; 182; 33906
171; 182; 33824
172; 182; 33782
173; 182; 33799
174; 182; 33819
175; 182; 33771
169; 183; 33970
170; 183; 34002
171; 183; 33862
172; 183; 33814
173; 183; 33869
174; 183; 33890
175; 183; 33836
169; 184; 33906
170; 184; 34048
171; 184; 33978
172; 184; 33929
173; 184; 33965
174; 184; 33957
175; 184; 33896
176; 184; 33877
169; 185; 33735
170; 185; 34002
171; 185; 34066
172; 185; 34046
173; 185; 34039
174; 185; 33993
175; 185; 33913
176; 185; 33924
177; 185; 34037
170; 186; 33879
171; 186; 34020
172; 186; 34022
173; 186; 34005
174; 186; 33992
175; 186; 33955
176; 186; 33949
177; 186; 34032
178; 186; 34083
170; 187; 33767
171; 187; 33923
172; 187; 33934
173; 187; 33917
174; 187; 33953
175; 187; 34011
176; 187; 34029
177; 187; 34021
178; 187; 34027
179; 187; 33984
180; 187; 33795
171; 188; 33869
172; 188; 33939
173; 188; 33911
174; 188; 33895
175; 188; 33979
176; 188; 34067
177; 188; 34036
178; 188; 33955
179; 188; 33924
180; 188; 33872
181; 188; 33730
182; 188; 33610
172; 189; 33973
173; 189; 33966
174; 189; 33855
175; 189; 33879
176; 189; 34012
177; 189; 34008
178; 189; 33878
179; 189; 33821
180; 189; 33840
181; 189; 33806
182; 189; 33759
172; 190; 33882
173; 190; 33934
174; 190; 33831
175; 190; 33822
176; 190; 33931
177; 190; 33955
178; 190; 33863
179; 190; 33827
180; 190; 33863
181; 190; 33848
173; 191; 33756
174; 191; 33750
175; 191; 33788
176; 191; 33889
177; 191; 33957
178; 191; 33954
179; 191; 33967
180; 191; 33970
181; 191; 33886
174; 192; 33613
175; 192; 33720
176; 192; 33837
177; 192; 33942
178; 192; 34020
179; 192; 34060
180; 192; 34003
181; 192; 33867
178; 193; 33929
179; 193; 33953
180; 193; 33870
