142; 128; 32875
143; 128; 32883
144; 128; 32862
145; 128; 32853
146; 128; 32880
147; 128; 32893
148; 128; 32864
149; 128; 32837
150; 128; 32860
151; 128; 32889
152; 128; 32891
153; 128; 32860
154; 128; 32836
155; 128; 32819
156; 128; 32829
157; 128; 32799
158; 128; 32833
159; 128; 32876
160; 128; 32845
161; 128; 32806
162; 128; 32799
163; 128; 32800
164; 128; 32804
165; 128; 32818
166; 128; 32858
167; 128; 32887
168; 128; 32854
169; 128; 32808
170; 128; 32788
171; 128; 32790
142; 129; 32874
143; 129; 32877
144; 129; 32865
145; 129; 32875
146; 129; 32901
147; 129; 32907
148; 129; 32877
149; 129; 32844
150; 129; 32853
151; 129; 32871
152; 129; 32852
153; 129; 32836
154; 129; 32833
155; 129; 32844
156; 129; 32836
157; 129; 32803
158; 129; 32846
159; 129; 32902
160; 129; 32855
161; 129; 32810
162; 129; 32809
163; 129; 32813
164; 129; 32810
165; 129; 32810
166; 129; 32844
167; 129; 32880
168; 129; 32860
169; 129; 32816
170; 129; 32790
171; 129; 32792
142; 130; 32867
143; 130; 32870
144; 130; 32879
145; 130; 32890
146; 130; 32898
147; 130; 32890
148; 130; 32865
149; 130; 32843
150; 130; 32846
151; 130; 32842
152; 130; 32852
153; 130; 32853
154; 130; 32835
155; 130; 32838
156; 130; 32817
157; 130; 32803
158; 130; 32844
159; 130; 32889
160; 130; 32856
161; 130; 32820
162; 130; 32825
163; 130; 32819
164; 130; 32824
165; 130; 32833
166; 130; 32871
167; 130; 32904
168; 130; 32894
169; 130; 32843
170; 130; 32803
171; 130; 32794
142; 131; 32888
143; 131; 32888
144; 131; 32887
145; 131; 32883
146; 131; 32873
147; 131; 32869
148; 131; 32871
149; 131; 32875
150; 131; 32855
151; 131; 32841
152; 131; 32888
153; 131; 32897
154; 131; 32841
155; 131; 32829
156; 131; 32820
157; 131; 32810
158; 131; 32833
159; 131; 32869
160; 131; 32855
161; 131; 32835
162; 131; 32836
163; 131; 32829
164; 131; 32837
165; 131; 32860
166; 131; 32897
167; 131; 32930
168; 131; 32923
169; 131; 32855
170; 131; 32797
171; 131; 32793
142; 132; 32901
143; 132; 32899
144; 132; 32894
145; 132; 32879
146; 132; 32856
147; 132; 32855
148; 132; 32887
149; 132; 32895
150; 132; 32868
151; 132; 32870
152; 132; 32893
153; 132; 32878
154; 132; 32855
155; 132; 32838
156; 132; 32821
157; 132; 32815
158; 132; 32830
159; 132; 32848
160; 132; 32845
161; 132; 32844
162; 132; 32838
163; 132; 32832
164; 132; 32828
165; 132; 32859
166; 132; 32907
167; 132; 32935
168; 132; 32920
169; 132; 32851
170; 132; 32800
171; 132; 32809
142; 133; 32897
143; 133; 32912
144; 133; 32908
145; 133; 32884
146; 133; 32858
147; 133; 32851
148; 133; 32874
149; 133; 32877
150; 133; 32869
151; 133; 32909
152; 133; 32880
153; 133; 32832
154; 133; 32847
155; 133; 32845
156; 133; 32818
157; 133; 32804
158; 133; 32828
159; 133; 32837
160; 133; 32831
161; 133; 32846
162; 133; 32852
163; 133; 32846
164; 133; 32826
165; 133; 32858
166; 133; 32919
167; 133; 32941
168; 133; 32923
169; 133; 32867
170; 133; 32812
171; 133; 32812
142; 134; 32906
143; 134; 32941
144; 134; 32938
145; 134; 32900
146; 134; 32868
147; 134; 32861
148; 134; 32871
149; 134; 32871
150; 134; 32880
151; 134; 32930
152; 134; 32871
153; 134; 32813
154; 134; 32836
155; 134; 32847
156; 134; 32820
157; 134; 32818
158; 134; 32841
159; 134; 32835
160; 134; 32847
161; 134; 32866
162; 134; 32862
163; 134; 32855
164; 134; 32841
165; 134; 32865
166; 134; 32931
167; 134; 32970
168; 134; 32972
169; 134; 32919
170; 134; 32827
171; 134; 32792
142; 135; 32923
143; 135; 32970
144; 135; 32966
145; 135; 32926
146; 135; 32901
147; 135; 32907
148; 135; 32909
149; 135; 32893
150; 135; 32908
151; 135; 32936
152; 135; 32868
153; 135; 32810
154; 135; 32847
155; 135; 32856
156; 135; 32831
157; 135; 32842
158; 135; 32844
159; 135; 32832
160; 135; 32866
161; 135; 32874
162; 135; 32847
163; 135; 32834
164; 135; 32846
165; 135; 32884
166; 135; 32936
167; 135; 32981
168; 135; 33002
169; 135; 32948
170; 135; 32835
171; 135; 32788
142; 136; 32955
143; 136; 33009
144; 136; 32991
145; 136; 32951
146; 136; 32928
147; 136; 32958
148; 136; 32962
149; 136; 32950
150; 136; 32929
151; 136; 32925
152; 136; 32867
153; 136; 32815
154; 136; 32834
155; 136; 32844
156; 136; 32848
157; 136; 32855
158; 136; 32841
159; 136; 32831
160; 136; 32863
161; 136; 32860
162; 136; 32834
163; 136; 32823
164; 136; 32849
165; 136; 32906
166; 136; 32949
167; 136; 32970
168; 136; 32985
169; 136; 32933
170; 136; 32840
171; 136; 32813
142; 137; 32969
143; 137; 33048
144; 137; 33036
145; 137; 32986
146; 137; 32936
147; 137; 32954
148; 137; 32985
149; 137; 32981
150; 137; 32928
151; 137; 32923
152; 137; 32867
153; 137; 32808
154; 137; 32815
155; 137; 32826
156; 137; 32858
157; 137; 32862
158; 137; 32849
159; 137; 32848
160; 137; 32854
161; 137; 32843
162; 137; 32834
163; 137; 32826
164; 137; 32842
165; 137; 32913
166; 137; 32973
167; 137; 32990
168; 137; 32989
169; 137; 32925
170; 137; 32838
171; 137; 32822
142; 138; 32959
143; 138; 33051
144; 138; 33064
145; 138; 33028
146; 138; 32957
147; 138; 32938
148; 138; 32986
149; 138; 32973
150; 138; 32923
151; 138; 32946
152; 138; 32900
153; 138; 32811
154; 138; 32821
155; 138; 32835
156; 138; 32861
157; 138; 32868
158; 138; 32850
159; 138; 32846
160; 138; 32843
161; 138; 32824
162; 138; 32831
163; 138; 32829
164; 138; 32835
165; 138; 32910
166; 138; 32982
167; 138; 33006
168; 138; 33002
169; 138; 32930
170; 138; 32833
171; 138; 32810
142; 139; 32957
143; 139; 33043
144; 139; 33082
145; 139; 33063
146; 139; 32973
147; 139; 32929
148; 139; 32982
149; 139; 32958
150; 139; 32891
151; 139; 32926
152; 139; 32889
153; 139; 32812
154; 139; 32825
155; 139; 32842
156; 139; 32859
157; 139; 32870
158; 139; 32846
159; 139; 32835
160; 139; 32832
161; 139; 32818
162; 139; 32838
163; 139; 32848
164; 139; 32850
165; 139; 32912
166; 139; 32973
167; 139; 32983
168; 139; 32976
169; 139; 32928
170; 139; 32846
171; 139; 32820
142; 140; 32968
143; 140; 33101
144; 140; 33162
145; 140; 33111
146; 140; 32972
147; 140; 32912
148; 140; 32991
149; 140; 32971
150; 140; 32879
151; 140; 32912
152; 140; 32877
153; 140; 32792
154; 140; 32806
155; 140; 32843
156; 140; 32900
157; 140; 32910
158; 140; 32848
159; 140; 32820
160; 140; 32819
161; 140; 32832
162; 140; 32843
163; 140; 32840
164; 140; 32842
165; 140; 32921
166; 140; 32989
167; 140; 32982
168; 140; 32976
169; 140; 32944
170; 140; 32859
171; 140; 32825
142; 141; 32978
143; 141; 33134
144; 141; 33218
145; 141; 33160
146; 141; 33001
147; 141; 32918
148; 141; 33003
149; 141; 33007
150; 141; 32934
151; 141; 32991
152; 141; 32938
153; 141; 32810
154; 141; 32811
155; 141; 32852
156; 141; 32946
157; 141; 32974
158; 141; 32880
159; 141; 32811
160; 141; 32816
161; 141; 32848
162; 141; 32845
163; 141; 32833
164; 141; 32841
165; 141; 32931
166; 141; 33006
167; 141; 33004
168; 141; 32982
169; 141; 32931
170; 141; 32848
171; 141; 32815
142; 142; 32960
143; 142; 33092
144; 142; 33195
145; 142; 33182
146; 142; 33047
147; 142; 32943
148; 142; 33005
149; 142; 33030
150; 142; 32986
151; 142; 33035
152; 142; 32964
153; 142; 32837
154; 142; 32833
155; 142; 32844
156; 142; 32926
157; 142; 32975
158; 142; 32894
159; 142; 32825
160; 142; 32843
161; 142; 32852
162; 142; 32829
163; 142; 32830
164; 142; 32848
165; 142; 32935
166; 142; 33002
167; 142; 33009
168; 142; 32976
169; 142; 32910
170; 142; 32841
171; 142; 32816
142; 143; 32919
143; 143; 33024
144; 143; 33139
145; 143; 33159
146; 143; 33056
147; 143; 32949
148; 143; 32987
149; 143; 33009
150; 143; 32970
151; 143; 32973
152; 143; 32916
153; 143; 32827
154; 143; 32841
155; 143; 32865
156; 143; 32927
157; 143; 32935
158; 143; 32869
159; 143; 32827
160; 143; 32837
161; 143; 32826
162; 143; 32807
163; 143; 32814
164; 143; 32827
165; 143; 32912
166; 143; 32967
167; 143; 32978
168; 143; 32957
169; 143; 32911
170; 143; 32861
171; 143; 32833
142; 144; 32888
143; 144; 32963
144; 144; 33057
145; 144; 33090
146; 144; 33034
147; 144; 32948
148; 144; 32949
149; 144; 32963
150; 144; 32959
151; 144; 32977
152; 144; 32920
153; 144; 32823
154; 144; 32843
155; 144; 32940
156; 144; 33042
157; 144; 32996
158; 144; 32876
159; 144; 32819
160; 144; 32813
161; 144; 32813
162; 144; 32807
163; 144; 32797
164; 144; 32823
165; 144; 32882
166; 144; 32934
167; 144; 32949
168; 144; 32928
169; 144; 32901
170; 144; 32882
171; 144; 32852
142; 145; 32879
143; 145; 32929
144; 145; 32967
145; 145; 33011
146; 145; 33010
147; 145; 32949
148; 145; 32900
149; 145; 32917
150; 145; 32963
151; 145; 33010
152; 145; 32949
153; 145; 32836
154; 145; 32831
155; 145; 32931
156; 145; 33115
157; 145; 33125
158; 145; 32950
159; 145; 32824
160; 145; 32806
161; 145; 32811
162; 145; 32821
163; 145; 32810
164; 145; 32836
165; 145; 32872
166; 145; 32928
167; 145; 32945
168; 145; 32903
169; 145; 32878
170; 145; 32897
171; 145; 32873
142; 146; 32916
143; 146; 32912
144; 146; 32929
145; 146; 32970
146; 146; 32988
147; 146; 32936
148; 146; 32863
149; 146; 32884
150; 146; 32924
151; 146; 32958
152; 146; 32911
153; 146; 32838
154; 146; 32824
155; 146; 32865
156; 146; 33042
157; 146; 33133
158; 146; 32974
159; 146; 32816
160; 146; 32797
161; 146; 32802
162; 146; 32809
163; 146; 32827
164; 146; 32837
165; 146; 32860
166; 146; 32911
167; 146; 32928
168; 146; 32882
169; 146; 32867
170; 146; 32901
171; 146; 32881
142; 147; 32928
143; 147; 32914
144; 147; 32926
145; 147; 32943
146; 147; 32949
147; 147; 32918
148; 147; 32861
149; 147; 32874
150; 147; 32888
151; 147; 32882
152; 147; 32860
153; 147; 32845
154; 147; 32841
155; 147; 32843
156; 147; 32904
157; 147; 32981
158; 147; 32892
159; 147; 32795
160; 147; 32797
161; 147; 32802
162; 147; 32809
163; 147; 32817
164; 147; 32819
165; 147; 32851
166; 147; 32892
167; 147; 32911
168; 147; 32879
169; 147; 32872
170; 147; 32898
171; 147; 32886
142; 148; 32915
143; 148; 32914
144; 148; 32909
145; 148; 32909
146; 148; 32914
147; 148; 32925
148; 148; 32878
149; 148; 32865
150; 148; 32874
151; 148; 32869
152; 148; 32858
153; 148; 32850
154; 148; 32831
155; 148; 32817
156; 148; 32797
157; 148; 32823
158; 148; 32810
159; 148; 32795
160; 148; 32800
161; 148; 32801
162; 148; 32809
163; 148; 32817
164; 148; 32819
165; 148; 32847
166; 148; 32898
167; 148; 32925
168; 148; 32901
169; 148; 32890
170; 148; 32918
171; 148; 32926
142; 149; 32902
143; 149; 32906
144; 149; 32900
145; 149; 32908
146; 149; 32914
147; 149; 32926
148; 149; 32882
149; 149; 32846
150; 149; 32862
151; 149; 32874
152; 149; 32859
153; 149; 32837
154; 149; 32816
155; 149; 32803
156; 149; 32799
157; 149; 32806
158; 149; 32786
159; 149; 32801
160; 149; 32802
161; 149; 32797
162; 149; 32811
163; 149; 32821
164; 149; 32836
165; 149; 32869
166; 149; 32914
167; 149; 32924
168; 149; 32900
169; 149; 32901
170; 149; 32930
171; 149; 32939
142; 150; 32892
143; 150; 32895
144; 150; 32878
145; 150; 32909
146; 150; 32916
147; 150; 32911
148; 150; 32891
149; 150; 32849
150; 150; 32846
151; 150; 32851
152; 150; 32841
153; 150; 32836
154; 150; 32831
155; 150; 32821
156; 150; 32825
157; 150; 32834
158; 150; 32806
159; 150; 32797
160; 150; 32809
161; 150; 32828
162; 150; 32827
163; 150; 32819
164; 150; 32853
165; 150; 32891
166; 150; 32918
167; 150; 32924
168; 150; 32908
169; 150; 32928
170; 150; 32943
171; 150; 32904
142; 151; 32878
143; 151; 32880
144; 151; 32863
145; 151; 32879
146; 151; 32898
147; 151; 32901
148; 151; 32902
149; 151; 32879
150; 151; 32852
151; 151; 32841
152; 151; 32850
153; 151; 32873
154; 151; 32874
155; 151; 32844
156; 151; 32815
157; 151; 32830
158; 151; 32822
159; 151; 32804
160; 151; 32819
161; 151; 32838
162; 151; 32843
163; 151; 32839
164; 151; 32870
165; 151; 32882
166; 151; 32888
167; 151; 32920
168; 151; 32939
169; 151; 32971
170; 151; 32980
171; 151; 32905
142; 152; 32857
143; 152; 32847
144; 152; 32842
145; 152; 32856
146; 152; 32888
147; 152; 32912
148; 152; 32904
149; 152; 32881
150; 152; 32863
151; 152; 32853
152; 152; 32864
153; 152; 32883
154; 152; 32868
155; 152; 32840
156; 152; 32800
157; 152; 32802
158; 152; 32816
159; 152; 32813
160; 152; 32830
161; 152; 32827
162; 152; 32837
163; 152; 32869
164; 152; 32896
165; 152; 32886
166; 152; 32869
167; 152; 32884
168; 152; 32920
169; 152; 32976
170; 152; 32985
171; 152; 32928
142; 153; 32835
143; 153; 32822
144; 153; 32838
145; 153; 32849
146; 153; 32887
147; 153; 32936
148; 153; 32912
149; 153; 32866
150; 153; 32849
151; 153; 32836
152; 153; 32845
153; 153; 32871
154; 153; 32849
155; 153; 32832
156; 153; 32807
157; 153; 32800
158; 153; 32805
159; 153; 32812
160; 153; 32831
161; 153; 32842
162; 153; 32839
163; 153; 32867
164; 153; 32904
165; 153; 32931
166; 153; 32961
167; 153; 32955
168; 153; 32947
169; 153; 32992
170; 153; 33005
171; 153; 32965
142; 154; 32825
143; 154; 32815
144; 154; 32842
145; 154; 32848
146; 154; 32877
147; 154; 32931
148; 154; 32923
149; 154; 32876
150; 154; 32850
151; 154; 32830
152; 154; 32853
153; 154; 32883
154; 154; 32849
155; 154; 32824
156; 154; 32821
157; 154; 32819
158; 154; 32815
159; 154; 32815
160; 154; 32828
161; 154; 32871
162; 154; 32882
163; 154; 32870
164; 154; 32884
165; 154; 32935
166; 154; 33061
167; 154; 33113
168; 154; 33048
169; 154; 33028
170; 154; 33049
171; 154; 33016
142; 155; 32829
143; 155; 32819
144; 155; 32828
145; 155; 32842
146; 155; 32870
147; 155; 32895
148; 155; 32904
149; 155; 32879
150; 155; 32862
151; 155; 32853
152; 155; 32881
153; 155; 32906
154; 155; 32881
155; 155; 32839
156; 155; 32834
157; 155; 32825
158; 155; 32828
159; 155; 32833
160; 155; 32834
161; 155; 32871
162; 155; 32898
163; 155; 32899
164; 155; 32908
165; 155; 32914
166; 155; 33030
167; 155; 33140
168; 155; 33095
169; 155; 33033
170; 155; 33027
171; 155; 32999
142; 156; 32835
143; 156; 32830
144; 156; 32836
145; 156; 32854
146; 156; 32871
147; 156; 32865
148; 156; 32882
149; 156; 32885
150; 156; 32863
151; 156; 32854
152; 156; 32863
153; 156; 32894
154; 156; 32911
155; 156; 32865
156; 156; 32827
157; 156; 32816
158; 156; 32831
159; 156; 32847
160; 156; 32860
161; 156; 32871
162; 156; 32894
163; 156; 32921
164; 156; 32983
165; 156; 32973
166; 156; 32985
167; 156; 33056
168; 156; 33076
169; 156; 33036
170; 156; 32969
171; 156; 32919
142; 157; 32814
143; 157; 32817
144; 157; 32839
145; 157; 32861
146; 157; 32871
147; 157; 32865
148; 157; 32887
149; 157; 32907
150; 157; 32879
151; 157; 32849
152; 157; 32842
153; 157; 32864
154; 157; 32898
155; 157; 32872
156; 157; 32823
157; 157; 32807
158; 157; 32817
159; 157; 32825
160; 157; 32860
161; 157; 32887
162; 157; 32940
163; 157; 32958
164; 157; 33005
165; 157; 33016
166; 157; 32985
167; 157; 32991
168; 157; 33034
169; 157; 33029
170; 157; 32940
171; 157; 32872
142; 158; 32816
143; 158; 32804
144; 158; 32822
145; 158; 32837
146; 158; 32840
147; 158; 32858
148; 158; 32882
149; 158; 32904
150; 158; 32890
151; 158; 32861
152; 158; 32854
153; 158; 32862
154; 158; 32877
155; 158; 32858
156; 158; 32806
157; 158; 32798
158; 158; 32804
159; 158; 32816
160; 158; 32854
161; 158; 32914
162; 158; 32984
163; 158; 32989
164; 158; 32957
165; 158; 32951
166; 158; 32940
167; 158; 32935
168; 158; 32966
169; 158; 32972
170; 158; 32917
171; 158; 32872
