186; 201; 33446
187; 201; 33476
188; 201; 33490
189; 201; 33466
186; 202; 33522
187; 202; 33555
188; 202; 33528
189; 202; 33499
190; 202; 33474
186; 203; 33520
187; 203; 33455
188; 203; 33365
189; 203; 33379
190; 203; 33437
191; 203; 33443
192; 203; 33441
193; 203; 33462
186; 204; 33432
187; 204; 33218
188; 204; 33067
189; 204; 33113
190; 204; 33239
191; 204; 33311
192; 204; 33409
193; 204; 33553
186; 205; 33382
187; 205; 33116
188; 205; 32947
189; 205; 32975
190; 205; 33082
191; 205; 33153
192; 205; 33290
193; 205; 33509
194; 205; 33592
188; 206; 33129
189; 206; 33123
190; 206; 33158
191; 206; 33166
192; 206; 33235
193; 206; 33389
194; 206; 33488
189; 207; 33348
190; 207; 33330
191; 207; 33327
192; 207; 33316
193; 207; 33328
194; 207; 33392
