289; 261; 33248
290; 261; 33350
291; 261; 33626
292; 261; 33992
293; 261; 34157
294; 261; 34165
295; 261; 34009
288; 262; 33515
289; 262; 33650
290; 262; 33630
291; 262; 33717
292; 262; 33878
293; 262; 34061
294; 262; 34101
295; 262; 34010
288; 263; 33579
289; 263; 33847
290; 263; 33920
291; 263; 33870
292; 263; 33920
293; 263; 34034
294; 263; 34106
295; 263; 34082
296; 263; 33960
297; 263; 33693
288; 264; 33555
289; 264; 33886
290; 264; 33963
291; 264; 33931
292; 264; 33930
293; 264; 34010
294; 264; 34101
295; 264; 34137
296; 264; 34119
297; 264; 33885
287; 265; 33199
288; 265; 33608
289; 265; 33907
290; 265; 33944
291; 265; 33898
292; 265; 33887
293; 265; 33945
294; 265; 34032
295; 265; 34112
296; 265; 34143
297; 265; 33936
288; 266; 33777
289; 266; 33959
290; 266; 33938
291; 266; 33860
292; 266; 33827
293; 266; 33851
294; 266; 33921
295; 266; 34044
296; 266; 34094
297; 266; 33853
288; 267; 33929
289; 267; 33986
290; 267; 33896
291; 267; 33794
292; 267; 33756
293; 267; 33769
294; 267; 33844
295; 267; 33977
296; 267; 34012
297; 267; 33680
288; 268; 33979
289; 268; 33947
290; 268; 33795
291; 268; 33698
292; 268; 33703
293; 268; 33756
294; 268; 33852
295; 268; 33945
296; 268; 33890
289; 269; 33915
290; 269; 33789
291; 269; 33727
292; 269; 33784
293; 269; 33867
294; 269; 33918
295; 269; 33912
289; 270; 33946
290; 270; 33937
291; 270; 33931
292; 270; 33992
293; 270; 33990
294; 270; 33925
