112; 153; 32512
113; 153; 33867
114; 153; 33677
112; 154; 33904
113; 154; 34220
114; 154; 33768
115; 154; 33467
116; 154; 33541
111; 155; 35193
112; 155; 33986
113; 155; 34047
114; 155; 33819
115; 155; 33718
116; 155; 33884
112; 156; 34095
113; 156; 33913
114; 156; 33991
115; 156; 34047
116; 156; 34284
112; 157; 33965
113; 157; 34055
114; 157; 34139
115; 157; 34128
116; 157; 34202
113; 158; 34646
114; 158; 34685
115; 158; 34402
116; 158; 34194
113; 159; 33851
114; 159; 34000
115; 159; 34773
