120; 111; 32979
121; 111; 33041
122; 111; 33021
123; 111; 33010
124; 111; 33013
125; 111; 33005
126; 111; 32984
127; 111; 32942
128; 111; 32903
129; 111; 32886
130; 111; 32924
131; 111; 32922
132; 111; 32914
133; 111; 32893
134; 111; 32912
135; 111; 32921
136; 111; 32957
137; 111; 32972
138; 111; 32950
139; 111; 32914
140; 111; 32969
141; 111; 33111
142; 111; 33240
143; 111; 33413
144; 111; 33650
145; 111; 33902
146; 111; 34123
147; 111; 34196
148; 111; 34159
149; 111; 33895
150; 111; 33704
151; 111; 33707
152; 111; 33732
153; 111; 33732
154; 111; 33743
155; 111; 33758
156; 111; 33744
157; 111; 33707
158; 111; 33668
159; 111; 33662
160; 111; 33682
161; 111; 33675
162; 111; 33662
163; 111; 33702
164; 111; 33765
165; 111; 33778
166; 111; 33743
167; 111; 33686
168; 111; 33623
169; 111; 33597
170; 111; 33625
171; 111; 33647
172; 111; 33627
173; 111; 33595
174; 111; 33585
175; 111; 33607
176; 111; 33637
177; 111; 33640
178; 111; 33607
179; 111; 33606
180; 111; 33646
181; 111; 33647
182; 111; 33627
183; 111; 33654
184; 111; 33667
185; 111; 33595
186; 111; 33522
187; 111; 33544
188; 111; 33588
189; 111; 33563
190; 111; 33520
191; 111; 33557
192; 111; 33648
120; 112; 33062
121; 112; 33081
122; 112; 33042
123; 112; 33017
124; 112; 32994
125; 112; 32959
126; 112; 32926
127; 112; 32887
128; 112; 32865
129; 112; 32872
130; 112; 32904
131; 112; 32884
132; 112; 32878
133; 112; 32884
134; 112; 32883
135; 112; 32922
136; 112; 32985
137; 112; 32983
138; 112; 32944
139; 112; 32937
140; 112; 32955
141; 112; 32988
142; 112; 33040
143; 112; 33262
144; 112; 33566
145; 112; 33707
146; 112; 33862
147; 112; 34031
148; 112; 34005
149; 112; 33749
150; 112; 33615
151; 112; 33657
152; 112; 33718
153; 112; 33730
154; 112; 33730
155; 112; 33754
156; 112; 33798
157; 112; 33807
158; 112; 33737
159; 112; 33651
160; 112; 33623
161; 112; 33628
162; 112; 33661
163; 112; 33752
164; 112; 33822
165; 112; 33786
166; 112; 33712
167; 112; 33671
168; 112; 33634
169; 112; 33608
170; 112; 33628
171; 112; 33645
172; 112; 33618
173; 112; 33599
174; 112; 33629
175; 112; 33657
176; 112; 33626
177; 112; 33567
178; 112; 33537
179; 112; 33556
180; 112; 33584
181; 112; 33589
182; 112; 33608
183; 112; 33660
184; 112; 33672
185; 112; 33619
186; 112; 33573
187; 112; 33575
188; 112; 33563
189; 112; 33512
190; 112; 33467
191; 112; 33512
192; 112; 33609
120; 113; 33104
121; 113; 33105
122; 113; 33054
123; 113; 33016
124; 113; 32979
125; 113; 32924
126; 113; 32881
127; 113; 32874
128; 113; 32870
129; 113; 32884
130; 113; 32906
131; 113; 32896
132; 113; 32887
133; 113; 32902
134; 113; 32899
135; 113; 32920
136; 113; 32950
137; 113; 32963
138; 113; 32931
139; 113; 32923
140; 113; 32936
141; 113; 32922
142; 113; 32928
143; 113; 33141
144; 113; 33461
145; 113; 33568
146; 113; 33585
147; 113; 33710
148; 113; 33777
149; 113; 33682
150; 113; 33570
151; 113; 33565
152; 113; 33603
153; 113; 33636
154; 113; 33655
155; 113; 33703
156; 113; 33797
157; 113; 33856
158; 113; 33792
159; 113; 33670
160; 113; 33607
161; 113; 33611
162; 113; 33663
163; 113; 33752
164; 113; 33786
165; 113; 33711
166; 113; 33639
167; 113; 33662
168; 113; 33688
169; 113; 33655
170; 113; 33608
171; 113; 33592
172; 113; 33589
173; 113; 33602
174; 113; 33650
175; 113; 33682
176; 113; 33632
177; 113; 33560
178; 113; 33553
179; 113; 33580
180; 113; 33555
181; 113; 33520
182; 113; 33576
183; 113; 33661
184; 113; 33657
185; 113; 33600
186; 113; 33585
187; 113; 33587
188; 113; 33563
189; 113; 33538
190; 113; 33500
191; 113; 33483
192; 113; 33515
120; 114; 33148
121; 114; 33129
122; 114; 33056
123; 114; 33001
124; 114; 32949
125; 114; 32883
126; 114; 32881
127; 114; 32924
128; 114; 32905
129; 114; 32886
130; 114; 32901
131; 114; 32917
132; 114; 32926
133; 114; 32944
134; 114; 32939
135; 114; 32903
136; 114; 32898
137; 114; 32903
138; 114; 32898
139; 114; 32912
140; 114; 32937
141; 114; 32910
142; 114; 32887
143; 114; 32966
144; 114; 33269
145; 114; 33513
146; 114; 33588
147; 114; 33679
148; 114; 33748
149; 114; 33693
150; 114; 33544
151; 114; 33478
152; 114; 33502
153; 114; 33561
154; 114; 33589
155; 114; 33629
156; 114; 33728
157; 114; 33820
158; 114; 33805
159; 114; 33718
160; 114; 33664
161; 114; 33672
162; 114; 33709
163; 114; 33735
164; 114; 33705
165; 114; 33627
166; 114; 33600
167; 114; 33680
168; 114; 33743
169; 114; 33686
170; 114; 33578
171; 114; 33555
172; 114; 33598
173; 114; 33621
174; 114; 33637
175; 114; 33665
176; 114; 33649
177; 114; 33610
178; 114; 33624
179; 114; 33633
180; 114; 33555
181; 114; 33495
182; 114; 33579
183; 114; 33662
184; 114; 33612
185; 114; 33541
186; 114; 33553
187; 114; 33576
188; 114; 33588
189; 114; 33619
190; 114; 33601
191; 114; 33518
192; 114; 33470
120; 115; 33195
121; 115; 33143
122; 115; 33056
123; 115; 33001
124; 115; 32957
125; 115; 32899
126; 115; 32892
127; 115; 32925
128; 115; 32910
129; 115; 32881
130; 115; 32865
131; 115; 32895
132; 115; 32940
133; 115; 32952
134; 115; 32939
135; 115; 32891
136; 115; 32901
137; 115; 32906
138; 115; 32892
139; 115; 32918
140; 115; 32965
141; 115; 32956
142; 115; 32907
143; 115; 32905
144; 115; 33000
145; 115; 33319
146; 115; 33578
147; 115; 33694
148; 115; 33763
149; 115; 33770
150; 115; 33672
151; 115; 33594
152; 115; 33600
153; 115; 33624
154; 115; 33613
155; 115; 33561
156; 115; 33585
157; 115; 33672
158; 115; 33733
159; 115; 33737
160; 115; 33742
161; 115; 33774
162; 115; 33792
163; 115; 33752
164; 115; 33668
165; 115; 33595
166; 115; 33599
167; 115; 33687
168; 115; 33733
169; 115; 33657
170; 115; 33560
171; 115; 33583
172; 115; 33668
173; 115; 33675
174; 115; 33649
175; 115; 33665
176; 115; 33674
177; 115; 33649
178; 115; 33641
179; 115; 33616
180; 115; 33537
181; 115; 33525
182; 115; 33635
183; 115; 33689
184; 115; 33603
185; 115; 33532
186; 115; 33541
187; 115; 33561
188; 115; 33603
189; 115; 33674
190; 115; 33669
191; 115; 33570
192; 115; 33499
120; 116; 33213
121; 116; 33119
122; 116; 33031
123; 116; 32993
124; 116; 32990
125; 116; 32950
126; 116; 32906
127; 116; 32920
128; 116; 32901
129; 116; 32898
130; 116; 32871
131; 116; 32883
132; 116; 32933
133; 116; 32943
134; 116; 32934
135; 116; 32909
136; 116; 32922
137; 116; 32940
138; 116; 32907
139; 116; 32899
140; 116; 32955
141; 116; 33007
142; 116; 33001
143; 116; 32924
144; 116; 32877
145; 116; 33034
146; 116; 33370
147; 116; 33586
148; 116; 33685
149; 116; 33876
150; 116; 34022
151; 116; 34069
152; 116; 34004
153; 116; 33884
154; 116; 33704
155; 116; 33546
156; 116; 33454
157; 116; 33484
158; 116; 33588
159; 116; 33682
160; 116; 33754
161; 116; 33805
162; 116; 33821
163; 116; 33774
164; 116; 33686
165; 116; 33618
166; 116; 33614
167; 116; 33659
168; 116; 33667
169; 116; 33606
170; 116; 33571
171; 116; 33650
172; 116; 33753
173; 116; 33750
174; 116; 33696
175; 116; 33686
176; 116; 33692
177; 116; 33664
178; 116; 33621
179; 116; 33562
180; 116; 33511
181; 116; 33560
182; 116; 33679
183; 116; 33713
184; 116; 33639
185; 116; 33595
186; 116; 33585
187; 116; 33567
188; 116; 33605
189; 116; 33685
190; 116; 33671
191; 116; 33561
192; 116; 33508
120; 117; 33302
121; 117; 33095
122; 117; 33009
123; 117; 32961
124; 117; 32969
125; 117; 32968
126; 117; 32957
127; 117; 32959
128; 117; 32919
129; 117; 32934
130; 117; 32919
131; 117; 32897
132; 117; 32917
133; 117; 32919
134; 117; 32913
135; 117; 32927
136; 117; 32944
137; 117; 32949
138; 117; 32914
139; 117; 32892
140; 117; 32938
141; 117; 33020
142; 117; 33089
143; 117; 33051
144; 117; 32937
145; 117; 32934
146; 117; 33129
147; 117; 33348
148; 117; 33540
149; 117; 33843
150; 117; 34197
151; 117; 34263
152; 117; 34163
153; 117; 33947
154; 117; 33769
155; 117; 33614
156; 117; 33458
157; 117; 33408
158; 117; 33480
159; 117; 33597
160; 117; 33693
161; 117; 33743
162; 117; 33768
163; 117; 33759
164; 117; 33715
165; 117; 33665
166; 117; 33636
167; 117; 33634
168; 117; 33621
169; 117; 33590
170; 117; 33595
171; 117; 33687
172; 117; 33795
173; 117; 33801
174; 117; 33724
175; 117; 33667
176; 117; 33656
177; 117; 33652
178; 117; 33621
179; 117; 33558
180; 117; 33528
181; 117; 33585
182; 117; 33670
183; 117; 33690
184; 117; 33658
185; 117; 33649
186; 117; 33615
187; 117; 33565
188; 117; 33594
189; 117; 33669
190; 117; 33645
191; 117; 33523
192; 117; 33472
120; 118; 33465
121; 118; 33195
122; 118; 32997
123; 118; 32935
124; 118; 32927
125; 118; 32949
126; 118; 32969
127; 118; 32944
128; 118; 32915
129; 118; 32941
130; 118; 32916
131; 118; 32890
132; 118; 32893
133; 118; 32875
134; 118; 32879
135; 118; 32914
136; 118; 32945
137; 118; 32945
138; 118; 32921
139; 118; 32904
140; 118; 32948
141; 118; 33021
142; 118; 33115
143; 118; 33171
144; 118; 33060
145; 118; 32944
146; 118; 33005
147; 118; 33230
148; 118; 33381
149; 118; 33662
150; 118; 34061
151; 118; 34191
152; 118; 33981
153; 118; 33801
154; 118; 33771
155; 118; 33722
156; 118; 33609
157; 118; 33528
158; 118; 33522
159; 118; 33570
160; 118; 33631
161; 118; 33671
162; 118; 33696
163; 118; 33727
164; 118; 33751
165; 118; 33730
166; 118; 33679
167; 118; 33645
168; 118; 33634
169; 118; 33620
170; 118; 33618
171; 118; 33673
172; 118; 33774
173; 118; 33805
174; 118; 33707
175; 118; 33593
176; 118; 33561
177; 118; 33604
178; 118; 33624
179; 118; 33585
180; 118; 33565
181; 118; 33598
182; 118; 33641
183; 118; 33657
184; 118; 33668
185; 118; 33680
186; 118; 33631
187; 118; 33558
188; 118; 33559
189; 118; 33612
190; 118; 33610
191; 118; 33540
192; 118; 33495
120; 119; 33598
121; 119; 33350
122; 119; 33049
123; 119; 32911
124; 119; 32899
125; 119; 32928
126; 119; 32941
127; 119; 32914
128; 119; 32895
129; 119; 32917
130; 119; 32891
131; 119; 32874
132; 119; 32880
133; 119; 32885
134; 119; 32894
135; 119; 32893
136; 119; 32915
137; 119; 32937
138; 119; 32932
139; 119; 32904
140; 119; 32934
141; 119; 33011
142; 119; 33091
143; 119; 33191
144; 119; 33137
145; 119; 32966
146; 119; 32982
147; 119; 33155
148; 119; 33319
149; 119; 33506
150; 119; 33806
151; 119; 33955
152; 119; 33814
153; 119; 33736
154; 119; 33761
155; 119; 33798
156; 119; 33792
157; 119; 33768
158; 119; 33707
159; 119; 33641
160; 119; 33629
161; 119; 33643
162; 119; 33656
163; 119; 33706
164; 119; 33780
165; 119; 33790
166; 119; 33721
167; 119; 33668
168; 119; 33665
169; 119; 33660
170; 119; 33632
171; 119; 33632
172; 119; 33710
173; 119; 33771
174; 119; 33686
175; 119; 33539
176; 119; 33498
177; 119; 33569
178; 119; 33615
179; 119; 33588
180; 119; 33560
181; 119; 33579
182; 119; 33621
183; 119; 33668
184; 119; 33715
185; 119; 33727
186; 119; 33675
187; 119; 33594
188; 119; 33547
189; 119; 33557
190; 119; 33591
191; 119; 33611
192; 119; 33586
120; 120; 33574
121; 120; 33457
122; 120; 33174
123; 120; 32959
124; 120; 32910
125; 120; 32901
126; 120; 32912
127; 120; 32907
128; 120; 32884
129; 120; 32888
130; 120; 32890
131; 120; 32879
132; 120; 32879
133; 120; 32898
134; 120; 32900
135; 120; 32906
136; 120; 32922
137; 120; 32926
138; 120; 32942
139; 120; 32939
140; 120; 32924
141; 120; 32970
142; 120; 33038
143; 120; 33158
144; 120; 33200
145; 120; 33066
146; 120; 33016
147; 120; 33122
148; 120; 33315
149; 120; 33493
150; 120; 33708
151; 120; 33815
152; 120; 33824
153; 120; 33798
154; 120; 33790
155; 120; 33811
156; 120; 33880
157; 120; 33938
158; 120; 33874
159; 120; 33751
160; 120; 33692
161; 120; 33676
162; 120; 33663
163; 120; 33697
164; 120; 33765
165; 120; 33774
166; 120; 33708
167; 120; 33666
168; 120; 33674
169; 120; 33678
170; 120; 33643
171; 120; 33612
172; 120; 33663
173; 120; 33725
174; 120; 33673
175; 120; 33554
176; 120; 33528
177; 120; 33611
178; 120; 33652
179; 120; 33593
180; 120; 33531
181; 120; 33547
182; 120; 33612
183; 120; 33681
184; 120; 33729
185; 120; 33737
186; 120; 33710
187; 120; 33661
188; 120; 33601
189; 120; 33572
190; 120; 33596
191; 120; 33641
192; 120; 33618
120; 121; 33550
121; 121; 33533
122; 121; 33355
123; 121; 33075
124; 121; 32965
125; 121; 32904
126; 121; 32910
127; 121; 32916
128; 121; 32903
129; 121; 32909
130; 121; 32902
131; 121; 32894
132; 121; 32881
133; 121; 32887
134; 121; 32918
135; 121; 32946
136; 121; 32927
137; 121; 32911
138; 121; 32933
139; 121; 32946
140; 121; 32917
141; 121; 32933
142; 121; 32986
143; 121; 33128
144; 121; 33256
145; 121; 33170
146; 121; 33064
147; 121; 33118
148; 121; 33306
149; 121; 33510
150; 121; 33647
151; 121; 33768
152; 121; 33846
153; 121; 33872
154; 121; 33826
155; 121; 33782
156; 121; 33833
157; 121; 33904
158; 121; 33866
159; 121; 33782
160; 121; 33753
161; 121; 33738
162; 121; 33706
163; 121; 33707
164; 121; 33724
165; 121; 33702
166; 121; 33663
167; 121; 33662
168; 121; 33679
169; 121; 33678
170; 121; 33660
171; 121; 33647
172; 121; 33666
173; 121; 33681
174; 121; 33638
175; 121; 33571
176; 121; 33582
177; 121; 33671
178; 121; 33706
179; 121; 33636
180; 121; 33569
181; 121; 33574
182; 121; 33617
183; 121; 33652
184; 121; 33664
185; 121; 33671
186; 121; 33678
187; 121; 33675
188; 121; 33653
189; 121; 33629
190; 121; 33617
191; 121; 33601
192; 121; 33561
120; 122; 33604
121; 122; 33653
122; 122; 33502
123; 122; 33150
124; 122; 33024
125; 122; 32933
126; 122; 32897
127; 122; 32915
128; 122; 32917
129; 122; 32908
130; 122; 32889
131; 122; 32898
132; 122; 32905
133; 122; 32901
134; 122; 32922
135; 122; 32943
136; 122; 32912
137; 122; 32907
138; 122; 32924
139; 122; 32907
140; 122; 32901
141; 122; 32935
142; 122; 32975
143; 122; 33102
144; 122; 33233
145; 122; 33194
146; 122; 33062
147; 122; 33031
148; 122; 33226
149; 122; 33519
150; 122; 33653
151; 122; 33717
152; 122; 33790
153; 122; 33863
154; 122; 33841
155; 122; 33760
156; 122; 33737
157; 122; 33761
158; 122; 33748
159; 122; 33734
160; 122; 33758
161; 122; 33757
162; 122; 33729
163; 122; 33727
164; 122; 33722
165; 122; 33691
166; 122; 33674
167; 122; 33688
168; 122; 33684
169; 122; 33662
170; 122; 33670
171; 122; 33703
172; 122; 33695
173; 122; 33641
174; 122; 33589
175; 122; 33571
176; 122; 33608
177; 122; 33667
178; 122; 33688
179; 122; 33652
180; 122; 33630
181; 122; 33629
182; 122; 33615
183; 122; 33588
184; 122; 33583
185; 122; 33612
186; 122; 33626
187; 122; 33613
188; 122; 33620
189; 122; 33648
190; 122; 33638
191; 122; 33576
192; 122; 33536
120; 123; 33614
121; 123; 33684
122; 123; 33614
123; 123; 33295
124; 123; 33076
125; 123; 32985
126; 123; 32896
127; 123; 32903
128; 123; 32918
129; 123; 32893
130; 123; 32877
131; 123; 32884
132; 123; 32911
133; 123; 32921
134; 123; 32904
135; 123; 32906
136; 123; 32906
137; 123; 32938
138; 123; 32977
139; 123; 32934
140; 123; 32910
141; 123; 32962
142; 123; 33002
143; 123; 33066
144; 123; 33161
145; 123; 33180
146; 123; 33083
147; 123; 32992
148; 123; 33105
149; 123; 33504
150; 123; 33686
151; 123; 33698
152; 123; 33727
153; 123; 33832
154; 123; 33875
155; 123; 33807
156; 123; 33726
157; 123; 33689
158; 123; 33673
159; 123; 33681
160; 123; 33717
161; 123; 33722
162; 123; 33711
163; 123; 33728
164; 123; 33748
165; 123; 33735
166; 123; 33709
167; 123; 33695
168; 123; 33667
169; 123; 33640
170; 123; 33668
171; 123; 33714
172; 123; 33687
173; 123; 33612
174; 123; 33581
175; 123; 33603
176; 123; 33641
177; 123; 33654
178; 123; 33628
179; 123; 33600
180; 123; 33609
181; 123; 33626
182; 123; 33601
183; 123; 33560
184; 123; 33583
185; 123; 33643
186; 123; 33640
187; 123; 33575
188; 123; 33557
189; 123; 33608
190; 123; 33628
191; 123; 33589
192; 123; 33587
120; 124; 33406
121; 124; 33628
122; 124; 33650
123; 124; 33482
124; 124; 33186
125; 124; 33014
126; 124; 32925
127; 124; 32895
128; 124; 32906
129; 124; 32901
130; 124; 32883
131; 124; 32874
132; 124; 32885
133; 124; 32903
134; 124; 32892
135; 124; 32884
136; 124; 32888
137; 124; 32930
138; 124; 32977
139; 124; 32922
140; 124; 32900
141; 124; 32973
142; 124; 33018
143; 124; 33040
144; 124; 33127
145; 124; 33233
146; 124; 33190
147; 124; 33033
148; 124; 33030
149; 124; 33382
150; 124; 33660
151; 124; 33678
152; 124; 33718
153; 124; 33834
154; 124; 33915
155; 124; 33877
156; 124; 33783
157; 124; 33707
158; 124; 33658
159; 124; 33643
160; 124; 33674
161; 124; 33704
162; 124; 33711
163; 124; 33720
164; 124; 33740
165; 124; 33736
166; 124; 33691
167; 124; 33651
168; 124; 33642
169; 124; 33657
170; 124; 33684
171; 124; 33671
172; 124; 33620
173; 124; 33594
174; 124; 33625
175; 124; 33668
176; 124; 33693
177; 124; 33690
178; 124; 33632
179; 124; 33559
180; 124; 33552
181; 124; 33597
182; 124; 33605
183; 124; 33587
184; 124; 33625
185; 124; 33693
186; 124; 33692
187; 124; 33619
188; 124; 33568
189; 124; 33576
190; 124; 33578
191; 124; 33566
192; 124; 33610
120; 125; 33086
121; 125; 33395
122; 125; 33602
123; 125; 33560
124; 125; 33323
125; 125; 33041
126; 125; 32942
127; 125; 32891
128; 125; 32888
129; 125; 32899
130; 125; 32893
131; 125; 32889
132; 125; 32888
133; 125; 32903
134; 125; 32901
135; 125; 32890
136; 125; 32875
137; 125; 32909
138; 125; 32950
139; 125; 32910
140; 125; 32891
141; 125; 32941
142; 125; 32991
143; 125; 33027
144; 125; 33127
145; 125; 33281
146; 125; 33281
147; 125; 33089
148; 125; 33013
149; 125; 33194
150; 125; 33503
151; 125; 33626
152; 125; 33722
153; 125; 33829
154; 125; 33888
155; 125; 33865
156; 125; 33800
157; 125; 33731
158; 125; 33662
159; 125; 33622
160; 125; 33650
161; 125; 33714
162; 125; 33737
163; 125; 33716
164; 125; 33704
165; 125; 33700
166; 125; 33660
167; 125; 33615
168; 125; 33646
169; 125; 33712
170; 125; 33722
171; 125; 33646
172; 125; 33573
173; 125; 33589
174; 125; 33657
175; 125; 33699
176; 125; 33717
177; 125; 33737
178; 125; 33696
179; 125; 33593
180; 125; 33537
181; 125; 33576
182; 125; 33610
183; 125; 33600
184; 125; 33619
185; 125; 33677
186; 125; 33710
187; 125; 33690
188; 125; 33644
189; 125; 33587
190; 125; 33531
191; 125; 33521
192; 125; 33586
120; 126; 32938
121; 126; 33076
122; 126; 33357
123; 126; 33513
124; 126; 33426
125; 126; 33119
126; 126; 32988
127; 126; 32941
128; 126; 32917
129; 126; 32912
130; 126; 32894
131; 126; 32888
132; 126; 32896
133; 126; 32910
134; 126; 32900
135; 126; 32893
136; 126; 32890
137; 126; 32917
138; 126; 32942
139; 126; 32904
140; 126; 32898
141; 126; 32935
142; 126; 32937
143; 126; 32986
144; 126; 33087
145; 126; 33205
146; 126; 33267
147; 126; 33179
148; 126; 33079
149; 126; 33153
150; 126; 33404
151; 126; 33598
152; 126; 33720
153; 126; 33793
154; 126; 33808
155; 126; 33790
156; 126; 33781
157; 126; 33767
158; 126; 33709
159; 126; 33639
160; 126; 33635
161; 126; 33691
162; 126; 33720
163; 126; 33706
164; 126; 33707
165; 126; 33714
166; 126; 33674
167; 126; 33620
168; 126; 33645
169; 126; 33709
170; 126; 33729
171; 126; 33678
172; 126; 33610
173; 126; 33604
174; 126; 33641
175; 126; 33664
176; 126; 33693
177; 126; 33746
178; 126; 33742
179; 126; 33653
180; 126; 33572
181; 126; 33574
182; 126; 33593
183; 126; 33574
184; 126; 33579
185; 126; 33632
186; 126; 33683
187; 126; 33692
188; 126; 33672
189; 126; 33617
190; 126; 33542
191; 126; 33525
192; 126; 33588
120; 127; 32931
121; 127; 32906
122; 127; 33037
123; 127; 33375
124; 127; 33467
125; 127; 33301
126; 127; 33048
127; 127; 33006
128; 127; 32966
129; 127; 32943
130; 127; 32890
131; 127; 32865
132; 127; 32883
133; 127; 32891
134; 127; 32879
135; 127; 32882
136; 127; 32899
137; 127; 32933
138; 127; 32914
139; 127; 32881
140; 127; 32906
141; 127; 32918
142; 127; 32912
143; 127; 32952
144; 127; 33009
145; 127; 33080
146; 127; 33204
147; 127; 33266
148; 127; 33231
149; 127; 33260
150; 127; 33423
151; 127; 33585
152; 127; 33689
153; 127; 33738
154; 127; 33750
155; 127; 33749
156; 127; 33766
157; 127; 33795
158; 127; 33776
159; 127; 33699
160; 127; 33642
161; 127; 33647
162; 127; 33678
163; 127; 33714
164; 127; 33760
165; 127; 33769
166; 127; 33716
167; 127; 33657
168; 127; 33630
169; 127; 33628
170; 127; 33671
171; 127; 33712
172; 127; 33690
173; 127; 33623
174; 127; 33598
175; 127; 33634
176; 127; 33684
177; 127; 33722
178; 127; 33722
179; 127; 33671
180; 127; 33614
181; 127; 33597
182; 127; 33586
183; 127; 33555
184; 127; 33570
185; 127; 33629
186; 127; 33660
187; 127; 33645
188; 127; 33635
189; 127; 33636
190; 127; 33606
191; 127; 33578
192; 127; 33610
120; 128; 33036
121; 128; 32911
122; 128; 32922
123; 128; 33146
124; 128; 33448
125; 128; 33446
126; 128; 33169
127; 128; 33010
128; 128; 32984
129; 128; 32964
130; 128; 32907
131; 128; 32875
132; 128; 32881
133; 128; 32900
134; 128; 32915
135; 128; 32915
136; 128; 32924
137; 128; 32932
138; 128; 32893
139; 128; 32875
140; 128; 32890
141; 128; 32904
142; 128; 32925
143; 128; 32937
144; 128; 32956
145; 128; 33037
146; 128; 33187
147; 128; 33281
148; 128; 33253
149; 128; 33265
150; 128; 33426
151; 128; 33571
152; 128; 33628
153; 128; 33662
154; 128; 33706
155; 128; 33740
156; 128; 33744
157; 128; 33758
158; 128; 33775
159; 128; 33737
160; 128; 33666
161; 128; 33635
162; 128; 33679
163; 128; 33751
164; 128; 33794
165; 128; 33773
166; 128; 33714
167; 128; 33674
168; 128; 33634
169; 128; 33582
170; 128; 33608
171; 128; 33697
172; 128; 33718
173; 128; 33634
174; 128; 33596
175; 128; 33661
176; 128; 33708
177; 128; 33690
178; 128; 33652
179; 128; 33630
180; 128; 33621
181; 128; 33622
182; 128; 33611
183; 128; 33580
184; 128; 33602
185; 128; 33665
186; 128; 33686
187; 128; 33629
188; 128; 33599
189; 128; 33640
190; 128; 33657
191; 128; 33618
192; 128; 33605
120; 129; 33090
121; 129; 32978
122; 129; 32899
123; 129; 32949
124; 129; 33239
125; 129; 33405
126; 129; 33296
127; 129; 33059
128; 129; 33004
129; 129; 32976
130; 129; 32928
131; 129; 32924
132; 129; 32916
133; 129; 32915
134; 129; 32930
135; 129; 32924
136; 129; 32926
137; 129; 32913
138; 129; 32890
139; 129; 32903
140; 129; 32938
141; 129; 32941
142; 129; 32928
143; 129; 32921
144; 129; 32933
145; 129; 33044
146; 129; 33185
147; 129; 33217
148; 129; 33145
149; 129; 33166
150; 129; 33384
151; 129; 33582
152; 129; 33618
153; 129; 33605
154; 129; 33654
155; 129; 33733
156; 129; 33750
157; 129; 33732
158; 129; 33741
159; 129; 33730
160; 129; 33672
161; 129; 33640
162; 129; 33696
163; 129; 33770
164; 129; 33778
165; 129; 33727
166; 129; 33674
167; 129; 33663
168; 129; 33665
169; 129; 33628
170; 129; 33595
171; 129; 33629
172; 129; 33660
173; 129; 33638
174; 129; 33645
175; 129; 33714
176; 129; 33732
177; 129; 33653
178; 129; 33568
179; 129; 33547
180; 129; 33578
181; 129; 33613
182; 129; 33628
183; 129; 33611
184; 129; 33626
185; 129; 33686
186; 129; 33716
187; 129; 33642
188; 129; 33590
189; 129; 33637
190; 129; 33680
191; 129; 33648
192; 129; 33606
120; 130; 33017
121; 130; 32976
122; 130; 32910
123; 130; 32895
124; 130; 33011
125; 130; 33242
126; 130; 33285
127; 130; 33186
128; 130; 33069
129; 130; 32995
130; 130; 32948
131; 130; 32943
132; 130; 32932
133; 130; 32906
134; 130; 32907
135; 130; 32924
136; 130; 32916
137; 130; 32892
138; 130; 32887
139; 130; 32930
140; 130; 32974
141; 130; 32929
142; 130; 32891
143; 130; 32883
144; 130; 32939
145; 130; 33076
146; 130; 33177
147; 130; 33174
148; 130; 33083
149; 130; 33114
150; 130; 33347
151; 130; 33644
152; 130; 33678
153; 130; 33639
154; 130; 33642
155; 130; 33737
156; 130; 33807
157; 130; 33791
158; 130; 33750
159; 130; 33702
160; 130; 33645
161; 130; 33634
162; 130; 33689
163; 130; 33739
164; 130; 33733
165; 130; 33699
166; 130; 33661
167; 130; 33653
168; 130; 33685
169; 130; 33689
170; 130; 33619
171; 130; 33564
172; 130; 33582
173; 130; 33644
174; 130; 33701
175; 130; 33751
176; 130; 33745
177; 130; 33648
178; 130; 33527
179; 130; 33480
180; 130; 33519
181; 130; 33586
182; 130; 33634
183; 130; 33635
184; 130; 33629
185; 130; 33651
186; 130; 33673
187; 130; 33637
188; 130; 33606
189; 130; 33646
190; 130; 33694
191; 130; 33673
192; 130; 33621
120; 131; 32960
121; 131; 32959
122; 131; 32976
123; 131; 32970
124; 131; 32981
125; 131; 33071
126; 131; 33213
127; 131; 33257
128; 131; 33158
129; 131; 33039
130; 131; 32974
131; 131; 32930
132; 131; 32914
133; 131; 32897
134; 131; 32899
135; 131; 32923
136; 131; 32919
137; 131; 32894
138; 131; 32895
139; 131; 32952
140; 131; 32969
141; 131; 32918
142; 131; 32888
143; 131; 32894
144; 131; 32998
145; 131; 33111
146; 131; 33150
147; 131; 33157
148; 131; 33126
149; 131; 33161
150; 131; 33309
151; 131; 33615
152; 131; 33752
153; 131; 33737
154; 131; 33674
155; 131; 33707
156; 131; 33794
157; 131; 33812
158; 131; 33749
159; 131; 33660
160; 131; 33617
161; 131; 33650
162; 131; 33697
163; 131; 33701
164; 131; 33689
165; 131; 33700
166; 131; 33685
167; 131; 33650
168; 131; 33663
169; 131; 33677
170; 131; 33616
171; 131; 33541
172; 131; 33558
173; 131; 33647
174; 131; 33717
175; 131; 33760
176; 131; 33763
177; 131; 33679
178; 131; 33549
179; 131; 33478
180; 131; 33505
181; 131; 33581
182; 131; 33647
183; 131; 33667
184; 131; 33634
185; 131; 33594
186; 131; 33596
187; 131; 33622
188; 131; 33645
189; 131; 33676
190; 131; 33692
191; 131; 33658
192; 131; 33608
120; 132; 32949
121; 132; 32948
122; 132; 33002
123; 132; 33012
124; 132; 32948
125; 132; 32958
126; 132; 33090
127; 132; 33231
128; 132; 33204
129; 132; 33080
130; 132; 33006
131; 132; 32945
132; 132; 32904
133; 132; 32906
134; 132; 32928
135; 132; 32934
136; 132; 32935
137; 132; 32910
138; 132; 32894
139; 132; 32961
140; 132; 32984
141; 132; 32940
142; 132; 32910
143; 132; 32925
144; 132; 33032
145; 132; 33097
146; 132; 33084
147; 132; 33121
148; 132; 33197
149; 132; 33246
150; 132; 33276
151; 132; 33525
152; 132; 33777
153; 132; 33816
154; 132; 33693
155; 132; 33598
156; 132; 33625
157; 132; 33696
158; 132; 33699
159; 132; 33634
160; 132; 33626
161; 132; 33703
162; 132; 33735
163; 132; 33687
164; 132; 33675
165; 132; 33723
166; 132; 33726
167; 132; 33674
168; 132; 33640
169; 132; 33623
170; 132; 33593
171; 132; 33580
172; 132; 33610
173; 132; 33654
174; 132; 33703
175; 132; 33747
176; 132; 33747
177; 132; 33678
178; 132; 33580
179; 132; 33522
180; 132; 33544
181; 132; 33592
182; 132; 33636
183; 132; 33666
184; 132; 33653
185; 132; 33593
186; 132; 33567
187; 132; 33604
188; 132; 33663
189; 132; 33698
190; 132; 33683
191; 132; 33631
192; 132; 33591
120; 133; 32986
121; 133; 32961
122; 133; 32954
123; 133; 32955
124; 133; 32949
125; 133; 32947
126; 133; 33019
127; 133; 33158
128; 133; 33195
129; 133; 33098
130; 133; 33032
131; 133; 32980
132; 133; 32911
133; 133; 32909
134; 133; 32938
135; 133; 32946
136; 133; 32932
137; 133; 32930
138; 133; 32934
139; 133; 32948
140; 133; 32974
141; 133; 32962
142; 133; 32912
143; 133; 32913
144; 133; 33014
145; 133; 33075
146; 133; 33052
147; 133; 33109
148; 133; 33249
149; 133; 33306
150; 133; 33322
151; 133; 33527
152; 133; 33849
153; 133; 33864
154; 133; 33701
155; 133; 33506
156; 133; 33445
157; 133; 33535
158; 133; 33631
159; 133; 33638
160; 133; 33649
161; 133; 33719
162; 133; 33740
163; 133; 33700
164; 133; 33713
165; 133; 33769
166; 133; 33764
167; 133; 33702
168; 133; 33633
169; 133; 33580
170; 133; 33583
171; 133; 33631
172; 133; 33654
173; 133; 33655
174; 133; 33695
175; 133; 33731
176; 133; 33702
177; 133; 33637
178; 133; 33596
179; 133; 33582
180; 133; 33589
181; 133; 33589
182; 133; 33587
183; 133; 33609
184; 133; 33654
185; 133; 33648
186; 133; 33606
187; 133; 33595
188; 133; 33626
189; 133; 33670
190; 133; 33680
191; 133; 33643
192; 133; 33601
120; 134; 32993
121; 134; 32980
122; 134; 32941
123; 134; 32932
124; 134; 32980
125; 134; 33006
126; 134; 33009
127; 134; 33068
128; 134; 33153
129; 134; 33134
130; 134; 33067
131; 134; 32989
132; 134; 32916
133; 134; 32911
134; 134; 32940
135; 134; 32953
136; 134; 32943
137; 134; 32966
138; 134; 32970
139; 134; 32922
140; 134; 32917
141; 134; 32944
142; 134; 32922
143; 134; 32920
144; 134; 33022
145; 134; 33102
146; 134; 33089
147; 134; 33151
148; 134; 33285
149; 134; 33313
150; 134; 33333
151; 134; 33560
152; 134; 33867
153; 134; 33853
154; 134; 33709
155; 134; 33519
156; 134; 33377
157; 134; 33382
158; 134; 33496
159; 134; 33575
160; 134; 33611
161; 134; 33665
162; 134; 33702
163; 134; 33713
164; 134; 33757
165; 134; 33801
166; 134; 33767
167; 134; 33694
168; 134; 33628
169; 134; 33576
170; 134; 33588
171; 134; 33646
172; 134; 33648
173; 134; 33633
174; 134; 33687
175; 134; 33735
176; 134; 33696
177; 134; 33642
178; 134; 33629
179; 134; 33615
180; 134; 33591
181; 134; 33572
182; 134; 33557
183; 134; 33566
184; 134; 33636
185; 134; 33684
186; 134; 33652
187; 134; 33590
188; 134; 33568
189; 134; 33607
190; 134; 33653
191; 134; 33644
192; 134; 33595
120; 135; 32924
121; 135; 32982
122; 135; 33003
123; 135; 32976
124; 135; 32982
125; 135; 32999
126; 135; 32990
127; 135; 32991
128; 135; 33065
129; 135; 33158
130; 135; 33154
131; 135; 33043
132; 135; 32933
133; 135; 32916
134; 135; 32956
135; 135; 32959
136; 135; 32952
137; 135; 32973
138; 135; 32959
139; 135; 32936
140; 135; 32916
141; 135; 32948
142; 135; 32973
143; 135; 32988
144; 135; 33079
145; 135; 33149
146; 135; 33159
147; 135; 33228
148; 135; 33316
149; 135; 33295
150; 135; 33306
151; 135; 33512
152; 135; 33750
153; 135; 33763
154; 135; 33660
155; 135; 33533
156; 135; 33358
157; 135; 33247
158; 135; 33288
159; 135; 33403
160; 135; 33507
161; 135; 33601
162; 135; 33674
163; 135; 33721
164; 135; 33767
165; 135; 33780
166; 135; 33726
167; 135; 33667
168; 135; 33641
169; 135; 33621
170; 135; 33623
171; 135; 33646
172; 135; 33633
173; 135; 33621
174; 135; 33675
175; 135; 33728
176; 135; 33708
177; 135; 33675
178; 135; 33654
179; 135; 33601
180; 135; 33561
181; 135; 33580
182; 135; 33609
183; 135; 33611
184; 135; 33628
185; 135; 33652
186; 135; 33630
187; 135; 33580
188; 135; 33552
189; 135; 33573
190; 135; 33605
191; 135; 33593
192; 135; 33551
120; 136; 32913
121; 136; 32976
122; 136; 33034
123; 136; 33009
124; 136; 32977
125; 136; 32979
126; 136; 32981
127; 136; 32975
128; 136; 32987
129; 136; 33075
130; 136; 33198
131; 136; 33177
132; 136; 33027
133; 136; 32930
134; 136; 32941
135; 136; 32955
136; 136; 32959
137; 136; 32971
138; 136; 32960
139; 136; 32934
140; 136; 32908
141; 136; 32929
142; 136; 32951
143; 136; 32996
144; 136; 33108
145; 136; 33181
146; 136; 33215
147; 136; 33283
148; 136; 33346
149; 136; 33344
150; 136; 33350
151; 136; 33491
152; 136; 33601
153; 136; 33582
154; 136; 33538
155; 136; 33488
156; 136; 33363
157; 136; 33224
158; 136; 33189
159; 136; 33268
160; 136; 33397
161; 136; 33525
162; 136; 33637
163; 136; 33717
164; 136; 33750
165; 136; 33728
166; 136; 33676
167; 136; 33650
168; 136; 33653
169; 136; 33664
170; 136; 33676
171; 136; 33682
172; 136; 33658
173; 136; 33631
174; 136; 33657
175; 136; 33685
176; 136; 33672
177; 136; 33641
178; 136; 33619
179; 136; 33580
180; 136; 33567
181; 136; 33624
182; 136; 33702
183; 136; 33706
184; 136; 33650
185; 136; 33594
186; 136; 33569
187; 136; 33573
188; 136; 33588
189; 136; 33586
190; 136; 33577
191; 136; 33562
192; 136; 33545
120; 137; 32951
121; 137; 32952
122; 137; 32994
123; 137; 33018
124; 137; 33010
125; 137; 32999
126; 137; 32996
127; 137; 32990
128; 137; 32952
129; 137; 32949
130; 137; 33124
131; 137; 33272
132; 137; 33187
133; 137; 33015
134; 137; 32925
135; 137; 32927
136; 137; 32954
137; 137; 32988
138; 137; 32985
139; 137; 32925
140; 137; 32906
141; 137; 32913
142; 137; 32906
143; 137; 32966
144; 137; 33107
145; 137; 33200
146; 137; 33239
147; 137; 33290
148; 137; 33365
149; 137; 33448
150; 137; 33518
151; 137; 33546
152; 137; 33517
153; 137; 33474
154; 137; 33472
155; 137; 33484
156; 137; 33437
157; 137; 33341
158; 137; 33281
159; 137; 33285
160; 137; 33316
161; 137; 33373
162; 137; 33501
163; 137; 33643
164; 137; 33705
165; 137; 33685
166; 137; 33660
167; 137; 33658
168; 137; 33651
169; 137; 33647
170; 137; 33672
171; 137; 33708
172; 137; 33699
173; 137; 33649
174; 137; 33635
175; 137; 33643
176; 137; 33618
177; 137; 33566
178; 137; 33569
179; 137; 33619
180; 137; 33659
181; 137; 33691
182; 137; 33736
183; 137; 33740
184; 137; 33668
185; 137; 33579
186; 137; 33558
187; 137; 33589
188; 137; 33610
189; 137; 33590
190; 137; 33576
191; 137; 33587
192; 137; 33599
120; 138; 32978
121; 138; 32949
122; 138; 32961
123; 138; 33013
124; 138; 33032
125; 138; 33019
126; 138; 33026
127; 138; 33028
128; 138; 32982
129; 138; 32934
130; 138; 33036
131; 138; 33239
132; 138; 33316
133; 138; 33198
134; 138; 33008
135; 138; 32922
136; 138; 32956
137; 138; 32999
138; 138; 32969
139; 138; 32909
140; 138; 32930
141; 138; 32934
142; 138; 32906
143; 138; 32980
144; 138; 33111
145; 138; 33199
146; 138; 33249
147; 138; 33293
148; 138; 33369
149; 138; 33511
150; 138; 33642
151; 138; 33625
152; 138; 33508
153; 138; 33464
154; 138; 33514
155; 138; 33558
156; 138; 33524
157; 138; 33446
158; 138; 33399
159; 138; 33369
160; 138; 33284
161; 138; 33227
162; 138; 33321
163; 138; 33515
164; 138; 33648
165; 138; 33671
166; 138; 33667
167; 138; 33664
168; 138; 33638
169; 138; 33617
170; 138; 33647
171; 138; 33704
172; 138; 33703
173; 138; 33636
174; 138; 33617
175; 138; 33664
176; 138; 33655
177; 138; 33572
178; 138; 33565
179; 138; 33663
180; 138; 33720
181; 138; 33694
182; 138; 33680
183; 138; 33690
184; 138; 33652
185; 138; 33599
186; 138; 33597
187; 138; 33610
188; 138; 33592
189; 138; 33569
190; 138; 33580
191; 138; 33604
192; 138; 33628
120; 139; 32988
121; 139; 32969
122; 139; 32956
123; 139; 33003
124; 139; 33038
125; 139; 33024
126; 139; 33018
127; 139; 33046
128; 139; 33035
129; 139; 32972
130; 139; 32973
131; 139; 33121
132; 139; 33331
133; 139; 33385
134; 139; 33212
135; 139; 33029
136; 139; 32994
137; 139; 32999
138; 139; 32938
139; 139; 32892
140; 139; 32916
141; 139; 32950
142; 139; 32988
143; 139; 33073
144; 139; 33152
145; 139; 33221
146; 139; 33311
147; 139; 33370
148; 139; 33406
149; 139; 33519
150; 139; 33650
151; 139; 33630
152; 139; 33506
153; 139; 33476
154; 139; 33564
155; 139; 33616
156; 139; 33557
157; 139; 33470
158; 139; 33443
159; 139; 33437
160; 139; 33330
161; 139; 33200
162; 139; 33231
163; 139; 33420
164; 139; 33624
165; 139; 33703
166; 139; 33682
167; 139; 33647
168; 139; 33635
169; 139; 33643
170; 139; 33664
171; 139; 33699
172; 139; 33680
173; 139; 33604
174; 139; 33605
175; 139; 33715
176; 139; 33752
177; 139; 33647
178; 139; 33568
179; 139; 33614
180; 139; 33662
181; 139; 33640
182; 139; 33618
183; 139; 33611
184; 139; 33599
185; 139; 33601
186; 139; 33625
187; 139; 33621
188; 139; 33584
189; 139; 33564
190; 139; 33572
191; 139; 33585
192; 139; 33610
120; 140; 32969
121; 140; 32957
122; 140; 32965
123; 140; 32996
124; 140; 33015
125; 140; 33001
126; 140; 32999
127; 140; 33030
128; 140; 33026
129; 140; 32969
130; 140; 32916
131; 140; 32981
132; 140; 33207
133; 140; 33424
134; 140; 33411
135; 140; 33239
136; 140; 33107
137; 140; 33036
138; 140; 32965
139; 140; 32931
140; 140; 32955
141; 140; 33012
142; 140; 33090
143; 140; 33168
144; 140; 33213
145; 140; 33273
146; 140; 33391
147; 140; 33472
148; 140; 33481
149; 140; 33521
150; 140; 33585
151; 140; 33564
152; 140; 33490
153; 140; 33487
154; 140; 33556
155; 140; 33582
156; 140; 33539
157; 140; 33492
158; 140; 33473
159; 140; 33474
160; 140; 33412
161; 140; 33290
162; 140; 33256
163; 140; 33393
164; 140; 33633
165; 140; 33755
166; 140; 33697
167; 140; 33623
168; 140; 33641
169; 140; 33683
170; 140; 33690
171; 140; 33688
172; 140; 33651
173; 140; 33584
174; 140; 33602
175; 140; 33734
176; 140; 33789
177; 140; 33676
178; 140; 33534
179; 140; 33510
180; 140; 33573
181; 140; 33628
182; 140; 33626
183; 140; 33576
184; 140; 33546
185; 140; 33578
186; 140; 33621
187; 140; 33624
188; 140; 33605
189; 140; 33584
190; 140; 33567
191; 140; 33570
192; 140; 33594
120; 141; 32939
121; 141; 32948
122; 141; 32971
123; 141; 32981
124; 141; 32982
125; 141; 33015
126; 141; 33052
127; 141; 33023
128; 141; 32981
129; 141; 32982
130; 141; 32943
131; 141; 32899
132; 141; 33009
133; 141; 33270
134; 141; 33462
135; 141; 33443
136; 141; 33304
137; 141; 33166
138; 141; 33092
139; 141; 33082
140; 141; 33104
141; 141; 33142
142; 141; 33205
143; 141; 33271
144; 141; 33311
145; 141; 33371
146; 141; 33480
147; 141; 33557
148; 141; 33554
149; 141; 33530
150; 141; 33518
151; 141; 33497
152; 141; 33496
153; 141; 33527
154; 141; 33538
155; 141; 33517
156; 141; 33513
157; 141; 33526
158; 141; 33507
159; 141; 33482
160; 141; 33452
161; 141; 33365
162; 141; 33286
163; 141; 33383
164; 141; 33623
165; 141; 33752
166; 141; 33692
167; 141; 33630
168; 141; 33663
169; 141; 33691
170; 141; 33667
171; 141; 33643
172; 141; 33625
173; 141; 33604
174; 141; 33633
175; 141; 33721
176; 141; 33728
177; 141; 33632
178; 141; 33527
179; 141; 33493
180; 141; 33561
181; 141; 33662
182; 141; 33669
183; 141; 33580
184; 141; 33524
185; 141; 33565
186; 141; 33614
187; 141; 33635
188; 141; 33639
189; 141; 33603
190; 141; 33557
191; 141; 33561
192; 141; 33595
120; 142; 32985
121; 142; 32999
122; 142; 33000
123; 142; 32976
124; 142; 32967
125; 142; 33039
126; 142; 33098
127; 142; 33032
128; 142; 32963
129; 142; 32999
130; 142; 33020
131; 142; 32927
132; 142; 32883
133; 142; 33053
134; 142; 33354
135; 142; 33544
136; 142; 33523
137; 142; 33408
138; 142; 33334
139; 142; 33321
140; 142; 33327
141; 142; 33338
142; 142; 33363
143; 142; 33398
144; 142; 33436
145; 142; 33493
146; 142; 33567
147; 142; 33610
148; 142; 33601
149; 142; 33550
150; 142; 33488
151; 142; 33464
152; 142; 33514
153; 142; 33570
154; 142; 33550
155; 142; 33500
156; 142; 33513
157; 142; 33543
158; 142; 33511
159; 142; 33469
160; 142; 33457
161; 142; 33399
162; 142; 33324
163; 142; 33400
164; 142; 33595
165; 142; 33696
166; 142; 33673
167; 142; 33664
168; 142; 33695
169; 142; 33686
170; 142; 33645
171; 142; 33613
172; 142; 33610
173; 142; 33643
174; 142; 33678
175; 142; 33678
176; 142; 33623
177; 142; 33588
178; 142; 33584
179; 142; 33561
180; 142; 33573
181; 142; 33640
182; 142; 33664
183; 142; 33601
184; 142; 33556
185; 142; 33574
186; 142; 33599
187; 142; 33634
188; 142; 33656
189; 142; 33611
190; 142; 33544
191; 142; 33549
192; 142; 33592
120; 143; 33050
121; 143; 33052
122; 143; 33032
123; 143; 32999
124; 143; 32980
125; 143; 33011
126; 143; 33040
127; 143; 33016
128; 143; 32986
129; 143; 33008
130; 143; 33053
131; 143; 33013
132; 143; 32896
133; 143; 32920
134; 143; 33179
135; 143; 33489
136; 143; 33644
137; 143; 33639
138; 143; 33601
139; 143; 33575
140; 143; 33545
141; 143; 33535
142; 143; 33541
143; 143; 33533
144; 143; 33536
145; 143; 33586
146; 143; 33648
147; 143; 33661
148; 143; 33635
149; 143; 33575
150; 143; 33491
151; 143; 33455
152; 143; 33515
153; 143; 33590
154; 143; 33590
155; 143; 33553
156; 143; 33554
157; 143; 33556
158; 143; 33515
159; 143; 33471
160; 143; 33444
161; 143; 33399
162; 143; 33383
163; 143; 33476
164; 143; 33612
165; 143; 33663
166; 143; 33654
167; 143; 33667
168; 143; 33693
169; 143; 33695
170; 143; 33677
171; 143; 33635
172; 143; 33604
173; 143; 33644
174; 143; 33678
175; 143; 33616
176; 143; 33536
177; 143; 33575
178; 143; 33650
179; 143; 33622
180; 143; 33563
181; 143; 33580
182; 143; 33641
183; 143; 33649
184; 143; 33617
185; 143; 33588
186; 143; 33575
187; 143; 33599
188; 143; 33633
189; 143; 33614
190; 143; 33550
191; 143; 33527
192; 143; 33554
120; 144; 33023
121; 144; 33033
122; 144; 33045
123; 144; 33042
124; 144; 32998
125; 144; 32960
126; 144; 32965
127; 144; 33017
128; 144; 33044
129; 144; 33004
130; 144; 33010
131; 144; 33058
132; 144; 32995
133; 144; 32915
134; 144; 33032
135; 144; 33350
136; 144; 33638
137; 144; 33748
138; 144; 33763
139; 144; 33736
140; 144; 33678
141; 144; 33664
142; 144; 33683
143; 144; 33638
144; 144; 33570
145; 144; 33595
146; 144; 33670
147; 144; 33670
148; 144; 33616
149; 144; 33555
150; 144; 33493
151; 144; 33465
152; 144; 33513
153; 144; 33593
154; 144; 33620
155; 144; 33591
156; 144; 33575
157; 144; 33562
158; 144; 33532
159; 144; 33478
160; 144; 33394
161; 144; 33342
162; 144; 33399
163; 144; 33543
164; 144; 33658
165; 144; 33672
166; 144; 33648
167; 144; 33641
168; 144; 33654
169; 144; 33696
170; 144; 33714
171; 144; 33653
172; 144; 33579
173; 144; 33589
174; 144; 33624
175; 144; 33580
176; 144; 33534
177; 144; 33585
178; 144; 33653
179; 144; 33627
180; 144; 33558
181; 144; 33574
182; 144; 33652
183; 144; 33682
184; 144; 33657
185; 144; 33623
186; 144; 33576
187; 144; 33553
188; 144; 33581
189; 144; 33605
190; 144; 33574
191; 144; 33510
192; 144; 33508
120; 145; 32962
121; 145; 32994
122; 145; 33046
123; 145; 33072
124; 145; 33013
125; 145; 32938
126; 145; 32953
127; 145; 33048
128; 145; 33092
129; 145; 33011
130; 145; 32977
131; 145; 33074
132; 145; 33085
133; 145; 32968
134; 145; 32985
135; 145; 33271
136; 145; 33590
137; 145; 33724
138; 145; 33763
139; 145; 33766
140; 145; 33718
141; 145; 33709
142; 145; 33751
143; 145; 33707
144; 145; 33592
145; 145; 33573
146; 145; 33637
147; 145; 33630
148; 145; 33547
149; 145; 33486
150; 145; 33481
151; 145; 33502
152; 145; 33541
153; 145; 33583
154; 145; 33584
155; 145; 33548
156; 145; 33526
157; 145; 33544
158; 145; 33548
159; 145; 33471
160; 145; 33331
161; 145; 33264
162; 145; 33367
163; 145; 33535
164; 145; 33638
165; 145; 33660
166; 145; 33672
167; 145; 33680
168; 145; 33669
169; 145; 33677
170; 145; 33683
171; 145; 33623
172; 145; 33549
173; 145; 33551
174; 145; 33591
175; 145; 33593
176; 145; 33586
177; 145; 33601
178; 145; 33606
179; 145; 33586
180; 145; 33573
181; 145; 33610
182; 145; 33646
183; 145; 33639
184; 145; 33626
185; 145; 33636
186; 145; 33608
187; 145; 33548
188; 145; 33548
189; 145; 33614
190; 145; 33622
191; 145; 33526
192; 145; 33495
120; 146; 32940
121; 146; 32978
122; 146; 33031
123; 146; 33052
124; 146; 33010
125; 146; 32959
126; 146; 32976
127; 146; 33041
128; 146; 33064
129; 146; 33001
130; 146; 32983
131; 146; 33065
132; 146; 33062
133; 146; 32959
134; 146; 32975
135; 146; 33230
136; 146; 33531
137; 146; 33667
138; 146; 33720
139; 146; 33750
140; 146; 33703
141; 146; 33658
142; 146; 33710
143; 146; 33759
144; 146; 33710
145; 146; 33646
146; 146; 33632
147; 146; 33605
148; 146; 33520
149; 146; 33454
150; 146; 33478
151; 146; 33536
152; 146; 33554
153; 146; 33538
154; 146; 33511
155; 146; 33492
156; 146; 33478
157; 146; 33518
158; 146; 33562
159; 146; 33490
160; 146; 33343
161; 146; 33281
162; 146; 33393
163; 146; 33527
164; 146; 33571
165; 146; 33596
166; 146; 33684
167; 146; 33762
168; 146; 33739
169; 146; 33667
170; 146; 33613
171; 146; 33564
172; 146; 33530
173; 146; 33555
174; 146; 33599
175; 146; 33612
176; 146; 33614
177; 146; 33608
178; 146; 33579
179; 146; 33562
180; 146; 33584
181; 146; 33627
182; 146; 33621
183; 146; 33578
184; 146; 33578
185; 146; 33630
186; 146; 33641
187; 146; 33570
188; 146; 33551
189; 146; 33642
190; 146; 33675
191; 146; 33578
192; 146; 33526
120; 147; 32948
121; 147; 32949
122; 147; 32985
123; 147; 32994
124; 147; 32981
125; 147; 32981
126; 147; 32995
127; 147; 33004
128; 147; 33003
129; 147; 32992
130; 147; 32999
131; 147; 33026
132; 147; 33006
133; 147; 32937
134; 147; 32938
135; 147; 33141
136; 147; 33451
137; 147; 33652
138; 147; 33733
139; 147; 33761
140; 147; 33704
141; 147; 33590
142; 147; 33585
143; 147; 33743
144; 147; 33868
145; 147; 33804
146; 147; 33667
147; 147; 33599
148; 147; 33550
149; 147; 33482
150; 147; 33478
151; 147; 33522
152; 147; 33514
153; 147; 33477
154; 147; 33493
155; 147; 33527
156; 147; 33518
157; 147; 33522
158; 147; 33566
159; 147; 33539
160; 147; 33437
161; 147; 33403
162; 147; 33518
163; 147; 33610
164; 147; 33573
165; 147; 33547
166; 147; 33650
167; 147; 33768
168; 147; 33748
169; 147; 33656
170; 147; 33592
171; 147; 33554
172; 147; 33540
173; 147; 33583
174; 147; 33619
175; 147; 33605
176; 147; 33596
177; 147; 33606
178; 147; 33598
179; 147; 33595
180; 147; 33619
181; 147; 33642
182; 147; 33627
183; 147; 33597
184; 147; 33606
185; 147; 33643
186; 147; 33652
187; 147; 33597
188; 147; 33560
189; 147; 33614
190; 147; 33654
191; 147; 33606
192; 147; 33577
120; 148; 32973
121; 148; 32955
122; 148; 32979
123; 148; 32958
124; 148; 32954
125; 148; 32993
126; 148; 33014
127; 148; 32997
128; 148; 32988
129; 148; 32999
130; 148; 33000
131; 148; 32994
132; 148; 33001
133; 148; 32966
134; 148; 32922
135; 148; 33044
136; 148; 33366
137; 148; 33653
138; 148; 33760
139; 148; 33799
140; 148; 33802
141; 148; 33656
142; 148; 33519
143; 148; 33664
144; 148; 33921
145; 148; 33904
146; 148; 33677
147; 148; 33562
148; 148; 33544
149; 148; 33479
150; 148; 33447
151; 148; 33474
152; 148; 33464
153; 148; 33439
154; 148; 33523
155; 148; 33611
156; 148; 33581
157; 148; 33532
158; 148; 33556
159; 148; 33568
160; 148; 33507
161; 148; 33501
162; 148; 33633
163; 148; 33720
164; 148; 33640
165; 148; 33538
166; 148; 33582
167; 148; 33679
168; 148; 33673
169; 148; 33633
170; 148; 33629
171; 148; 33612
172; 148; 33593
173; 148; 33625
174; 148; 33642
175; 148; 33596
176; 148; 33577
177; 148; 33608
178; 148; 33618
179; 148; 33629
180; 148; 33665
181; 148; 33652
182; 148; 33622
183; 148; 33637
184; 148; 33657
185; 148; 33646
186; 148; 33633
187; 148; 33608
188; 148; 33556
189; 148; 33543
190; 148; 33568
191; 148; 33578
192; 148; 33600
120; 149; 33002
121; 149; 33004
122; 149; 32998
123; 149; 32946
124; 149; 32940
125; 149; 33004
126; 149; 33052
127; 149; 33034
128; 149; 33000
129; 149; 33000
130; 149; 32995
131; 149; 32979
132; 149; 33027
133; 149; 33041
134; 149; 32962
135; 149; 33014
136; 149; 33313
137; 149; 33629
138; 149; 33738
139; 149; 33804
140; 149; 33930
141; 149; 33851
142; 149; 33609
143; 149; 33619
144; 149; 33868
145; 149; 33897
146; 149; 33656
147; 149; 33507
148; 149; 33479
149; 149; 33419
150; 149; 33404
151; 149; 33454
152; 149; 33448
153; 149; 33423
154; 149; 33511
155; 149; 33602
156; 149; 33569
157; 149; 33512
158; 149; 33531
159; 149; 33549
160; 149; 33497
161; 149; 33507
162; 149; 33655
163; 149; 33762
164; 149; 33679
165; 149; 33546
166; 149; 33562
167; 149; 33635
168; 149; 33634
169; 149; 33624
170; 149; 33658
171; 149; 33663
172; 149; 33655
173; 149; 33669
174; 149; 33652
175; 149; 33593
176; 149; 33584
177; 149; 33610
178; 149; 33601
179; 149; 33614
180; 149; 33666
181; 149; 33632
182; 149; 33583
183; 149; 33618
184; 149; 33642
185; 149; 33602
186; 149; 33598
187; 149; 33621
188; 149; 33580
189; 149; 33521
190; 149; 33516
191; 149; 33537
192; 149; 33566
120; 150; 33010
121; 150; 33009
122; 150; 32994
123; 150; 32950
124; 150; 32951
125; 150; 33018
126; 150; 33072
127; 150; 33045
128; 150; 33005
129; 150; 33002
130; 150; 32988
131; 150; 32978
132; 150; 33043
133; 150; 33066
134; 150; 32986
135; 150; 33036
136; 150; 33313
137; 150; 33613
138; 150; 33694
139; 150; 33732
140; 150; 33919
141; 150; 33970
142; 150; 33756
143; 150; 33659
144; 150; 33797
145; 150; 33821
146; 150; 33620
147; 150; 33472
148; 150; 33429
149; 150; 33385
150; 150; 33398
151; 150; 33461
152; 150; 33457
153; 150; 33426
154; 150; 33474
155; 150; 33534
156; 150; 33516
157; 150; 33495
158; 150; 33507
159; 150; 33489
160; 150; 33437
161; 150; 33479
162; 150; 33641
163; 150; 33753
164; 150; 33681
165; 150; 33560
166; 150; 33594
167; 150; 33683
168; 150; 33680
169; 150; 33631
170; 150; 33625
171; 150; 33646
172; 150; 33677
173; 150; 33678
174; 150; 33622
175; 150; 33576
176; 150; 33606
177; 150; 33623
178; 150; 33580
179; 150; 33582
180; 150; 33638
181; 150; 33620
182; 150; 33572
183; 150; 33582
184; 150; 33587
185; 150; 33561
186; 150; 33597
187; 150; 33659
188; 150; 33629
189; 150; 33561
190; 150; 33548
191; 150; 33547
192; 150; 33531
120; 151; 32992
121; 151; 32968
122; 151; 32971
123; 151; 32964
124; 151; 32974
125; 151; 33025
126; 151; 33054
127; 151; 33002
128; 151; 32968
129; 151; 32987
130; 151; 33007
131; 151; 33004
132; 151; 33023
133; 151; 33021
134; 151; 32969
135; 151; 33044
136; 151; 33333
137; 151; 33633
138; 151; 33687
139; 151; 33639
140; 151; 33759
141; 151; 33888
142; 151; 33804
143; 151; 33694
144; 151; 33710
145; 151; 33706
146; 151; 33573
147; 151; 33461
148; 151; 33433
149; 151; 33425
150; 151; 33429
151; 151; 33446
152; 151; 33446
153; 151; 33453
154; 151; 33495
155; 151; 33530
156; 151; 33524
157; 151; 33517
158; 151; 33486
159; 151; 33425
160; 151; 33395
161; 151; 33475
162; 151; 33643
163; 151; 33746
164; 151; 33696
165; 151; 33595
166; 151; 33623
167; 151; 33724
168; 151; 33736
169; 151; 33655
170; 151; 33587
171; 151; 33605
172; 151; 33661
173; 151; 33648
174; 151; 33569
175; 151; 33553
176; 151; 33628
177; 151; 33659
178; 151; 33596
179; 151; 33575
180; 151; 33616
181; 151; 33620
182; 151; 33592
183; 151; 33580
184; 151; 33560
185; 151; 33558
186; 151; 33610
187; 151; 33652
188; 151; 33613
189; 151; 33575
190; 151; 33599
191; 151; 33599
192; 151; 33541
120; 152; 32965
121; 152; 32943
122; 152; 32971
123; 152; 32995
124; 152; 32998
125; 152; 33009
126; 152; 33022
127; 152; 32986
128; 152; 32942
129; 152; 32966
130; 152; 33030
131; 152; 33045
132; 152; 33027
133; 152; 33003
134; 152; 32978
135; 152; 33059
136; 152; 33334
137; 152; 33633
138; 152; 33713
139; 152; 33634
140; 152; 33647
141; 152; 33758
142; 152; 33767
143; 152; 33663
144; 152; 33593
145; 152; 33589
146; 152; 33549
147; 152; 33488
148; 152; 33477
149; 152; 33492
150; 152; 33476
151; 152; 33434
152; 152; 33436
153; 152; 33494
154; 152; 33543
155; 152; 33554
156; 152; 33550
157; 152; 33532
158; 152; 33460
159; 152; 33401
160; 152; 33438
161; 152; 33551
162; 152; 33657
163; 152; 33712
164; 152; 33706
165; 152; 33647
166; 152; 33624
167; 152; 33696
168; 152; 33750
169; 152; 33702
170; 152; 33615
171; 152; 33610
172; 152; 33668
173; 152; 33642
174; 152; 33544
175; 152; 33536
176; 152; 33616
177; 152; 33652
178; 152; 33602
179; 152; 33570
180; 152; 33582
181; 152; 33581
182; 152; 33575
183; 152; 33585
184; 152; 33576
185; 152; 33578
186; 152; 33607
187; 152; 33594
188; 152; 33537
189; 152; 33536
190; 152; 33599
191; 152; 33616
192; 152; 33570
120; 153; 32960
121; 153; 32975
122; 153; 33025
123; 153; 33029
124; 153; 32990
125; 153; 32975
126; 153; 32994
127; 153; 32980
128; 153; 32943
129; 153; 32962
130; 153; 33020
131; 153; 33044
132; 153; 33030
133; 153; 33018
134; 153; 33023
135; 153; 33089
136; 153; 33291
137; 153; 33563
138; 153; 33722
139; 153; 33710
140; 153; 33675
141; 153; 33735
142; 153; 33770
143; 153; 33667
144; 153; 33550
145; 153; 33552
146; 153; 33584
147; 153; 33546
148; 153; 33496
149; 153; 33500
150; 153; 33510
151; 153; 33489
152; 153; 33495
153; 153; 33534
154; 153; 33540
155; 153; 33531
156; 153; 33544
157; 153; 33531
158; 153; 33453
159; 153; 33429
160; 153; 33555
161; 153; 33685
162; 153; 33689
163; 153; 33660
164; 153; 33683
165; 153; 33682
166; 153; 33628
167; 153; 33645
168; 153; 33719
169; 153; 33727
170; 153; 33647
171; 153; 33619
172; 153; 33670
173; 153; 33655
174; 153; 33564
175; 153; 33536
176; 153; 33574
177; 153; 33586
178; 153; 33565
179; 153; 33567
180; 153; 33575
181; 153; 33555
182; 153; 33562
183; 153; 33599
184; 153; 33624
185; 153; 33623
186; 153; 33615
187; 153; 33571
188; 153; 33512
189; 153; 33517
190; 153; 33553
191; 153; 33559
192; 153; 33555
120; 154; 32972
121; 154; 32997
122; 154; 33041
123; 154; 33043
124; 154; 32997
125; 154; 32984
126; 154; 33001
127; 154; 32983
128; 154; 32949
129; 154; 32957
130; 154; 33009
131; 154; 33040
132; 154; 33026
133; 154; 33034
134; 154; 33062
135; 154; 33117
136; 154; 33256
137; 154; 33484
138; 154; 33692
139; 154; 33757
140; 154; 33723
141; 154; 33753
142; 154; 33821
143; 154; 33768
144; 154; 33628
145; 154; 33581
146; 154; 33614
147; 154; 33571
148; 154; 33465
149; 154; 33430
150; 154; 33490
151; 154; 33556
152; 154; 33575
153; 154; 33550
154; 154; 33483
155; 154; 33457
156; 154; 33514
157; 154; 33555
158; 154; 33520
159; 154; 33540
160; 154; 33681
161; 154; 33776
162; 154; 33707
163; 154; 33623
164; 154; 33654
165; 154; 33700
166; 154; 33654
167; 154; 33621
168; 154; 33664
169; 154; 33689
170; 154; 33627
171; 154; 33584
172; 154; 33613
173; 154; 33631
174; 154; 33598
175; 154; 33584
176; 154; 33583
177; 154; 33562
178; 154; 33549
179; 154; 33581
180; 154; 33610
181; 154; 33593
182; 154; 33590
183; 154; 33609
184; 154; 33640
185; 154; 33665
186; 154; 33663
187; 154; 33609
188; 154; 33544
189; 154; 33535
190; 154; 33527
191; 154; 33493
192; 154; 33506
120; 155; 32975
121; 155; 32972
122; 155; 33013
123; 155; 33047
124; 155; 33018
125; 155; 33012
126; 155; 33015
127; 155; 32990
128; 155; 32963
129; 155; 32984
130; 155; 33025
131; 155; 33051
132; 155; 33073
133; 155; 33086
134; 155; 33097
135; 155; 33185
136; 155; 33333
137; 155; 33500
138; 155; 33656
139; 155; 33724
140; 155; 33699
141; 155; 33717
142; 155; 33824
143; 155; 33867
144; 155; 33758
145; 155; 33639
146; 155; 33609
147; 155; 33565
148; 155; 33442
149; 155; 33369
150; 155; 33439
151; 155; 33548
152; 155; 33575
153; 155; 33523
154; 155; 33448
155; 155; 33430
156; 155; 33497
157; 155; 33588
158; 155; 33627
159; 155; 33660
160; 155; 33740
161; 155; 33773
162; 155; 33693
163; 155; 33613
164; 155; 33649
165; 155; 33725
166; 155; 33707
167; 155; 33640
168; 155; 33620
169; 155; 33632
170; 155; 33615
171; 155; 33571
172; 155; 33557
173; 155; 33583
174; 155; 33608
175; 155; 33633
176; 155; 33633
177; 155; 33605
178; 155; 33590
179; 155; 33609
180; 155; 33638
181; 155; 33640
182; 155; 33611
183; 155; 33581
184; 155; 33597
185; 155; 33658
186; 155; 33675
187; 155; 33610
188; 155; 33556
189; 155; 33567
190; 155; 33555
191; 155; 33497
192; 155; 33493
120; 156; 32965
121; 156; 32937
122; 156; 32967
123; 156; 33022
124; 156; 33004
125; 156; 32966
126; 156; 32968
127; 156; 32992
128; 156; 33017
129; 156; 33047
130; 156; 33057
131; 156; 33071
132; 156; 33097
133; 156; 33086
134; 156; 33110
135; 156; 33286
136; 156; 33485
137; 156; 33587
138; 156; 33638
139; 156; 33678
140; 156; 33682
141; 156; 33690
142; 156; 33765
143; 156; 33852
144; 156; 33835
145; 156; 33739
146; 156; 33671
147; 156; 33622
148; 156; 33524
149; 156; 33430
150; 156; 33430
151; 156; 33474
152; 156; 33496
153; 156; 33495
154; 156; 33488
155; 156; 33467
156; 156; 33472
157; 156; 33556
158; 156; 33664
159; 156; 33724
160; 156; 33742
161; 156; 33721
162; 156; 33660
163; 156; 33616
164; 156; 33647
165; 156; 33728
166; 156; 33752
167; 156; 33692
168; 156; 33627
169; 156; 33620
170; 156; 33640
171; 156; 33606
172; 156; 33550
173; 156; 33547
174; 156; 33589
175; 156; 33614
176; 156; 33618
177; 156; 33629
178; 156; 33637
179; 156; 33629
180; 156; 33617
181; 156; 33612
182; 156; 33586
183; 156; 33545
184; 156; 33555
185; 156; 33611
186; 156; 33605
187; 156; 33539
188; 156; 33536
189; 156; 33600
190; 156; 33607
191; 156; 33544
192; 156; 33523
120; 157; 32971
121; 157; 32942
122; 157; 32948
123; 157; 32981
124; 157; 32972
125; 157; 32953
126; 157; 32974
127; 157; 33005
128; 157; 33060
129; 157; 33094
130; 157; 33100
131; 157; 33131
132; 157; 33129
133; 157; 33089
134; 157; 33134
135; 157; 33351
136; 157; 33577
137; 157; 33643
138; 157; 33636
139; 157; 33679
140; 157; 33740
141; 157; 33739
142; 157; 33712
143; 157; 33748
144; 157; 33832
145; 157; 33860
146; 157; 33804
147; 157; 33734
148; 157; 33676
149; 157; 33591
150; 157; 33482
151; 157; 33416
152; 157; 33431
153; 157; 33498
154; 157; 33556
155; 157; 33530
156; 157; 33474
157; 157; 33505
158; 157; 33621
159; 157; 33715
160; 157; 33720
161; 157; 33677
162; 157; 33641
163; 157; 33622
164; 157; 33630
165; 157; 33682
166; 157; 33732
167; 157; 33720
168; 157; 33664
169; 157; 33641
170; 157; 33658
171; 157; 33636
172; 157; 33573
173; 157; 33536
174; 157; 33559
175; 157; 33572
176; 157; 33566
177; 157; 33596
178; 157; 33637
179; 157; 33633
180; 157; 33597
181; 157; 33585
182; 157; 33583
183; 157; 33561
184; 157; 33553
185; 157; 33566
186; 157; 33531
187; 157; 33495
188; 157; 33550
189; 157; 33628
190; 157; 33610
191; 157; 33556
192; 157; 33555
120; 158; 32995
121; 158; 32991
122; 158; 32992
123; 158; 33000
124; 158; 33002
125; 158; 33008
126; 158; 33023
127; 158; 33046
128; 158; 33105
129; 158; 33151
130; 158; 33172
131; 158; 33219
132; 158; 33207
133; 158; 33132
134; 158; 33153
135; 158; 33354
136; 158; 33576
137; 158; 33644
138; 158; 33629
139; 158; 33676
140; 158; 33772
141; 158; 33786
142; 158; 33698
143; 158; 33653
144; 158; 33758
145; 158; 33876
146; 158; 33835
147; 158; 33733
148; 158; 33705
149; 158; 33667
150; 158; 33535
151; 158; 33429
152; 158; 33441
153; 158; 33512
154; 158; 33564
155; 158; 33577
156; 158; 33554
157; 158; 33550
158; 158; 33620
159; 158; 33702
160; 158; 33708
161; 158; 33672
162; 158; 33656
163; 158; 33646
164; 158; 33618
165; 158; 33614
166; 158; 33658
167; 158; 33704
168; 158; 33704
169; 158; 33676
170; 158; 33652
171; 158; 33616
172; 158; 33568
173; 158; 33546
174; 158; 33571
175; 158; 33596
176; 158; 33581
177; 158; 33568
178; 158; 33590
179; 158; 33615
180; 158; 33613
181; 158; 33612
182; 158; 33612
183; 158; 33581
184; 158; 33543
185; 158; 33526
186; 158; 33505
187; 158; 33515
188; 158; 33584
189; 158; 33627
190; 158; 33569
191; 158; 33516
192; 158; 33551
120; 159; 33025
121; 159; 33058
122; 159; 33079
123; 159; 33078
124; 159; 33087
125; 159; 33100
126; 159; 33100
127; 159; 33133
128; 159; 33213
129; 159; 33271
130; 159; 33291
131; 159; 33307
132; 159; 33251
133; 159; 33127
134; 159; 33136
135; 159; 33329
136; 159; 33526
137; 159; 33601
138; 159; 33608
139; 159; 33639
140; 159; 33711
141; 159; 33750
142; 159; 33684
143; 159; 33603
144; 159; 33660
145; 159; 33770
146; 159; 33720
147; 159; 33599
148; 159; 33591
149; 159; 33607
150; 159; 33530
151; 159; 33472
152; 159; 33491
153; 159; 33494
154; 159; 33488
155; 159; 33552
156; 159; 33623
157; 159; 33638
158; 159; 33660
159; 159; 33712
160; 159; 33732
161; 159; 33715
162; 159; 33696
163; 159; 33664
164; 159; 33614
165; 159; 33588
166; 159; 33618
167; 159; 33686
168; 159; 33736
169; 159; 33717
170; 159; 33638
171; 159; 33568
172; 159; 33553
173; 159; 33577
174; 159; 33622
175; 159; 33659
176; 159; 33637
177; 159; 33562
178; 159; 33533
179; 159; 33582
180; 159; 33627
181; 159; 33632
182; 159; 33610
183; 159; 33562
184; 159; 33516
185; 159; 33501
186; 159; 33517
187; 159; 33547
188; 159; 33590
189; 159; 33610
190; 159; 33561
191; 159; 33504
192; 159; 33515
120; 160; 33093
121; 160; 33147
122; 160; 33176
123; 160; 33154
124; 160; 33130
125; 160; 33137
126; 160; 33166
127; 160; 33236
128; 160; 33325
129; 160; 33376
130; 160; 33385
131; 160; 33363
132; 160; 33258
133; 160; 33119
134; 160; 33128
135; 160; 33294
136; 160; 33454
137; 160; 33526
138; 160; 33551
139; 160; 33574
140; 160; 33624
141; 160; 33685
142; 160; 33663
143; 160; 33582
144; 160; 33581
145; 160; 33652
146; 160; 33621
147; 160; 33529
148; 160; 33504
149; 160; 33498
150; 160; 33474
151; 160; 33508
152; 160; 33555
153; 160; 33495
154; 160; 33417
155; 160; 33464
156; 160; 33567
157; 160; 33621
158; 160; 33658
159; 160; 33716
160; 160; 33758
161; 160; 33757
162; 160; 33722
163; 160; 33658
164; 160; 33605
165; 160; 33600
166; 160; 33625
167; 160; 33669
168; 160; 33718
169; 160; 33705
170; 160; 33608
171; 160; 33536
172; 160; 33569
173; 160; 33627
174; 160; 33653
175; 160; 33658
176; 160; 33628
177; 160; 33555
178; 160; 33527
179; 160; 33572
180; 160; 33604
181; 160; 33593
182; 160; 33588
183; 160; 33584
184; 160; 33561
185; 160; 33539
186; 160; 33550
187; 160; 33563
188; 160; 33576
189; 160; 33600
190; 160; 33588
191; 160; 33531
192; 160; 33484
120; 161; 33215
121; 161; 33262
122; 161; 33253
123; 161; 33216
124; 161; 33174
125; 161; 33157
126; 161; 33191
127; 161; 33264
128; 161; 33326
129; 161; 33363
130; 161; 33391
131; 161; 33366
132; 161; 33246
133; 161; 33130
134; 161; 33141
135; 161; 33250
136; 161; 33345
137; 161; 33406
138; 161; 33454
139; 161; 33489
140; 161; 33545
141; 161; 33622
142; 161; 33631
143; 161; 33561
144; 161; 33524
145; 161; 33574
146; 161; 33607
147; 161; 33580
148; 161; 33518
149; 161; 33427
150; 161; 33408
151; 161; 33506
152; 161; 33579
153; 161; 33517
154; 161; 33421
155; 161; 33410
156; 161; 33463
157; 161; 33534
158; 161; 33621
159; 161; 33693
160; 161; 33732
161; 161; 33747
162; 161; 33715
163; 161; 33633
164; 161; 33584
165; 161; 33604
166; 161; 33627
167; 161; 33627
168; 161; 33643
169; 161; 33636
170; 161; 33587
171; 161; 33572
172; 161; 33621
173; 161; 33650
174; 161; 33629
175; 161; 33600
176; 161; 33585
177; 161; 33568
178; 161; 33579
179; 161; 33604
180; 161; 33579
181; 161; 33542
182; 161; 33579
183; 161; 33650
184; 161; 33650
185; 161; 33596
186; 161; 33576
187; 161; 33582
188; 161; 33584
189; 161; 33597
190; 161; 33590
191; 161; 33533
192; 161; 33459
120; 162; 33285
121; 162; 33325
122; 162; 33273
123; 162; 33230
124; 162; 33219
125; 162; 33207
126; 162; 33209
127; 162; 33239
128; 162; 33250
129; 162; 33250
130; 162; 33297
131; 162; 33307
132; 162; 33224
133; 162; 33129
134; 162; 33111
135; 162; 33168
136; 162; 33224
137; 162; 33275
138; 162; 33335
139; 162; 33368
140; 162; 33419
141; 162; 33502
142; 162; 33533
143; 162; 33498
144; 162; 33463
145; 162; 33487
146; 162; 33564
147; 162; 33609
148; 162; 33526
149; 162; 33376
150; 162; 33352
151; 162; 33464
152; 162; 33505
153; 162; 33456
154; 162; 33442
155; 162; 33455
156; 162; 33461
157; 162; 33514
158; 162; 33613
159; 162; 33668
160; 162; 33680
161; 162; 33699
162; 162; 33681
163; 162; 33609
164; 162; 33564
165; 162; 33583
166; 162; 33605
167; 162; 33591
168; 162; 33582
169; 162; 33587
170; 162; 33610
171; 162; 33656
172; 162; 33674
173; 162; 33635
174; 162; 33594
175; 162; 33587
176; 162; 33595
177; 162; 33599
178; 162; 33612
179; 162; 33615
180; 162; 33580
181; 162; 33544
182; 162; 33586
183; 162; 33663
184; 162; 33653
185; 162; 33585
186; 162; 33574
187; 162; 33602
188; 162; 33595
189; 162; 33570
190; 162; 33548
191; 162; 33517
192; 162; 33461
120; 163; 33201
121; 163; 33226
122; 163; 33164
123; 163; 33154
124; 163; 33200
125; 163; 33204
126; 163; 33177
127; 163; 33183
128; 163; 33170
129; 163; 33136
130; 163; 33166
131; 163; 33213
132; 163; 33171
133; 163; 33074
134; 163; 33030
135; 163; 33065
136; 163; 33136
137; 163; 33195
138; 163; 33229
139; 163; 33231
140; 163; 33263
141; 163; 33325
142; 163; 33359
143; 163; 33376
144; 163; 33377
145; 163; 33367
146; 163; 33427
147; 163; 33500
148; 163; 33434
149; 163; 33311
150; 163; 33316
151; 163; 33387
152; 163; 33350
153; 163; 33309
154; 163; 33404
155; 163; 33500
156; 163; 33515
157; 163; 33552
158; 163; 33636
159; 163; 33667
160; 163; 33657
161; 163; 33665
162; 163; 33646
163; 163; 33592
164; 163; 33564
165; 163; 33570
166; 163; 33586
167; 163; 33595
168; 163; 33584
169; 163; 33586
170; 163; 33650
171; 163; 33718
172; 163; 33695
173; 163; 33613
174; 163; 33585
175; 163; 33611
176; 163; 33620
177; 163; 33593
178; 163; 33572
179; 163; 33576
180; 163; 33585
181; 163; 33579
182; 163; 33586
183; 163; 33603
184; 163; 33579
185; 163; 33544
186; 163; 33564
187; 163; 33602
188; 163; 33573
189; 163; 33511
190; 163; 33500
191; 163; 33521
192; 163; 33504
120; 164; 33028
121; 164; 33024
122; 164; 32995
123; 164; 33033
124; 164; 33116
125; 164; 33120
126; 164; 33079
127; 164; 33099
128; 164; 33123
129; 164; 33091
130; 164; 33099
131; 164; 33158
132; 164; 33125
133; 164; 33014
134; 164; 32965
135; 164; 33002
136; 164; 33091
137; 164; 33153
138; 164; 33146
139; 164; 33129
140; 164; 33156
141; 164; 33180
142; 164; 33193
143; 164; 33231
144; 164; 33266
145; 164; 33254
146; 164; 33281
147; 164; 33340
148; 164; 33318
149; 164; 33259
150; 164; 33300
151; 164; 33321
152; 164; 33244
153; 164; 33234
154; 164; 33370
155; 164; 33490
156; 164; 33523
157; 164; 33560
158; 164; 33621
159; 164; 33638
160; 164; 33642
161; 164; 33640
162; 164; 33601
163; 164; 33568
164; 164; 33582
165; 164; 33598
166; 164; 33602
167; 164; 33615
168; 164; 33599
169; 164; 33580
170; 164; 33640
171; 164; 33706
172; 164; 33678
173; 164; 33605
174; 164; 33592
175; 164; 33606
176; 164; 33596
177; 164; 33567
178; 164; 33548
179; 164; 33547
180; 164; 33568
181; 164; 33580
182; 164; 33565
183; 164; 33546
184; 164; 33532
185; 164; 33536
186; 164; 33572
187; 164; 33591
188; 164; 33536
189; 164; 33463
190; 164; 33488
191; 164; 33556
192; 164; 33564
120; 165; 33004
121; 165; 32996
122; 165; 32979
123; 165; 32988
124; 165; 33016
125; 165; 33003
126; 165; 32974
127; 165; 33015
128; 165; 33089
129; 165; 33080
130; 165; 33064
131; 165; 33096
132; 165; 33070
133; 165; 32992
134; 165; 32965
135; 165; 33007
136; 165; 33076
137; 165; 33098
138; 165; 33079
139; 165; 33071
140; 165; 33106
141; 165; 33129
142; 165; 33118
143; 165; 33134
144; 165; 33175
145; 165; 33177
146; 165; 33182
147; 165; 33229
148; 165; 33249
149; 165; 33247
150; 165; 33282
151; 165; 33279
152; 165; 33253
153; 165; 33302
154; 165; 33396
155; 165; 33451
156; 165; 33489
157; 165; 33553
158; 165; 33597
159; 165; 33592
160; 165; 33605
161; 165; 33589
162; 165; 33527
163; 165; 33523
164; 165; 33605
165; 165; 33659
166; 165; 33649
167; 165; 33630
168; 165; 33603
169; 165; 33586
170; 165; 33624
171; 165; 33663
172; 165; 33640
173; 165; 33604
174; 165; 33596
175; 165; 33578
176; 165; 33564
177; 165; 33588
178; 165; 33597
179; 165; 33554
180; 165; 33522
181; 165; 33523
182; 165; 33517
183; 165; 33506
184; 165; 33520
185; 165; 33545
186; 165; 33572
187; 165; 33570
188; 165; 33523
189; 165; 33476
190; 165; 33505
191; 165; 33568
192; 165; 33561
120; 166; 33179
121; 166; 33165
122; 166; 33104
123; 166; 33027
124; 166; 32972
125; 166; 32955
126; 166; 32957
127; 166; 33005
128; 166; 33087
129; 166; 33091
130; 166; 33054
131; 166; 33033
132; 166; 33017
133; 166; 32993
134; 166; 32993
135; 166; 33007
136; 166; 33024
137; 166; 33024
138; 166; 33028
139; 166; 33016
140; 166; 33043
141; 166; 33094
142; 166; 33089
143; 166; 33085
144; 166; 33130
145; 166; 33172
146; 166; 33172
147; 166; 33178
148; 166; 33206
149; 166; 33238
150; 166; 33246
151; 166; 33236
152; 166; 33283
153; 166; 33375
154; 166; 33402
155; 166; 33381
156; 166; 33424
157; 166; 33527
158; 166; 33568
159; 166; 33550
160; 166; 33561
161; 166; 33537
162; 166; 33464
163; 166; 33486
164; 166; 33618
165; 166; 33718
166; 166; 33713
167; 166; 33669
168; 166; 33638
169; 166; 33639
170; 166; 33661
171; 166; 33647
172; 166; 33601
173; 166; 33603
174; 166; 33620
175; 166; 33583
176; 166; 33561
177; 166; 33610
178; 166; 33616
179; 166; 33535
180; 166; 33474
181; 166; 33476
182; 166; 33469
183; 166; 33449
184; 166; 33477
185; 166; 33524
186; 166; 33546
187; 166; 33548
188; 166; 33542
189; 166; 33529
190; 166; 33528
191; 166; 33519
192; 166; 33452
120; 167; 33349
121; 167; 33291
122; 167; 33187
123; 167; 33074
124; 167; 32992
125; 167; 32972
126; 167; 32997
127; 167; 33049
128; 167; 33111
129; 167; 33103
130; 167; 33032
131; 167; 32978
132; 167; 33003
133; 167; 33042
134; 167; 33031
135; 167; 32986
136; 167; 33021
137; 167; 33067
138; 167; 33044
139; 167; 32964
140; 167; 32961
141; 167; 33029
142; 167; 33053
143; 167; 33038
144; 167; 33105
145; 167; 33214
146; 167; 33245
147; 167; 33219
148; 167; 33237
149; 167; 33273
150; 167; 33249
151; 167; 33223
152; 167; 33265
153; 167; 33340
154; 167; 33320
155; 167; 33270
156; 167; 33318
157; 167; 33441
158; 167; 33499
159; 167; 33509
160; 167; 33533
161; 167; 33514
162; 167; 33440
163; 167; 33471
164; 167; 33605
165; 167; 33712
166; 167; 33733
167; 167; 33704
168; 167; 33677
169; 167; 33685
170; 167; 33704
171; 167; 33658
172; 167; 33592
173; 167; 33615
174; 167; 33657
175; 167; 33618
176; 167; 33580
177; 167; 33595
178; 167; 33556
179; 167; 33475
180; 167; 33472
181; 167; 33517
182; 167; 33490
183; 167; 33434
184; 167; 33464
185; 167; 33536
186; 167; 33558
187; 167; 33559
188; 167; 33569
189; 167; 33558
190; 167; 33513
191; 167; 33442
192; 167; 33342
120; 168; 33350
121; 168; 33266
122; 168; 33200
123; 168; 33145
124; 168; 33084
125; 168; 33040
126; 168; 33015
127; 168; 33013
128; 168; 33048
129; 168; 33070
130; 168; 33020
131; 168; 32988
132; 168; 33031
133; 168; 33080
134; 168; 33047
135; 168; 32990
136; 168; 33043
137; 168; 33130
138; 168; 33105
139; 168; 32965
140; 168; 32930
141; 168; 32983
142; 168; 33014
143; 168; 32997
144; 168; 33096
145; 168; 33271
146; 168; 33355
147; 168; 33338
148; 168; 33357
149; 168; 33388
150; 168; 33314
151; 168; 33222
152; 168; 33203
153; 168; 33234
154; 168; 33201
155; 168; 33155
156; 168; 33214
157; 168; 33344
158; 168; 33444
159; 168; 33511
160; 168; 33536
161; 168; 33488
162; 168; 33414
163; 168; 33458
164; 168; 33580
165; 168; 33671
166; 168; 33709
167; 168; 33696
168; 168; 33652
169; 168; 33649
170; 168; 33684
171; 168; 33658
172; 168; 33599
173; 168; 33619
174; 168; 33651
175; 168; 33620
176; 168; 33592
177; 168; 33585
178; 168; 33519
179; 168; 33456
180; 168; 33497
181; 168; 33575
182; 168; 33548
183; 168; 33487
184; 168; 33530
185; 168; 33609
186; 168; 33618
187; 168; 33585
188; 168; 33559
189; 168; 33524
190; 168; 33462
191; 168; 33402
192; 168; 33337
120; 169; 33333
121; 169; 33258
122; 169; 33245
123; 169; 33264
124; 169; 33231
125; 169; 33137
126; 169; 33022
127; 169; 32966
128; 169; 32976
129; 169; 33034
130; 169; 33038
131; 169; 33011
132; 169; 32995
133; 169; 33018
134; 169; 33034
135; 169; 33023
136; 169; 33037
137; 169; 33096
138; 169; 33104
139; 169; 33006
140; 169; 32968
141; 169; 32991
142; 169; 32996
143; 169; 32987
144; 169; 33096
145; 169; 33296
146; 169; 33424
147; 169; 33442
148; 169; 33459
149; 169; 33462
150; 169; 33340
151; 169; 33165
152; 169; 33112
153; 169; 33155
154; 169; 33162
155; 169; 33136
156; 169; 33188
157; 169; 33309
158; 169; 33438
159; 169; 33543
160; 169; 33554
161; 169; 33449
162; 169; 33375
163; 169; 33451
164; 169; 33583
165; 169; 33664
166; 169; 33693
167; 169; 33668
168; 169; 33592
169; 169; 33564
170; 169; 33608
171; 169; 33624
172; 169; 33593
173; 169; 33598
174; 169; 33600
175; 169; 33566
176; 169; 33563
177; 169; 33587
178; 169; 33553
179; 169; 33491
180; 169; 33499
181; 169; 33547
182; 169; 33544
183; 169; 33537
184; 169; 33595
185; 169; 33652
186; 169; 33638
187; 169; 33580
188; 169; 33519
189; 169; 33463
190; 169; 33415
191; 169; 33389
192; 169; 33364
120; 170; 33402
121; 170; 33328
122; 170; 33321
123; 170; 33360
124; 170; 33313
125; 170; 33179
126; 170; 33048
127; 170; 32993
128; 170; 33008
129; 170; 33070
130; 170; 33068
131; 170; 33010
132; 170; 32955
133; 170; 32954
134; 170; 33020
135; 170; 33048
136; 170; 33015
137; 170; 32993
138; 170; 33020
139; 170; 33051
140; 170; 33045
141; 170; 32999
142; 170; 32957
143; 170; 32974
144; 170; 33089
145; 170; 33258
146; 170; 33386
147; 170; 33420
148; 170; 33408
149; 170; 33368
150; 170; 33241
151; 170; 33087
152; 170; 33051
153; 170; 33134
154; 170; 33174
155; 170; 33150
156; 170; 33180
157; 170; 33267
158; 170; 33396
159; 170; 33530
160; 170; 33557
161; 170; 33452
162; 170; 33402
163; 170; 33504
164; 170; 33623
165; 170; 33662
166; 170; 33665
167; 170; 33649
168; 170; 33586
169; 170; 33534
170; 170; 33548
171; 170; 33582
172; 170; 33600
173; 170; 33605
174; 170; 33567
175; 170; 33504
176; 170; 33502
177; 170; 33562
178; 170; 33584
179; 170; 33525
180; 170; 33477
181; 170; 33477
182; 170; 33485
183; 170; 33520
184; 170; 33588
185; 170; 33619
186; 170; 33587
187; 170; 33527
188; 170; 33471
189; 170; 33425
190; 170; 33395
191; 170; 33367
192; 170; 33337
120; 171; 33430
121; 171; 33356
122; 171; 33338
123; 171; 33365
124; 171; 33322
125; 171; 33225
126; 171; 33157
127; 171; 33129
128; 171; 33116
129; 171; 33115
130; 171; 33087
131; 171; 33011
132; 171; 32941
133; 171; 32924
134; 171; 32976
135; 171; 33025
136; 171; 32991
137; 171; 32924
138; 171; 32957
139; 171; 33071
140; 171; 33107
141; 171; 33020
142; 171; 32962
143; 171; 32996
144; 171; 33087
145; 171; 33192
146; 171; 33279
147; 171; 33293
148; 171; 33233
149; 171; 33167
150; 171; 33111
151; 171; 33063
152; 171; 33070
153; 171; 33118
154; 171; 33123
155; 171; 33097
156; 171; 33127
157; 171; 33197
158; 171; 33308
159; 171; 33457
160; 171; 33534
161; 171; 33503
162; 171; 33509
163; 171; 33607
164; 171; 33662
165; 171; 33628
166; 171; 33611
167; 171; 33639
168; 171; 33619
169; 171; 33548
170; 171; 33523
171; 171; 33579
172; 171; 33647
173; 171; 33648
174; 171; 33573
175; 171; 33487
176; 171; 33473
177; 171; 33522
178; 171; 33559
179; 171; 33528
180; 171; 33480
181; 171; 33452
182; 171; 33446
183; 171; 33487
184; 171; 33548
185; 171; 33562
186; 171; 33517
187; 171; 33460
188; 171; 33421
189; 171; 33396
190; 171; 33380
191; 171; 33336
192; 171; 33271
120; 172; 33400
121; 172; 33340
122; 172; 33332
123; 172; 33362
124; 172; 33347
125; 172; 33319
126; 172; 33316
127; 172; 33283
128; 172; 33197
129; 172; 33109
130; 172; 33066
131; 172; 33034
132; 172; 32991
133; 172; 32954
134; 172; 32933
135; 172; 32971
136; 172; 32993
137; 172; 32950
138; 172; 32949
139; 172; 33037
140; 172; 33075
141; 172; 33017
142; 172; 33017
143; 172; 33060
144; 172; 33101
145; 172; 33148
146; 172; 33179
147; 172; 33160
148; 172; 33073
149; 172; 33019
150; 172; 33064
151; 172; 33106
152; 172; 33128
153; 172; 33091
154; 172; 33035
155; 172; 33019
156; 172; 33078
157; 172; 33174
158; 172; 33292
159; 172; 33425
160; 172; 33513
161; 172; 33550
162; 172; 33605
163; 172; 33671
164; 172; 33662
165; 172; 33605
166; 172; 33600
167; 172; 33640
168; 172; 33622
169; 172; 33545
170; 172; 33530
171; 172; 33620
172; 172; 33686
173; 172; 33637
174; 172; 33543
175; 172; 33500
176; 172; 33518
177; 172; 33550
178; 172; 33562
179; 172; 33549
180; 172; 33523
181; 172; 33482
182; 172; 33451
183; 172; 33480
184; 172; 33534
185; 172; 33533
186; 172; 33472
187; 172; 33409
188; 172; 33375
189; 172; 33365
190; 172; 33357
191; 172; 33315
192; 172; 33243
120; 173; 33428
121; 173; 33361
122; 173; 33362
123; 173; 33416
124; 173; 33417
125; 173; 33396
126; 173; 33402
127; 173; 33354
128; 173; 33221
129; 173; 33109
130; 173; 33084
131; 173; 33082
132; 173; 33050
133; 173; 32984
134; 173; 32918
135; 173; 32932
136; 173; 32985
137; 173; 33000
138; 173; 32966
139; 173; 32982
140; 173; 32989
141; 173; 32976
142; 173; 33049
143; 173; 33100
144; 173; 33098
145; 173; 33096
146; 173; 33096
147; 173; 33067
148; 173; 32987
149; 173; 32985
150; 173; 33081
151; 173; 33162
152; 173; 33151
153; 173; 33045
154; 173; 32956
155; 173; 32982
156; 173; 33078
157; 173; 33207
158; 173; 33350
159; 173; 33454
160; 173; 33502
161; 173; 33564
162; 173; 33649
163; 173; 33672
164; 173; 33627
165; 173; 33609
166; 173; 33638
167; 173; 33642
168; 173; 33588
169; 173; 33544
170; 173; 33579
171; 173; 33655
172; 173; 33656
173; 173; 33564
174; 173; 33492
175; 173; 33520
176; 173; 33595
177; 173; 33637
178; 173; 33639
179; 173; 33614
180; 173; 33576
181; 173; 33523
182; 173; 33486
183; 173; 33513
184; 173; 33563
185; 173; 33527
186; 173; 33436
187; 173; 33382
188; 173; 33359
189; 173; 33347
190; 173; 33339
191; 173; 33311
192; 173; 33268
120; 174; 33468
121; 174; 33373
122; 174; 33395
123; 174; 33500
124; 174; 33504
125; 174; 33432
126; 174; 33405
127; 174; 33369
128; 174; 33267
129; 174; 33193
130; 174; 33183
131; 174; 33149
132; 174; 33079
133; 174; 33014
134; 174; 32962
135; 174; 32963
136; 174; 33006
137; 174; 33051
138; 174; 33024
139; 174; 32956
140; 174; 32932
141; 174; 32938
142; 174; 33015
143; 174; 33046
144; 174; 33022
145; 174; 33006
146; 174; 33006
147; 174; 32968
148; 174; 32937
149; 174; 32992
150; 174; 33098
151; 174; 33179
152; 174; 33127
153; 174; 33005
154; 174; 32936
155; 174; 32971
156; 174; 33055
157; 174; 33202
158; 174; 33401
159; 174; 33506
160; 174; 33517
161; 174; 33588
162; 174; 33696
163; 174; 33685
164; 174; 33610
165; 174; 33622
166; 174; 33657
167; 174; 33617
168; 174; 33558
169; 174; 33583
170; 174; 33645
171; 174; 33654
172; 174; 33592
173; 174; 33526
174; 174; 33526
175; 174; 33572
176; 174; 33630
177; 174; 33685
178; 174; 33691
179; 174; 33632
180; 174; 33562
181; 174; 33536
182; 174; 33557
183; 174; 33598
184; 174; 33598
185; 174; 33504
186; 174; 33402
187; 174; 33382
188; 174; 33388
189; 174; 33376
190; 174; 33361
191; 174; 33340
192; 174; 33311
120; 175; 33424
121; 175; 33366
122; 175; 33429
123; 175; 33550
124; 175; 33538
125; 175; 33437
126; 175; 33396
127; 175; 33391
128; 175; 33349
129; 175; 33309
130; 175; 33275
131; 175; 33195
132; 175; 33116
133; 175; 33099
134; 175; 33113
135; 175; 33091
136; 175; 33061
137; 175; 33065
138; 175; 33054
139; 175; 32987
140; 175; 32927
141; 175; 32957
142; 175; 33017
143; 175; 33002
144; 175; 32957
145; 175; 32940
146; 175; 32935
147; 175; 32900
148; 175; 32928
149; 175; 32994
150; 175; 33111
151; 175; 33183
152; 175; 33120
153; 175; 33012
154; 175; 32973
155; 175; 32982
156; 175; 33025
157; 175; 33157
158; 175; 33411
159; 175; 33563
160; 175; 33571
161; 175; 33638
162; 175; 33748
163; 175; 33724
164; 175; 33639
165; 175; 33650
166; 175; 33660
167; 175; 33589
168; 175; 33556
169; 175; 33623
170; 175; 33663
171; 175; 33614
172; 175; 33558
173; 175; 33577
174; 175; 33628
175; 175; 33615
176; 175; 33610
177; 175; 33663
178; 175; 33653
179; 175; 33536
180; 175; 33460
181; 175; 33525
182; 175; 33624
183; 175; 33647
184; 175; 33572
185; 175; 33445
186; 175; 33369
187; 175; 33388
188; 175; 33407
189; 175; 33384
190; 175; 33366
191; 175; 33341
192; 175; 33304
120; 176; 33394
121; 176; 33403
122; 176; 33458
123; 176; 33512
124; 176; 33484
125; 176; 33417
126; 176; 33390
127; 176; 33392
128; 176; 33382
129; 176; 33365
130; 176; 33331
131; 176; 33274
132; 176; 33241
133; 176; 33250
134; 176; 33260
135; 176; 33207
136; 176; 33128
137; 176; 33100
138; 176; 33102
139; 176; 33067
140; 176; 32994
141; 176; 33018
142; 176; 33072
143; 176; 33014
144; 176; 32938
145; 176; 32903
146; 176; 32926
147; 176; 32928
148; 176; 32953
149; 176; 33011
150; 176; 33134
151; 176; 33171
152; 176; 33081
153; 176; 32989
154; 176; 32970
155; 176; 32988
156; 176; 33043
157; 176; 33182
158; 176; 33438
159; 176; 33597
160; 176; 33610
161; 176; 33663
162; 176; 33744
163; 176; 33725
164; 176; 33695
165; 176; 33725
166; 176; 33690
167; 176; 33590
168; 176; 33573
169; 176; 33628
170; 176; 33622
171; 176; 33561
172; 176; 33559
173; 176; 33647
174; 176; 33677
175; 176; 33587
176; 176; 33556
177; 176; 33626
178; 176; 33601
179; 176; 33439
180; 176; 33384
181; 176; 33506
182; 176; 33603
183; 176; 33566
184; 176; 33473
185; 176; 33394
186; 176; 33365
187; 176; 33384
188; 176; 33367
189; 176; 33329
190; 176; 33325
191; 176; 33300
192; 176; 33262
120; 177; 33423
121; 177; 33426
122; 177; 33437
123; 177; 33427
124; 177; 33417
125; 177; 33409
126; 177; 33392
127; 177; 33368
128; 177; 33365
129; 177; 33385
130; 177; 33391
131; 177; 33396
132; 177; 33406
133; 177; 33385
134; 177; 33338
135; 177; 33269
136; 177; 33206
137; 177; 33193
138; 177; 33222
139; 177; 33204
140; 177; 33130
141; 177; 33134
142; 177; 33138
143; 177; 33014
144; 177; 32900
145; 177; 32920
146; 177; 33002
147; 177; 33000
148; 177; 33021
149; 177; 33083
150; 177; 33146
151; 177; 33110
152; 177; 33010
153; 177; 32965
154; 177; 32946
155; 177; 32984
156; 177; 33091
157; 177; 33271
158; 177; 33489
159; 177; 33579
160; 177; 33594
161; 177; 33651
162; 177; 33683
163; 177; 33652
164; 177; 33686
165; 177; 33746
166; 177; 33684
167; 177; 33573
168; 177; 33562
169; 177; 33593
170; 177; 33554
171; 177; 33506
172; 177; 33547
173; 177; 33642
174; 177; 33634
175; 177; 33526
176; 177; 33516
177; 177; 33616
178; 177; 33597
179; 177; 33454
180; 177; 33434
181; 177; 33515
182; 177; 33520
183; 177; 33433
184; 177; 33380
185; 177; 33372
186; 177; 33375
187; 177; 33371
188; 177; 33319
189; 177; 33275
190; 177; 33290
191; 177; 33278
192; 177; 33258
120; 178; 33383
121; 178; 33336
122; 178; 33355
123; 178; 33385
124; 178; 33410
125; 178; 33429
126; 178; 33422
127; 178; 33401
128; 178; 33397
129; 178; 33417
130; 178; 33444
131; 178; 33484
132; 178; 33498
133; 178; 33439
134; 178; 33372
135; 178; 33339
136; 178; 33326
137; 178; 33327
138; 178; 33361
139; 178; 33349
140; 178; 33281
141; 178; 33250
142; 178; 33169
143; 178; 33020
144; 178; 32964
145; 178; 33029
146; 178; 33109
147; 178; 33095
148; 178; 33113
149; 178; 33164
150; 178; 33142
151; 178; 33040
152; 178; 32987
153; 178; 32973
154; 178; 32964
155; 178; 32998
156; 178; 33136
157; 178; 33370
158; 178; 33527
159; 178; 33529
160; 178; 33555
161; 178; 33637
162; 178; 33619
163; 178; 33551
164; 178; 33597
165; 178; 33672
166; 178; 33626
167; 178; 33545
168; 178; 33545
169; 178; 33550
170; 178; 33503
171; 178; 33476
172; 178; 33528
173; 178; 33606
174; 178; 33599
175; 178; 33515
176; 178; 33510
177; 178; 33589
178; 178; 33569
179; 178; 33488
180; 178; 33513
181; 178; 33552
182; 178; 33484
183; 178; 33389
184; 178; 33367
185; 178; 33370
186; 178; 33355
187; 178; 33335
188; 178; 33315
189; 178; 33307
190; 178; 33321
191; 178; 33318
192; 178; 33327
120; 179; 33300
121; 179; 33251
122; 179; 33308
123; 179; 33396
124; 179; 33438
125; 179; 33457
126; 179; 33471
127; 179; 33482
128; 179; 33478
129; 179; 33456
130; 179; 33450
131; 179; 33479
132; 179; 33477
133; 179; 33419
134; 179; 33398
135; 179; 33437
136; 179; 33454
137; 179; 33427
138; 179; 33415
139; 179; 33398
140; 179; 33359
141; 179; 33309
142; 179; 33202
143; 179; 33122
144; 179; 33132
145; 179; 33176
146; 179; 33170
147; 179; 33123
148; 179; 33144
149; 179; 33192
150; 179; 33126
151; 179; 33012
152; 179; 32974
153; 179; 32958
154; 179; 32953
155; 179; 32989
156; 179; 33163
157; 179; 33433
158; 179; 33538
159; 179; 33499
160; 179; 33548
161; 179; 33642
162; 179; 33594
163; 179; 33504
164; 179; 33541
165; 179; 33615
166; 179; 33595
167; 179; 33550
168; 179; 33558
169; 179; 33555
170; 179; 33526
171; 179; 33522
172; 179; 33563
173; 179; 33604
174; 179; 33585
175; 179; 33527
176; 179; 33508
177; 179; 33513
178; 179; 33482
179; 179; 33467
180; 179; 33529
181; 179; 33564
182; 179; 33505
183; 179; 33448
184; 179; 33424
185; 179; 33364
186; 179; 33297
187; 179; 33288
188; 179; 33318
189; 179; 33342
190; 179; 33351
191; 179; 33371
192; 179; 33433
120; 180; 33336
121; 180; 33315
122; 180; 33357
123; 180; 33423
124; 180; 33453
125; 180; 33457
126; 180; 33474
127; 180; 33509
128; 180; 33522
129; 180; 33492
130; 180; 33453
131; 180; 33442
132; 180; 33429
133; 180; 33397
134; 180; 33399
135; 180; 33452
136; 180; 33478
137; 180; 33438
138; 180; 33385
139; 180; 33387
140; 180; 33400
141; 180; 33357
142; 180; 33271
143; 180; 33246
144; 180; 33274
145; 180; 33250
146; 180; 33138
147; 180; 33071
148; 180; 33132
149; 180; 33179
150; 180; 33091
151; 180; 32996
152; 180; 32974
153; 180; 32949
154; 180; 32936
155; 180; 33005
156; 180; 33231
157; 180; 33488
158; 180; 33530
159; 180; 33498
160; 180; 33584
161; 180; 33674
162; 180; 33615
163; 180; 33537
164; 180; 33578
165; 180; 33629
166; 180; 33608
167; 180; 33593
168; 180; 33629
169; 180; 33650
170; 180; 33651
171; 180; 33665
172; 180; 33677
173; 180; 33645
174; 180; 33572
175; 180; 33511
176; 180; 33477
177; 180; 33429
178; 180; 33396
179; 180; 33441
180; 180; 33520
181; 180; 33543
182; 180; 33501
183; 180; 33461
184; 180; 33424
185; 180; 33344
186; 180; 33272
187; 180; 33271
188; 180; 33293
189; 180; 33290
190; 180; 33309
191; 180; 33393
192; 180; 33529
120; 181; 33476
121; 181; 33474
122; 181; 33462
123; 181; 33470
124; 181; 33480
125; 181; 33464
126; 181; 33438
127; 181; 33440
128; 181; 33470
129; 181; 33492
130; 181; 33460
131; 181; 33419
132; 181; 33410
133; 181; 33394
134; 181; 33362
135; 181; 33370
136; 181; 33414
137; 181; 33433
138; 181; 33416
139; 181; 33451
140; 181; 33483
141; 181; 33408
142; 181; 33290
143; 181; 33269
144; 181; 33295
145; 181; 33223
146; 181; 33084
147; 181; 33046
148; 181; 33109
149; 181; 33116
150; 181; 33039
151; 181; 32985
152; 181; 32964
153; 181; 32936
154; 181; 32946
155; 181; 33057
156; 181; 33336
157; 181; 33532
158; 181; 33518
159; 181; 33519
160; 181; 33632
161; 181; 33690
162; 181; 33628
163; 181; 33585
164; 181; 33619
165; 181; 33622
166; 181; 33589
167; 181; 33625
168; 181; 33728
169; 181; 33787
170; 181; 33791
171; 181; 33787
172; 181; 33757
173; 181; 33667
174; 181; 33553
175; 181; 33469
176; 181; 33403
177; 181; 33342
178; 181; 33358
179; 181; 33464
180; 181; 33547
181; 181; 33542
182; 181; 33476
183; 181; 33398
184; 181; 33342
185; 181; 33312
186; 181; 33294
187; 181; 33281
188; 181; 33248
189; 181; 33220
190; 181; 33275
191; 181; 33427
192; 181; 33611
120; 182; 33586
121; 182; 33602
122; 182; 33568
123; 182; 33546
124; 182; 33535
125; 182; 33478
126; 182; 33382
127; 182; 33330
128; 182; 33387
129; 182; 33473
130; 182; 33459
131; 182; 33403
132; 182; 33399
133; 182; 33397
134; 182; 33344
135; 182; 33315
136; 182; 33360
137; 182; 33428
138; 182; 33471
139; 182; 33541
140; 182; 33560
141; 182; 33424
142; 182; 33258
143; 182; 33222
144; 182; 33248
145; 182; 33200
146; 182; 33110
147; 182; 33087
148; 182; 33123
149; 182; 33088
150; 182; 33019
151; 182; 32988
152; 182; 32948
153; 182; 32901
154; 182; 32935
155; 182; 33121
156; 182; 33423
157; 182; 33547
158; 182; 33518
159; 182; 33555
160; 182; 33644
161; 182; 33632
162; 182; 33565
163; 182; 33577
164; 182; 33617
165; 182; 33583
166; 182; 33543
167; 182; 33619
168; 182; 33767
169; 182; 33843
170; 182; 33814
171; 182; 33755
172; 182; 33681
173; 182; 33594
174; 182; 33516
175; 182; 33433
176; 182; 33341
177; 182; 33305
178; 182; 33384
179; 182; 33509
180; 182; 33582
181; 182; 33592
182; 182; 33523
183; 182; 33381
184; 182; 33280
185; 182; 33283
186; 182; 33293
187; 182; 33248
188; 182; 33196
189; 182; 33212
190; 182; 33323
191; 182; 33514
192; 182; 33674
120; 183; 33644
121; 183; 33666
122; 183; 33622
123; 183; 33574
124; 183; 33520
125; 183; 33422
126; 183; 33300
127; 183; 33248
128; 183; 33332
129; 183; 33447
130; 183; 33456
131; 183; 33413
132; 183; 33434
133; 183; 33466
134; 183; 33413
135; 183; 33349
136; 183; 33362
137; 183; 33419
138; 183; 33470
139; 183; 33539
140; 183; 33552
141; 183; 33416
142; 183; 33254
143; 183; 33207
144; 183; 33233
145; 183; 33227
146; 183; 33199
147; 183; 33168
148; 183; 33143
149; 183; 33093
150; 183; 33028
151; 183; 32977
152; 183; 32917
153; 183; 32894
154; 183; 32993
155; 183; 33226
156; 183; 33466
157; 183; 33525
158; 183; 33524
159; 183; 33597
160; 183; 33619
161; 183; 33522
162; 183; 33475
163; 183; 33564
164; 183; 33641
165; 183; 33604
166; 183; 33556
167; 183; 33610
168; 183; 33719
169; 183; 33766
170; 183; 33726
171; 183; 33634
172; 183; 33539
173; 183; 33497
174; 183; 33485
175; 183; 33425
176; 183; 33347
177; 183; 33376
178; 183; 33496
179; 183; 33567
180; 183; 33591
181; 183; 33635
182; 183; 33593
183; 183; 33417
184; 183; 33275
185; 183; 33264
186; 183; 33250
187; 183; 33177
188; 183; 33165
189; 183; 33253
190; 183; 33413
191; 183; 33599
192; 183; 33708
120; 184; 33600
121; 184; 33627
122; 184; 33588
123; 184; 33531
124; 184; 33464
125; 184; 33369
126; 184; 33272
127; 184; 33254
128; 184; 33329
129; 184; 33426
130; 184; 33466
131; 184; 33465
132; 184; 33515
133; 184; 33572
134; 184; 33524
135; 184; 33420
136; 184; 33383
137; 184; 33410
138; 184; 33452
139; 184; 33497
140; 184; 33500
141; 184; 33413
142; 184; 33302
143; 184; 33241
144; 184; 33238
145; 184; 33245
146; 184; 33239
147; 184; 33201
148; 184; 33135
149; 184; 33069
150; 184; 33029
151; 184; 32980
152; 184; 32912
153; 184; 32949
154; 184; 33094
155; 184; 33320
156; 184; 33473
157; 184; 33480
158; 184; 33523
159; 184; 33631
160; 184; 33606
161; 184; 33474
162; 184; 33482
163; 184; 33626
164; 184; 33707
165; 184; 33675
166; 184; 33635
167; 184; 33639
168; 184; 33670
169; 184; 33689
170; 184; 33670
171; 184; 33580
172; 184; 33480
173; 184; 33469
174; 184; 33487
175; 184; 33444
176; 184; 33422
177; 184; 33532
178; 184; 33649
179; 184; 33624
180; 184; 33577
181; 184; 33622
182; 184; 33583
183; 184; 33402
184; 184; 33266
185; 184; 33245
186; 184; 33206
187; 184; 33139
188; 184; 33174
189; 184; 33301
190; 184; 33462
191; 184; 33622
192; 184; 33723
120; 185; 33438
121; 185; 33483
122; 185; 33485
123; 185; 33481
124; 185; 33479
125; 185; 33440
126; 185; 33370
127; 185; 33335
128; 185; 33357
129; 185; 33404
130; 185; 33444
131; 185; 33466
132; 185; 33519
133; 185; 33591
134; 185; 33577
135; 185; 33478
136; 185; 33418
137; 185; 33439
138; 185; 33487
139; 185; 33503
140; 185; 33475
141; 185; 33419
142; 185; 33342
143; 185; 33270
144; 185; 33240
145; 185; 33240
146; 185; 33231
147; 185; 33185
148; 185; 33105
149; 185; 33029
150; 185; 33005
151; 185; 32976
152; 185; 32926
153; 185; 32987
154; 185; 33179
155; 185; 33392
156; 185; 33451
157; 185; 33416
158; 185; 33503
159; 185; 33645
160; 185; 33616
161; 185; 33498
162; 185; 33541
163; 185; 33673
164; 185; 33709
165; 185; 33672
166; 185; 33677
167; 185; 33716
168; 185; 33736
169; 185; 33727
170; 185; 33683
171; 185; 33586
172; 185; 33503
173; 185; 33493
174; 185; 33498
175; 185; 33463
176; 185; 33490
177; 185; 33627
178; 185; 33708
179; 185; 33627
180; 185; 33550
181; 185; 33560
182; 185; 33496
183; 185; 33337
184; 185; 33248
185; 185; 33231
186; 185; 33181
187; 185; 33138
188; 185; 33201
189; 185; 33338
190; 185; 33476
191; 185; 33607
192; 185; 33722
120; 186; 33308
121; 186; 33390
122; 186; 33420
123; 186; 33445
124; 186; 33505
125; 186; 33533
126; 186; 33491
127; 186; 33435
128; 186; 33414
129; 186; 33427
130; 186; 33431
131; 186; 33406
132; 186; 33412
133; 186; 33500
134; 186; 33558
135; 186; 33517
136; 186; 33482
137; 186; 33511
138; 186; 33531
139; 186; 33480
140; 186; 33410
141; 186; 33375
142; 186; 33341
143; 186; 33294
144; 186; 33261
145; 186; 33243
146; 186; 33225
147; 186; 33166
148; 186; 33087
149; 186; 33027
150; 186; 32985
151; 186; 32960
152; 186; 32922
153; 186; 33003
154; 186; 33239
155; 186; 33440
156; 186; 33441
157; 186; 33399
158; 186; 33507
159; 186; 33637
160; 186; 33590
161; 186; 33494
162; 186; 33564
163; 186; 33670
164; 186; 33641
165; 186; 33575
166; 186; 33631
167; 186; 33770
168; 186; 33843
169; 186; 33791
170; 186; 33670
171; 186; 33558
172; 186; 33513
173; 186; 33501
174; 186; 33473
175; 186; 33441
176; 186; 33497
177; 186; 33624
178; 186; 33679
179; 186; 33595
180; 186; 33512
181; 186; 33478
182; 186; 33393
183; 186; 33268
184; 186; 33234
185; 186; 33240
186; 186; 33171
187; 186; 33126
188; 186; 33222
189; 186; 33387
190; 186; 33513
191; 186; 33613
192; 186; 33716
120; 187; 33360
121; 187; 33466
122; 187; 33446
123; 187; 33395
124; 187; 33429
125; 187; 33488
126; 187; 33492
127; 187; 33472
128; 187; 33475
129; 187; 33493
130; 187; 33466
131; 187; 33388
132; 187; 33348
133; 187; 33430
134; 187; 33517
135; 187; 33520
136; 187; 33523
137; 187; 33556
138; 187; 33513
139; 187; 33385
140; 187; 33295
141; 187; 33299
142; 187; 33334
143; 187; 33322
144; 187; 33277
145; 187; 33243
146; 187; 33230
147; 187; 33161
148; 187; 33069
149; 187; 33017
150; 187; 32985
151; 187; 32950
152; 187; 32932
153; 187; 33049
154; 187; 33306
155; 187; 33467
156; 187; 33443
157; 187; 33441
158; 187; 33565
159; 187; 33628
160; 187; 33533
161; 187; 33474
162; 187; 33590
163; 187; 33689
164; 187; 33609
165; 187; 33500
166; 187; 33561
167; 187; 33736
168; 187; 33819
169; 187; 33730
170; 187; 33595
171; 187; 33520
172; 187; 33506
173; 187; 33493
174; 187; 33445
175; 187; 33424
176; 187; 33505
177; 187; 33634
178; 187; 33674
179; 187; 33584
180; 187; 33476
181; 187; 33396
182; 187; 33301
183; 187; 33233
184; 187; 33252
185; 187; 33261
186; 187; 33173
187; 187; 33134
188; 187; 33264
189; 187; 33463
190; 187; 33589
191; 187; 33662
192; 187; 33732
120; 188; 33462
121; 188; 33576
122; 188; 33500
123; 188; 33373
124; 188; 33357
125; 188; 33415
126; 188; 33458
127; 188; 33477
128; 188; 33501
129; 188; 33529
130; 188; 33506
131; 188; 33427
132; 188; 33389
133; 188; 33447
134; 188; 33483
135; 188; 33465
136; 188; 33494
137; 188; 33539
138; 188; 33457
139; 188; 33309
140; 188; 33244
141; 188; 33286
142; 188; 33342
143; 188; 33333
144; 188; 33281
145; 188; 33249
146; 188; 33245
147; 188; 33181
148; 188; 33064
149; 188; 32996
150; 188; 32963
151; 188; 32918
152; 188; 32940
153; 188; 33124
154; 188; 33389
155; 188; 33465
156; 188; 33412
157; 188; 33481
158; 188; 33644
159; 188; 33659
160; 188; 33522
161; 188; 33485
162; 188; 33615
163; 188; 33698
164; 188; 33602
165; 188; 33487
166; 188; 33527
167; 188; 33654
168; 188; 33692
169; 188; 33623
170; 188; 33562
171; 188; 33543
172; 188; 33538
173; 188; 33515
174; 188; 33465
175; 188; 33460
176; 188; 33557
177; 188; 33673
178; 188; 33674
179; 188; 33566
180; 188; 33443
181; 188; 33334
182; 188; 33245
183; 188; 33226
184; 188; 33246
185; 188; 33225
186; 188; 33163
187; 188; 33184
188; 188; 33333
189; 188; 33533
190; 188; 33649
191; 188; 33709
192; 188; 33780
