198; 278; 33733
199; 278; 33792
200; 278; 33803
201; 278; 33895
202; 278; 33956
203; 278; 33860
204; 278; 33606
197; 279; 33802
198; 279; 34090
199; 279; 34286
200; 279; 34329
201; 279; 34266
202; 279; 34172
203; 279; 34027
204; 279; 33773
196; 280; 33960
197; 280; 34189
198; 280; 34387
199; 280; 34575
200; 280; 34565
201; 280; 34396
202; 280; 34225
203; 280; 34104
204; 280; 33893
195; 281; 34018
196; 281; 34336
197; 281; 34405
198; 281; 34484
199; 281; 34551
200; 281; 34527
201; 281; 34336
202; 281; 34185
203; 281; 34089
204; 281; 34002
205; 281; 33775
195; 282; 34291
196; 282; 34401
197; 282; 34411
198; 282; 34426
199; 282; 34397
200; 282; 34288
201; 282; 34165
202; 282; 34101
203; 282; 34074
204; 282; 34034
205; 282; 33824
195; 283; 34332
196; 283; 34288
197; 283; 34242
198; 283; 34285
199; 283; 34220
200; 283; 34075
201; 283; 34021
202; 283; 34075
203; 283; 34111
204; 283; 34083
205; 283; 33801
195; 284; 34273
196; 284; 34074
197; 284; 34058
198; 284; 34159
199; 284; 34113
200; 284; 33971
201; 284; 33975
202; 284; 34130
203; 284; 34218
204; 284; 34184
205; 284; 33893
206; 284; 33372
195; 285; 34176
196; 285; 33987
197; 285; 33998
198; 285; 34092
199; 285; 34026
200; 285; 33872
201; 285; 33896
202; 285; 34105
203; 285; 34254
204; 285; 34254
205; 285; 33962
195; 286; 34154
196; 286; 34060
197; 286; 34073
198; 286; 34076
199; 286; 33923
200; 286; 33752
201; 286; 33799
202; 286; 34005
203; 286; 34169
204; 286; 34121
196; 287; 34131
197; 287; 34132
198; 287; 34040
199; 287; 33840
200; 287; 33723
201; 287; 33813
202; 287; 33988
203; 287; 34050
