315; 144; 33026
316; 144; 33014
317; 144; 32993
318; 144; 33086
319; 144; 33284
320; 144; 33545
321; 144; 33723
322; 144; 33803
323; 144; 33858
324; 144; 33879
325; 144; 33878
326; 144; 33903
327; 144; 33966
328; 144; 34031
329; 144; 34052
330; 144; 34016
331; 144; 33975
332; 144; 33986
333; 144; 34014
334; 144; 33997
335; 144; 33944
336; 144; 33878
337; 144; 33812
338; 144; 33826
339; 144; 33954
340; 144; 34087
341; 144; 34151
342; 144; 34178
343; 144; 34174
344; 144; 34135
345; 144; 34112
346; 144; 34112
347; 144; 34086
348; 144; 34060
349; 144; 34102
350; 144; 34173
351; 144; 34183
352; 144; 34118
353; 144; 34037
354; 144; 34031
355; 144; 34115
356; 144; 34187
357; 144; 34202
358; 144; 34217
359; 144; 34201
360; 144; 34069
361; 144; 33973
362; 144; 34026
363; 144; 34220
364; 144; 34341
365; 144; 34396
366; 144; 34425
367; 144; 34377
368; 144; 34274
369; 144; 34240
370; 144; 34329
371; 144; 34466
372; 144; 34511
373; 144; 34444
374; 144; 34369
375; 144; 34317
376; 144; 34259
377; 144; 34244
315; 145; 33082
316; 145; 33045
317; 145; 32990
318; 145; 32978
319; 145; 33107
320; 145; 33360
321; 145; 33607
322; 145; 33780
323; 145; 33867
324; 145; 33901
325; 145; 33908
326; 145; 33946
327; 145; 34010
328; 145; 34059
329; 145; 34074
330; 145; 34072
331; 145; 34088
332; 145; 34128
333; 145; 34148
334; 145; 34139
335; 145; 34148
336; 145; 34158
337; 145; 34111
338; 145; 34064
339; 145; 34096
340; 145; 34166
341; 145; 34213
342; 145; 34238
343; 145; 34247
344; 145; 34236
345; 145; 34212
346; 145; 34158
347; 145; 34073
348; 145; 34045
349; 145; 34118
350; 145; 34202
351; 145; 34233
352; 145; 34223
353; 145; 34152
354; 145; 34030
355; 145; 33993
356; 145; 34002
357; 145; 34057
358; 145; 34164
359; 145; 34256
360; 145; 34242
361; 145; 34099
362; 145; 34053
363; 145; 34156
364; 145; 34163
365; 145; 34164
366; 145; 34178
367; 145; 34190
368; 145; 34176
369; 145; 34164
370; 145; 34189
371; 145; 34268
372; 145; 34339
373; 145; 34323
374; 145; 34244
375; 145; 34185
376; 145; 34170
377; 145; 34164
315; 146; 33103
316; 146; 33077
317; 146; 33030
318; 146; 33045
319; 146; 33174
320; 146; 33442
321; 146; 33641
322; 146; 33714
323; 146; 33734
324; 146; 33758
325; 146; 33808
326; 146; 33881
327; 146; 33964
328; 146; 34041
329; 146; 34095
330; 146; 34140
331; 146; 34197
332; 146; 34238
333; 146; 34230
334; 146; 34218
335; 146; 34282
336; 146; 34374
337; 146; 34378
338; 146; 34294
339; 146; 34212
340; 146; 34173
341; 146; 34173
342; 146; 34209
343; 146; 34267
344; 146; 34330
345; 146; 34369
346; 146; 34331
347; 146; 34229
348; 146; 34175
349; 146; 34209
350; 146; 34249
351; 146; 34284
352; 146; 34341
353; 146; 34354
354; 146; 34231
355; 146; 34052
356; 146; 33986
357; 146; 33929
358; 146; 33915
359; 146; 34195
360; 146; 34404
361; 146; 34501
362; 146; 34445
363; 146; 34300
364; 146; 34164
365; 146; 34070
366; 146; 34060
367; 146; 34118
368; 146; 34185
369; 146; 34215
370; 146; 34178
371; 146; 34124
372; 146; 34130
373; 146; 34184
374; 146; 34242
375; 146; 34296
376; 146; 34319
377; 146; 34250
315; 147; 33080
316; 147; 33045
317; 147; 33047
318; 147; 33122
319; 147; 33361
320; 147; 33692
321; 147; 33789
322; 147; 33710
323; 147; 33585
324; 147; 33533
325; 147; 33576
326; 147; 33667
327; 147; 33783
328; 147; 33919
329; 147; 34035
330; 147; 34117
331; 147; 34187
332; 147; 34235
333; 147; 34232
334; 147; 34203
335; 147; 34208
336; 147; 34238
337; 147; 34237
338; 147; 34197
339; 147; 34153
340; 147; 34123
341; 147; 34113
342; 147; 34141
343; 147; 34209
344; 147; 34318
345; 147; 34416
346; 147; 34452
347; 147; 34403
348; 147; 34350
349; 147; 34317
350; 147; 34302
351; 147; 34304
352; 147; 34352
353; 147; 34395
354; 147; 34400
355; 147; 34390
356; 147; 34250
357; 147; 33912
358; 147; 33657
359; 147; 33772
360; 147; 34241
361; 147; 34568
362; 147; 34587
363; 147; 34533
364; 147; 34370
365; 147; 34247
366; 147; 34211
367; 147; 34221
368; 147; 34257
369; 147; 34300
370; 147; 34268
371; 147; 34155
372; 147; 34094
373; 147; 34177
374; 147; 34326
375; 147; 34428
376; 147; 34442
377; 147; 34355
315; 148; 33117
316; 148; 33061
317; 148; 33025
318; 148; 33088
319; 148; 33410
320; 148; 33796
321; 148; 33930
322; 148; 33836
323; 148; 33670
324; 148; 33555
325; 148; 33528
326; 148; 33561
327; 148; 33640
328; 148; 33751
329; 148; 33850
330; 148; 33927
331; 148; 34012
332; 148; 34097
333; 148; 34140
334; 148; 34110
335; 148; 34006
336; 148; 33861
337; 148; 33768
338; 148; 33791
339; 148; 33893
340; 148; 34000
341; 148; 34076
342; 148; 34119
343; 148; 34149
344; 148; 34202
345; 148; 34319
346; 148; 34396
347; 148; 34420
348; 148; 34374
349; 148; 34347
350; 148; 34343
351; 148; 34327
352; 148; 34307
353; 148; 34321
354; 148; 34393
355; 148; 34477
356; 148; 34472
357; 148; 34085
358; 148; 33542
359; 148; 33323
360; 148; 33591
361; 148; 34090
362; 148; 34397
363; 148; 34524
364; 148; 34480
365; 148; 34463
366; 148; 34457
367; 148; 34397
368; 148; 34354
369; 148; 34385
370; 148; 34385
371; 148; 34287
372; 148; 34214
373; 148; 34265
374; 148; 34345
375; 148; 34357
376; 148; 34328
377; 148; 34302
315; 149; 33227
316; 149; 33197
317; 149; 33086
318; 149; 33064
319; 149; 33273
320; 149; 33718
321; 149; 33962
322; 149; 34016
323; 149; 33940
324; 149; 33845
325; 149; 33761
326; 149; 33710
327; 149; 33688
328; 149; 33675
329; 149; 33664
330; 149; 33684
331; 149; 33746
332; 149; 33822
333; 149; 33879
334; 149; 33883
335; 149; 33774
336; 149; 33565
337; 149; 33396
338; 149; 33408
339; 149; 33579
340; 149; 33793
341; 149; 33977
342; 149; 34083
343; 149; 34094
344; 149; 34056
345; 149; 34005
346; 149; 34030
347; 149; 34097
348; 149; 34161
349; 149; 34212
350; 149; 34284
351; 149; 34313
352; 149; 34257
353; 149; 34260
354; 149; 34341
355; 149; 34436
356; 149; 34415
357; 149; 34189
358; 149; 33679
359; 149; 33229
360; 149; 33176
361; 149; 33418
362; 149; 33765
363; 149; 34116
364; 149; 34308
365; 149; 34420
366; 149; 34472
367; 149; 34418
368; 149; 34392
369; 149; 34429
370; 149; 34437
371; 149; 34349
372; 149; 34324
373; 149; 34373
374; 149; 34363
375; 149; 34265
376; 149; 34188
377; 149; 34191
315; 150; 33277
316; 150; 33319
317; 150; 33253
318; 150; 33166
319; 150; 33301
320; 150; 33612
321; 150; 33940
322; 150; 34071
323; 150; 34110
324; 150; 34082
325; 150; 34011
326; 150; 33944
327; 150; 33879
328; 150; 33794
329; 150; 33703
330; 150; 33638
331; 150; 33588
332; 150; 33543
333; 150; 33543
334; 150; 33579
335; 150; 33570
336; 150; 33474
337; 150; 33353
338; 150; 33310
339; 150; 33394
340; 150; 33573
341; 150; 33775
342; 150; 33922
343; 150; 33974
344; 150; 33943
345; 150; 33891
346; 150; 33826
347; 150; 33769
348; 150; 33766
349; 150; 33812
350; 150; 33901
351; 150; 34017
352; 150; 34079
353; 150; 34163
354; 150; 34254
355; 150; 34293
356; 150; 34280
357; 150; 34232
358; 150; 34032
359; 150; 33629
360; 150; 33336
361; 150; 33350
362; 150; 33464
363; 150; 33597
364; 150; 33767
365; 150; 33924
366; 150; 34053
367; 150; 34138
368; 150; 34192
369; 150; 34239
370; 150; 34243
371; 150; 34225
372; 150; 34306
373; 150; 34417
374; 150; 34413
375; 150; 34319
376; 150; 34258
377; 150; 34248
315; 151; 33191
316; 151; 33339
317; 151; 33420
318; 151; 33447
319; 151; 33575
320; 151; 33783
321; 151; 33885
322; 151; 33990
323; 151; 34082
324; 151; 34133
325; 151; 34123
326; 151; 34075
327; 151; 34018
328; 151; 33973
329; 151; 33929
330; 151; 33824
331; 151; 33642
332; 151; 33457
333; 151; 33413
334; 151; 33429
335; 151; 33450
336; 151; 33436
337; 151; 33406
338; 151; 33375
339; 151; 33379
340; 151; 33457
341; 151; 33587
342; 151; 33715
343; 151; 33832
344; 151; 33927
345; 151; 33944
346; 151; 33866
347; 151; 33778
348; 151; 33718
349; 151; 33708
350; 151; 33709
351; 151; 33632
352; 151; 33635
353; 151; 33723
354; 151; 33853
355; 151; 33937
356; 151; 34090
357; 151; 34265
358; 151; 34285
359; 151; 34038
360; 151; 33806
361; 151; 33675
362; 151; 33619
363; 151; 33608
364; 151; 33662
365; 151; 33744
366; 151; 33719
367; 151; 33711
368; 151; 33714
369; 151; 33744
370; 151; 33775
371; 151; 33825
372; 151; 34012
373; 151; 34246
374; 151; 34357
375; 151; 34343
376; 151; 34372
377; 151; 34417
315; 152; 33063
316; 152; 33281
317; 152; 33523
318; 152; 33721
319; 152; 33856
320; 152; 33914
321; 152; 33900
322; 152; 33923
323; 152; 34005
324; 152; 34113
325; 152; 34160
326; 152; 34097
327; 152; 33988
328; 152; 33973
329; 152; 34040
330; 152; 33978
331; 152; 33757
332; 152; 33594
333; 152; 33561
334; 152; 33579
335; 152; 33485
336; 152; 33392
337; 152; 33355
338; 152; 33365
339; 152; 33423
340; 152; 33505
341; 152; 33582
342; 152; 33669
343; 152; 33818
344; 152; 33999
345; 152; 34073
346; 152; 34005
347; 152; 33911
348; 152; 33881
349; 152; 33881
350; 152; 33808
351; 152; 33590
352; 152; 33438
353; 152; 33330
354; 152; 33320
355; 152; 33393
356; 152; 33656
357; 152; 34044
358; 152; 34127
359; 152; 33934
360; 152; 33740
361; 152; 33687
362; 152; 33697
363; 152; 33796
364; 152; 33867
365; 152; 33850
366; 152; 33725
367; 152; 33567
368; 152; 33439
369; 152; 33433
370; 152; 33502
371; 152; 33600
372; 152; 33686
373; 152; 33843
374; 152; 34008
375; 152; 34100
376; 152; 34237
377; 152; 34337
315; 153; 33163
316; 153; 33301
317; 153; 33520
318; 153; 33785
319; 153; 33913
320; 153; 33925
321; 153; 33906
322; 153; 33928
323; 153; 33994
324; 153; 34093
325; 153; 34157
326; 153; 34067
327; 153; 33875
328; 153; 33832
329; 153; 33949
330; 153; 33930
331; 153; 33731
332; 153; 33667
333; 153; 33886
334; 153; 34032
335; 153; 33870
336; 153; 33550
337; 153; 33372
338; 153; 33334
339; 153; 33455
340; 153; 33594
341; 153; 33684
342; 153; 33768
343; 153; 33904
344; 153; 34049
345; 153; 34087
346; 153; 34018
347; 153; 33968
348; 153; 34002
349; 153; 34044
350; 153; 34004
351; 153; 33834
352; 153; 33544
353; 153; 33363
354; 153; 33268
355; 153; 33217
356; 153; 33270
357; 153; 33486
358; 153; 33546
359; 153; 33422
360; 153; 33285
361; 153; 33247
362; 153; 33336
363; 153; 33576
364; 153; 33787
365; 153; 33818
366; 153; 33674
367; 153; 33471
368; 153; 33335
369; 153; 33270
370; 153; 33395
371; 153; 33520
372; 153; 33586
373; 153; 33662
374; 153; 33727
375; 153; 33740
376; 153; 33676
377; 153; 33618
315; 154; 33424
316; 154; 33477
317; 154; 33597
318; 154; 33737
319; 154; 33808
320; 154; 33829
321; 154; 33881
322; 154; 33959
323; 154; 33998
324; 154; 34024
325; 154; 34080
326; 154; 34043
327; 154; 33873
328; 154; 33791
329; 154; 33866
330; 154; 33835
331; 154; 33631
332; 154; 33583
333; 154; 33962
334; 154; 34258
335; 154; 34262
336; 154; 34034
337; 154; 33804
338; 154; 33654
339; 154; 33596
340; 154; 33629
341; 154; 33665
342; 154; 33744
343; 154; 33855
344; 154; 33945
345; 154; 33960
346; 154; 33922
347; 154; 33891
348; 154; 33895
349; 154; 33910
350; 154; 33909
351; 154; 33832
352; 154; 33705
353; 154; 33600
354; 154; 33508
355; 154; 33373
356; 154; 33233
357; 154; 33182
358; 154; 33221
359; 154; 33267
360; 154; 33259
361; 154; 33199
362; 154; 33121
363; 154; 33048
364; 154; 33150
365; 154; 33276
366; 154; 33311
367; 154; 33318
368; 154; 33204
369; 154; 33137
370; 154; 33211
371; 154; 33408
372; 154; 33524
373; 154; 33590
374; 154; 33635
375; 154; 33568
376; 154; 33365
377; 154; 33150
315; 155; 33585
316; 155; 33654
317; 155; 33717
318; 155; 33754
319; 155; 33745
320; 155; 33753
321; 155; 33853
322; 155; 33962
323; 155; 33953
324; 155; 33901
325; 155; 33977
326; 155; 34077
327; 155; 34006
328; 155; 33864
329; 155; 33848
330; 155; 33832
331; 155; 33624
332; 155; 33539
333; 155; 33858
334; 155; 34271
335; 155; 34317
336; 155; 34275
337; 155; 34248
338; 155; 34163
339; 155; 33975
340; 155; 33685
341; 155; 33584
342; 155; 33577
343; 155; 33660
344; 155; 33762
345; 155; 33837
346; 155; 33866
347; 155; 33829
348; 155; 33753
349; 155; 33696
350; 155; 33665
351; 155; 33616
352; 155; 33565
353; 155; 33569
354; 155; 33609
355; 155; 33563
356; 155; 33384
357; 155; 33232
358; 155; 33250
359; 155; 33382
360; 155; 33530
361; 155; 33499
362; 155; 33322
363; 155; 33060
364; 155; 32995
365; 155; 33116
366; 155; 33285
367; 155; 33333
368; 155; 33257
369; 155; 33132
370; 155; 33164
371; 155; 33296
372; 155; 33357
373; 155; 33366
374; 155; 33425
375; 155; 33517
376; 155; 33529
377; 155; 33470
315; 156; 33645
316; 156; 33741
317; 156; 33826
318; 156; 33840
319; 156; 33790
320; 156; 33773
321; 156; 33862
322; 156; 33957
323; 156; 33904
324; 156; 33823
325; 156; 33943
326; 156; 34129
327; 156; 34093
328; 156; 33801
329; 156; 33701
330; 156; 33751
331; 156; 33684
332; 156; 33622
333; 156; 33801
334; 156; 34146
335; 156; 34211
336; 156; 34213
337; 156; 34258
338; 156; 34292
339; 156; 34176
340; 156; 33912
341; 156; 33663
342; 156; 33569
343; 156; 33624
344; 156; 33759
345; 156; 33876
346; 156; 33918
347; 156; 33879
348; 156; 33785
349; 156; 33676
350; 156; 33552
351; 156; 33424
352; 156; 33352
353; 156; 33379
354; 156; 33467
355; 156; 33526
356; 156; 33482
357; 156; 33380
358; 156; 33359
359; 156; 33449
360; 156; 33577
361; 156; 33663
362; 156; 33724
363; 156; 33574
364; 156; 33369
365; 156; 33417
366; 156; 33594
367; 156; 33711
368; 156; 33693
369; 156; 33565
370; 156; 33401
371; 156; 33312
372; 156; 33162
373; 156; 33112
374; 156; 33221
375; 156; 33640
376; 156; 34131
377; 156; 34305
315; 157; 33677
316; 157; 33753
317; 157; 33871
318; 157; 33918
319; 157; 33874
320; 157; 33837
321; 157; 33890
322; 157; 33956
323; 157; 33907
324; 157; 33850
325; 157; 33982
326; 157; 34136
327; 157; 33895
328; 157; 33348
329; 157; 33233
330; 157; 33561
331; 157; 33710
332; 157; 33725
333; 157; 33832
334; 157; 34102
335; 157; 34134
336; 157; 34116
337; 157; 34137
338; 157; 34171
339; 157; 34084
340; 157; 33935
341; 157; 33848
342; 157; 33881
343; 157; 33970
344; 157; 34098
345; 157; 34135
346; 157; 34043
347; 157; 33987
348; 157; 33914
349; 157; 33737
350; 157; 33523
351; 157; 33422
352; 157; 33444
353; 157; 33487
354; 157; 33511
355; 157; 33524
356; 157; 33506
357; 157; 33462
358; 157; 33425
359; 157; 33417
360; 157; 33454
361; 157; 33554
362; 157; 33685
363; 157; 33728
364; 157; 33712
365; 157; 33700
366; 157; 33763
367; 157; 33837
368; 157; 33869
369; 157; 33840
370; 157; 33770
371; 157; 33521
372; 157; 33289
373; 157; 33178
374; 157; 33440
375; 157; 34012
376; 157; 34442
377; 157; 34478
315; 158; 33721
316; 158; 33747
317; 158; 33856
318; 158; 33922
319; 158; 33898
320; 158; 33858
321; 158; 33877
322; 158; 33934
323; 158; 33950
324; 158; 33954
325; 158; 34026
326; 158; 34028
327; 158; 33525
328; 158; 32979
329; 158; 32949
330; 158; 33299
331; 158; 33653
332; 158; 33704
333; 158; 33829
334; 158; 34118
335; 158; 34173
336; 158; 34134
337; 158; 34073
338; 158; 33957
339; 158; 33781
340; 158; 33702
341; 158; 33835
342; 158; 33959
343; 158; 34188
344; 158; 34316
345; 158; 34265
346; 158; 34138
347; 158; 34082
348; 158; 34017
349; 158; 33767
350; 158; 33540
351; 158; 33620
352; 158; 33875
353; 158; 34003
354; 158; 33953
355; 158; 33825
356; 158; 33693
357; 158; 33615
358; 158; 33605
359; 158; 33604
360; 158; 33577
361; 158; 33554
362; 158; 33581
363; 158; 33639
364; 158; 33685
365; 158; 33743
366; 158; 33828
367; 158; 33873
368; 158; 33850
369; 158; 33824
370; 158; 33842
371; 158; 33889
372; 158; 33858
373; 158; 33864
374; 158; 34014
375; 158; 34179
376; 158; 34269
377; 158; 34191
315; 159; 33789
316; 159; 33780
317; 159; 33831
318; 159; 33863
319; 159; 33854
320; 159; 33830
321; 159; 33831
322; 159; 33894
323; 159; 33983
324; 159; 34041
325; 159; 34038
326; 159; 33855
327; 159; 33310
328; 159; 32877
329; 159; 32906
330; 159; 33158
331; 159; 33434
332; 159; 33560
333; 159; 33821
334; 159; 34137
335; 159; 34198
336; 159; 34142
337; 159; 34044
338; 159; 33862
339; 159; 33604
340; 159; 33489
341; 159; 33502
342; 159; 33664
343; 159; 33973
344; 159; 34222
345; 159; 34260
346; 159; 34169
347; 159; 34146
348; 159; 34125
349; 159; 33937
350; 159; 33778
351; 159; 33931
352; 159; 34246
353; 159; 34408
354; 159; 34369
355; 159; 34226
356; 159; 34050
357; 159; 33935
358; 159; 33951
359; 159; 34015
360; 159; 33995
361; 159; 33888
362; 159; 33805
363; 159; 33798
364; 159; 33823
365; 159; 33875
366; 159; 33970
367; 159; 34022
368; 159; 33961
369; 159; 33887
370; 159; 33931
371; 159; 34136
372; 159; 34279
373; 159; 34349
374; 159; 34332
375; 159; 34224
376; 159; 33991
377; 159; 33834
315; 160; 33857
316; 160; 33852
317; 160; 33833
318; 160; 33803
319; 160; 33802
320; 160; 33813
321; 160; 33818
322; 160; 33870
323; 160; 33971
324; 160; 34041
325; 160; 33993
326; 160; 33784
327; 160; 33363
328; 160; 33081
329; 160; 33066
330; 160; 33225
331; 160; 33335
332; 160; 33503
333; 160; 33877
334; 160; 34126
335; 160; 34151
336; 160; 34045
337; 160; 33956
338; 160; 33853
339; 160; 33642
340; 160; 33495
341; 160; 33411
342; 160; 33352
343; 160; 33512
344; 160; 33901
345; 160; 34136
346; 160; 34175
347; 160; 34168
348; 160; 34231
349; 160; 34266
350; 160; 34220
351; 160; 34207
352; 160; 34267
353; 160; 34322
354; 160; 34358
355; 160; 34359
356; 160; 34283
357; 160; 34187
358; 160; 34190
359; 160; 34281
360; 160; 34315
361; 160; 34252
362; 160; 34218
363; 160; 34237
364; 160; 34198
365; 160; 34092
366; 160; 34067
367; 160; 34144
368; 160; 34191
369; 160; 34158
370; 160; 34143
371; 160; 34177
372; 160; 34226
373; 160; 34262
374; 160; 34242
375; 160; 34209
376; 160; 34002
377; 160; 33837
315; 161; 33876
316; 161; 33906
317; 161; 33860
318; 161; 33793
319; 161; 33795
320; 161; 33839
321; 161; 33861
322; 161; 33879
323; 161; 33931
324; 161; 33975
325; 161; 33936
326; 161; 33815
327; 161; 33550
328; 161; 33392
329; 161; 33369
330; 161; 33398
331; 161; 33391
332; 161; 33514
333; 161; 33838
334; 161; 34002
335; 161; 33948
336; 161; 33835
337; 161; 33885
338; 161; 33889
339; 161; 33799
340; 161; 33644
341; 161; 33473
342; 161; 33325
343; 161; 33284
344; 161; 33627
345; 161; 34085
346; 161; 34165
347; 161; 34107
348; 161; 34191
349; 161; 34418
350; 161; 34479
351; 161; 34290
352; 161; 34089
353; 161; 34042
354; 161; 34117
355; 161; 34205
356; 161; 34222
357; 161; 34164
358; 161; 34145
359; 161; 34232
360; 161; 34316
361; 161; 34331
362; 161; 34373
363; 161; 34433
364; 161; 34347
365; 161; 34115
366; 161; 33996
367; 161; 34118
368; 161; 34314
369; 161; 34381
370; 161; 34291
371; 161; 34111
372; 161; 33965
373; 161; 33949
374; 161; 34060
375; 161; 34228
376; 161; 34257
377; 161; 33925
315; 162; 33837
316; 162; 33906
317; 162; 33888
318; 162; 33828
319; 162; 33826
320; 162; 33873
321; 162; 33900
322; 162; 33897
323; 162; 33903
324; 162; 33909
325; 162; 33888
326; 162; 33832
327; 162; 33748
328; 162; 33693
329; 162; 33603
330; 162; 33520
331; 162; 33430
332; 162; 33454
333; 162; 33512
334; 162; 33513
335; 162; 33537
336; 162; 33701
337; 162; 33882
338; 162; 33951
339; 162; 33882
340; 162; 33721
341; 162; 33540
342; 162; 33361
343; 162; 33327
344; 162; 33570
345; 162; 34017
346; 162; 34112
347; 162; 34010
348; 162; 34042
349; 162; 34247
350; 162; 34313
351; 162; 34142
352; 162; 33993
353; 162; 34004
354; 162; 34051
355; 162; 34052
356; 162; 34037
357; 162; 34008
358; 162; 34012
359; 162; 34102
360; 162; 34208
361; 162; 34263
362; 162; 34282
363; 162; 34246
364; 162; 34121
365; 162; 34022
366; 162; 34068
367; 162; 34219
368; 162; 34361
369; 162; 34402
370; 162; 34281
371; 162; 34063
372; 162; 33955
373; 162; 33975
374; 162; 34055
375; 162; 34182
376; 162; 34141
377; 162; 33784
315; 163; 33789
316; 163; 33872
317; 163; 33892
318; 163; 33860
319; 163; 33862
320; 163; 33892
321; 163; 33900
322; 163; 33902
323; 163; 33903
324; 163; 33873
325; 163; 33843
326; 163; 33866
327; 163; 33904
328; 163; 33862
329; 163; 33650
330; 163; 33409
331; 163; 33321
332; 163; 33243
333; 163; 33116
334; 163; 33171
335; 163; 33384
336; 163; 33600
337; 163; 33794
338; 163; 33925
339; 163; 33910
340; 163; 33735
341; 163; 33516
342; 163; 33378
343; 163; 33401
344; 163; 33605
345; 163; 33930
346; 163; 33999
347; 163; 33987
348; 163; 34006
349; 163; 34043
350; 163; 33979
351; 163; 33906
352; 163; 34007
353; 163; 34197
354; 163; 34233
355; 163; 34102
356; 163; 33986
357; 163; 33987
358; 163; 34049
359; 163; 34103
360; 163; 34167
361; 163; 34264
362; 163; 34262
363; 163; 34047
364; 163; 33855
365; 163; 34019
366; 163; 34359
367; 163; 34488
368; 163; 34405
369; 163; 34307
370; 163; 34204
371; 163; 34114
372; 163; 34157
373; 163; 34247
374; 163; 34120
375; 163; 33747
376; 163; 33555
377; 163; 33457
315; 164; 33786
316; 164; 33843
317; 164; 33859
318; 164; 33848
319; 164; 33873
320; 164; 33903
321; 164; 33902
322; 164; 33914
323; 164; 33920
324; 164; 33859
325; 164; 33814
326; 164; 33910
327; 164; 34030
328; 164; 33955
329; 164; 33522
330; 164; 33162
331; 164; 33119
332; 164; 33128
333; 164; 33124
334; 164; 33205
335; 164; 33338
336; 164; 33464
337; 164; 33587
338; 164; 33752
339; 164; 33870
340; 164; 33770
341; 164; 33516
342; 164; 33344
343; 164; 33393
344; 164; 33612
345; 164; 33874
346; 164; 33949
347; 164; 34038
348; 164; 34129
349; 164; 34077
350; 164; 33861
351; 164; 33766
352; 164; 33974
353; 164; 34275
354; 164; 34371
355; 164; 34238
356; 164; 34095
357; 164; 34121
358; 164; 34213
359; 164; 34171
360; 164; 34117
361; 164; 34250
362; 164; 34304
363; 164; 33995
364; 164; 33740
365; 164; 34030
366; 164; 34489
367; 164; 34540
368; 164; 34307
369; 164; 34197
370; 164; 34215
371; 164; 34244
372; 164; 34322
373; 164; 34363
374; 164; 34037
375; 164; 33352
376; 164; 33051
377; 164; 33275
315; 165; 33825
316; 165; 33831
317; 165; 33804
318; 165; 33795
319; 165; 33847
320; 165; 33903
321; 165; 33914
322; 165; 33916
323; 165; 33907
324; 165; 33848
325; 165; 33825
326; 165; 33945
327; 165; 34057
328; 165; 33923
329; 165; 33414
330; 165; 33100
331; 165; 33118
332; 165; 33181
333; 165; 33162
334; 165; 33166
335; 165; 33293
336; 165; 33391
337; 165; 33409
338; 165; 33556
339; 165; 33771
340; 165; 33790
341; 165; 33580
342; 165; 33374
343; 165; 33362
344; 165; 33565
345; 165; 33880
346; 165; 33977
347; 165; 34069
348; 165; 34210
349; 165; 34227
350; 165; 34014
351; 165; 33822
352; 165; 33886
353; 165; 34110
354; 165; 34271
355; 165; 34266
356; 165; 34185
357; 165; 34208
358; 165; 34293
359; 165; 34208
360; 165; 34058
361; 165; 34130
362; 165; 34188
363; 165; 33909
364; 165; 33703
365; 165; 33995
366; 165; 34367
367; 165; 34296
368; 165; 34059
369; 165; 34117
370; 165; 34338
371; 165; 34389
372; 165; 34316
373; 165; 34165
374; 165; 33732
375; 165; 33175
376; 165; 32961
377; 165; 33130
315; 166; 33847
316; 166; 33824
317; 166; 33772
318; 166; 33756
319; 166; 33804
320; 166; 33877
321; 166; 33902
322; 166; 33877
323; 166; 33847
324; 166; 33831
325; 166; 33855
326; 166; 33935
327; 166; 33968
328; 166; 33805
329; 166; 33431
330; 166; 33288
331; 166; 33254
332; 166; 33244
333; 166; 33082
334; 166; 33068
335; 166; 33287
336; 166; 33403
337; 166; 33392
338; 166; 33468
339; 166; 33624
340; 166; 33708
341; 166; 33651
342; 166; 33522
343; 166; 33441
344; 166; 33552
345; 166; 33906
346; 166; 34051
347; 166; 34055
348; 166; 34125
349; 166; 34244
350; 166; 34228
351; 166; 34047
352; 166; 33945
353; 166; 33977
354; 166; 34086
355; 166; 34149
356; 166; 34110
357; 166; 34117
358; 166; 34235
359; 166; 34245
360; 166; 34087
361; 166; 33991
362; 166; 33942
363; 166; 33773
364; 166; 33751
365; 166; 34058
366; 166; 34285
367; 166; 34113
368; 166; 33920
369; 166; 34092
370; 166; 34439
371; 166; 34460
372; 166; 34088
373; 166; 33674
374; 166; 33455
375; 166; 33248
376; 166; 33035
377; 166; 32971
315; 167; 33830
316; 167; 33821
317; 167; 33790
318; 167; 33777
319; 167; 33796
320; 167; 33845
321; 167; 33869
322; 167; 33832
323; 167; 33807
324; 167; 33843
325; 167; 33898
326; 167; 33925
327; 167; 33877
328; 167; 33735
329; 167; 33506
330; 167; 33444
331; 167; 33425
332; 167; 33416
333; 167; 33359
334; 167; 33360
335; 167; 33380
336; 167; 33379
337; 167; 33400
338; 167; 33452
339; 167; 33480
340; 167; 33578
341; 167; 33735
342; 167; 33756
343; 167; 33613
344; 167; 33586
345; 167; 33880
346; 167; 34102
347; 167; 34047
348; 167; 33968
349; 167; 34109
350; 167; 34235
351; 167; 34239
352; 167; 34184
353; 167; 34091
354; 167; 34069
355; 167; 34048
356; 167; 33962
357; 167; 33946
358; 167; 34125
359; 167; 34252
360; 167; 34097
361; 167; 33878
362; 167; 33853
363; 167; 33952
364; 167; 34113
365; 167; 34220
366; 167; 34243
367; 167; 34077
368; 167; 34002
369; 167; 34188
370; 167; 34392
371; 167; 34136
372; 167; 33514
373; 167; 33176
374; 167; 33297
375; 167; 33373
376; 167; 33204
377; 167; 32970
315; 168; 33805
316; 168; 33817
317; 168; 33824
318; 168; 33829
319; 168; 33826
320; 168; 33848
321; 168; 33870
322; 168; 33850
323; 168; 33847
324; 168; 33901
325; 168; 33953
326; 168; 33960
327; 168; 33915
328; 168; 33781
329; 168; 33561
330; 168; 33488
331; 168; 33623
332; 168; 34014
333; 168; 34240
334; 168; 34091
335; 168; 33611
336; 168; 33169
337; 168; 33196
338; 168; 33448
339; 168; 33502
340; 168; 33640
341; 168; 33882
342; 168; 33931
343; 168; 33712
344; 168; 33584
345; 168; 33767
346; 168; 34079
347; 168; 34030
348; 168; 33761
349; 168; 33697
350; 168; 33939
351; 168; 34173
352; 168; 34291
353; 168; 34248
354; 168; 34248
355; 168; 34147
356; 168; 33950
357; 168; 33861
358; 168; 34028
359; 168; 34151
360; 168; 33957
361; 168; 33825
362; 168; 34139
363; 168; 34613
364; 168; 34567
365; 168; 34146
366; 168; 33740
367; 168; 33886
368; 168; 34172
369; 168; 34283
370; 168; 34151
371; 168; 33552
372; 168; 33011
373; 168; 32923
374; 168; 33195
375; 168; 33302
376; 168; 33196
377; 168; 33038
315; 169; 33797
316; 169; 33812
317; 169; 33840
318; 169; 33854
319; 169; 33847
320; 169; 33866
321; 169; 33899
322; 169; 33912
323; 169; 33923
324; 169; 33945
325; 169; 33958
326; 169; 33968
327; 169; 33963
328; 169; 33842
329; 169; 33557
330; 169; 33501
331; 169; 33896
332; 169; 34435
333; 169; 34633
334; 169; 34241
335; 169; 33393
336; 169; 32991
337; 169; 33109
338; 169; 33662
339; 169; 33886
340; 169; 33963
341; 169; 34044
342; 169; 33949
343; 169; 33701
344; 169; 33613
345; 169; 33787
346; 169; 33989
347; 169; 33942
348; 169; 33571
349; 169; 33332
350; 169; 33351
351; 169; 33574
352; 169; 33880
353; 169; 34143
354; 169; 34357
355; 169; 34355
356; 169; 34062
357; 169; 33877
358; 169; 33985
359; 169; 34070
360; 169; 33931
361; 169; 33989
362; 169; 34588
363; 169; 34880
364; 169; 34396
365; 169; 33498
366; 169; 33050
367; 169; 33495
368; 169; 34102
369; 169; 34246
370; 169; 33793
371; 169; 33106
372; 169; 32893
373; 169; 32948
374; 169; 33112
375; 169; 33104
376; 169; 33028
377; 169; 33005
315; 170; 33797
316; 170; 33816
317; 170; 33853
318; 170; 33855
319; 170; 33836
320; 170; 33852
321; 170; 33898
322; 170; 33937
323; 170; 33947
324; 170; 33923
325; 170; 33883
326; 170; 33877
327; 170; 33888
328; 170; 33792
329; 170; 33640
330; 170; 33670
331; 170; 33972
332; 170; 34230
333; 170; 34110
334; 170; 33539
335; 170; 33042
336; 170; 33030
337; 170; 33559
338; 170; 34031
339; 170; 34173
340; 170; 34179
341; 170; 34069
342; 170; 33844
343; 170; 33711
344; 170; 33793
345; 170; 33957
346; 170; 33953
347; 170; 33832
348; 170; 33519
349; 170; 33254
350; 170; 33078
351; 170; 33005
352; 170; 33198
353; 170; 33611
354; 170; 34101
355; 170; 34294
356; 170; 34104
357; 170; 33984
358; 170; 34111
359; 170; 34135
360; 170; 33995
361; 170; 34077
362; 170; 34311
363; 170; 34225
364; 170; 33549
365; 170; 32902
366; 170; 32859
367; 170; 33169
368; 170; 33678
369; 170; 33686
370; 170; 33304
371; 170; 32965
372; 170; 32937
373; 170; 32940
374; 170; 32982
375; 170; 32946
376; 170; 32922
377; 170; 32969
315; 171; 33787
316; 171; 33823
317; 171; 33872
318; 171; 33861
319; 171; 33817
320; 171; 33813
321; 171; 33858
322; 171; 33910
323; 171; 33932
324; 171; 33895
325; 171; 33817
326; 171; 33763
327; 171; 33755
328; 171; 33767
329; 171; 33807
330; 171; 33890
331; 171; 33884
332; 171; 33680
333; 171; 33323
334; 171; 33311
335; 171; 33410
336; 171; 33782
337; 171; 34044
338; 171; 34124
339; 171; 34167
340; 171; 34139
341; 171; 33968
342; 171; 33770
343; 171; 33796
344; 171; 34012
345; 171; 34082
346; 171; 33957
347; 171; 33865
348; 171; 33842
349; 171; 33603
350; 171; 33235
351; 171; 32981
352; 171; 32919
353; 171; 33056
354; 171; 33478
355; 171; 33834
356; 171; 34180
357; 171; 34400
358; 171; 34399
359; 171; 34096
360; 171; 33677
361; 171; 33358
362; 171; 33347
363; 171; 33376
364; 171; 33297
365; 171; 33197
366; 171; 33185
367; 171; 33204
368; 171; 33111
369; 171; 33085
370; 171; 33113
371; 171; 33080
372; 171; 33019
373; 171; 32964
374; 171; 32922
375; 171; 32914
376; 171; 32947
377; 171; 32994
315; 172; 33771
316; 172; 33813
317; 172; 33861
318; 172; 33848
319; 172; 33810
320; 172; 33809
321; 172; 33845
322; 172; 33893
323; 172; 33932
324; 172; 33914
325; 172; 33827
326; 172; 33728
327; 172; 33699
328; 172; 33777
329; 172; 33919
330; 172; 33974
331; 172; 33830
332; 172; 33429
333; 172; 33307
334; 172; 33586
335; 172; 34038
336; 172; 34111
337; 172; 34040
338; 172; 33896
339; 172; 33861
340; 172; 33938
341; 172; 33909
342; 172; 33799
343; 172; 33823
344; 172; 34012
345; 172; 34055
346; 172; 33965
347; 172; 33995
348; 172; 34134
349; 172; 34041
350; 172; 33676
351; 172; 33297
352; 172; 33082
353; 172; 32981
354; 172; 33062
355; 172; 33580
356; 172; 34332
357; 172; 34609
358; 172; 34355
359; 172; 33546
360; 172; 33047
361; 172; 33026
362; 172; 33136
363; 172; 33509
364; 172; 34035
365; 172; 34151
366; 172; 33851
367; 172; 33356
368; 172; 32979
369; 172; 32951
370; 172; 33077
371; 172; 33145
372; 172; 33072
373; 172; 32953
374; 172; 32917
375; 172; 32943
376; 172; 32992
377; 172; 33014
315; 173; 33767
316; 173; 33787
317; 173; 33809
318; 173; 33809
319; 173; 33821
320; 173; 33854
321; 173; 33885
322; 173; 33910
323; 173; 33931
324; 173; 33915
325; 173; 33845
326; 173; 33764
327; 173; 33741
328; 173; 33816
329; 173; 33932
330; 173; 33947
331; 173; 33838
332; 173; 33645
333; 173; 33692
334; 173; 33887
335; 173; 34023
336; 173; 33920
337; 173; 33680
338; 173; 33465
339; 173; 33439
340; 173; 33667
341; 173; 33857
342; 173; 33774
343; 173; 33637
344; 173; 33741
345; 173; 33948
346; 173; 33963
347; 173; 33972
348; 173; 34084
349; 173; 34044
350; 173; 33838
351; 173; 33611
352; 173; 33494
353; 173; 33184
354; 173; 33135
355; 173; 33674
356; 173; 34376
357; 173; 34420
358; 173; 33696
359; 173; 33015
360; 173; 32809
361; 173; 33059
362; 173; 33521
363; 173; 34124
364; 173; 34372
365; 173; 34276
366; 173; 33721
367; 173; 33177
368; 173; 33003
369; 173; 33036
370; 173; 33106
371; 173; 33113
372; 173; 33012
373; 173; 32917
374; 173; 32917
375; 173; 32954
376; 173; 32985
377; 173; 32980
315; 174; 33777
316; 174; 33789
317; 174; 33791
318; 174; 33800
319; 174; 33842
320; 174; 33888
321; 174; 33913
322; 174; 33916
323; 174; 33897
324; 174; 33853
325; 174; 33812
326; 174; 33799
327; 174; 33813
328; 174; 33850
329; 174; 33900
330; 174; 33921
331; 174; 33872
332; 174; 33773
333; 174; 33712
334; 174; 33632
335; 174; 33497
336; 174; 33416
337; 174; 33399
338; 174; 33346
339; 174; 33209
340; 174; 33311
341; 174; 33611
342; 174; 33630
343; 174; 33426
344; 174; 33535
345; 174; 33928
346; 174; 33962
347; 174; 33794
348; 174; 33691
349; 174; 33698
350; 174; 33692
351; 174; 33664
352; 174; 33646
353; 174; 33523
354; 174; 33614
355; 174; 34051
356; 174; 34122
357; 174; 33672
358; 174; 33387
359; 174; 33446
360; 174; 33689
361; 174; 33829
362; 174; 34021
363; 174; 34193
364; 174; 33955
365; 174; 33344
366; 174; 33048
367; 174; 33069
368; 174; 33109
369; 174; 33132
370; 174; 33093
371; 174; 33021
372; 174; 32973
373; 174; 32956
374; 174; 32945
375; 174; 32962
376; 174; 32978
377; 174; 32964
315; 175; 33783
316; 175; 33830
317; 175; 33845
318; 175; 33845
319; 175; 33847
320; 175; 33855
321; 175; 33877
322; 175; 33893
323; 175; 33856
324; 175; 33797
325; 175; 33783
326; 175; 33811
327; 175; 33827
328; 175; 33841
329; 175; 33899
330; 175; 33968
331; 175; 33952
332; 175; 33690
333; 175; 33343
334; 175; 33165
335; 175; 33154
336; 175; 33221
337; 175; 33334
338; 175; 33256
339; 175; 33076
340; 175; 33079
341; 175; 33302
342; 175; 33418
343; 175; 33342
344; 175; 33463
345; 175; 33901
346; 175; 33949
347; 175; 33639
348; 175; 33409
349; 175; 33440
350; 175; 33566
351; 175; 33659
352; 175; 33694
353; 175; 33755
354; 175; 34012
355; 175; 34198
356; 175; 33897
357; 175; 33576
358; 175; 33876
359; 175; 34548
360; 175; 34731
361; 175; 34435
362; 175; 34063
363; 175; 33635
364; 175; 33074
365; 175; 32918
366; 175; 33056
367; 175; 33156
368; 175; 33146
369; 175; 33076
370; 175; 33004
371; 175; 32957
372; 175; 32980
373; 175; 33025
374; 175; 33002
375; 175; 32986
376; 175; 33015
377; 175; 32996
315; 176; 33761
316; 176; 33851
317; 176; 33895
318; 176; 33879
319; 176; 33826
320; 176; 33796
321; 176; 33824
322; 176; 33857
323; 176; 33833
324; 176; 33800
325; 176; 33806
326; 176; 33806
327; 176; 33782
328; 176; 33819
329; 176; 33952
330; 176; 34023
331; 176; 33892
332; 176; 33432
333; 176; 33116
334; 176; 33106
335; 176; 33113
336; 176; 33087
337; 176; 33054
338; 176; 33066
339; 176; 33009
340; 176; 33030
341; 176; 33216
342; 176; 33313
343; 176; 33299
344; 176; 33406
345; 176; 33776
346; 176; 33817
347; 176; 33606
348; 176; 33449
349; 176; 33485
350; 176; 33612
351; 176; 33713
352; 176; 33765
353; 176; 33836
354; 176; 34077
355; 176; 34185
356; 176; 34073
357; 176; 34119
358; 176; 34595
359; 176; 34866
360; 176; 34506
361; 176; 33811
362; 176; 33267
363; 176; 32989
364; 176; 32921
365; 176; 33023
366; 176; 33190
367; 176; 33203
368; 176; 33079
369; 176; 32998
370; 176; 32971
371; 176; 32946
372; 176; 32970
373; 176; 33028
374; 176; 33036
375; 176; 33010
376; 176; 33036
377; 176; 33047
315; 177; 33708
316; 177; 33807
317; 177; 33865
318; 177; 33847
319; 177; 33800
320; 177; 33784
321; 177; 33810
322; 177; 33829
323; 177; 33824
324; 177; 33832
325; 177; 33835
326; 177; 33788
327; 177; 33769
328; 177; 33878
329; 177; 34016
330; 177; 33995
331; 177; 33633
332; 177; 33228
333; 177; 33158
334; 177; 33161
335; 177; 33064
336; 177; 32929
337; 177; 32960
338; 177; 32988
339; 177; 33026
340; 177; 33092
341; 177; 33177
342; 177; 33215
343; 177; 33245
344; 177; 33340
345; 177; 33571
346; 177; 33646
347; 177; 33647
348; 177; 33687
349; 177; 33718
350; 177; 33707
351; 177; 33730
352; 177; 33815
353; 177; 33934
354; 177; 34094
355; 177; 34240
356; 177; 34322
357; 177; 34425
358; 177; 34462
359; 177; 34079
360; 177; 33289
361; 177; 33003
362; 177; 33035
363; 177; 33081
364; 177; 33075
365; 177; 33100
366; 177; 33129
367; 177; 33077
368; 177; 33022
369; 177; 33037
370; 177; 33043
371; 177; 32977
372; 177; 32957
373; 177; 32973
374; 177; 33022
375; 177; 33024
376; 177; 33031
377; 177; 33060
315; 178; 33683
316; 178; 33751
317; 178; 33787
318; 178; 33791
319; 178; 33802
320; 178; 33822
321; 178; 33824
322; 178; 33812
323; 178; 33823
324; 178; 33849
325; 178; 33825
326; 178; 33778
327; 178; 33847
328; 178; 34007
329; 178; 34043
330; 178; 33684
331; 178; 33221
332; 178; 33131
333; 178; 33184
334; 178; 33144
335; 178; 32989
336; 178; 32895
337; 178; 32926
338; 178; 32970
339; 178; 33039
340; 178; 33070
341; 178; 33095
342; 178; 33150
343; 178; 33238
344; 178; 33357
345; 178; 33454
346; 178; 33533
347; 178; 33687
348; 178; 33867
349; 178; 33849
350; 178; 33656
351; 178; 33590
352; 178; 33760
353; 178; 34018
354; 178; 34211
355; 178; 34294
356; 178; 34262
357; 178; 34045
358; 178; 33623
359; 178; 33074
360; 178; 32858
361; 178; 33013
362; 178; 33169
363; 178; 33220
364; 178; 33134
365; 178; 33045
366; 178; 32986
367; 178; 32967
368; 178; 33021
369; 178; 33109
370; 178; 33108
371; 178; 33003
372; 178; 32961
373; 178; 32953
374; 178; 33006
375; 178; 33034
376; 178; 33022
377; 178; 33029
315; 179; 33722
316; 179; 33745
317; 179; 33738
318; 179; 33764
319; 179; 33825
320; 179; 33854
321; 179; 33825
322; 179; 33801
323; 179; 33824
324; 179; 33830
325; 179; 33784
326; 179; 33798
327; 179; 33958
328; 179; 34049
329; 179; 33785
330; 179; 33227
331; 179; 33023
332; 179; 33110
333; 179; 33131
334; 179; 33017
335; 179; 32930
336; 179; 32915
337; 179; 32932
338; 179; 32986
339; 179; 33023
340; 179; 33021
341; 179; 33027
342; 179; 33106
343; 179; 33253
344; 179; 33383
345; 179; 33433
346; 179; 33502
347; 179; 33685
348; 179; 33844
349; 179; 33743
350; 179; 33497
351; 179; 33460
352; 179; 33692
353; 179; 33962
354; 179; 34134
355; 179; 34125
356; 179; 33914
357; 179; 33429
358; 179; 33009
359; 179; 32874
360; 179; 32994
361; 179; 33124
362; 179; 33180
363; 179; 33119
364; 179; 33027
365; 179; 32969
366; 179; 32959
367; 179; 32972
368; 179; 33039
369; 179; 33126
370; 179; 33108
371; 179; 33000
372; 179; 32949
373; 179; 32950
374; 179; 33001
375; 179; 33043
376; 179; 33033
377; 179; 33019
315; 180; 33788
316; 180; 33776
317; 180; 33733
318; 180; 33765
319; 180; 33837
320; 180; 33849
321; 180; 33812
322; 180; 33803
323; 180; 33815
324; 180; 33779
325; 180; 33757
326; 180; 33860
327; 180; 33979
328; 180; 33866
329; 180; 33321
330; 180; 32982
331; 180; 33048
332; 180; 33112
333; 180; 33025
334; 180; 32927
335; 180; 32937
336; 180; 32959
337; 180; 32974
338; 180; 33007
339; 180; 33032
340; 180; 33030
341; 180; 33011
342; 180; 33043
343; 180; 33148
344; 180; 33360
345; 180; 33473
346; 180; 33550
347; 180; 33654
348; 180; 33698
349; 180; 33592
350; 180; 33492
351; 180; 33591
352; 180; 33784
353; 180; 33790
354; 180; 33719
355; 180; 33698
356; 180; 33654
357; 180; 33294
358; 180; 33011
359; 180; 33028
360; 180; 33110
361; 180; 33147
362; 180; 33081
363; 180; 32994
364; 180; 32969
365; 180; 32993
366; 180; 33015
367; 180; 33010
368; 180; 33046
369; 180; 33109
370; 180; 33085
371; 180; 33006
372; 180; 32957
373; 180; 32952
374; 180; 32996
375; 180; 33044
376; 180; 33053
377; 180; 33025
315; 181; 33813
316; 181; 33785
317; 181; 33742
318; 181; 33781
319; 181; 33834
320; 181; 33830
321; 181; 33813
322; 181; 33820
323; 181; 33794
324; 181; 33735
325; 181; 33787
326; 181; 33935
327; 181; 33957
328; 181; 33495
329; 181; 33017
330; 181; 33028
331; 181; 33137
332; 181; 33099
333; 181; 32950
334; 181; 32935
335; 181; 32999
336; 181; 33019
337; 181; 32994
338; 181; 33004
339; 181; 33044
340; 181; 33061
341; 181; 32999
342; 181; 32961
343; 181; 33050
344; 181; 33351
345; 181; 33565
346; 181; 33624
347; 181; 33654
348; 181; 33683
349; 181; 33673
350; 181; 33710
351; 181; 33849
352; 181; 33851
353; 181; 33593
354; 181; 33368
355; 181; 33401
356; 181; 33463
357; 181; 33337
358; 181; 33114
359; 181; 33041
360; 181; 33050
361; 181; 33059
362; 181; 33029
363; 181; 33007
364; 181; 33003
365; 181; 33049
366; 181; 33077
367; 181; 33053
368; 181; 33057
369; 181; 33101
370; 181; 33076
371; 181; 33030
372; 181; 32994
373; 181; 32971
374; 181; 32987
375; 181; 33021
376; 181; 33020
377; 181; 32994
315; 182; 33787
316; 182; 33768
317; 182; 33760
318; 182; 33812
319; 182; 33842
320; 182; 33823
321; 182; 33823
322; 182; 33825
323; 182; 33778
324; 182; 33753
325; 182; 33856
326; 182; 33957
327; 182; 33738
328; 182; 33167
329; 182; 32998
330; 182; 33115
331; 182; 33185
332; 182; 33039
333; 182; 32928
334; 182; 32989
335; 182; 33059
336; 182; 33049
337; 182; 33001
338; 182; 32985
339; 182; 33010
340; 182; 33031
341; 182; 32988
342; 182; 32978
343; 182; 33138
344; 182; 33540
345; 182; 33762
346; 182; 33730
347; 182; 33803
348; 182; 33910
349; 182; 33949
350; 182; 33894
351; 182; 33827
352; 182; 33604
353; 182; 33342
354; 182; 33311
355; 182; 33320
356; 182; 33241
357; 182; 33124
358; 182; 33046
359; 182; 32989
360; 182; 32971
361; 182; 33021
362; 182; 33036
363; 182; 33009
364; 182; 33013
365; 182; 33076
366; 182; 33113
367; 182; 33070
368; 182; 33059
369; 182; 33089
370; 182; 33074
371; 182; 33053
372; 182; 33035
373; 182; 33012
374; 182; 32990
375; 182; 32989
376; 182; 32975
377; 182; 32935
315; 183; 33769
316; 183; 33771
317; 183; 33790
318; 183; 33841
319; 183; 33865
320; 183; 33844
321; 183; 33818
322; 183; 33786
323; 183; 33770
324; 183; 33825
325; 183; 33894
326; 183; 33825
327; 183; 33364
328; 183; 32996
329; 183; 33063
330; 183; 33200
331; 183; 33160
332; 183; 32989
333; 183; 32939
334; 183; 32977
335; 183; 33020
336; 183; 33027
337; 183; 33009
338; 183; 32969
339; 183; 32948
340; 183; 32957
341; 183; 32984
342; 183; 33112
343; 183; 33477
344; 183; 33865
345; 183; 33890
346; 183; 33888
347; 183; 34064
348; 183; 34126
349; 183; 34020
350; 183; 33808
351; 183; 33517
352; 183; 33212
353; 183; 33175
354; 183; 33292
355; 183; 33251
356; 183; 33074
357; 183; 33027
358; 183; 33039
359; 183; 33014
360; 183; 32973
361; 183; 33013
362; 183; 33035
363; 183; 32968
364; 183; 32998
365; 183; 33061
366; 183; 33083
367; 183; 33048
368; 183; 33025
369; 183; 33042
370; 183; 33050
371; 183; 33042
372; 183; 33036
373; 183; 33029
374; 183; 33020
375; 183; 33010
376; 183; 32982
377; 183; 32926
315; 184; 33803
316; 184; 33807
317; 184; 33803
318; 184; 33834
319; 184; 33885
320; 184; 33885
321; 184; 33809
322; 184; 33729
323; 184; 33762
324; 184; 33872
325; 184; 33883
326; 184; 33515
327; 184; 33094
328; 184; 33059
329; 184; 33182
330; 184; 33226
331; 184; 33097
332; 184; 32968
333; 184; 32951
334; 184; 32955
335; 184; 32968
336; 184; 32999
337; 184; 33018
338; 184; 32986
339; 184; 32924
340; 184; 32921
341; 184; 33016
342; 184; 33326
343; 184; 33848
344; 184; 34007
345; 184; 33939
346; 184; 34044
347; 184; 34197
348; 184; 34083
349; 184; 33637
350; 184; 33468
351; 184; 33395
352; 184; 33174
353; 184; 33121
354; 184; 33204
355; 184; 33153
356; 184; 33053
357; 184; 33053
358; 184; 33089
359; 184; 33067
360; 184; 32997
361; 184; 32974
362; 184; 33003
363; 184; 32977
364; 184; 32994
365; 184; 33043
366; 184; 33051
367; 184; 33028
368; 184; 33000
369; 184; 33009
370; 184; 33012
371; 184; 32995
372; 184; 32994
373; 184; 33022
374; 184; 33059
375; 184; 33041
376; 184; 32979
377; 184; 32939
315; 185; 33848
316; 185; 33841
317; 185; 33783
318; 185; 33785
319; 185; 33871
320; 185; 33901
321; 185; 33800
322; 185; 33701
323; 185; 33746
324; 185; 33832
325; 185; 33669
326; 185; 33197
327; 185; 33063
328; 185; 33172
329; 185; 33267
330; 185; 33170
331; 185; 33019
332; 185; 32974
333; 185; 33004
334; 185; 32996
335; 185; 32980
336; 185; 32991
337; 185; 32995
338; 185; 32964
339; 185; 32931
340; 185; 32967
341; 185; 33207
342; 185; 33672
343; 185; 34055
344; 185; 33990
345; 185; 33932
346; 185; 34106
347; 185; 34181
348; 185; 33702
349; 185; 33200
350; 185; 33280
351; 185; 33426
352; 185; 33321
353; 185; 33156
354; 185; 33089
355; 185; 33055
356; 185; 33062
357; 185; 33077
358; 185; 33079
359; 185; 33036
360; 185; 33001
361; 185; 32993
362; 185; 33016
363; 185; 33050
364; 185; 33059
365; 185; 33063
366; 185; 33039
367; 185; 33029
368; 185; 33016
369; 185; 33036
370; 185; 33022
371; 185; 32978
372; 185; 32972
373; 185; 33025
374; 185; 33077
375; 185; 33023
376; 185; 32968
377; 185; 32964
315; 186; 33832
316; 186; 33837
317; 186; 33771
318; 186; 33746
319; 186; 33814
320; 186; 33837
321; 186; 33753
322; 186; 33684
323; 186; 33698
324; 186; 33652
325; 186; 33303
326; 186; 33059
327; 186; 33113
328; 186; 33260
329; 186; 33257
330; 186; 33081
331; 186; 32971
332; 186; 32992
333; 186; 33042
334; 186; 33019
335; 186; 32985
336; 186; 32973
337; 186; 32952
338; 186; 32922
339; 186; 32971
340; 186; 33151
341; 186; 33498
342; 186; 34045
343; 186; 34238
344; 186; 34060
345; 186; 34026
346; 186; 34103
347; 186; 33942
348; 186; 33339
349; 186; 33062
350; 186; 33169
351; 186; 33345
352; 186; 33347
353; 186; 33183
354; 186; 33023
355; 186; 32989
356; 186; 33031
357; 186; 33037
358; 186; 32990
359; 186; 32948
360; 186; 32956
361; 186; 32995
362; 186; 32995
363; 186; 33043
364; 186; 33097
365; 186; 33073
366; 186; 33012
367; 186; 33022
368; 186; 33042
369; 186; 33063
370; 186; 33034
371; 186; 32988
372; 186; 32983
373; 186; 33033
374; 186; 33065
375; 186; 32988
376; 186; 32964
377; 186; 33000
315; 187; 33772
316; 187; 33819
317; 187; 33809
318; 187; 33765
319; 187; 33739
320; 187; 33700
321; 187; 33640
322; 187; 33617
323; 187; 33597
324; 187; 33340
325; 187; 33081
326; 187; 33070
327; 187; 33165
328; 187; 33247
329; 187; 33169
330; 187; 33032
331; 187; 32993
332; 187; 33014
333; 187; 33025
334; 187; 32992
335; 187; 32968
336; 187; 32973
337; 187; 32955
338; 187; 32968
339; 187; 33063
340; 187; 33301
341; 187; 33866
342; 187; 34314
343; 187; 34309
344; 187; 34240
345; 187; 34229
346; 187; 34119
347; 187; 33616
348; 187; 33209
349; 187; 33116
350; 187; 33113
351; 187; 33190
352; 187; 33259
353; 187; 33176
354; 187; 33019
355; 187; 32983
356; 187; 33011
357; 187; 33002
358; 187; 32960
359; 187; 32958
360; 187; 32995
361; 187; 32998
362; 187; 32976
363; 187; 32975
364; 187; 33018
365; 187; 33013
366; 187; 32970
367; 187; 33000
368; 187; 33050
369; 187; 33045
370; 187; 32992
371; 187; 32975
372; 187; 32976
373; 187; 33022
374; 187; 33046
375; 187; 33000
376; 187; 32987
377; 187; 33027
315; 188; 33728
316; 188; 33803
317; 188; 33859
318; 188; 33796
319; 188; 33665
320; 188; 33555
321; 188; 33498
322; 188; 33484
323; 188; 33405
324; 188; 33160
325; 188; 33086
326; 188; 33132
327; 188; 33191
328; 188; 33170
329; 188; 33093
330; 188; 33040
331; 188; 33053
332; 188; 33062
333; 188; 33017
334; 188; 32950
335; 188; 32936
336; 188; 32967
337; 188; 33000
338; 188; 33100
339; 188; 33206
340; 188; 33585
341; 188; 34153
342; 188; 34252
343; 188; 34134
344; 188; 34238
345; 188; 34285
346; 188; 34039
347; 188; 33411
348; 188; 33123
349; 188; 33151
350; 188; 33142
351; 188; 33176
352; 188; 33240
353; 188; 33168
354; 188; 33044
355; 188; 33018
356; 188; 33029
357; 188; 33035
358; 188; 33051
359; 188; 33054
360; 188; 33039
361; 188; 32985
362; 188; 32972
363; 188; 32977
364; 188; 33002
365; 188; 33000
366; 188; 32966
367; 188; 32997
368; 188; 33027
369; 188; 33020
370; 188; 32984
371; 188; 32953
372; 188; 32967
373; 188; 33003
374; 188; 33018
375; 188; 33014
376; 188; 33035
377; 188; 33044
315; 189; 33709
316; 189; 33770
317; 189; 33840
318; 189; 33749
319; 189; 33561
320; 189; 33429
321; 189; 33368
322; 189; 33325
323; 189; 33222
324; 189; 33116
325; 189; 33114
326; 189; 33171
327; 189; 33177
328; 189; 33107
329; 189; 33068
330; 189; 33074
331; 189; 33092
332; 189; 33104
333; 189; 33072
334; 189; 33002
335; 189; 32962
336; 189; 32978
337; 189; 33072
338; 189; 33215
339; 189; 33543
340; 189; 34138
341; 189; 34272
342; 189; 33951
343; 189; 33644
344; 189; 33868
345; 189; 34189
346; 189; 33982
347; 189; 33382
348; 189; 33140
349; 189; 33142
350; 189; 33170
351; 189; 33225
352; 189; 33249
353; 189; 33146
354; 189; 33044
355; 189; 33020
356; 189; 33028
357; 189; 33071
358; 189; 33115
359; 189; 33081
360; 189; 32999
361; 189; 32968
362; 189; 32979
363; 189; 32992
364; 189; 33019
365; 189; 33031
366; 189; 33004
367; 189; 33007
368; 189; 33015
369; 189; 32997
370; 189; 32991
371; 189; 32956
372; 189; 32969
373; 189; 32989
374; 189; 32979
375; 189; 32987
376; 189; 33037
377; 189; 33035
315; 190; 33706
316; 190; 33740
317; 190; 33751
318; 190; 33605
319; 190; 33400
320; 190; 33289
321; 190; 33244
322; 190; 33184
323; 190; 33113
324; 190; 33067
325; 190; 33109
326; 190; 33148
327; 190; 33133
328; 190; 33086
329; 190; 33075
330; 190; 33097
331; 190; 33111
332; 190; 33133
333; 190; 33130
334; 190; 33062
335; 190; 32996
336; 190; 33019
337; 190; 33178
338; 190; 33532
339; 190; 34092
340; 190; 34418
341; 190; 34287
342; 190; 33726
343; 190; 33527
344; 190; 33714
345; 190; 34084
346; 190; 34039
347; 190; 33547
348; 190; 33204
349; 190; 33115
350; 190; 33099
351; 190; 33139
352; 190; 33136
353; 190; 33083
354; 190; 33048
355; 190; 33020
356; 190; 33008
357; 190; 33042
358; 190; 33063
359; 190; 33020
360; 190; 32962
361; 190; 32977
362; 190; 32999
363; 190; 32993
364; 190; 33001
365; 190; 33019
366; 190; 33014
367; 190; 32994
368; 190; 33001
369; 190; 32992
370; 190; 32987
371; 190; 32961
372; 190; 32962
373; 190; 32988
374; 190; 32974
375; 190; 32982
376; 190; 33009
377; 190; 33001
315; 191; 33736
316; 191; 33746
317; 191; 33658
318; 191; 33439
319; 191; 33235
320; 191; 33148
321; 191; 33126
322; 191; 33084
323; 191; 33050
324; 191; 33041
325; 191; 33097
326; 191; 33143
327; 191; 33128
328; 191; 33096
329; 191; 33102
330; 191; 33122
331; 191; 33124
332; 191; 33120
333; 191; 33105
334; 191; 33081
335; 191; 33042
336; 191; 33196
337; 191; 33570
338; 191; 34060
339; 191; 34323
340; 191; 34301
341; 191; 33946
342; 191; 33769
343; 191; 33774
344; 191; 33969
345; 191; 34143
346; 191; 34123
347; 191; 33807
348; 191; 33343
349; 191; 33052
350; 191; 33013
351; 191; 33027
352; 191; 33025
353; 191; 33038
354; 191; 33059
355; 191; 33032
356; 191; 32995
357; 191; 33003
358; 191; 33010
359; 191; 32983
360; 191; 32975
361; 191; 33036
362; 191; 33041
363; 191; 32979
364; 191; 32967
365; 191; 33005
366; 191; 33029
367; 191; 33010
368; 191; 32993
369; 191; 32991
370; 191; 32970
371; 191; 32940
372; 191; 32968
373; 191; 33031
374; 191; 33021
375; 191; 32995
376; 191; 32992
377; 191; 32988
315; 192; 33781
316; 192; 33749
317; 192; 33559
318; 192; 33296
319; 192; 33118
320; 192; 33060
321; 192; 33040
322; 192; 33016
323; 192; 33000
324; 192; 33028
325; 192; 33101
326; 192; 33161
327; 192; 33141
328; 192; 33089
329; 192; 33108
330; 192; 33162
331; 192; 33144
332; 192; 33069
333; 192; 33065
334; 192; 33126
335; 192; 33320
336; 192; 33681
337; 192; 34059
338; 192; 34241
339; 192; 34215
340; 192; 33797
341; 192; 33685
342; 192; 33936
343; 192; 34313
344; 192; 34344
345; 192; 34218
346; 192; 34186
347; 192; 34001
348; 192; 33433
349; 192; 33024
350; 192; 33002
351; 192; 33029
352; 192; 32999
353; 192; 33014
354; 192; 33060
355; 192; 33013
356; 192; 32957
357; 192; 32978
358; 192; 33008
359; 192; 33007
360; 192; 33028
361; 192; 33073
362; 192; 33033
363; 192; 32967
364; 192; 32954
365; 192; 33023
366; 192; 33057
367; 192; 33035
368; 192; 33013
369; 192; 33003
370; 192; 32971
371; 192; 32930
372; 192; 32979
373; 192; 33038
374; 192; 33046
375; 192; 33006
376; 192; 32996
377; 192; 33016
315; 193; 33787
316; 193; 33676
317; 193; 33409
318; 193; 33159
319; 193; 33045
320; 193; 33027
321; 193; 33004
322; 193; 32983
323; 193; 32977
324; 193; 33021
325; 193; 33074
326; 193; 33130
327; 193; 33123
328; 193; 33064
329; 193; 33092
330; 193; 33174
331; 193; 33142
332; 193; 33044
333; 193; 33072
334; 193; 33372
335; 193; 33805
336; 193; 34099
337; 193; 34203
338; 193; 34174
339; 193; 33819
340; 193; 33522
341; 193; 33635
342; 193; 34189
343; 193; 34421
344; 193; 34353
345; 193; 34214
346; 193; 34253
347; 193; 34180
348; 193; 33582
349; 193; 33004
350; 193; 32993
351; 193; 33074
352; 193; 33051
353; 193; 33036
354; 193; 33067
355; 193; 33000
356; 193; 32930
357; 193; 32987
358; 193; 33069
359; 193; 33062
360; 193; 33044
361; 193; 33055
362; 193; 33008
363; 193; 32981
364; 193; 33015
365; 193; 33082
366; 193; 33070
367; 193; 33022
368; 193; 33028
369; 193; 33027
370; 193; 32996
371; 193; 32953
372; 193; 32980
373; 193; 33017
374; 193; 33031
375; 193; 33000
376; 193; 33018
377; 193; 33070
315; 194; 33748
316; 194; 33537
317; 194; 33241
318; 194; 33056
319; 194; 33005
320; 194; 32990
321; 194; 32970
322; 194; 32974
323; 194; 32990
324; 194; 33030
325; 194; 33040
326; 194; 33065
327; 194; 33083
328; 194; 33049
329; 194; 33072
330; 194; 33129
331; 194; 33091
332; 194; 33076
333; 194; 33277
334; 194; 33789
335; 194; 34124
336; 194; 34179
337; 194; 34171
338; 194; 33902
339; 194; 33546
340; 194; 33537
341; 194; 33875
342; 194; 34246
343; 194; 34348
344; 194; 34152
345; 194; 34017
346; 194; 34151
347; 194; 34110
348; 194; 33613
349; 194; 33027
350; 194; 32982
351; 194; 33064
352; 194; 33048
353; 194; 33026
354; 194; 33051
355; 194; 33009
356; 194; 32958
357; 194; 33007
358; 194; 33078
359; 194; 33063
360; 194; 33042
361; 194; 33057
362; 194; 33014
363; 194; 32985
364; 194; 33045
365; 194; 33104
366; 194; 33061
367; 194; 33002
368; 194; 33035
369; 194; 33038
370; 194; 33004
371; 194; 32982
372; 194; 33001
373; 194; 33016
374; 194; 33001
375; 194; 32980
376; 194; 33016
377; 194; 33087
315; 195; 33680
316; 195; 33394
317; 195; 33129
318; 195; 33013
319; 195; 32978
320; 195; 32930
321; 195; 32935
322; 195; 32977
323; 195; 33008
324; 195; 33034
325; 195; 33019
326; 195; 33025
327; 195; 33070
328; 195; 33073
329; 195; 33064
330; 195; 33051
331; 195; 33040
332; 195; 33156
333; 195; 33584
334; 195; 34062
335; 195; 34139
336; 195; 34087
337; 195; 33876
338; 195; 33565
339; 195; 33497
340; 195; 33662
341; 195; 33944
342; 195; 34099
343; 195; 34040
344; 195; 33776
345; 195; 33507
346; 195; 33531
347; 195; 33623
348; 195; 33429
349; 195; 33071
350; 195; 33014
351; 195; 33019
352; 195; 32992
353; 195; 32982
354; 195; 33018
355; 195; 33028
356; 195; 33011
357; 195; 33020
358; 195; 33029
359; 195; 33024
360; 195; 33057
361; 195; 33090
362; 195; 33026
363; 195; 32962
364; 195; 33015
365; 195; 33076
366; 195; 33053
367; 195; 33012
368; 195; 33023
369; 195; 33006
370; 195; 32969
371; 195; 32967
372; 195; 33004
373; 195; 33014
374; 195; 33000
375; 195; 32981
376; 195; 32987
377; 195; 33020
315; 196; 33577
316; 196; 33264
317; 196; 33061
318; 196; 32998
319; 196; 32966
320; 196; 32900
321; 196; 32913
322; 196; 32951
323; 196; 33002
324; 196; 33014
325; 196; 32992
326; 196; 33007
327; 196; 33075
328; 196; 33095
329; 196; 33046
330; 196; 32995
331; 196; 33018
332; 196; 33304
333; 196; 33851
334; 196; 34151
335; 196; 34106
336; 196; 33823
337; 196; 33488
338; 196; 33354
339; 196; 33438
340; 196; 33602
341; 196; 33681
342; 196; 33687
343; 196; 33575
344; 196; 33299
345; 196; 33038
346; 196; 32979
347; 196; 33096
348; 196; 33200
349; 196; 33140
350; 196; 33074
351; 196; 33038
352; 196; 32993
353; 196; 32962
354; 196; 32981
355; 196; 33051
356; 196; 33095
357; 196; 33066
358; 196; 33022
359; 196; 33031
360; 196; 33087
361; 196; 33094
362; 196; 33001
363; 196; 32934
364; 196; 33002
365; 196; 33068
366; 196; 33042
367; 196; 33005
368; 196; 33014
369; 196; 32974
370; 196; 32948
371; 196; 32975
372; 196; 33010
373; 196; 33026
374; 196; 33036
375; 196; 33042
376; 196; 32994
377; 196; 32956
315; 197; 33437
316; 197; 33152
317; 197; 33016
318; 197; 32992
319; 197; 32958
320; 197; 32905
321; 197; 32904
322; 197; 32924
323; 197; 32968
324; 197; 32974
325; 197; 32963
326; 197; 32988
327; 197; 33051
328; 197; 33069
329; 197; 33032
330; 197; 33036
331; 197; 33138
332; 197; 33516
333; 197; 34016
334; 197; 34110
335; 197; 33941
336; 197; 33532
337; 197; 33309
338; 197; 33257
339; 197; 33243
340; 197; 33225
341; 197; 33145
342; 197; 33127
343; 197; 33156
344; 197; 33110
345; 197; 32966
346; 197; 32949
347; 197; 33031
348; 197; 33114
349; 197; 33122
350; 197; 33110
351; 197; 33141
352; 197; 33159
353; 197; 33080
354; 197; 32983
355; 197; 33019
356; 197; 33120
357; 197; 33121
358; 197; 33076
359; 197; 33080
360; 197; 33096
361; 197; 33044
362; 197; 32960
363; 197; 32945
364; 197; 33049
365; 197; 33119
366; 197; 33048
367; 197; 32979
368; 197; 33009
369; 197; 32989
370; 197; 32984
371; 197; 33024
372; 197; 33026
373; 197; 33017
374; 197; 33031
375; 197; 33061
376; 197; 33002
377; 197; 32928
315; 198; 33333
316; 198; 33097
317; 198; 32988
318; 198; 32974
319; 198; 32956
320; 198; 32939
321; 198; 32913
322; 198; 32910
323; 198; 32948
324; 198; 32967
325; 198; 32963
326; 198; 32981
327; 198; 33010
328; 198; 33012
329; 198; 33020
330; 198; 33097
331; 198; 33334
332; 198; 33804
333; 198; 34085
334; 198; 34021
335; 198; 33654
336; 198; 33297
337; 198; 33216
338; 198; 33190
339; 198; 33134
340; 198; 33018
341; 198; 32917
342; 198; 33023
343; 198; 33119
344; 198; 33117
345; 198; 33058
346; 198; 33029
347; 198; 33034
348; 198; 33039
349; 198; 33057
350; 198; 33122
351; 198; 33253
352; 198; 33337
353; 198; 33229
354; 198; 33044
355; 198; 32990
356; 198; 33062
357; 198; 33112
358; 198; 33109
359; 198; 33107
360; 198; 33085
361; 198; 33008
362; 198; 32954
363; 198; 32993
364; 198; 33103
365; 198; 33170
366; 198; 33056
367; 198; 32978
368; 198; 33021
369; 198; 33021
370; 198; 33015
371; 198; 33042
372; 198; 33015
373; 198; 32987
374; 198; 33020
375; 198; 33058
376; 198; 33005
377; 198; 32989
315; 199; 33301
316; 199; 33101
317; 199; 32971
318; 199; 32946
319; 199; 32955
320; 199; 32964
321; 199; 32947
322; 199; 32940
323; 199; 32963
324; 199; 32984
325; 199; 32990
326; 199; 33004
327; 199; 33001
328; 199; 32981
329; 199; 33013
330; 199; 33186
331; 199; 33562
332; 199; 34013
333; 199; 34063
334; 199; 33724
335; 199; 33237
336; 199; 33080
337; 199; 33154
338; 199; 33150
339; 199; 33079
340; 199; 32987
341; 199; 32976
342; 199; 33079
343; 199; 33123
344; 199; 33088
345; 199; 33071
346; 199; 33085
347; 199; 33064
348; 199; 33026
349; 199; 33018
350; 199; 33085
351; 199; 33239
352; 199; 33344
353; 199; 33228
354; 199; 33045
355; 199; 33003
356; 199; 33050
357; 199; 33095
358; 199; 33127
359; 199; 33131
360; 199; 33090
361; 199; 33042
362; 199; 33002
363; 199; 33022
364; 199; 33081
365; 199; 33140
366; 199; 33048
367; 199; 32990
368; 199; 33026
369; 199; 33035
370; 199; 33004
371; 199; 33011
372; 199; 32997
373; 199; 32995
374; 199; 33045
375; 199; 33084
376; 199; 33011
377; 199; 33069
315; 200; 33264
316; 200; 33087
317; 200; 32961
318; 200; 32938
319; 200; 32962
320; 200; 32947
321; 200; 32935
322; 200; 32964
323; 200; 32985
324; 200; 32973
325; 200; 32980
326; 200; 33015
327; 200; 33025
328; 200; 33006
329; 200; 33075
330; 200; 33273
331; 200; 33740
332; 200; 34042
333; 200; 33916
334; 200; 33341
335; 200; 32978
336; 200; 33013
337; 200; 33097
338; 200; 33108
339; 200; 33057
340; 200; 33036
341; 200; 33096
342; 200; 33142
343; 200; 33089
344; 200; 33025
345; 200; 33055
346; 200; 33107
347; 200; 33089
348; 200; 33033
349; 200; 33008
350; 200; 33094
351; 200; 33271
352; 200; 33355
353; 200; 33208
354; 200; 33081
355; 200; 33097
356; 200; 33137
357; 200; 33152
358; 200; 33184
359; 200; 33201
360; 200; 33146
361; 200; 33096
362; 200; 33045
363; 200; 33039
364; 200; 33060
365; 200; 33103
366; 200; 33050
367; 200; 33023
368; 200; 33012
369; 200; 33007
370; 200; 32978
371; 200; 32980
372; 200; 32986
373; 200; 32994
374; 200; 33046
375; 200; 33090
376; 200; 33020
377; 200; 33084
315; 201; 33185
316; 201; 33039
317; 201; 32955
318; 201; 32941
319; 201; 32962
320; 201; 32923
321; 201; 32908
322; 201; 32960
323; 201; 32976
324; 201; 32935
325; 201; 32948
326; 201; 33008
327; 201; 33029
328; 201; 33044
329; 201; 33117
330; 201; 33410
331; 201; 33840
332; 201; 33928
333; 201; 33685
334; 201; 33162
335; 201; 32981
336; 201; 33043
337; 201; 33109
338; 201; 33101
339; 201; 33054
340; 201; 33039
341; 201; 33082
342; 201; 33089
343; 201; 33051
344; 201; 33082
345; 201; 33164
346; 201; 33175
347; 201; 33087
348; 201; 33021
349; 201; 33084
350; 201; 33287
351; 201; 33504
352; 201; 33491
353; 201; 33243
354; 201; 33136
355; 201; 33166
356; 201; 33196
357; 201; 33229
358; 201; 33270
359; 201; 33273
360; 201; 33209
361; 201; 33130
362; 201; 33049
363; 201; 33058
364; 201; 33123
365; 201; 33200
366; 201; 33123
367; 201; 33060
368; 201; 33015
369; 201; 32970
370; 201; 32966
371; 201; 33003
372; 201; 33009
373; 201; 32985
374; 201; 33020
375; 201; 33060
376; 201; 32990
377; 201; 33050
315; 202; 33131
316; 202; 33005
317; 202; 32962
318; 202; 32968
319; 202; 32956
320; 202; 32913
321; 202; 32924
322; 202; 32954
323; 202; 32953
324; 202; 32909
325; 202; 32939
326; 202; 32993
327; 202; 32990
328; 202; 33044
329; 202; 33171
330; 202; 33575
331; 202; 33866
332; 202; 33882
333; 202; 33497
334; 202; 33140
335; 202; 33064
336; 202; 33100
337; 202; 33131
338; 202; 33108
339; 202; 33043
340; 202; 33000
341; 202; 33030
342; 202; 33061
343; 202; 33106
344; 202; 33224
345; 202; 33310
346; 202; 33205
347; 202; 33013
348; 202; 33047
349; 202; 33318
350; 202; 33589
351; 202; 33720
352; 202; 33560
353; 202; 33233
354; 202; 33106
355; 202; 33134
356; 202; 33189
357; 202; 33267
358; 202; 33302
359; 202; 33257
360; 202; 33221
361; 202; 33131
362; 202; 33049
363; 202; 33093
364; 202; 33273
365; 202; 33452
366; 202; 33270
367; 202; 33063
368; 202; 33014
369; 202; 32973
370; 202; 32968
371; 202; 33027
372; 202; 33053
373; 202; 32995
374; 202; 32974
375; 202; 32991
376; 202; 32952
377; 202; 33072
315; 203; 33139
316; 203; 32995
317; 203; 32957
318; 203; 32975
319; 203; 32955
320; 203; 32923
321; 203; 32943
322; 203; 32971
323; 203; 32959
324; 203; 32921
325; 203; 32923
326; 203; 32965
327; 203; 32967
328; 203; 33048
329; 203; 33232
330; 203; 33669
331; 203; 33849
332; 203; 33820
333; 203; 33485
334; 203; 33171
335; 203; 33102
336; 203; 33110
337; 203; 33142
338; 203; 33128
339; 203; 33047
340; 203; 33017
341; 203; 33093
342; 203; 33139
343; 203; 33150
344; 203; 33235
345; 203; 33288
346; 203; 33129
347; 203; 33006
348; 203; 33236
349; 203; 33585
350; 203; 33716
351; 203; 33617
352; 203; 33369
353; 203; 33118
354; 203; 33003
355; 203; 33044
356; 203; 33182
357; 203; 33288
358; 203; 33273
359; 203; 33165
360; 203; 33150
361; 203; 33071
362; 203; 33041
363; 203; 33146
364; 203; 33484
365; 203; 33747
366; 203; 33426
367; 203; 33045
368; 203; 33007
369; 203; 33030
370; 203; 33016
371; 203; 33022
372; 203; 33045
373; 203; 33015
374; 203; 32986
375; 203; 32971
376; 203; 32990
377; 203; 33142
315; 204; 33148
316; 204; 32979
317; 204; 32944
318; 204; 32952
319; 204; 32929
320; 204; 32919
321; 204; 32948
322; 204; 32988
323; 204; 32960
324; 204; 32927
325; 204; 32918
326; 204; 32950
327; 204; 32984
328; 204; 33048
329; 204; 33321
330; 204; 33703
331; 204; 33803
332; 204; 33744
333; 204; 33418
334; 204; 33191
335; 204; 33120
336; 204; 33124
337; 204; 33139
338; 204; 33100
339; 204; 33028
340; 204; 33060
341; 204; 33198
342; 204; 33215
343; 204; 33112
344; 204; 33118
345; 204; 33208
346; 204; 33205
347; 204; 33226
348; 204; 33428
349; 204; 33588
350; 204; 33489
351; 204; 33295
352; 204; 33124
353; 204; 32992
354; 204; 32961
355; 204; 33059
356; 204; 33203
357; 204; 33270
358; 204; 33219
359; 204; 33106
360; 204; 33098
361; 204; 33064
362; 204; 33059
363; 204; 33197
364; 204; 33668
365; 204; 33918
366; 204; 33445
367; 204; 33028
368; 204; 32997
369; 204; 33040
370; 204; 33008
371; 204; 32990
372; 204; 32997
373; 204; 32997
374; 204; 33014
375; 204; 33028
376; 204; 33062
377; 204; 33178
315; 205; 33114
316; 205; 32955
317; 205; 32923
318; 205; 32927
319; 205; 32920
320; 205; 32915
321; 205; 32928
322; 205; 32973
323; 205; 32955
324; 205; 32921
325; 205; 32930
326; 205; 32969
327; 205; 33012
328; 205; 33086
329; 205; 33365
330; 205; 33695
331; 205; 33727
332; 205; 33612
333; 205; 33282
334; 205; 33153
335; 205; 33144
336; 205; 33141
337; 205; 33119
338; 205; 33047
339; 205; 32985
340; 205; 33048
341; 205; 33195
342; 205; 33176
343; 205; 33050
344; 205; 33119
345; 205; 33380
346; 205; 33560
347; 205; 33542
348; 205; 33420
349; 205; 33247
350; 205; 33104
351; 205; 33066
352; 205; 33057
353; 205; 33005
354; 205; 32970
355; 205; 33048
356; 205; 33179
357; 205; 33238
358; 205; 33225
359; 205; 33197
360; 205; 33190
361; 205; 33084
362; 205; 33037
363; 205; 33216
364; 205; 33684
365; 205; 33805
366; 205; 33282
367; 205; 33004
368; 205; 33018
369; 205; 33086
370; 205; 33051
371; 205; 33016
372; 205; 33002
373; 205; 32967
374; 205; 33013
375; 205; 33084
376; 205; 33135
377; 205; 33213
