210; 340; 35671
211; 340; 35615
212; 340; 34748
213; 340; 33680
214; 340; 33238
215; 340; 33281
216; 340; 33410
217; 340; 33471
218; 340; 33492
219; 340; 33629
220; 340; 33705
221; 340; 33607
222; 340; 33370
223; 340; 33245
224; 340; 33232
225; 340; 33257
226; 340; 33277
227; 340; 33271
228; 340; 33137
229; 340; 32950
230; 340; 32975
231; 340; 33244
232; 340; 33420
233; 340; 33313
234; 340; 33109
235; 340; 32994
236; 340; 32939
237; 340; 32950
238; 340; 33087
239; 340; 33233
240; 340; 33254
241; 340; 33260
242; 340; 33218
243; 340; 33108
244; 340; 33040
245; 340; 33040
246; 340; 33075
247; 340; 33137
248; 340; 33249
249; 340; 33356
250; 340; 33391
251; 340; 33422
252; 340; 33480
253; 340; 33395
254; 340; 33315
255; 340; 33528
256; 340; 34114
257; 340; 34925
258; 340; 35494
259; 340; 35792
210; 341; 34583
211; 341; 34515
212; 341; 34001
213; 341; 33487
214; 341; 33223
215; 341; 33180
216; 341; 33304
217; 341; 33594
218; 341; 33720
219; 341; 33717
220; 341; 33731
221; 341; 33706
222; 341; 33441
223; 341; 33142
224; 341; 33086
225; 341; 33181
226; 341; 33247
227; 341; 33263
228; 341; 33215
229; 341; 33099
230; 341; 33072
231; 341; 33223
232; 341; 33352
233; 341; 33292
234; 341; 33147
235; 341; 33038
236; 341; 32930
237; 341; 32887
238; 341; 32917
239; 341; 33020
240; 341; 33172
241; 341; 33413
242; 341; 33519
243; 341; 33332
244; 341; 33090
245; 341; 33013
246; 341; 33017
247; 341; 33065
248; 341; 33184
249; 341; 33333
250; 341; 33378
251; 341; 33356
252; 341; 33264
253; 341; 33126
254; 341; 33138
255; 341; 33530
256; 341; 34474
257; 341; 35390
258; 341; 35784
259; 341; 35861
210; 342; 33540
211; 342; 33483
212; 342; 33353
213; 342; 33296
214; 342; 33282
215; 342; 33242
216; 342; 33430
217; 342; 33868
218; 342; 33959
219; 342; 33718
220; 342; 33688
221; 342; 33812
222; 342; 33679
223; 342; 33226
224; 342; 33060
225; 342; 33183
226; 342; 33240
227; 342; 33193
228; 342; 33157
229; 342; 33129
230; 342; 33110
231; 342; 33174
232; 342; 33262
233; 342; 33266
234; 342; 33210
235; 342; 33140
236; 342; 33039
237; 342; 32965
238; 342; 32952
239; 342; 32992
240; 342; 33113
241; 342; 33471
242; 342; 33718
243; 342; 33601
244; 342; 33222
245; 342; 33036
246; 342; 32998
247; 342; 32994
248; 342; 33058
249; 342; 33138
250; 342; 33194
251; 342; 33210
252; 342; 33177
253; 342; 33113
254; 342; 33222
255; 342; 33880
256; 342; 35085
257; 342; 35750
258; 342; 35785
259; 342; 35742
210; 343; 33289
211; 343; 33174
212; 343; 33139
213; 343; 33212
214; 343; 33298
215; 343; 33309
216; 343; 33479
217; 343; 33914
218; 343; 33962
219; 343; 33729
220; 343; 33688
221; 343; 33849
222; 343; 33786
223; 343; 33305
224; 343; 33147
225; 343; 33332
226; 343; 33381
227; 343; 33221
228; 343; 33091
229; 343; 33057
230; 343; 33039
231; 343; 33064
232; 343; 33141
233; 343; 33195
234; 343; 33195
235; 343; 33162
236; 343; 33118
237; 343; 33117
238; 343; 33145
239; 343; 33110
240; 343; 33088
241; 343; 33356
242; 343; 33727
243; 343; 33699
244; 343; 33383
245; 343; 33181
246; 343; 33195
247; 343; 33234
248; 343; 33179
249; 343; 33101
250; 343; 33085
251; 343; 33124
252; 343; 33164
253; 343; 33200
254; 343; 33508
255; 343; 34388
256; 343; 35511
257; 343; 35785
258; 343; 35642
259; 343; 35400
210; 344; 33712
211; 344; 33413
212; 344; 33159
213; 344; 33139
214; 344; 33266
215; 344; 33271
216; 344; 33298
217; 344; 33631
218; 344; 33868
219; 344; 33814
220; 344; 33801
221; 344; 33878
222; 344; 33697
223; 344; 33280
224; 344; 33256
225; 344; 33512
226; 344; 33544
227; 344; 33316
228; 344; 33169
229; 344; 33140
230; 344; 33095
231; 344; 33065
232; 344; 33087
233; 344; 33100
234; 344; 33087
235; 344; 33089
236; 344; 33122
237; 344; 33197
238; 344; 33271
239; 344; 33232
240; 344; 33138
241; 344; 33234
242; 344; 33549
243; 344; 33572
244; 344; 33292
245; 344; 33216
246; 344; 33412
247; 344; 33584
248; 344; 33533
249; 344; 33299
250; 344; 33154
251; 344; 33243
252; 344; 33356
253; 344; 33430
254; 344; 33805
255; 344; 34791
256; 344; 35713
257; 344; 35707
258; 344; 35445
259; 344; 34967
210; 345; 34057
211; 345; 33716
212; 345; 33181
213; 345; 32961
214; 345; 33148
215; 345; 33220
216; 345; 33147
217; 345; 33278
218; 345; 33693
219; 345; 33959
220; 345; 33988
221; 345; 33877
222; 345; 33550
223; 345; 33328
224; 345; 33409
225; 345; 33549
226; 345; 33482
227; 345; 33265
228; 345; 33296
229; 345; 33394
230; 345; 33349
231; 345; 33227
232; 345; 33130
233; 345; 33031
234; 345; 32979
235; 345; 33036
236; 345; 33135
237; 345; 33205
238; 345; 33244
239; 345; 33208
240; 345; 33125
241; 345; 33144
242; 345; 33333
243; 345; 33286
244; 345; 33075
245; 345; 33011
246; 345; 33256
247; 345; 33474
248; 345; 33447
249; 345; 33342
250; 345; 33474
251; 345; 33764
252; 345; 33852
253; 345; 33713
254; 345; 34004
255; 345; 34987
256; 345; 35738
257; 345; 35572
258; 345; 35231
259; 345; 34490
210; 346; 33763
211; 346; 33590
212; 346; 33064
213; 346; 32806
214; 346; 33008
215; 346; 33287
216; 346; 33230
217; 346; 33199
218; 346; 33543
219; 346; 34003
220; 346; 34082
221; 346; 33914
222; 346; 33579
223; 346; 33480
224; 346; 33598
225; 346; 33573
226; 346; 33249
227; 346; 33087
228; 346; 33317
229; 346; 33564
230; 346; 33550
231; 346; 33359
232; 346; 33158
233; 346; 32991
234; 346; 32939
235; 346; 33048
236; 346; 33170
237; 346; 33179
238; 346; 33131
239; 346; 33087
240; 346; 33042
241; 346; 33072
242; 346; 33154
243; 346; 33116
244; 346; 32949
245; 346; 32917
246; 346; 32998
247; 346; 33037
248; 346; 32992
249; 346; 33197
250; 346; 33798
251; 346; 34366
252; 346; 34229
253; 346; 33886
254; 346; 34077
255; 346; 35035
256; 346; 35588
257; 346; 35429
258; 346; 35144
259; 346; 34324
210; 347; 33219
211; 347; 33195
212; 347; 33004
213; 347; 32832
214; 347; 33018
215; 347; 33421
216; 347; 33471
217; 347; 33318
218; 347; 33439
219; 347; 33880
220; 347; 34120
221; 347; 34035
222; 347; 33740
223; 347; 33619
224; 347; 33649
225; 347; 33537
226; 347; 33182
227; 347; 33095
228; 347; 33317
229; 347; 33568
230; 347; 33548
231; 347; 33338
232; 347; 33134
233; 347; 33002
234; 347; 32980
235; 347; 33067
236; 347; 33123
237; 347; 33075
238; 347; 33016
239; 347; 33030
240; 347; 33036
241; 347; 33060
242; 347; 33102
243; 347; 33061
244; 347; 32989
245; 347; 33008
246; 347; 33075
247; 347; 32988
248; 347; 32920
249; 347; 33311
250; 347; 34174
251; 347; 34629
252; 347; 34210
253; 347; 33757
254; 347; 34031
255; 347; 35020
256; 347; 35398
257; 347; 35278
258; 347; 35117
259; 347; 34443
210; 348; 32835
211; 348; 32921
212; 348; 33125
213; 348; 33053
214; 348; 33066
215; 348; 33369
216; 348; 33507
217; 348; 33424
218; 348; 33348
219; 348; 33630
220; 348; 34053
221; 348; 34126
222; 348; 33860
223; 348; 33509
224; 348; 33413
225; 348; 33416
226; 348; 33283
227; 348; 33240
228; 348; 33390
229; 348; 33537
230; 348; 33488
231; 348; 33320
232; 348; 33195
233; 348; 33140
234; 348; 33116
235; 348; 33077
236; 348; 32989
237; 348; 32909
238; 348; 32966
239; 348; 33145
240; 348; 33249
241; 348; 33239
242; 348; 33169
243; 348; 33104
244; 348; 33092
245; 348; 33248
246; 348; 33375
247; 348; 33285
248; 348; 33310
249; 348; 33821
250; 348; 34569
251; 348; 34626
252; 348; 33846
253; 348; 33464
254; 348; 33995
255; 348; 35154
256; 348; 35495
257; 348; 35323
258; 348; 35154
259; 348; 34827
210; 349; 33088
211; 349; 32963
212; 349; 33254
213; 349; 33261
214; 349; 33064
215; 349; 33085
216; 349; 33393
217; 349; 33444
218; 349; 33367
219; 349; 33452
220; 349; 33882
221; 349; 34087
222; 349; 33834
223; 349; 33334
224; 349; 33129
225; 349; 33173
226; 349; 33237
227; 349; 33273
228; 349; 33392
229; 349; 33500
230; 349; 33490
231; 349; 33428
232; 349; 33400
233; 349; 33379
234; 349; 33309
235; 349; 33155
236; 349; 32952
237; 349; 32858
238; 349; 32953
239; 349; 33264
240; 349; 33436
241; 349; 33448
242; 349; 33340
243; 349; 33197
244; 349; 33161
245; 349; 33338
246; 349; 33502
247; 349; 33541
248; 349; 33779
249; 349; 34403
250; 349; 34863
251; 349; 34455
252; 349; 33475
253; 349; 33250
254; 349; 34140
255; 349; 35523
256; 349; 36035
257; 349; 35976
258; 349; 35841
259; 349; 35447
210; 350; 34224
211; 350; 33506
212; 350; 33315
213; 350; 33259
214; 350; 33062
215; 350; 32976
216; 350; 33166
217; 350; 33394
218; 350; 33408
219; 350; 33419
220; 350; 33689
221; 350; 33936
222; 350; 33781
223; 350; 33346
224; 350; 33127
225; 350; 33112
226; 350; 33102
227; 350; 33092
228; 350; 33231
229; 350; 33389
230; 350; 33467
231; 350; 33503
232; 350; 33544
233; 350; 33521
234; 350; 33449
235; 350; 33305
236; 350; 33117
237; 350; 32958
238; 350; 33002
239; 350; 33215
240; 350; 33378
241; 350; 33438
242; 350; 33381
243; 350; 33236
244; 350; 33158
245; 350; 33285
246; 350; 33635
247; 350; 33892
248; 350; 34303
249; 350; 34777
250; 350; 34847
251; 350; 34087
252; 350; 33182
253; 350; 33233
254; 350; 34420
255; 350; 35880
256; 350; 36564
257; 350; 36708
258; 350; 36432
259; 350; 35479
210; 351; 35434
211; 351; 34167
212; 351; 33305
213; 351; 33221
214; 351; 33412
215; 351; 33279
216; 351; 33144
217; 351; 33230
218; 351; 33467
219; 351; 33559
220; 351; 33696
221; 351; 33840
222; 351; 33792
223; 351; 33537
224; 351; 33405
225; 351; 33355
226; 351; 33160
227; 351; 33030
228; 351; 33081
229; 351; 33219
230; 351; 33285
231; 351; 33378
232; 351; 33451
233; 351; 33441
234; 351; 33403
235; 351; 33394
236; 351; 33330
237; 351; 33171
238; 351; 33102
239; 351; 33118
240; 351; 33098
241; 351; 33146
242; 351; 33254
243; 351; 33178
244; 351; 33030
245; 351; 33214
246; 351; 33911
247; 351; 34542
248; 351; 34910
249; 351; 34966
250; 351; 34512
251; 351; 33584
252; 351; 32999
253; 351; 33338
254; 351; 34662
255; 351; 36016
256; 351; 36618
257; 351; 36648
258; 351; 36020
259; 351; 34741
210; 352; 35693
211; 352; 34455
212; 352; 33291
213; 352; 33339
214; 352; 33960
215; 352; 33861
216; 352; 33209
217; 352; 33053
218; 352; 33423
219; 352; 33793
220; 352; 33880
221; 352; 33904
222; 352; 33833
223; 352; 33649
224; 352; 33579
225; 352; 33664
226; 352; 33548
227; 352; 33267
228; 352; 33144
229; 352; 33170
230; 352; 33209
231; 352; 33220
232; 352; 33201
233; 352; 33174
234; 352; 33217
235; 352; 33339
236; 352; 33338
237; 352; 33259
238; 352; 33230
239; 352; 33168
240; 352; 32983
241; 352; 32919
242; 352; 33073
243; 352; 33154
244; 352; 33011
245; 352; 33128
246; 352; 34075
247; 352; 34998
248; 352; 35204
249; 352; 34750
250; 352; 33920
251; 352; 33205
252; 352; 32998
253; 352; 33551
254; 352; 34887
255; 352; 36048
256; 352; 36441
257; 352; 36183
258; 352; 35251
259; 352; 34124
210; 353; 35056
211; 353; 34202
212; 353; 33290
213; 353; 33524
214; 353; 34332
215; 353; 34204
216; 353; 33284
217; 353; 32993
218; 353; 33358
219; 353; 33835
220; 353; 33946
221; 353; 33958
222; 353; 33887
223; 353; 33536
224; 353; 33371
225; 353; 33571
226; 353; 33660
227; 353; 33570
228; 353; 33353
229; 353; 33339
230; 353; 33409
231; 353; 33405
232; 353; 33286
233; 353; 33142
234; 353; 33117
235; 353; 33121
236; 353; 33135
237; 353; 33170
238; 353; 33260
239; 353; 33274
240; 353; 33022
241; 353; 32894
242; 353; 33099
243; 353; 33338
244; 353; 33117
245; 353; 33076
246; 353; 33858
247; 353; 34733
248; 353; 34717
249; 353; 33999
250; 353; 33271
251; 353; 33013
252; 353; 33186
253; 353; 33855
254; 353; 35081
255; 353; 36125
256; 353; 36455
257; 353; 36057
258; 353; 35025
259; 353; 34086
210; 354; 34203
211; 354; 33736
212; 354; 33300
213; 354; 33601
214; 354; 34304
215; 354; 34172
216; 354; 33345
217; 354; 33011
218; 354; 33337
219; 354; 33657
220; 354; 33721
221; 354; 33924
222; 354; 33996
223; 354; 33574
224; 354; 33127
225; 354; 33144
226; 354; 33465
227; 354; 33554
228; 354; 33493
229; 354; 33605
230; 354; 33828
231; 354; 33904
232; 354; 33707
233; 354; 33353
234; 354; 33138
235; 354; 33080
236; 354; 33057
237; 354; 33063
238; 354; 33161
239; 354; 33261
240; 354; 33177
241; 354; 33112
242; 354; 33300
243; 354; 33435
244; 354; 33188
245; 354; 32992
246; 354; 33430
247; 354; 34096
248; 354; 33972
249; 354; 33265
250; 354; 32865
251; 354; 32956
252; 354; 33356
253; 354; 34067
254; 354; 35222
255; 354; 36199
256; 354; 36583
257; 354; 36293
258; 354; 35356
259; 354; 34394
210; 355; 33899
211; 355; 33546
212; 355; 33375
213; 355; 33533
214; 355; 33976
215; 355; 33907
216; 355; 33421
217; 355; 33261
218; 355; 33468
219; 355; 33494
220; 355; 33442
221; 355; 33717
222; 355; 34028
223; 355; 33883
224; 355; 33271
225; 355; 33001
226; 355; 33144
227; 355; 33385
228; 355; 33457
229; 355; 33558
230; 355; 33779
231; 355; 33914
232; 355; 33776
233; 355; 33462
234; 355; 33217
235; 355; 33186
236; 355; 33198
237; 355; 33134
238; 355; 33106
239; 355; 33207
240; 355; 33403
241; 355; 33447
242; 355; 33411
243; 355; 33311
244; 355; 33034
245; 355; 32879
246; 355; 33201
247; 355; 33782
248; 355; 33748
249; 355; 33197
250; 355; 32860
251; 355; 32949
252; 355; 33334
253; 355; 34109
254; 355; 35345
255; 355; 36239
256; 355; 36584
257; 355; 36465
258; 355; 35739
259; 355; 34725
210; 356; 34125
211; 356; 33735
212; 356; 33492
213; 356; 33514
214; 356; 33627
215; 356; 33582
216; 356; 33392
217; 356; 33398
218; 356; 33521
219; 356; 33523
220; 356; 33464
221; 356; 33603
222; 356; 34006
223; 356; 34099
224; 356; 33699
225; 356; 33190
226; 356; 33108
227; 356; 33240
228; 356; 33329
229; 356; 33312
230; 356; 33328
231; 356; 33406
232; 356; 33373
233; 356; 33232
234; 356; 33189
235; 356; 33291
236; 356; 33399
237; 356; 33329
238; 356; 33186
239; 356; 33256
240; 356; 33521
241; 356; 33541
242; 356; 33404
243; 356; 33242
244; 356; 33160
245; 356; 33175
246; 356; 33455
247; 356; 33898
248; 356; 33944
249; 356; 33539
250; 356; 33062
251; 356; 32949
252; 356; 33207
253; 356; 34117
254; 356; 35550
255; 356; 36337
256; 356; 36457
257; 356; 36385
258; 356; 35895
259; 356; 34909
210; 357; 34449
211; 357; 34150
212; 357; 33834
213; 357; 33587
214; 357; 33408
215; 357; 33273
216; 357; 33209
217; 357; 33227
218; 357; 33348
219; 357; 33523
220; 357; 33597
221; 357; 33617
222; 357; 33835
223; 357; 34038
224; 357; 33900
225; 357; 33353
226; 357; 33070
227; 357; 33167
228; 357; 33428
229; 357; 33464
230; 357; 33369
231; 357; 33317
232; 357; 33285
233; 357; 33217
234; 357; 33166
235; 357; 33251
236; 357; 33375
237; 357; 33379
238; 357; 33309
239; 357; 33344
240; 357; 33449
241; 357; 33407
242; 357; 33338
243; 357; 33657
244; 357; 34208
245; 357; 34476
246; 357; 34433
247; 357; 34241
248; 357; 34016
249; 357; 33693
250; 357; 33231
251; 357; 32972
252; 357; 33102
253; 357; 34127
254; 357; 35751
255; 357; 36489
256; 357; 36433
257; 357; 36219
258; 357; 35831
259; 357; 34943
210; 358; 34509
211; 358; 34441
212; 358; 34246
213; 358; 33816
214; 358; 33378
215; 358; 33129
216; 358; 33135
217; 358; 33143
218; 358; 33139
219; 358; 33304
220; 358; 33525
221; 358; 33617
222; 358; 33691
223; 358; 33895
224; 358; 33824
225; 358; 33265
226; 358; 32985
227; 358; 33238
228; 358; 33884
229; 358; 34231
230; 358; 34146
231; 358; 33971
232; 358; 33874
233; 358; 33773
234; 358; 33507
235; 358; 33198
236; 358; 33123
237; 358; 33220
238; 358; 33318
239; 358; 33395
240; 358; 33403
241; 358; 33289
242; 358; 33416
243; 358; 34319
244; 358; 35536
245; 358; 35922
246; 358; 35630
247; 358; 34653
248; 358; 33830
249; 358; 33528
250; 358; 33374
251; 358; 33018
252; 358; 33077
253; 358; 34057
254; 358; 35754
255; 358; 36560
256; 358; 36462
257; 358; 36165
258; 358; 35698
259; 358; 34919
210; 359; 34484
211; 359; 34546
212; 359; 34491
213; 359; 34049
214; 359; 33438
215; 359; 33159
216; 359; 33271
217; 359; 33448
218; 359; 33338
219; 359; 33298
220; 359; 33433
221; 359; 33575
222; 359; 33682
223; 359; 33807
224; 359; 33710
225; 359; 33220
226; 359; 33033
227; 359; 33591
228; 359; 34422
229; 359; 34757
230; 359; 34695
231; 359; 34565
232; 359; 34555
233; 359; 34540
234; 359; 34120
235; 359; 33396
236; 359; 33029
237; 359; 33125
238; 359; 33328
239; 359; 33432
240; 359; 33546
241; 359; 33630
242; 359; 33840
243; 359; 34759
244; 359; 36230
245; 359; 36919
246; 359; 36448
247; 359; 34839
248; 359; 33494
249; 359; 33294
250; 359; 33480
251; 359; 33299
252; 359; 33166
253; 359; 33857
254; 359; 35355
255; 359; 36367
256; 359; 36492
257; 359; 36293
258; 359; 35622
259; 359; 34813
210; 360; 34528
211; 360; 34604
212; 360; 34620
213; 360; 34241
214; 360; 33618
215; 360; 33268
216; 360; 33391
217; 360; 33739
218; 360; 33800
219; 360; 33699
220; 360; 33701
221; 360; 33759
222; 360; 33789
223; 360; 33787
224; 360; 33642
225; 360; 33419
226; 360; 33555
227; 360; 34181
228; 360; 34653
229; 360; 34769
230; 360; 34736
231; 360; 34684
232; 360; 34826
233; 360; 34948
234; 360; 34557
235; 360; 33675
236; 360; 33223
237; 360; 33342
238; 360; 33504
239; 360; 33531
240; 360; 33931
241; 360; 34407
242; 360; 34648
243; 360; 34990
244; 360; 36024
245; 360; 36754
246; 360; 36189
247; 360; 34474
248; 360; 33226
249; 360; 33143
250; 360; 33556
251; 360; 33568
252; 360; 33377
253; 360; 33544
254; 360; 34464
255; 360; 35693
256; 360; 36430
257; 360; 36499
258; 360; 35677
259; 360; 34662
210; 361; 34592
211; 361; 34641
212; 361; 34727
213; 361; 34522
214; 361; 33944
215; 361; 33450
216; 361; 33336
217; 361; 33447
218; 361; 33773
219; 361; 34019
220; 361; 34183
221; 361; 34276
222; 361; 34145
223; 361; 33802
224; 361; 33585
225; 361; 33677
226; 361; 34185
227; 361; 34625
228; 361; 34774
229; 361; 34745
230; 361; 34631
231; 361; 34621
232; 361; 34782
233; 361; 34956
234; 361; 34640
235; 361; 33809
236; 361; 33459
237; 361; 33679
238; 361; 33730
239; 361; 33685
240; 361; 34343
241; 361; 35259
242; 361; 35510
243; 361; 35245
244; 361; 35244
245; 361; 35378
246; 361; 34800
247; 361; 33776
248; 361; 33142
249; 361; 33159
250; 361; 33439
251; 361; 33572
252; 361; 33437
253; 361; 33251
254; 361; 33526
255; 361; 34583
256; 361; 36030
257; 361; 36553
258; 361; 35843
259; 361; 34746
210; 362; 34584
211; 362; 34622
212; 362; 34761
213; 362; 34821
214; 362; 34461
215; 362; 33782
216; 362; 33313
217; 362; 33209
218; 362; 33333
219; 362; 33901
220; 362; 34423
221; 362; 34683
222; 362; 34505
223; 362; 33926
224; 362; 33579
225; 362; 33834
226; 362; 34498
227; 362; 34847
228; 362; 34895
229; 362; 34803
230; 362; 34638
231; 362; 34605
232; 362; 34666
233; 362; 34862
234; 362; 34537
235; 362; 33761
236; 362; 33524
237; 362; 33787
238; 362; 33785
239; 362; 33727
240; 362; 34480
241; 362; 35641
242; 362; 36034
243; 362; 35553
244; 362; 34803
245; 362; 34146
246; 362; 33512
247; 362; 33245
248; 362; 33250
249; 362; 33258
250; 362; 33184
251; 362; 33263
252; 362; 33343
253; 362; 33133
254; 362; 33024
255; 362; 33682
256; 362; 35213
257; 362; 36298
258; 362; 36065
259; 362; 35302
210; 363; 34575
211; 363; 34619
212; 363; 34735
213; 363; 34862
214; 363; 34848
215; 363; 34391
216; 363; 33724
217; 363; 33314
218; 363; 33250
219; 363; 33655
220; 363; 34362
221; 363; 34767
222; 363; 34645
223; 363; 34055
224; 363; 33683
225; 363; 34003
226; 363; 34636
227; 363; 34914
228; 363; 34927
229; 363; 34784
230; 363; 34640
231; 363; 34593
232; 363; 34738
233; 363; 34918
234; 363; 34406
235; 363; 33592
236; 363; 33358
237; 363; 33559
238; 363; 33519
239; 363; 33435
240; 363; 33932
241; 363; 34965
242; 363; 35673
243; 363; 35657
244; 363; 35321
245; 363; 34557
246; 363; 33599
247; 363; 33180
248; 363; 33330
249; 363; 33387
250; 363; 33064
251; 363; 32963
252; 363; 33174
253; 363; 33237
254; 363; 33089
255; 363; 33353
256; 363; 34321
257; 363; 35584
258; 363; 36230
259; 363; 36170
210; 364; 34674
211; 364; 34714
212; 364; 34739
213; 364; 34759
214; 364; 34821
215; 364; 34851
216; 364; 34523
217; 364; 33979
218; 364; 33667
219; 364; 33727
220; 364; 34211
221; 364; 34631
222; 364; 34612
223; 364; 34173
224; 364; 33907
225; 364; 34228
226; 364; 34805
227; 364; 35015
228; 364; 34994
229; 364; 34815
230; 364; 34670
231; 364; 34743
232; 364; 35054
233; 364; 34984
234; 364; 34228
235; 364; 33370
236; 364; 33151
237; 364; 33325
238; 364; 33340
239; 364; 33209
240; 364; 33232
241; 364; 33634
242; 364; 34407
243; 364; 35574
244; 364; 36328
245; 364; 36019
246; 364; 34738
247; 364; 33626
248; 364; 33463
249; 364; 33496
250; 364; 33095
251; 364; 32939
252; 364; 33156
253; 364; 33341
254; 364; 33289
255; 364; 33297
256; 364; 33717
257; 364; 34613
258; 364; 35951
259; 364; 36785
210; 365; 34822
211; 365; 34860
212; 365; 34811
213; 365; 34687
214; 365; 34644
215; 365; 34848
216; 365; 34974
217; 365; 34647
218; 365; 34126
219; 365; 33899
220; 365; 34072
221; 365; 34508
222; 365; 34615
223; 365; 34382
224; 365; 34132
225; 365; 34329
226; 365; 34838
227; 365; 35179
228; 365; 35265
229; 365; 35210
230; 365; 35143
231; 365; 35229
232; 365; 35175
233; 365; 34729
234; 365; 33906
235; 365; 33236
236; 365; 33140
237; 365; 33438
238; 365; 33649
239; 365; 33666
240; 365; 33479
241; 365; 33107
242; 365; 33295
243; 365; 34900
244; 365; 36675
245; 365; 36825
246; 365; 35394
247; 365; 33913
248; 365; 33591
249; 365; 33545
250; 365; 33091
251; 365; 32923
252; 365; 33090
253; 365; 33288
254; 365; 33225
255; 365; 33158
256; 365; 33296
257; 365; 33820
258; 365; 35121
259; 365; 36677
210; 366; 34877
211; 366; 34906
212; 366; 34876
213; 366; 34768
214; 366; 34651
215; 366; 34690
216; 366; 34880
217; 366; 34843
218; 366; 34357
219; 366; 33939
220; 366; 33942
221; 366; 34337
222; 366; 34584
223; 366; 34461
224; 366; 34222
225; 366; 34221
226; 366; 34534
227; 366; 35035
228; 366; 35462
229; 366; 35577
230; 366; 35546
231; 366; 35119
232; 366; 34526
233; 366; 33959
234; 366; 33515
235; 366; 33312
236; 366; 33442
237; 366; 33862
238; 366; 34504
239; 366; 35021
240; 366; 34897
241; 366; 33879
242; 366; 33236
243; 366; 33843
244; 366; 35410
245; 366; 35648
246; 366; 34474
247; 366; 33647
248; 366; 33704
249; 366; 33614
250; 366; 33047
251; 366; 32902
252; 366; 33024
253; 366; 33112
254; 366; 33098
255; 366; 33155
256; 366; 33166
257; 366; 33330
258; 366; 34150
259; 366; 35698
210; 367; 34877
211; 367; 34849
212; 367; 34851
213; 367; 34903
214; 367; 34858
215; 367; 34744
216; 367; 34767
217; 367; 34831
218; 367; 34614
219; 367; 34183
220; 367; 34013
221; 367; 34101
222; 367; 34186
223; 367; 34131
224; 367; 34038
225; 367; 34066
226; 367; 34233
227; 367; 34611
228; 367; 35121
229; 367; 35325
230; 367; 34989
231; 367; 34208
232; 367; 33479
233; 367; 33158
234; 367; 33271
235; 367; 33588
236; 367; 33856
237; 367; 34110
238; 367; 34792
239; 367; 35728
240; 367; 35903
241; 367; 34782
242; 367; 33364
243; 367; 33069
244; 367; 33593
245; 367; 33612
246; 367; 33127
247; 367; 33272
248; 367; 33888
249; 367; 33822
250; 367; 33213
251; 367; 32976
252; 367; 33062
253; 367; 33069
254; 367; 33153
255; 367; 33417
256; 367; 33383
257; 367; 33253
258; 367; 33584
259; 367; 34515
210; 368; 34961
211; 368; 34823
212; 368; 34769
213; 368; 34931
214; 368; 35039
215; 368; 34914
216; 368; 34800
217; 368; 34872
218; 368; 34929
219; 368; 34748
220; 368; 34455
221; 368; 34139
222; 368; 33805
223; 368; 33653
224; 368; 33798
225; 368; 34037
226; 368; 34188
227; 368; 34358
228; 368; 34610
229; 368; 34617
230; 368; 34177
231; 368; 33516
232; 368; 33022
233; 368; 33002
234; 368; 33469
235; 368; 33940
236; 368; 33909
237; 368; 33810
238; 368; 34286
239; 368; 35218
240; 368; 35473
241; 368; 34682
242; 368; 33637
243; 368; 33077
244; 368; 32946
245; 368; 32854
246; 368; 32817
247; 368; 33307
248; 368; 33984
249; 368; 34002
250; 368; 33581
251; 368; 33249
252; 368; 33069
253; 368; 33011
254; 368; 33173
255; 368; 33496
256; 368; 33500
257; 368; 33460
258; 368; 33727
259; 368; 34104
210; 369; 35082
211; 369; 34900
212; 369; 34766
213; 369; 34885
214; 369; 35049
215; 369; 35012
216; 369; 34906
217; 369; 34924
218; 369; 35004
219; 369; 35061
220; 369; 34951
221; 369; 34573
222; 369; 33953
223; 369; 33656
224; 369; 33818
225; 369; 34105
226; 369; 34226
227; 369; 34243
228; 369; 34262
229; 369; 34159
230; 369; 33876
231; 369; 33503
232; 369; 33302
233; 369; 33504
234; 369; 33936
235; 369; 34031
236; 369; 33718
237; 369; 33593
238; 369; 34122
239; 369; 34783
240; 369; 34993
241; 369; 34817
242; 369; 34568
243; 369; 34121
244; 369; 33442
245; 369; 32990
246; 369; 33059
247; 369; 33470
248; 369; 33760
249; 369; 33812
250; 369; 33694
251; 369; 33434
252; 369; 33057
253; 369; 32950
254; 369; 33056
255; 369; 33218
256; 369; 33270
257; 369; 33646
258; 369; 34379
259; 369; 34605
210; 370; 35065
211; 370; 35004
212; 370; 34920
213; 370; 34935
214; 370; 34997
215; 370; 34996
216; 370; 34955
217; 370; 34933
218; 370; 34920
219; 370; 34943
220; 370; 34984
221; 370; 34956
222; 370; 34614
223; 370; 34197
224; 370; 34101
225; 370; 34150
226; 370; 34077
227; 370; 33976
228; 370; 33990
229; 370; 34014
230; 370; 33895
231; 370; 33688
232; 370; 33630
233; 370; 33884
234; 370; 34034
235; 370; 33880
236; 370; 33572
237; 370; 33974
238; 370; 34966
239; 370; 35485
240; 370; 35715
241; 370; 36096
242; 370; 36290
243; 370; 35533
244; 370; 33956
245; 370; 33140
246; 370; 33322
247; 370; 33497
248; 370; 33367
249; 370; 33387
250; 370; 33526
251; 370; 33478
252; 370; 33226
253; 370; 33109
254; 370; 33165
255; 370; 33129
256; 370; 33088
257; 370; 33589
258; 370; 34595
259; 370; 34984
210; 371; 34954
211; 371; 35042
212; 371; 35083
213; 371; 35053
214; 371; 35016
215; 371; 34998
216; 371; 34983
217; 371; 34937
218; 371; 34860
219; 371; 34816
220; 371; 34866
221; 371; 34952
222; 371; 34978
223; 371; 34795
224; 371; 34528
225; 371; 34239
226; 371; 34000
227; 371; 33867
228; 371; 33836
229; 371; 33824
230; 371; 33696
231; 371; 33530
232; 371; 33524
233; 371; 33762
234; 371; 33843
235; 371; 33549
236; 371; 33517
237; 371; 34422
238; 371; 35598
239; 371; 36150
240; 371; 36530
241; 371; 37185
242; 371; 37346
243; 371; 36010
244; 371; 33818
245; 371; 33020
246; 371; 33500
247; 371; 33701
248; 371; 33299
249; 371; 33152
250; 371; 33362
251; 371; 33462
252; 371; 33402
253; 371; 33371
254; 371; 33438
255; 371; 33336
256; 371; 33186
257; 371; 33340
258; 371; 33990
259; 371; 34488
210; 372; 34980
211; 372; 35046
212; 372; 35098
213; 372; 35085
214; 372; 35086
215; 372; 35108
216; 372; 35077
217; 372; 34990
218; 372; 34918
219; 372; 34890
220; 372; 34881
221; 372; 34879
222; 372; 34883
223; 372; 34878
224; 372; 34799
225; 372; 34615
226; 372; 34361
227; 372; 34162
228; 372; 33978
229; 372; 33763
230; 372; 33539
231; 372; 33420
232; 372; 33452
233; 372; 33581
234; 372; 33569
235; 372; 33331
236; 372; 33427
237; 372; 34140
238; 372; 34863
239; 372; 35218
240; 372; 35699
241; 372; 36503
242; 372; 36518
243; 372; 34985
244; 372; 33273
245; 372; 33090
246; 372; 33907
247; 372; 34036
248; 372; 33415
249; 372; 33093
250; 372; 33208
251; 372; 33329
252; 372; 33283
253; 372; 33235
254; 372; 33308
255; 372; 33322
256; 372; 33241
257; 372; 33167
258; 372; 33342
259; 372; 33569
210; 373; 35163
211; 373; 35108
212; 373; 35042
213; 373; 35019
214; 373; 35112
215; 373; 35225
216; 373; 35197
217; 373; 35060
218; 373; 34990
219; 373; 35037
220; 373; 35059
221; 373; 34952
222; 373; 34813
223; 373; 34805
224; 373; 34923
225; 373; 35004
226; 373; 34942
227; 373; 34759
228; 373; 34447
229; 373; 34036
230; 373; 33663
231; 373; 33522
232; 373; 33584
233; 373; 33624
234; 373; 33482
235; 373; 33361
236; 373; 33362
237; 373; 33557
238; 373; 33636
239; 373; 33585
240; 373; 33819
241; 373; 34324
242; 373; 34284
243; 373; 33460
244; 373; 32928
245; 373; 33451
246; 373; 34282
247; 373; 34148
248; 373; 33359
249; 373; 32943
250; 373; 33018
251; 373; 33152
252; 373; 33140
253; 373; 33074
254; 373; 33053
255; 373; 33189
256; 373; 33298
257; 373; 33323
258; 373; 33314
259; 373; 33330
210; 374; 35221
211; 374; 35189
212; 374; 35055
213; 374; 35003
214; 374; 35104
215; 374; 35232
216; 374; 35223
217; 374; 35093
218; 374; 35000
219; 374; 35050
220; 374; 35145
221; 374; 35130
222; 374; 34966
223; 374; 34910
224; 374; 35042
225; 374; 35149
226; 374; 35193
227; 374; 35135
228; 374; 34976
229; 374; 34605
230; 374; 34090
231; 374; 33784
232; 374; 33729
233; 374; 33677
234; 374; 33519
235; 374; 33438
236; 374; 33484
237; 374; 33538
238; 374; 33462
239; 374; 33318
240; 374; 33267
241; 374; 33263
242; 374; 33123
243; 374; 32912
244; 374; 33087
245; 374; 33806
246; 374; 34275
247; 374; 34018
248; 374; 33349
249; 374; 32993
250; 374; 33043
251; 374; 33225
252; 374; 33332
253; 374; 33306
254; 374; 33328
255; 374; 33473
256; 374; 33609
257; 374; 33666
258; 374; 33625
259; 374; 33476
210; 375; 34968
211; 375; 35165
212; 375; 35129
213; 375; 35116
214; 375; 35156
215; 375; 35197
216; 375; 35202
217; 375; 35145
218; 375; 35044
219; 375; 35000
220; 375; 35072
221; 375; 35160
222; 375; 35192
223; 375; 35168
224; 375; 35164
225; 375; 35144
226; 375; 35116
227; 375; 35162
228; 375; 35289
229; 375; 35143
230; 375; 34676
231; 375; 34161
232; 375; 33892
233; 375; 33716
234; 375; 33508
235; 375; 33421
236; 375; 33503
237; 375; 33680
238; 375; 33822
239; 375; 33866
240; 375; 33768
241; 375; 33565
242; 375; 33375
243; 375; 33400
244; 375; 33553
245; 375; 33736
246; 375; 33817
247; 375; 33740
248; 375; 33547
249; 375; 33318
250; 375; 33244
251; 375; 33291
252; 375; 33419
253; 375; 33532
254; 375; 33626
255; 375; 33708
256; 375; 33714
257; 375; 33660
258; 375; 33578
259; 375; 33462
210; 376; 34652
211; 376; 34922
212; 376; 35129
213; 376; 35251
214; 376; 35269
215; 376; 35227
216; 376; 35253
217; 376; 35293
218; 376; 35209
219; 376; 35034
220; 376; 35006
221; 376; 35115
222; 376; 35242
223; 376; 35259
224; 376; 35218
225; 376; 35107
226; 376; 34955
227; 376; 35009
228; 376; 35268
229; 376; 35331
230; 376; 35065
231; 376; 34629
232; 376; 34255
233; 376; 33939
234; 376; 33580
235; 376; 33388
236; 376; 33489
237; 376; 33677
238; 376; 33739
239; 376; 33734
240; 376; 33701
241; 376; 33713
242; 376; 33822
243; 376; 33874
244; 376; 33718
245; 376; 33372
246; 376; 33187
247; 376; 33286
248; 376; 33462
249; 376; 33422
250; 376; 33247
251; 376; 33143
252; 376; 33173
253; 376; 33178
254; 376; 33257
255; 376; 33363
256; 376; 33376
257; 376; 33331
258; 376; 33352
259; 376; 33389
210; 377; 34647
211; 377; 34760
212; 377; 35016
213; 377; 35268
214; 377; 35281
215; 377; 35224
216; 377; 35274
217; 377; 35407
218; 377; 35389
219; 377; 35203
220; 377; 35034
221; 377; 35115
222; 377; 35241
223; 377; 35252
224; 377; 35152
225; 377; 34976
226; 377; 34809
227; 377; 34749
228; 377; 34927
229; 377; 35162
230; 377; 35142
231; 377; 34993
232; 377; 34761
233; 377; 34381
234; 377; 34027
235; 377; 33984
236; 377; 34310
237; 377; 34390
238; 377; 33891
239; 377; 33277
240; 377; 33239
241; 377; 33489
242; 377; 33904
243; 377; 33937
244; 377; 33628
245; 377; 33354
246; 377; 33333
247; 377; 33437
248; 377; 33410
249; 377; 33311
250; 377; 33339
251; 377; 33460
252; 377; 33428
253; 377; 33309
254; 377; 33304
255; 377; 33330
256; 377; 33242
257; 377; 33207
258; 377; 33397
259; 377; 33656
210; 378; 35038
211; 378; 34959
212; 378; 35052
213; 378; 35184
214; 378; 35203
215; 378; 35127
216; 378; 35111
217; 378; 35257
218; 378; 35352
219; 378; 35295
220; 378; 35259
221; 378; 35280
222; 378; 35293
223; 378; 35251
224; 378; 35128
225; 378; 34991
226; 378; 34798
227; 378; 34652
228; 378; 34736
229; 378; 34998
230; 378; 35248
231; 378; 35264
232; 378; 35102
233; 378; 34844
234; 378; 34761
235; 378; 35272
236; 378; 36020
237; 378; 36117
238; 378; 35193
239; 378; 34044
240; 378; 33566
241; 378; 33766
242; 378; 33947
243; 378; 33652
244; 378; 33483
245; 378; 33957
246; 378; 34765
247; 378; 34893
248; 378; 34303
249; 378; 33832
250; 378; 34131
251; 378; 34793
252; 378; 34954
253; 378; 34807
254; 378; 34789
255; 378; 34589
256; 378; 33940
257; 378; 33411
258; 378; 33543
259; 378; 33980
210; 379; 35487
211; 379; 35363
212; 379; 35207
213; 379; 35148
214; 379; 35157
215; 379; 35133
216; 379; 35035
217; 379; 34966
218; 379; 35070
219; 379; 35239
220; 379; 35403
221; 379; 35477
222; 379; 35462
223; 379; 35421
224; 379; 35412
225; 379; 35400
226; 379; 35249
227; 379; 35074
228; 379; 35105
229; 379; 35380
230; 379; 35572
231; 379; 35461
232; 379; 35145
233; 379; 34972
234; 379; 35326
235; 379; 36205
236; 379; 37090
237; 379; 37371
238; 379; 36831
239; 379; 35920
240; 379; 35200
241; 379; 34707
242; 379; 33911
243; 379; 33153
244; 379; 33184
245; 379; 34581
246; 379; 36235
247; 379; 36498
248; 379; 35628
249; 379; 34791
250; 379; 35206
251; 379; 36112
252; 379; 36419
253; 379; 36487
254; 379; 36645
255; 379; 36344
256; 379; 35111
257; 379; 33867
258; 379; 33659
259; 379; 34062
210; 380; 35431
211; 380; 35407
212; 380; 35212
213; 380; 35060
214; 380; 35146
215; 380; 35220
216; 380; 35152
217; 380; 34877
218; 380; 34739
219; 380; 34856
220; 380; 35151
221; 380; 35347
222; 380; 35408
223; 380; 35470
224; 380; 35648
225; 380; 35799
226; 380; 35766
227; 380; 35574
228; 380; 35435
229; 380; 35592
230; 380; 35624
231; 380; 35325
232; 380; 34865
233; 380; 34788
234; 380; 35247
235; 380; 35957
236; 380; 36517
237; 380; 37015
238; 380; 37328
239; 380; 37275
240; 380; 36699
241; 380; 35517
242; 380; 33940
243; 380; 32918
244; 380; 33086
245; 380; 34707
246; 380; 36526
247; 380; 36874
248; 380; 35993
249; 380; 35247
250; 380; 35762
251; 380; 36686
252; 380; 37030
253; 380; 37094
254; 380; 37326
255; 380; 37202
256; 380; 36147
257; 380; 34841
258; 380; 34354
259; 380; 34504
210; 381; 34819
211; 381; 34971
212; 381; 34931
213; 381; 34870
214; 381; 34995
215; 381; 35154
216; 381; 35124
217; 381; 34870
218; 381; 34550
219; 381; 34399
220; 381; 34474
221; 381; 34653
222; 381; 34827
223; 381; 35006
224; 381; 35312
225; 381; 35579
226; 381; 35562
227; 381; 35307
228; 381; 35090
229; 381; 35060
230; 381; 35037
231; 381; 34855
232; 381; 34621
233; 381; 34633
234; 381; 34876
235; 381; 35017
236; 381; 35100
237; 381; 35587
238; 381; 36532
239; 381; 37174
240; 381; 36910
241; 381; 35718
242; 381; 34299
243; 381; 33565
244; 381; 33824
245; 381; 34891
246; 381; 35971
247; 381; 36146
248; 381; 35508
249; 381; 35224
250; 381; 35857
251; 381; 36710
252; 381; 36969
253; 381; 36813
254; 381; 36891
255; 381; 37072
256; 381; 36749
257; 381; 36076
258; 381; 35707
259; 381; 35576
210; 382; 34087
211; 382; 34390
212; 382; 34601
213; 382; 34696
214; 382; 34743
215; 382; 34761
216; 382; 34743
217; 382; 34617
218; 382; 34391
219; 382; 34098
220; 382; 33914
221; 382; 33970
222; 382; 34166
223; 382; 34393
224; 382; 34651
225; 382; 34855
226; 382; 34837
227; 382; 34623
228; 382; 34426
229; 382; 34413
230; 382; 34569
231; 382; 34740
232; 382; 34775
233; 382; 34770
234; 382; 34729
235; 382; 34534
236; 382; 34416
237; 382; 34694
238; 382; 35390
239; 382; 35932
240; 382; 35806
241; 382; 35244
242; 382; 34761
243; 382; 34637
244; 382; 34836
245; 382; 35279
246; 382; 35593
247; 382; 35602
248; 382; 35325
249; 382; 35298
250; 382; 35754
251; 382; 36327
252; 382; 36486
253; 382; 36200
254; 382; 36030
255; 382; 36225
256; 382; 36435
257; 382; 36433
258; 382; 36380
259; 382; 36336
210; 383; 33721
211; 383; 34130
212; 383; 34521
213; 383; 34693
214; 383; 34660
215; 383; 34494
216; 383; 34330
217; 383; 34314
218; 383; 34357
219; 383; 34253
220; 383; 34030
221; 383; 33985
222; 383; 34168
223; 383; 34362
224; 383; 34475
225; 383; 34570
226; 383; 34611
227; 383; 34491
228; 383; 34439
229; 383; 34526
230; 383; 34795
231; 383; 35046
232; 383; 35117
233; 383; 34999
234; 383; 34743
235; 383; 34558
236; 383; 34551
237; 383; 34645
238; 383; 34693
239; 383; 34575
240; 383; 34437
241; 383; 34456
242; 383; 34597
243; 383; 34692
244; 383; 34820
245; 383; 35017
246; 383; 35251
247; 383; 35392
248; 383; 35348
249; 383; 35199
250; 383; 35147
251; 383; 35297
252; 383; 35452
253; 383; 35344
254; 383; 35081
255; 383; 34993
256; 383; 35080
257; 383; 35314
258; 383; 35616
259; 383; 35941
210; 384; 33757
211; 384; 34152
212; 384; 34609
213; 384; 34689
214; 384; 34635
215; 384; 34484
216; 384; 34325
217; 384; 34330
218; 384; 34654
219; 384; 34963
220; 384; 34919
221; 384; 34767
222; 384; 34763
223; 384; 34819
224; 384; 34825
225; 384; 34837
226; 384; 34869
227; 384; 34873
228; 384; 34887
229; 384; 34933
230; 384; 34983
231; 384; 34995
232; 384; 34939
233; 384; 34773
234; 384; 34564
235; 384; 34511
236; 384; 34651
237; 384; 34696
238; 384; 34350
239; 384; 33909
240; 384; 33796
241; 384; 33981
242; 384; 34034
243; 384; 33848
244; 384; 33777
245; 384; 34073
246; 384; 34543
247; 384; 34911
248; 384; 34923
249; 384; 34578
250; 384; 34172
251; 384; 34026
252; 384; 34217
253; 384; 34408
254; 384; 34298
255; 384; 33976
256; 384; 33752
257; 384; 33856
258; 384; 34219
259; 384; 34675
210; 385; 33955
211; 385; 34314
212; 385; 34666
213; 385; 34648
214; 385; 34577
215; 385; 34583
216; 385; 34521
217; 385; 34574
218; 385; 34977
219; 385; 35523
220; 385; 35656
221; 385; 35348
222; 385; 35037
223; 385; 34933
224; 385; 34935
225; 385; 34967
226; 385; 34956
227; 385; 34880
228; 385; 34837
229; 385; 34812
230; 385; 34658
231; 385; 34390
232; 385; 34288
233; 385; 34293
234; 385; 34248
235; 385; 34232
236; 385; 34369
237; 385; 34425
238; 385; 34179
239; 385; 33853
240; 385; 33865
241; 385; 34062
242; 385; 34005
243; 385; 33655
244; 385; 33427
245; 385; 33698
246; 385; 34204
247; 385; 34505
248; 385; 34421
249; 385; 34118
250; 385; 33791
251; 385; 33693
252; 385; 33843
253; 385; 34045
254; 385; 33933
255; 385; 33598
256; 385; 33461
257; 385; 33451
258; 385; 33499
259; 385; 33395
210; 386; 34145
211; 386; 34562
212; 386; 34850
213; 386; 34763
214; 386; 34611
215; 386; 34645
216; 386; 34627
217; 386; 34530
218; 386; 34716
219; 386; 35185
220; 386; 35349
221; 386; 35001
222; 386; 34566
223; 386; 34447
224; 386; 34615
225; 386; 34743
226; 386; 34663
227; 386; 34466
228; 386; 34421
229; 386; 34445
230; 386; 34283
231; 386; 34009
232; 386; 33960
233; 386; 34149
234; 386; 34209
235; 386; 34094
236; 386; 34025
237; 386; 34045
238; 386; 33964
239; 386; 33903
240; 386; 34025
241; 386; 34391
242; 386; 34582
243; 386; 34471
244; 386; 34307
245; 386; 34420
246; 386; 34689
247; 386; 34738
248; 386; 34487
249; 386; 34234
250; 386; 34156
251; 386; 34246
252; 386; 34331
253; 386; 34280
254; 386; 34022
255; 386; 33798
256; 386; 33796
257; 386; 33905
258; 386; 33619
259; 386; 33023
210; 387; 34275
211; 387; 34669
212; 387; 35098
213; 387; 35028
214; 387; 34775
215; 387; 34654
216; 387; 34544
217; 387; 34271
218; 387; 34145
219; 387; 34312
220; 387; 34397
221; 387; 34206
222; 387; 34000
223; 387; 34027
224; 387; 34228
225; 387; 34384
226; 387; 34391
227; 387; 34389
228; 387; 34477
229; 387; 34589
230; 387; 34402
231; 387; 34053
232; 387; 34001
233; 387; 34179
234; 387; 34230
235; 387; 34071
236; 387; 33896
237; 387; 33877
238; 387; 33902
239; 387; 33905
240; 387; 34035
241; 387; 34431
242; 387; 34788
243; 387; 34847
244; 387; 34744
245; 387; 34798
246; 387; 34992
247; 387; 35007
248; 387; 34797
249; 387; 34562
250; 387; 34504
251; 387; 34551
252; 387; 34571
253; 387; 34508
254; 387; 34345
255; 387; 34259
256; 387; 34302
257; 387; 34267
258; 387; 33891
259; 387; 33329
210; 388; 34387
211; 388; 34560
212; 388; 35063
213; 388; 35076
214; 388; 34731
215; 388; 34468
216; 388; 34327
217; 388; 34151
218; 388; 34072
219; 388; 34075
220; 388; 34069
221; 388; 33986
222; 388; 33999
223; 388; 34057
224; 388; 34086
225; 388; 34113
226; 388; 34272
227; 388; 34547
228; 388; 34788
229; 388; 34790
230; 388; 34455
231; 388; 34022
232; 388; 33909
233; 388; 34045
234; 388; 34126
235; 388; 34018
236; 388; 33883
237; 388; 33901
238; 388; 34004
239; 388; 34035
240; 388; 34032
241; 388; 34140
242; 388; 34213
243; 388; 34105
244; 388; 34013
245; 388; 34240
246; 388; 34653
247; 388; 34881
248; 388; 34826
249; 388; 34685
250; 388; 34527
251; 388; 34423
252; 388; 34414
253; 388; 34472
254; 388; 34511
255; 388; 34504
256; 388; 34358
257; 388; 34022
258; 388; 33579
259; 388; 33262
210; 389; 34649
211; 389; 34448
212; 389; 34802
213; 389; 34869
214; 389; 34536
215; 389; 34249
216; 389; 34166
217; 389; 34173
218; 389; 34256
219; 389; 34302
220; 389; 34260
221; 389; 34207
222; 389; 34243
223; 389; 34246
224; 389; 34078
225; 389; 34002
226; 389; 34147
227; 389; 34509
228; 389; 34742
229; 389; 34610
230; 389; 34200
231; 389; 33867
232; 389; 33805
233; 389; 33931
234; 389; 34042
235; 389; 33984
236; 389; 33892
237; 389; 33932
238; 389; 34050
239; 389; 34101
240; 389; 33930
241; 389; 33624
242; 389; 33363
243; 389; 33235
244; 389; 33452
245; 389; 33918
246; 389; 34355
247; 389; 34589
248; 389; 34661
249; 389; 34710
250; 389; 34647
251; 389; 34457
252; 389; 34325
253; 389; 34320
254; 389; 34275
255; 389; 34109
256; 389; 33748
257; 389; 33255
258; 389; 32924
259; 389; 32960
210; 390; 35055
211; 390; 34531
212; 390; 34717
213; 390; 34929
214; 390; 34766
215; 390; 34398
216; 390; 34157
217; 390; 34128
218; 390; 34234
219; 390; 34354
220; 390; 34341
221; 390; 34281
222; 390; 34317
223; 390; 34341
224; 390; 34199
225; 390; 34111
226; 390; 34201
227; 390; 34359
228; 390; 34427
229; 390; 34379
230; 390; 34209
231; 390; 34071
232; 390; 34050
233; 390; 34115
234; 390; 34149
235; 390; 34098
236; 390; 34013
237; 390; 33975
238; 390; 33983
239; 390; 33847
240; 390; 33532
241; 390; 33147
242; 390; 33024
243; 390; 33373
244; 390; 33878
245; 390; 34368
246; 390; 34466
247; 390; 34172
248; 390; 34169
249; 390; 34522
250; 390; 34669
251; 390; 34518
252; 390; 34328
253; 390; 34115
254; 390; 33813
255; 390; 33474
256; 390; 33224
257; 390; 32988
258; 390; 32809
259; 390; 32801
210; 391; 35032
211; 391; 34538
212; 391; 34789
213; 391; 35233
214; 391; 35262
215; 391; 34910
216; 391; 34447
217; 391; 34133
218; 391; 34089
219; 391; 34134
220; 391; 34195
221; 391; 34223
222; 391; 34291
223; 391; 34341
224; 391; 34360
225; 391; 34463
226; 391; 34488
227; 391; 34390
228; 391; 34306
229; 391; 34395
230; 391; 34528
231; 391; 34522
232; 391; 34460
233; 391; 34421
234; 391; 34360
235; 391; 34332
236; 391; 34335
237; 391; 34311
238; 391; 34165
239; 391; 33836
240; 391; 33353
241; 391; 32994
242; 391; 33254
243; 391; 34015
244; 391; 34657
245; 391; 35072
246; 391; 34561
247; 391; 33784
248; 391; 33712
249; 391; 34000
250; 391; 34042
251; 391; 33951
252; 391; 34104
253; 391; 34206
254; 391; 33989
255; 391; 33780
256; 391; 33834
257; 391; 33902
258; 391; 33862
259; 391; 33836
210; 392; 34478
211; 392; 34067
212; 392; 34311
213; 392; 34935
214; 392; 35199
215; 392; 35082
216; 392; 34807
217; 392; 34435
218; 392; 34137
219; 392; 34053
220; 392; 34143
221; 392; 34279
222; 392; 34331
223; 392; 34268
224; 392; 34259
225; 392; 34421
226; 392; 34498
227; 392; 34301
228; 392; 34177
229; 392; 34305
230; 392; 34501
231; 392; 34509
232; 392; 34413
233; 392; 34352
234; 392; 34335
235; 392; 34374
236; 392; 34534
237; 392; 34702
238; 392; 34687
239; 392; 34303
240; 392; 33651
241; 392; 33275
242; 392; 33624
243; 392; 34484
244; 392; 35179
245; 392; 35290
246; 392; 34650
247; 392; 34103
248; 392; 34083
249; 392; 33994
250; 392; 33496
251; 392; 33250
252; 392; 33824
253; 392; 34611
254; 392; 34867
255; 392; 34938
256; 392; 35133
257; 392; 35242
258; 392; 35159
259; 392; 35097
