329; 191; 33495
330; 191; 33565
331; 191; 33498
332; 191; 33408
333; 191; 33462
328; 192; 33148
329; 192; 33298
330; 192; 33251
331; 192; 33108
332; 192; 33067
333; 192; 33200
334; 192; 33449
335; 192; 33744
328; 193; 33091
329; 193; 33138
330; 193; 33063
331; 193; 32995
332; 193; 33043
333; 193; 33110
334; 193; 33207
335; 193; 33530
336; 193; 33993
328; 194; 33210
329; 194; 33121
330; 194; 33088
331; 194; 33163
332; 194; 33261
333; 194; 33171
334; 194; 33004
335; 194; 33183
336; 194; 33656
328; 195; 33301
329; 195; 33169
330; 195; 33158
331; 195; 33284
332; 195; 33417
333; 195; 33320
334; 195; 33031
335; 195; 33005
336; 195; 33335
328; 196; 33361
329; 196; 33253
330; 196; 33213
331; 196; 33277
332; 196; 33416
333; 196; 33420
334; 196; 33220
335; 196; 33141
336; 196; 33299
329; 197; 33406
330; 197; 33305
331; 197; 33285
332; 197; 33414
333; 197; 33471
334; 197; 33353
335; 197; 33316
336; 197; 33400
330; 198; 33439
331; 198; 33385
332; 198; 33461
333; 198; 33447
334; 198; 33309
335; 198; 33314
336; 198; 33423
331; 199; 33492
332; 199; 33486
333; 199; 33383
334; 199; 33241
335; 199; 33283
336; 199; 33469
332; 200; 33514
333; 200; 33411
334; 200; 33323
335; 200; 33435
336; 200; 33712
333; 201; 33561
334; 201; 33534
335; 201; 33730
