148; 231; 33169
149; 231; 33380
150; 231; 33340
151; 231; 33258
152; 231; 33377
153; 231; 33552
154; 231; 33584
155; 231; 33533
156; 231; 33542
157; 231; 33618
158; 231; 33660
159; 231; 33703
160; 231; 33813
161; 231; 33845
162; 231; 33726
163; 231; 33622
164; 231; 33615
165; 231; 33661
166; 231; 33696
167; 231; 33691
168; 231; 33619
169; 231; 33580
170; 231; 33538
171; 231; 33444
172; 231; 33492
173; 231; 33647
174; 231; 33602
175; 231; 33216
176; 231; 33084
177; 231; 33190
178; 231; 33823
179; 231; 34428
180; 231; 34441
181; 231; 34261
182; 231; 34093
183; 231; 34034
184; 231; 34127
185; 231; 34252
186; 231; 34268
187; 231; 34252
188; 231; 34289
189; 231; 34260
190; 231; 33993
191; 231; 33481
192; 231; 33013
193; 231; 32848
194; 231; 32861
195; 231; 32875
196; 231; 32895
197; 231; 32925
198; 231; 32916
199; 231; 33032
200; 231; 33157
201; 231; 33123
202; 231; 33066
203; 231; 33057
204; 231; 33131
205; 231; 33358
206; 231; 33727
207; 231; 34002
208; 231; 34314
209; 231; 34703
210; 231; 34991
211; 231; 35025
212; 231; 34968
213; 231; 34922
214; 231; 34883
215; 231; 34766
216; 231; 34633
217; 231; 34611
218; 231; 34667
219; 231; 34673
220; 231; 34613
221; 231; 34595
222; 231; 34647
223; 231; 34682
224; 231; 34659
148; 232; 33090
149; 232; 33141
150; 232; 33140
151; 232; 33050
152; 232; 33059
153; 232; 33291
154; 232; 33487
155; 232; 33550
156; 232; 33587
157; 232; 33641
158; 232; 33682
159; 232; 33723
160; 232; 33784
161; 232; 33749
162; 232; 33631
163; 232; 33585
164; 232; 33623
165; 232; 33666
166; 232; 33671
167; 232; 33703
168; 232; 33723
169; 232; 33729
170; 232; 33697
171; 232; 33549
172; 232; 33484
173; 232; 33611
174; 232; 33673
175; 232; 33328
176; 232; 33133
177; 232; 33183
178; 232; 33719
179; 232; 34414
180; 232; 34487
181; 232; 34317
182; 232; 34149
183; 232; 34069
184; 232; 34128
185; 232; 34264
186; 232; 34304
187; 232; 34255
188; 232; 34277
189; 232; 34339
190; 232; 34288
191; 232; 33894
192; 232; 33258
193; 232; 32912
194; 232; 32912
195; 232; 32901
196; 232; 32858
197; 232; 32874
198; 232; 32882
199; 232; 32934
200; 232; 32999
201; 232; 33009
202; 232; 33008
203; 232; 33004
204; 232; 33064
205; 232; 33265
206; 232; 33585
207; 232; 33750
208; 232; 33950
209; 232; 34306
210; 232; 34770
211; 232; 35040
212; 232; 35069
213; 232; 35046
214; 232; 34979
215; 232; 34835
216; 232; 34661
217; 232; 34587
218; 232; 34643
219; 232; 34721
220; 232; 34729
221; 232; 34700
222; 232; 34694
223; 232; 34708
224; 232; 34712
148; 233; 33205
149; 233; 33188
150; 233; 33137
151; 233; 33060
152; 233; 33000
153; 233; 33124
154; 233; 33390
155; 233; 33590
156; 233; 33672
157; 233; 33684
158; 233; 33687
159; 233; 33698
160; 233; 33720
161; 233; 33712
162; 233; 33683
163; 233; 33688
164; 233; 33689
165; 233; 33642
166; 233; 33597
167; 233; 33636
168; 233; 33696
169; 233; 33715
170; 233; 33694
171; 233; 33569
172; 233; 33448
173; 233; 33524
174; 233; 33656
175; 233; 33462
176; 233; 33306
177; 233; 33363
178; 233; 33815
179; 233; 34418
180; 233; 34482
181; 233; 34370
182; 233; 34303
183; 233; 34251
184; 233; 34223
185; 233; 34293
186; 233; 34345
187; 233; 34280
188; 233; 34237
189; 233; 34308
190; 233; 34349
191; 233; 34115
192; 233; 33518
193; 233; 32946
194; 233; 32915
195; 233; 32918
196; 233; 32853
197; 233; 32842
198; 233; 32857
199; 233; 32883
200; 233; 32907
201; 233; 32948
202; 233; 32995
203; 233; 32990
204; 233; 32997
205; 233; 33118
206; 233; 33428
207; 233; 33706
208; 233; 33853
209; 233; 34117
210; 233; 34540
211; 233; 34928
212; 233; 35082
213; 233; 35081
214; 233; 35013
215; 233; 34887
216; 233; 34735
217; 233; 34655
218; 233; 34708
219; 233; 34829
220; 233; 34885
221; 233; 34829
222; 233; 34733
223; 233; 34687
224; 233; 34707
148; 234; 33370
149; 234; 33225
150; 234; 33110
151; 234; 33056
152; 234; 33118
153; 234; 33189
154; 234; 33281
155; 234; 33467
156; 234; 33609
157; 234; 33650
158; 234; 33667
159; 234; 33683
160; 234; 33705
161; 234; 33696
162; 234; 33714
163; 234; 33773
164; 234; 33754
165; 234; 33627
166; 234; 33542
167; 234; 33576
168; 234; 33600
169; 234; 33553
170; 234; 33533
171; 234; 33500
172; 234; 33402
173; 234; 33435
174; 234; 33599
175; 234; 33528
176; 234; 33431
177; 234; 33498
178; 234; 33851
179; 234; 34302
180; 234; 34357
181; 234; 34355
182; 234; 34497
183; 234; 34518
184; 234; 34353
185; 234; 34304
186; 234; 34377
187; 234; 34343
188; 234; 34221
189; 234; 34203
190; 234; 34250
191; 234; 34178
192; 234; 33742
193; 234; 33096
194; 234; 32896
195; 234; 32939
196; 234; 32917
197; 234; 32852
198; 234; 32853
199; 234; 32910
200; 234; 32928
201; 234; 32935
202; 234; 32962
203; 234; 32945
204; 234; 32895
205; 234; 32937
206; 234; 33238
207; 234; 33631
208; 234; 33830
209; 234; 33998
210; 234; 34319
211; 234; 34745
212; 234; 34997
213; 234; 35026
214; 234; 34984
215; 234; 34906
216; 234; 34821
217; 234; 34774
218; 234; 34814
219; 234; 34908
220; 234; 34942
221; 234; 34861
222; 234; 34733
223; 234; 34669
224; 234; 34706
148; 235; 33476
149; 235; 33312
150; 235; 33210
151; 235; 33178
152; 235; 33233
153; 235; 33227
154; 235; 33154
155; 235; 33242
156; 235; 33436
157; 235; 33584
158; 235; 33672
159; 235; 33733
160; 235; 33744
161; 235; 33665
162; 235; 33623
163; 235; 33663
164; 235; 33680
165; 235; 33591
166; 235; 33531
167; 235; 33567
168; 235; 33548
169; 235; 33449
170; 235; 33418
171; 235; 33442
172; 235; 33384
173; 235; 33404
174; 235; 33572
175; 235; 33507
176; 235; 33336
177; 235; 33394
178; 235; 33740
179; 235; 34119
180; 235; 34151
181; 235; 34236
182; 235; 34609
183; 235; 34686
184; 235; 34484
185; 235; 34349
186; 235; 34428
187; 235; 34421
188; 235; 34233
189; 235; 34119
190; 235; 34160
191; 235; 34167
192; 235; 33914
193; 235; 33336
194; 235; 32925
195; 235; 32923
196; 235; 32946
197; 235; 32853
198; 235; 32874
199; 235; 32983
200; 235; 32990
201; 235; 32935
202; 235; 32906
203; 235; 32885
204; 235; 32845
205; 235; 32841
206; 235; 33053
207; 235; 33445
208; 235; 33712
209; 235; 33869
210; 235; 34166
211; 235; 34622
212; 235; 34927
213; 235; 34991
214; 235; 34967
215; 235; 34915
216; 235; 34868
217; 235; 34845
218; 235; 34860
219; 235; 34885
220; 235; 34867
221; 235; 34803
222; 235; 34750
223; 235; 34755
224; 235; 34808
148; 236; 33451
149; 236; 33384
150; 236; 33400
151; 236; 33478
152; 236; 33445
153; 236; 33282
154; 236; 33111
155; 236; 33131
156; 236; 33335
157; 236; 33548
158; 236; 33696
159; 236; 33803
160; 236; 33801
161; 236; 33655
162; 236; 33537
163; 236; 33525
164; 236; 33564
165; 236; 33547
166; 236; 33536
167; 236; 33576
168; 236; 33551
169; 236; 33468
170; 236; 33467
171; 236; 33490
172; 236; 33420
173; 236; 33410
174; 236; 33567
175; 236; 33499
176; 236; 33218
177; 236; 33239
178; 236; 33634
179; 236; 34060
180; 236; 34083
181; 236; 34112
182; 236; 34497
183; 236; 34709
184; 236; 34597
185; 236; 34476
186; 236; 34522
187; 236; 34472
188; 236; 34231
189; 236; 34079
190; 236; 34111
191; 236; 34141
192; 236; 34007
193; 236; 33558
194; 236; 33090
195; 236; 32906
196; 236; 32851
197; 236; 32837
198; 236; 32922
199; 236; 33016
200; 236; 33001
201; 236; 32924
202; 236; 32884
203; 236; 32889
204; 236; 32895
205; 236; 32872
206; 236; 33019
207; 236; 33362
208; 236; 33585
209; 236; 33753
210; 236; 34074
211; 236; 34570
212; 236; 34921
213; 236; 35024
214; 236; 35006
215; 236; 34955
216; 236; 34897
217; 236; 34864
218; 236; 34858
219; 236; 34843
220; 236; 34803
221; 236; 34790
222; 236; 34849
223; 236; 34939
224; 236; 34974
148; 237; 33431
149; 237; 33462
150; 237; 33555
151; 237; 33673
152; 237; 33644
153; 237; 33460
154; 237; 33276
155; 237; 33248
156; 237; 33380
157; 237; 33545
158; 237; 33689
159; 237; 33814
160; 237; 33824
161; 237; 33669
162; 237; 33550
163; 237; 33571
164; 237; 33628
165; 237; 33621
166; 237; 33593
167; 237; 33581
168; 237; 33547
169; 237; 33526
170; 237; 33610
171; 237; 33662
172; 237; 33523
173; 237; 33417
174; 237; 33538
175; 237; 33495
176; 237; 33204
177; 237; 33258
178; 237; 33607
179; 237; 34128
180; 237; 34160
181; 237; 34100
182; 237; 34302
183; 237; 34618
184; 237; 34633
185; 237; 34587
186; 237; 34596
187; 237; 34485
188; 237; 34216
189; 237; 34072
190; 237; 34118
191; 237; 34158
192; 237; 34062
193; 237; 33678
194; 237; 33188
195; 237; 32946
196; 237; 32875
197; 237; 32895
198; 237; 32926
199; 237; 32945
200; 237; 32952
201; 237; 32939
202; 237; 32925
203; 237; 32920
204; 237; 32911
205; 237; 32930
206; 237; 33136
207; 237; 33492
208; 237; 33594
209; 237; 33662
210; 237; 33956
211; 237; 34441
212; 237; 34831
213; 237; 35010
214; 237; 35066
215; 237; 35036
216; 237; 34950
217; 237; 34892
218; 237; 34879
219; 237; 34857
220; 237; 34826
221; 237; 34863
222; 237; 34985
223; 237; 35095
224; 237; 35084
148; 238; 33500
149; 238; 33578
150; 238; 33681
151; 238; 33742
152; 238; 33685
153; 238; 33578
154; 238; 33509
155; 238; 33472
156; 238; 33459
157; 238; 33499
158; 238; 33615
159; 238; 33758
160; 238; 33808
161; 238; 33712
162; 238; 33616
163; 238; 33652
164; 238; 33739
165; 238; 33759
166; 238; 33693
167; 238; 33581
168; 238; 33505
169; 238; 33519
170; 238; 33653
171; 238; 33729
172; 238; 33563
173; 238; 33400
174; 238; 33495
175; 238; 33501
176; 238; 33331
177; 238; 33313
178; 238; 33530
179; 238; 34113
180; 238; 34228
181; 238; 34116
182; 238; 34175
183; 238; 34492
184; 238; 34594
185; 238; 34593
186; 238; 34591
187; 238; 34477
188; 238; 34239
189; 238; 34134
190; 238; 34214
191; 238; 34283
192; 238; 34154
193; 238; 33716
194; 238; 33166
195; 238; 32928
196; 238; 32904
197; 238; 32904
198; 238; 32876
199; 238; 32887
200; 238; 32900
201; 238; 32965
202; 238; 33050
203; 238; 33029
204; 238; 32945
205; 238; 32977
206; 238; 33277
207; 238; 33577
208; 238; 33605
209; 238; 33622
210; 238; 33826
211; 238; 34252
212; 238; 34674
213; 238; 34971
214; 238; 35123
215; 238; 35126
216; 238; 35029
217; 238; 34953
218; 238; 34926
219; 238; 34882
220; 238; 34847
221; 238; 34909
222; 238; 35042
223; 238; 35122
224; 238; 35086
148; 239; 33631
149; 239; 33702
150; 239; 33729
151; 239; 33664
152; 239; 33563
153; 239; 33531
154; 239; 33562
155; 239; 33538
156; 239; 33446
157; 239; 33424
158; 239; 33554
159; 239; 33709
160; 239; 33768
161; 239; 33726
162; 239; 33642
163; 239; 33616
164; 239; 33677
165; 239; 33750
166; 239; 33716
167; 239; 33587
168; 239; 33461
169; 239; 33436
170; 239; 33548
171; 239; 33639
172; 239; 33533
173; 239; 33399
174; 239; 33496
175; 239; 33537
176; 239; 33381
177; 239; 33306
178; 239; 33353
179; 239; 33916
180; 239; 34173
181; 239; 34117
182; 239; 34196
183; 239; 34509
184; 239; 34604
185; 239; 34576
186; 239; 34562
187; 239; 34488
188; 239; 34311
189; 239; 34233
190; 239; 34321
191; 239; 34378
192; 239; 34243
193; 239; 33749
194; 239; 33132
195; 239; 32881
196; 239; 32862
197; 239; 32853
198; 239; 32874
199; 239; 32914
200; 239; 32873
201; 239; 32951
202; 239; 33054
203; 239; 33006
204; 239; 32944
205; 239; 33006
206; 239; 33345
207; 239; 33556
208; 239; 33568
209; 239; 33564
210; 239; 33752
211; 239; 34173
212; 239; 34605
213; 239; 34949
214; 239; 35155
215; 239; 35188
216; 239; 35113
217; 239; 35050
218; 239; 34999
219; 239; 34899
220; 239; 34827
221; 239; 34887
222; 239; 35008
223; 239; 35052
224; 239; 35016
148; 240; 33717
149; 240; 33727
150; 240; 33672
151; 240; 33557
152; 240; 33448
153; 240; 33436
154; 240; 33492
155; 240; 33490
156; 240; 33422
157; 240; 33419
158; 240; 33556
159; 240; 33680
160; 240; 33712
161; 240; 33698
162; 240; 33617
163; 240; 33514
164; 240; 33509
165; 240; 33606
166; 240; 33647
167; 240; 33575
168; 240; 33463
169; 240; 33415
170; 240; 33461
171; 240; 33535
172; 240; 33512
173; 240; 33441
174; 240; 33536
175; 240; 33600
176; 240; 33400
177; 240; 33270
178; 240; 33243
179; 240; 33663
180; 240; 34039
181; 240; 34114
182; 240; 34315
183; 240; 34644
184; 240; 34701
185; 240; 34618
186; 240; 34572
187; 240; 34521
188; 240; 34375
189; 240; 34276
190; 240; 34311
191; 240; 34344
192; 240; 34235
193; 240; 33788
194; 240; 33170
195; 240; 32922
196; 240; 32884
197; 240; 32861
198; 240; 32858
199; 240; 32854
200; 240; 32855
201; 240; 32914
202; 240; 32913
203; 240; 32845
204; 240; 32878
205; 240; 33090
206; 240; 33395
207; 240; 33474
208; 240; 33444
209; 240; 33450
210; 240; 33679
211; 240; 34145
212; 240; 34598
213; 240; 34951
214; 240; 35183
215; 240; 35233
216; 240; 35218
217; 240; 35193
218; 240; 35126
219; 240; 34981
220; 240; 34875
221; 240; 34912
222; 240; 34993
223; 240; 34990
224; 240; 34947
148; 241; 33731
149; 241; 33690
150; 241; 33623
151; 241; 33540
152; 241; 33467
153; 241; 33460
154; 241; 33486
155; 241; 33484
156; 241; 33474
157; 241; 33509
158; 241; 33588
159; 241; 33640
160; 241; 33675
161; 241; 33712
162; 241; 33656
163; 241; 33541
164; 241; 33507
165; 241; 33577
166; 241; 33606
167; 241; 33554
168; 241; 33506
169; 241; 33492
170; 241; 33484
171; 241; 33498
172; 241; 33528
173; 241; 33518
174; 241; 33556
175; 241; 33603
176; 241; 33432
177; 241; 33292
178; 241; 33225
179; 241; 33438
180; 241; 33914
181; 241; 34132
182; 241; 34478
183; 241; 34733
184; 241; 34765
185; 241; 34645
186; 241; 34561
187; 241; 34531
188; 241; 34425
189; 241; 34295
190; 241; 34253
191; 241; 34248
192; 241; 34172
193; 241; 33817
194; 241; 33252
195; 241; 32927
196; 241; 32885
197; 241; 32873
198; 241; 32873
199; 241; 32862
200; 241; 32889
201; 241; 32894
202; 241; 32886
203; 241; 32856
204; 241; 32898
205; 241; 33184
206; 241; 33389
207; 241; 33374
208; 241; 33270
209; 241; 33265
210; 241; 33508
211; 241; 33994
212; 241; 34506
213; 241; 34893
214; 241; 35177
215; 241; 35314
216; 241; 35361
217; 241; 35349
218; 241; 35273
219; 241; 35126
220; 241; 35016
221; 241; 35016
222; 241; 35033
223; 241; 34982
224; 241; 34931
148; 242; 33681
149; 242; 33632
150; 242; 33588
151; 242; 33576
152; 242; 33578
153; 242; 33578
154; 242; 33561
155; 242; 33532
156; 242; 33554
157; 242; 33631
158; 242; 33675
159; 242; 33667
160; 242; 33685
161; 242; 33727
162; 242; 33685
163; 242; 33586
164; 242; 33590
165; 242; 33650
166; 242; 33619
167; 242; 33539
168; 242; 33527
169; 242; 33551
170; 242; 33519
171; 242; 33459
172; 242; 33486
173; 242; 33528
174; 242; 33547
175; 242; 33556
176; 242; 33442
177; 242; 33341
178; 242; 33227
179; 242; 33358
180; 242; 33877
181; 242; 34220
182; 242; 34500
183; 242; 34713
184; 242; 34732
185; 242; 34587
186; 242; 34472
187; 242; 34487
188; 242; 34478
189; 242; 34379
190; 242; 34291
191; 242; 34244
192; 242; 34158
193; 242; 33814
194; 242; 33262
195; 242; 32917
196; 242; 32877
197; 242; 32893
198; 242; 32904
199; 242; 32871
200; 242; 32910
201; 242; 32926
202; 242; 32896
203; 242; 32869
204; 242; 32921
205; 242; 33202
206; 242; 33344
207; 242; 33299
208; 242; 33178
209; 242; 33144
210; 242; 33349
211; 242; 33793
212; 242; 34321
213; 242; 34790
214; 242; 35185
215; 242; 35428
216; 242; 35453
217; 242; 35416
218; 242; 35329
219; 242; 35202
220; 242; 35094
221; 242; 35053
222; 242; 35029
223; 242; 34983
224; 242; 34968
148; 243; 33610
149; 243; 33585
150; 243; 33573
151; 243; 33599
152; 243; 33642
153; 243; 33662
154; 243; 33624
155; 243; 33554
156; 243; 33563
157; 243; 33654
158; 243; 33709
159; 243; 33700
160; 243; 33691
161; 243; 33688
162; 243; 33621
163; 243; 33545
164; 243; 33573
165; 243; 33645
166; 243; 33603
167; 243; 33502
168; 243; 33484
169; 243; 33508
170; 243; 33491
171; 243; 33431
172; 243; 33423
173; 243; 33466
174; 243; 33518
175; 243; 33527
176; 243; 33432
177; 243; 33355
178; 243; 33271
179; 243; 33404
180; 243; 33921
181; 243; 34265
182; 243; 34485
183; 243; 34662
184; 243; 34688
185; 243; 34536
186; 243; 34402
187; 243; 34431
188; 243; 34486
189; 243; 34442
190; 243; 34359
191; 243; 34294
192; 243; 34173
193; 243; 33767
194; 243; 33164
195; 243; 32909
196; 243; 32911
197; 243; 32935
198; 243; 32930
199; 243; 32850
200; 243; 32901
201; 243; 32986
202; 243; 32945
203; 243; 32895
204; 243; 32938
205; 243; 33168
206; 243; 33299
207; 243; 33291
208; 243; 33212
209; 243; 33201
210; 243; 33359
211; 243; 33707
212; 243; 34146
213; 243; 34680
214; 243; 35140
215; 243; 35411
216; 243; 35423
217; 243; 35357
218; 243; 35282
219; 243; 35179
220; 243; 35060
221; 243; 34985
222; 243; 34966
223; 243; 34988
224; 243; 35047
148; 244; 33646
149; 244; 33576
150; 244; 33551
151; 244; 33563
152; 244; 33618
153; 244; 33680
154; 244; 33666
155; 244; 33565
156; 244; 33526
157; 244; 33592
158; 244; 33651
159; 244; 33658
160; 244; 33655
161; 244; 33636
162; 244; 33550
163; 244; 33482
164; 244; 33511
165; 244; 33579
166; 244; 33563
167; 244; 33485
168; 244; 33456
169; 244; 33461
170; 244; 33458
171; 244; 33469
172; 244; 33488
173; 244; 33509
174; 244; 33562
175; 244; 33542
176; 244; 33380
177; 244; 33282
178; 244; 33281
179; 244; 33469
180; 244; 33943
181; 244; 34242
182; 244; 34445
183; 244; 34612
184; 244; 34657
185; 244; 34524
186; 244; 34385
187; 244; 34374
188; 244; 34400
189; 244; 34364
190; 244; 34314
191; 244; 34281
192; 244; 34162
193; 244; 33728
194; 244; 33109
195; 244; 32927
196; 244; 32932
197; 244; 32901
198; 244; 32881
199; 244; 32830
200; 244; 32896
201; 244; 33017
202; 244; 32994
203; 244; 32925
204; 244; 32947
205; 244; 33107
206; 244; 33236
207; 244; 33256
208; 244; 33247
209; 244; 33308
210; 244; 33488
211; 244; 33734
212; 244; 34015
213; 244; 34467
214; 244; 34925
215; 244; 35196
216; 244; 35258
217; 244; 35242
218; 244; 35259
219; 244; 35212
220; 244; 35093
221; 244; 34994
222; 244; 34985
223; 244; 35056
224; 244; 35146
148; 245; 33757
149; 245; 33634
150; 245; 33567
151; 245; 33557
152; 245; 33579
153; 245; 33640
154; 245; 33685
155; 245; 33606
156; 245; 33519
157; 245; 33544
158; 245; 33598
159; 245; 33596
160; 245; 33603
161; 245; 33643
162; 245; 33614
163; 245; 33543
164; 245; 33534
165; 245; 33555
166; 245; 33543
167; 245; 33508
168; 245; 33488
169; 245; 33474
170; 245; 33519
171; 245; 33606
172; 245; 33626
173; 245; 33595
174; 245; 33610
175; 245; 33572
176; 245; 33354
177; 245; 33198
178; 245; 33207
179; 245; 33379
180; 245; 33748
181; 245; 34124
182; 245; 34389
183; 245; 34559
184; 245; 34588
185; 245; 34473
186; 245; 34362
187; 245; 34335
188; 245; 34323
189; 245; 34282
190; 245; 34267
191; 245; 34275
192; 245; 34191
193; 245; 33787
194; 245; 33183
195; 245; 32904
196; 245; 32891
197; 245; 32923
198; 245; 32878
199; 245; 32827
200; 245; 32903
201; 245; 33025
202; 245; 32998
203; 245; 32887
204; 245; 32908
205; 245; 33060
206; 245; 33158
207; 245; 33145
208; 245; 33155
209; 245; 33273
210; 245; 33464
211; 245; 33601
212; 245; 33785
213; 245; 34121
214; 245; 34586
215; 245; 34900
216; 245; 35035
217; 245; 35163
218; 245; 35306
219; 245; 35362
220; 245; 35281
221; 245; 35177
222; 245; 35149
223; 245; 35198
224; 245; 35243
148; 246; 33763
149; 246; 33649
150; 246; 33590
151; 246; 33583
152; 246; 33565
153; 246; 33573
154; 246; 33643
155; 246; 33641
156; 246; 33580
157; 246; 33596
158; 246; 33637
159; 246; 33616
160; 246; 33603
161; 246; 33671
162; 246; 33717
163; 246; 33676
164; 246; 33606
165; 246; 33566
166; 246; 33549
167; 246; 33561
168; 246; 33537
169; 246; 33491
170; 246; 33571
171; 246; 33700
172; 246; 33701
173; 246; 33627
174; 246; 33623
175; 246; 33606
176; 246; 33408
177; 246; 33226
178; 246; 33160
179; 246; 33209
180; 246; 33455
181; 246; 33888
182; 246; 34367
183; 246; 34596
184; 246; 34548
185; 246; 34391
186; 246; 34323
187; 246; 34359
188; 246; 34397
189; 246; 34398
190; 246; 34392
191; 246; 34360
192; 246; 34245
193; 246; 33849
194; 246; 33300
195; 246; 33027
196; 246; 33003
197; 246; 33035
198; 246; 32958
199; 246; 32871
200; 246; 32910
201; 246; 33009
202; 246; 32983
203; 246; 32861
204; 246; 32859
205; 246; 33012
206; 246; 33098
207; 246; 33047
208; 246; 33037
209; 246; 33154
210; 246; 33317
211; 246; 33427
212; 246; 33553
213; 246; 33863
214; 246; 34305
215; 246; 34714
216; 246; 34954
217; 246; 35104
218; 246; 35342
219; 246; 35472
220; 246; 35462
221; 246; 35371
222; 246; 35313
223; 246; 35322
224; 246; 35314
148; 247; 33672
149; 247; 33582
150; 247; 33557
151; 247; 33568
152; 247; 33546
153; 247; 33516
154; 247; 33578
155; 247; 33657
156; 247; 33661
157; 247; 33680
158; 247; 33720
159; 247; 33711
160; 247; 33685
161; 247; 33699
162; 247; 33724
163; 247; 33691
164; 247; 33616
165; 247; 33589
166; 247; 33640
167; 247; 33674
168; 247; 33593
169; 247; 33489
170; 247; 33538
171; 247; 33650
172; 247; 33645
173; 247; 33584
174; 247; 33622
175; 247; 33666
176; 247; 33524
177; 247; 33346
178; 247; 33218
179; 247; 33120
180; 247; 33197
181; 247; 33666
182; 247; 34345
183; 247; 34698
184; 247; 34623
185; 247; 34370
186; 247; 34307
187; 247; 34401
188; 247; 34507
189; 247; 34539
190; 247; 34495
191; 247; 34388
192; 247; 34164
193; 247; 33763
194; 247; 33313
195; 247; 33098
196; 247; 33036
197; 247; 33026
198; 247; 32964
199; 247; 32892
200; 247; 32905
201; 247; 32964
202; 247; 32915
203; 247; 32820
204; 247; 32861
205; 247; 33022
206; 247; 33092
207; 247; 33031
208; 247; 33022
209; 247; 33118
210; 247; 33225
211; 247; 33328
212; 247; 33497
213; 247; 33816
214; 247; 34207
215; 247; 34623
216; 247; 34912
217; 247; 35115
218; 247; 35306
219; 247; 35458
220; 247; 35492
221; 247; 35420
222; 247; 35358
223; 247; 35366
224; 247; 35355
148; 248; 33575
149; 248; 33508
150; 248; 33501
151; 248; 33557
152; 248; 33588
153; 248; 33574
154; 248; 33620
155; 248; 33697
156; 248; 33703
157; 248; 33702
158; 248; 33728
159; 248; 33727
160; 248; 33722
161; 248; 33719
162; 248; 33688
163; 248; 33613
164; 248; 33569
165; 248; 33627
166; 248; 33733
167; 248; 33751
168; 248; 33631
169; 248; 33507
170; 248; 33527
171; 248; 33597
172; 248; 33565
173; 248; 33519
174; 248; 33592
175; 248; 33674
176; 248; 33568
177; 248; 33405
178; 248; 33287
179; 248; 33157
180; 248; 33134
181; 248; 33454
182; 248; 34121
183; 248; 34574
184; 248; 34607
185; 248; 34382
186; 248; 34301
187; 248; 34373
188; 248; 34445
189; 248; 34439
190; 248; 34344
191; 248; 34196
192; 248; 33951
193; 248; 33585
194; 248; 33271
195; 248; 33079
196; 248; 32998
197; 248; 32969
198; 248; 32936
199; 248; 32894
200; 248; 32909
201; 248; 32960
202; 248; 32935
203; 248; 32870
204; 248; 32923
205; 248; 33041
206; 248; 33057
207; 248; 33024
208; 248; 33070
209; 248; 33162
210; 248; 33231
211; 248; 33325
212; 248; 33566
213; 248; 33888
214; 248; 34127
215; 248; 34461
216; 248; 34827
217; 248; 35104
218; 248; 35286
219; 248; 35391
220; 248; 35431
221; 248; 35390
222; 248; 35354
223; 248; 35378
224; 248; 35397
148; 249; 33560
149; 249; 33478
150; 249; 33451
151; 249; 33552
152; 249; 33681
153; 249; 33728
154; 249; 33732
155; 249; 33734
156; 249; 33696
157; 249; 33644
158; 249; 33618
159; 249; 33593
160; 249; 33605
161; 249; 33644
162; 249; 33625
163; 249; 33570
164; 249; 33584
165; 249; 33679
166; 249; 33762
167; 249; 33741
168; 249; 33634
169; 249; 33568
170; 249; 33605
171; 249; 33619
172; 249; 33537
173; 249; 33474
174; 249; 33505
175; 249; 33555
176; 249; 33457
177; 249; 33310
178; 249; 33239
179; 249; 33192
180; 249; 33176
181; 249; 33245
182; 249; 33577
183; 249; 34020
184; 249; 34233
185; 249; 34230
186; 249; 34207
187; 249; 34261
188; 249; 34204
189; 249; 33993
190; 249; 33860
191; 249; 33819
192; 249; 33779
193; 249; 33635
194; 249; 33426
195; 249; 33265
196; 249; 33133
197; 249; 33041
198; 249; 32975
199; 249; 32912
200; 249; 32935
201; 249; 33017
202; 249; 33021
203; 249; 32954
204; 249; 32946
205; 249; 32964
206; 249; 32947
207; 249; 32984
208; 249; 33113
209; 249; 33227
210; 249; 33274
211; 249; 33363
212; 249; 33642
213; 249; 33882
214; 249; 33975
215; 249; 34219
216; 249; 34684
217; 249; 35053
218; 249; 35224
219; 249; 35303
220; 249; 35347
221; 249; 35376
222; 249; 35390
223; 249; 35417
224; 249; 35457
148; 250; 33605
149; 250; 33526
150; 250; 33486
151; 250; 33603
152; 250; 33781
153; 250; 33822
154; 250; 33732
155; 250; 33672
156; 250; 33663
157; 250; 33619
158; 250; 33550
159; 250; 33471
160; 250; 33470
161; 250; 33543
162; 250; 33569
163; 250; 33567
164; 250; 33620
165; 250; 33711
166; 250; 33743
167; 250; 33666
168; 250; 33568
169; 250; 33576
170; 250; 33668
171; 250; 33673
172; 250; 33563
173; 250; 33470
174; 250; 33461
175; 250; 33469
176; 250; 33351
177; 250; 33223
178; 250; 33171
179; 250; 33165
180; 250; 33177
181; 250; 33205
182; 250; 33284
183; 250; 33517
184; 250; 33792
185; 250; 33941
186; 250; 34069
187; 250; 34181
188; 250; 34096
189; 250; 33796
190; 250; 33680
191; 250; 33710
192; 250; 33797
193; 250; 33859
194; 250; 33872
195; 250; 33854
196; 250; 33727
197; 250; 33444
198; 250; 33152
199; 250; 32954
200; 250; 32931
201; 250; 33038
202; 250; 33099
203; 250; 33031
204; 250; 32929
205; 250; 32881
206; 250; 32894
207; 250; 32980
208; 250; 33142
209; 250; 33259
210; 250; 33285
211; 250; 33355
212; 250; 33638
213; 250; 33841
214; 250; 33898
215; 250; 34075
216; 250; 34513
217; 250; 34838
218; 250; 34969
219; 250; 35042
220; 250; 35189
221; 250; 35331
222; 250; 35415
223; 250; 35435
224; 250; 35472
148; 251; 33684
149; 251; 33682
150; 251; 33653
151; 251; 33749
152; 251; 33883
153; 251; 33827
154; 251; 33655
155; 251; 33610
156; 251; 33704
157; 251; 33732
158; 251; 33622
159; 251; 33476
160; 251; 33424
161; 251; 33461
162; 251; 33516
163; 251; 33579
164; 251; 33634
165; 251; 33707
166; 251; 33750
167; 251; 33673
168; 251; 33548
169; 251; 33527
170; 251; 33612
171; 251; 33629
172; 251; 33544
173; 251; 33482
174; 251; 33490
175; 251; 33489
176; 251; 33374
177; 251; 33263
178; 251; 33244
179; 251; 33203
180; 251; 33166
181; 251; 33212
182; 251; 33339
183; 251; 33561
184; 251; 33786
185; 251; 33896
186; 251; 34008
187; 251; 34161
188; 251; 34166
189; 251; 33953
190; 251; 33752
191; 251; 33776
192; 251; 33892
193; 251; 34001
194; 251; 34122
195; 251; 34255
196; 251; 34236
197; 251; 33993
198; 251; 33492
199; 251; 33049
200; 251; 32908
201; 251; 32981
202; 251; 33092
203; 251; 33047
204; 251; 32926
205; 251; 32869
206; 251; 32892
207; 251; 32999
208; 251; 33162
209; 251; 33251
210; 251; 33252
211; 251; 33312
212; 251; 33615
213; 251; 33841
214; 251; 33911
215; 251; 34006
216; 251; 34265
217; 251; 34445
218; 251; 34501
219; 251; 34636
220; 251; 34922
221; 251; 35184
222; 251; 35338
223; 251; 35369
224; 251; 35399
148; 252; 33724
149; 252; 33821
150; 252; 33875
151; 252; 33947
152; 252; 33965
153; 252; 33828
154; 252; 33676
155; 252; 33677
156; 252; 33807
157; 252; 33864
158; 252; 33737
159; 252; 33555
160; 252; 33459
161; 252; 33456
162; 252; 33526
163; 252; 33625
164; 252; 33652
165; 252; 33706
166; 252; 33806
167; 252; 33779
168; 252; 33625
169; 252; 33510
170; 252; 33512
171; 252; 33519
172; 252; 33474
173; 252; 33464
174; 252; 33504
175; 252; 33499
176; 252; 33380
177; 252; 33271
178; 252; 33294
179; 252; 33266
180; 252; 33189
181; 252; 33301
182; 252; 33604
183; 252; 33937
184; 252; 34090
185; 252; 34048
186; 252; 34038
187; 252; 34127
188; 252; 34190
189; 252; 34103
190; 252; 33962
191; 252; 33918
192; 252; 33942
193; 252; 33994
194; 252; 34099
195; 252; 34230
196; 252; 34282
197; 252; 34250
198; 252; 33884
199; 252; 33294
200; 252; 32938
201; 252; 32961
202; 252; 33059
203; 252; 33064
204; 252; 32983
205; 252; 32922
206; 252; 32923
207; 252; 33009
208; 252; 33146
209; 252; 33214
210; 252; 33212
211; 252; 33288
212; 252; 33634
213; 252; 33860
214; 252; 33901
215; 252; 33862
216; 252; 33898
217; 252; 33970
218; 252; 34103
219; 252; 34336
220; 252; 34636
221; 252; 34926
222; 252; 35131
223; 252; 35250
224; 252; 35290
148; 253; 33658
149; 253; 33779
150; 253; 33902
151; 253; 33980
152; 253; 33963
153; 253; 33839
154; 253; 33726
155; 253; 33732
156; 253; 33812
157; 253; 33820
158; 253; 33716
159; 253; 33593
160; 253; 33514
161; 253; 33509
162; 253; 33591
163; 253; 33679
164; 253; 33680
165; 253; 33711
166; 253; 33825
167; 253; 33845
168; 253; 33700
169; 253; 33548
170; 253; 33503
171; 253; 33503
172; 253; 33492
173; 253; 33494
174; 253; 33493
175; 253; 33384
176; 253; 33205
177; 253; 33122
178; 253; 33190
179; 253; 33244
180; 253; 33307
181; 253; 33633
182; 253; 33935
183; 253; 34094
184; 253; 34175
185; 253; 34164
186; 253; 34096
187; 253; 34077
188; 253; 34105
189; 253; 34092
190; 253; 34041
191; 253; 33997
192; 253; 33958
193; 253; 33944
194; 253; 33976
195; 253; 34031
196; 253; 34106
197; 253; 34158
198; 253; 34103
199; 253; 33712
200; 253; 33246
201; 253; 33073
202; 253; 33103
203; 253; 33112
204; 253; 33065
205; 253; 33002
206; 253; 32955
207; 253; 32990
208; 253; 33125
209; 253; 33221
210; 253; 33240
211; 253; 33362
212; 253; 33714
213; 253; 33871
214; 253; 33817
215; 253; 33637
216; 253; 33596
217; 253; 33690
218; 253; 33901
219; 253; 34199
220; 253; 34466
221; 253; 34671
222; 253; 34895
223; 253; 35108
224; 253; 35215
148; 254; 33587
149; 254; 33673
150; 254; 33806
151; 254; 33896
152; 254; 33899
153; 254; 33814
154; 254; 33732
155; 254; 33710
156; 254; 33694
157; 254; 33635
158; 254; 33578
159; 254; 33569
160; 254; 33560
161; 254; 33543
162; 254; 33588
163; 254; 33670
164; 254; 33694
165; 254; 33697
166; 254; 33740
167; 254; 33755
168; 254; 33703
169; 254; 33636
170; 254; 33603
171; 254; 33604
172; 254; 33600
173; 254; 33551
174; 254; 33416
175; 254; 33195
176; 254; 33006
177; 254; 32985
178; 254; 33105
179; 254; 33304
180; 254; 33682
181; 254; 33936
182; 254; 34014
183; 254; 34036
184; 254; 34107
185; 254; 34169
186; 254; 34133
187; 254; 34060
188; 254; 34015
189; 254; 33999
190; 254; 33992
191; 254; 33963
192; 254; 33927
193; 254; 33921
194; 254; 33924
195; 254; 33905
196; 254; 33916
197; 254; 34020
198; 254; 34101
199; 254; 34015
200; 254; 33694
201; 254; 33396
202; 254; 33226
203; 254; 33139
204; 254; 33087
205; 254; 33037
206; 254; 32987
207; 254; 33013
208; 254; 33159
209; 254; 33291
210; 254; 33355
211; 254; 33498
212; 254; 33830
213; 254; 33910
214; 254; 33742
215; 254; 33491
216; 254; 33451
217; 254; 33585
218; 254; 33847
219; 254; 34150
220; 254; 34371
221; 254; 34529
222; 254; 34726
223; 254; 34986
224; 254; 35168
148; 255; 33630
149; 255; 33676
150; 255; 33784
151; 255; 33865
152; 255; 33877
153; 255; 33815
154; 255; 33750
155; 255; 33701
156; 255; 33630
157; 255; 33550
158; 255; 33533
159; 255; 33611
160; 255; 33654
161; 255; 33574
162; 255; 33524
163; 255; 33602
164; 255; 33687
165; 255; 33681
166; 255; 33637
167; 255; 33608
168; 255; 33631
169; 255; 33647
170; 255; 33617
171; 255; 33615
172; 255; 33628
173; 255; 33535
174; 255; 33308
175; 255; 33094
176; 255; 32985
177; 255; 33008
178; 255; 33190
179; 255; 33553
180; 255; 33854
181; 255; 34016
182; 255; 34041
183; 255; 34011
184; 255; 34063
185; 255; 34133
186; 255; 34129
187; 255; 34084
188; 255; 34034
189; 255; 33998
190; 255; 33956
191; 255; 33897
192; 255; 33859
193; 255; 33883
194; 255; 33924
195; 255; 33913
196; 255; 33898
197; 255; 33957
198; 255; 34053
199; 255; 34077
200; 255; 33930
201; 255; 33632
202; 255; 33327
203; 255; 33093
204; 255; 33024
205; 255; 33014
206; 255; 33012
207; 255; 33053
208; 255; 33183
209; 255; 33319
210; 255; 33409
211; 255; 33552
212; 255; 33863
213; 255; 33916
214; 255; 33712
215; 255; 33442
216; 255; 33372
217; 255; 33555
218; 255; 33870
219; 255; 34150
220; 255; 34375
221; 255; 34545
222; 255; 34658
223; 255; 34865
224; 255; 35038
148; 256; 33703
149; 256; 33766
150; 256; 33818
151; 256; 33839
152; 256; 33839
153; 256; 33813
154; 256; 33782
155; 256; 33772
156; 256; 33737
157; 256; 33644
158; 256; 33600
159; 256; 33678
160; 256; 33721
161; 256; 33597
162; 256; 33466
163; 256; 33538
164; 256; 33694
165; 256; 33699
166; 256; 33601
167; 256; 33560
168; 256; 33583
169; 256; 33555
170; 256; 33481
171; 256; 33472
172; 256; 33519
173; 256; 33430
174; 256; 33198
175; 256; 33031
176; 256; 33014
177; 256; 33149
178; 256; 33403
179; 256; 33661
180; 256; 33792
181; 256; 33959
182; 256; 34069
183; 256; 34092
184; 256; 34106
185; 256; 34095
186; 256; 34073
187; 256; 34078
188; 256; 34101
189; 256; 34090
190; 256; 34019
191; 256; 33928
192; 256; 33857
193; 256; 33849
194; 256; 33923
195; 256; 34007
196; 256; 34032
197; 256; 34011
198; 256; 34010
199; 256; 34028
200; 256; 33979
201; 256; 33719
202; 256; 33324
203; 256; 32991
204; 256; 32917
205; 256; 32948
206; 256; 32998
207; 256; 33030
208; 256; 33122
209; 256; 33268
210; 256; 33389
211; 256; 33517
212; 256; 33751
213; 256; 33829
214; 256; 33631
215; 256; 33385
216; 256; 33328
217; 256; 33551
218; 256; 33914
219; 256; 34198
220; 256; 34410
221; 256; 34534
222; 256; 34595
223; 256; 34644
224; 256; 34825
148; 257; 33682
149; 257; 33789
150; 257; 33777
151; 257; 33710
152; 257; 33682
153; 257; 33702
154; 257; 33739
155; 257; 33811
156; 257; 33838
157; 257; 33717
158; 257; 33580
159; 257; 33603
160; 257; 33671
161; 257; 33597
162; 257; 33491
163; 257; 33587
164; 257; 33748
165; 257; 33710
166; 257; 33585
167; 257; 33593
168; 257; 33624
169; 257; 33503
170; 257; 33348
171; 257; 33341
172; 257; 33404
173; 257; 33296
174; 257; 33089
175; 257; 32972
176; 257; 32996
177; 257; 33202
178; 257; 33597
179; 257; 33819
180; 257; 33891
181; 257; 34040
182; 257; 34140
183; 257; 34147
184; 257; 34098
185; 257; 34046
186; 257; 34030
187; 257; 34061
188; 257; 34123
189; 257; 34152
190; 257; 34114
191; 257; 34042
192; 257; 33948
193; 257; 33878
194; 257; 33937
195; 257; 34080
196; 257; 34143
197; 257; 34088
198; 257; 34038
199; 257; 34037
200; 257; 33974
201; 257; 33754
202; 257; 33313
203; 257; 32941
204; 257; 32846
205; 257; 32914
206; 257; 32997
207; 257; 33002
208; 257; 33062
209; 257; 33246
210; 257; 33433
211; 257; 33563
212; 257; 33673
213; 257; 33669
214; 257; 33500
215; 257; 33308
216; 257; 33286
217; 257; 33528
218; 257; 33908
219; 257; 34154
220; 257; 34335
221; 257; 34438
222; 257; 34415
223; 257; 34401
224; 257; 34553
148; 258; 33625
149; 258; 33761
150; 258; 33720
151; 258; 33596
152; 258; 33547
153; 258; 33579
154; 258; 33618
155; 258; 33688
156; 258; 33738
157; 258; 33639
158; 258; 33486
159; 258; 33481
160; 258; 33581
161; 258; 33589
162; 258; 33579
163; 258; 33729
164; 258; 33836
165; 258; 33685
166; 258; 33552
167; 258; 33646
168; 258; 33730
169; 258; 33593
170; 258; 33413
171; 258; 33407
172; 258; 33390
173; 258; 33223
174; 258; 33047
175; 258; 32933
176; 258; 32933
177; 258; 33169
178; 258; 33707
179; 258; 34091
180; 258; 34251
181; 258; 34270
182; 258; 34235
183; 258; 34139
184; 258; 34046
185; 258; 34049
186; 258; 34086
187; 258; 34084
188; 258; 34068
189; 258; 34085
190; 258; 34119
191; 258; 34101
192; 258; 34007
193; 258; 33915
194; 258; 33943
195; 258; 34055
196; 258; 34104
197; 258; 34088
198; 258; 34112
199; 258; 34128
200; 258; 34041
201; 258; 33741
202; 258; 33304
203; 258; 32969
204; 258; 32891
205; 258; 32974
206; 258; 33051
207; 258; 33023
208; 258; 33077
209; 258; 33311
210; 258; 33550
211; 258; 33665
212; 258; 33700
213; 258; 33641
214; 258; 33453
215; 258; 33272
216; 258; 33254
217; 258; 33447
218; 258; 33736
219; 258; 33960
220; 258; 34123
221; 258; 34218
222; 258; 34183
223; 258; 34166
224; 258; 34326
148; 259; 33637
149; 259; 33771
150; 259; 33740
151; 259; 33633
152; 259; 33623
153; 259; 33662
154; 259; 33605
155; 259; 33530
156; 259; 33542
157; 259; 33530
158; 259; 33503
159; 259; 33533
160; 259; 33588
161; 259; 33582
162; 259; 33618
163; 259; 33813
164; 259; 33890
165; 259; 33651
166; 259; 33487
167; 259; 33642
168; 259; 33795
169; 259; 33728
170; 259; 33624
171; 259; 33586
172; 259; 33429
173; 259; 33240
174; 259; 33098
175; 259; 32966
176; 259; 32915
177; 259; 33074
178; 259; 33712
179; 259; 34263
180; 259; 34405
181; 259; 34380
182; 259; 34275
183; 259; 34139
184; 259; 34059
185; 259; 34128
186; 259; 34190
187; 259; 34106
188; 259; 33976
189; 259; 33950
190; 259; 34012
191; 259; 34017
192; 259; 33943
193; 259; 33893
194; 259; 33916
195; 259; 33953
196; 259; 33963
197; 259; 34027
198; 259; 34171
199; 259; 34214
200; 259; 34045
201; 259; 33645
202; 259; 33249
203; 259; 32990
204; 259; 32963
205; 259; 33048
206; 259; 33085
207; 259; 33034
208; 259; 33114
209; 259; 33378
210; 259; 33607
211; 259; 33694
212; 259; 33735
213; 259; 33723
214; 259; 33543
215; 259; 33308
216; 259; 33240
217; 259; 33327
218; 259; 33516
219; 259; 33728
220; 259; 33943
221; 259; 34046
222; 259; 34040
223; 259; 34005
224; 259; 34149
148; 260; 33708
149; 260; 33761
150; 260; 33730
151; 260; 33720
152; 260; 33840
153; 260; 33930
154; 260; 33798
155; 260; 33573
156; 260; 33505
157; 260; 33565
158; 260; 33653
159; 260; 33708
160; 260; 33684
161; 260; 33601
162; 260; 33607
163; 260; 33769
164; 260; 33822
165; 260; 33608
166; 260; 33449
167; 260; 33575
168; 260; 33725
169; 260; 33732
170; 260; 33724
171; 260; 33629
172; 260; 33375
173; 260; 33213
174; 260; 33161
175; 260; 33079
176; 260; 32959
177; 260; 32983
178; 260; 33539
179; 260; 34186
180; 260; 34351
181; 260; 34268
182; 260; 34186
183; 260; 34125
184; 260; 34103
185; 260; 34182
186; 260; 34221
187; 260; 34094
188; 260; 33942
189; 260; 33916
190; 260; 33945
191; 260; 33907
192; 260; 33848
193; 260; 33852
194; 260; 33879
195; 260; 33863
196; 260; 33856
197; 260; 33972
198; 260; 34172
199; 260; 34220
200; 260; 34014
201; 260; 33581
202; 260; 33249
203; 260; 33079
204; 260; 33029
205; 260; 33061
206; 260; 33031
207; 260; 32979
208; 260; 33118
209; 260; 33403
210; 260; 33583
211; 260; 33625
212; 260; 33702
213; 260; 33781
214; 260; 33644
215; 260; 33350
216; 260; 33193
217; 260; 33242
218; 260; 33380
219; 260; 33588
220; 260; 33818
221; 260; 33940
222; 260; 33938
223; 260; 33866
224; 260; 33949
148; 261; 33815
149; 261; 33745
150; 261; 33645
151; 261; 33656
152; 261; 33850
153; 261; 34017
154; 261; 33955
155; 261; 33775
156; 261; 33682
157; 261; 33693
158; 261; 33737
159; 261; 33759
160; 261; 33706
161; 261; 33582
162; 261; 33539
163; 261; 33641
164; 261; 33680
165; 261; 33563
166; 261; 33483
167; 261; 33533
168; 261; 33587
169; 261; 33605
170; 261; 33642
171; 261; 33498
172; 261; 33199
173; 261; 33103
174; 261; 33278
175; 261; 33327
176; 261; 33086
177; 261; 32967
178; 261; 33378
179; 261; 33983
180; 261; 34130
181; 261; 34064
182; 261; 34039
183; 261; 34062
184; 261; 34080
185; 261; 34130
186; 261; 34152
187; 261; 34079
188; 261; 34010
189; 261; 34021
190; 261; 34018
191; 261; 33942
192; 261; 33881
193; 261; 33865
194; 261; 33835
195; 261; 33786
196; 261; 33797
197; 261; 33926
198; 261; 34107
199; 261; 34158
200; 261; 34002
201; 261; 33619
202; 261; 33303
203; 261; 33168
204; 261; 33110
205; 261; 33076
206; 261; 32987
207; 261; 32942
208; 261; 33137
209; 261; 33456
210; 261; 33610
211; 261; 33609
212; 261; 33663
213; 261; 33744
214; 261; 33618
215; 261; 33312
216; 261; 33113
217; 261; 33121
218; 261; 33256
219; 261; 33472
220; 261; 33686
221; 261; 33783
222; 261; 33727
223; 261; 33675
224; 261; 33712
148; 262; 33922
149; 262; 33836
150; 262; 33693
151; 262; 33631
152; 262; 33693
153; 262; 33797
154; 262; 33846
155; 262; 33849
156; 262; 33817
157; 262; 33739
158; 262; 33676
159; 262; 33668
160; 262; 33638
161; 262; 33524
162; 262; 33462
163; 262; 33543
164; 262; 33620
165; 262; 33602
166; 262; 33581
167; 262; 33563
168; 262; 33522
169; 262; 33523
170; 262; 33571
171; 262; 33374
172; 262; 33049
173; 262; 33044
174; 262; 33451
175; 262; 33614
176; 262; 33301
177; 262; 33058
178; 262; 33284
179; 262; 33835
180; 262; 33972
181; 262; 33961
182; 262; 33993
183; 262; 34045
184; 262; 34044
185; 262; 34051
186; 262; 34086
187; 262; 34091
188; 262; 34097
189; 262; 34130
190; 262; 34127
191; 262; 34084
192; 262; 34039
193; 262; 33946
194; 262; 33787
195; 262; 33668
196; 262; 33693
197; 262; 33830
198; 262; 33989
199; 262; 34065
200; 262; 33967
201; 262; 33638
202; 262; 33279
203; 262; 33171
204; 262; 33168
205; 262; 33134
206; 262; 33007
207; 262; 32952
208; 262; 33164
209; 262; 33502
210; 262; 33666
211; 262; 33655
212; 262; 33650
213; 262; 33649
214; 262; 33500
215; 262; 33226
216; 262; 33031
217; 262; 33009
218; 262; 33138
219; 262; 33343
220; 262; 33502
221; 262; 33534
222; 262; 33486
223; 262; 33499
224; 262; 33558
148; 263; 33803
149; 263; 33902
150; 263; 33912
151; 263; 33811
152; 263; 33655
153; 263; 33569
154; 263; 33614
155; 263; 33727
156; 263; 33768
157; 263; 33683
158; 263; 33618
159; 263; 33644
160; 263; 33641
161; 263; 33534
162; 263; 33455
163; 263; 33541
164; 263; 33693
165; 263; 33748
166; 263; 33720
167; 263; 33645
168; 263; 33564
169; 263; 33581
170; 263; 33613
171; 263; 33335
172; 263; 32984
173; 263; 33056
174; 263; 33573
175; 263; 33771
176; 263; 33446
177; 263; 33149
178; 263; 33249
179; 263; 33757
180; 263; 33934
181; 263; 33984
182; 263; 34081
183; 263; 34140
184; 263; 34094
185; 263; 34058
186; 263; 34093
187; 263; 34117
188; 263; 34116
189; 263; 34123
190; 263; 34134
191; 263; 34159
192; 263; 34165
193; 263; 34041
194; 263; 33796
195; 263; 33613
196; 263; 33614
197; 263; 33720
198; 263; 33833
199; 263; 33929
200; 263; 33851
201; 263; 33553
202; 263; 33161
203; 263; 33079
204; 263; 33157
205; 263; 33178
206; 263; 33040
207; 263; 32950
208; 263; 33110
209; 263; 33412
210; 263; 33598
211; 263; 33615
212; 263; 33567
213; 263; 33500
214; 263; 33362
215; 263; 33161
216; 263; 33013
217; 263; 32999
218; 263; 33124
219; 263; 33308
220; 263; 33417
221; 263; 33425
222; 263; 33401
223; 263; 33435
224; 263; 33538
148; 264; 33366
149; 264; 33667
150; 264; 33960
151; 264; 34023
152; 264; 33840
153; 264; 33624
154; 264; 33573
155; 264; 33634
156; 264; 33665
157; 264; 33641
158; 264; 33663
159; 264; 33739
160; 264; 33742
161; 264; 33608
162; 264; 33487
163; 264; 33565
164; 264; 33757
165; 264; 33847
166; 264; 33802
167; 264; 33695
168; 264; 33615
169; 264; 33652
170; 264; 33619
171; 264; 33273
172; 264; 32940
173; 264; 33079
174; 264; 33605
175; 264; 33765
176; 264; 33423
177; 264; 33103
178; 264; 33172
179; 264; 33698
180; 264; 33935
181; 264; 34043
182; 264; 34171
183; 264; 34215
184; 264; 34146
185; 264; 34117
186; 264; 34152
187; 264; 34128
188; 264; 34058
189; 264; 34036
190; 264; 34057
191; 264; 34105
192; 264; 34157
193; 264; 34099
194; 264; 33905
195; 264; 33735
196; 264; 33695
197; 264; 33700
198; 264; 33679
199; 264; 33701
200; 264; 33658
201; 264; 33434
202; 264; 33084
203; 264; 33022
204; 264; 33123
205; 264; 33178
206; 264; 33056
207; 264; 32934
208; 264; 33001
209; 264; 33219
210; 264; 33410
211; 264; 33460
212; 264; 33397
213; 264; 33313
214; 264; 33234
215; 264; 33133
216; 264; 33056
217; 264; 33091
218; 264; 33249
219; 264; 33375
220; 264; 33414
221; 264; 33407
222; 264; 33408
223; 264; 33469
224; 264; 33578
148; 265; 33023
149; 265; 33250
150; 265; 33612
151; 265; 33883
152; 265; 33930
153; 265; 33868
154; 265; 33821
155; 265; 33767
156; 265; 33701
157; 265; 33677
158; 265; 33730
159; 265; 33813
160; 265; 33822
161; 265; 33693
162; 265; 33548
163; 265; 33569
164; 265; 33710
165; 265; 33795
166; 265; 33768
167; 265; 33673
168; 265; 33594
169; 265; 33590
170; 265; 33476
171; 265; 33140
172; 265; 32857
173; 265; 33033
174; 265; 33558
175; 265; 33677
176; 265; 33278
177; 265; 32926
178; 265; 33049
179; 265; 33588
180; 265; 33927
181; 265; 34055
182; 265; 34144
183; 265; 34141
184; 265; 34091
185; 265; 34140
186; 265; 34218
187; 265; 34139
188; 265; 33986
189; 265; 33953
190; 265; 34005
191; 265; 34053
192; 265; 34102
193; 265; 34105
194; 265; 34024
195; 265; 33931
196; 265; 33881
197; 265; 33760
198; 265; 33543
199; 265; 33381
200; 265; 33381
201; 265; 33313
202; 265; 33131
203; 265; 33060
204; 265; 33131
205; 265; 33182
206; 265; 33094
207; 265; 32972
208; 265; 32964
209; 265; 33087
210; 265; 33237
211; 265; 33299
212; 265; 33254
213; 265; 33202
214; 265; 33197
215; 265; 33177
216; 265; 33135
217; 265; 33180
218; 265; 33306
219; 265; 33386
220; 265; 33388
221; 265; 33390
222; 265; 33440
223; 265; 33509
224; 265; 33562
148; 266; 33083
149; 266; 33056
150; 266; 33193
151; 266; 33430
152; 266; 33690
153; 266; 33915
154; 266; 34025
155; 266; 33972
156; 266; 33839
157; 266; 33721
158; 266; 33676
159; 266; 33712
160; 266; 33765
161; 266; 33714
162; 266; 33581
163; 266; 33540
164; 266; 33620
165; 266; 33699
166; 266; 33711
167; 266; 33637
168; 266; 33529
169; 266; 33443
170; 266; 33305
171; 266; 33029
172; 266; 32829
173; 266; 33002
174; 266; 33532
175; 266; 33675
176; 266; 33238
177; 266; 32895
178; 266; 32927
179; 266; 33340
180; 266; 33783
181; 266; 33974
182; 266; 34042
183; 266; 34016
184; 266; 33996
185; 266; 34127
186; 266; 34266
187; 266; 34164
188; 266; 33953
189; 266; 33915
190; 266; 34021
191; 266; 34094
192; 266; 34105
193; 266; 34090
194; 266; 34061
195; 266; 34018
196; 266; 33950
197; 266; 33758
198; 266; 33384
199; 266; 33190
200; 266; 33220
201; 266; 33268
202; 266; 33211
203; 266; 33133
204; 266; 33140
205; 266; 33170
206; 266; 33133
207; 266; 33050
208; 266; 33003
209; 266; 33039
210; 266; 33127
211; 266; 33199
212; 266; 33225
213; 266; 33255
214; 266; 33318
215; 266; 33325
216; 266; 33238
217; 266; 33184
218; 266; 33240
219; 266; 33315
220; 266; 33336
221; 266; 33373
222; 266; 33454
223; 266; 33486
224; 266; 33459
148; 267; 33319
149; 267; 33137
150; 267; 33023
151; 267; 33068
152; 267; 33281
153; 267; 33604
154; 267; 33873
155; 267; 33976
156; 267; 33928
157; 267; 33760
158; 267; 33586
159; 267; 33570
160; 267; 33667
161; 267; 33665
162; 267; 33548
163; 267; 33513
164; 267; 33601
165; 267; 33677
166; 267; 33684
167; 267; 33617
168; 267; 33483
169; 267; 33327
170; 267; 33199
171; 267; 32981
172; 267; 32873
173; 267; 32999
174; 267; 33491
175; 267; 33728
176; 267; 33366
177; 267; 32922
178; 267; 32852
179; 267; 33148
180; 267; 33577
181; 267; 33872
182; 267; 33981
183; 267; 33983
184; 267; 33967
185; 267; 34094
186; 267; 34257
187; 267; 34178
188; 267; 33953
189; 267; 33909
190; 267; 34055
191; 267; 34155
192; 267; 34134
193; 267; 34091
194; 267; 34057
195; 267; 33986
196; 267; 33842
197; 267; 33514
198; 267; 33212
199; 267; 33131
200; 267; 33235
201; 267; 33362
202; 267; 33324
203; 267; 33201
204; 267; 33137
205; 267; 33126
206; 267; 33121
207; 267; 33094
208; 267; 33041
209; 267; 33013
210; 267; 33037
211; 267; 33115
212; 267; 33226
213; 267; 33347
214; 267; 33459
215; 267; 33476
216; 267; 33343
217; 267; 33189
218; 267; 33184
219; 267; 33279
220; 267; 33346
221; 267; 33407
222; 267; 33479
223; 267; 33475
224; 267; 33409
148; 268; 33329
149; 268; 33230
150; 268; 33147
151; 268; 33104
152; 268; 33101
153; 268; 33211
154; 268; 33466
155; 268; 33719
156; 268; 33845
157; 268; 33784
158; 268; 33630
159; 268; 33612
160; 268; 33703
161; 268; 33651
162; 268; 33495
163; 268; 33506
164; 268; 33638
165; 268; 33684
166; 268; 33662
167; 268; 33631
168; 268; 33479
169; 268; 33246
170; 268; 33116
171; 268; 32964
172; 268; 32879
173; 268; 32928
174; 268; 33318
175; 268; 33635
176; 268; 33437
177; 268; 33068
178; 268; 32958
179; 268; 33113
180; 268; 33394
181; 268; 33756
182; 268; 33987
183; 268; 34004
184; 268; 33943
185; 268; 34000
186; 268; 34165
187; 268; 34167
188; 268; 33994
189; 268; 33941
190; 268; 34057
191; 268; 34118
192; 268; 34075
193; 268; 34061
194; 268; 34066
195; 268; 33951
196; 268; 33593
197; 268; 33210
198; 268; 33051
199; 268; 33114
200; 268; 33370
201; 268; 33534
202; 268; 33463
203; 268; 33306
204; 268; 33208
205; 268; 33149
206; 268; 33130
207; 268; 33142
208; 268; 33116
209; 268; 33054
210; 268; 33006
211; 268; 33035
212; 268; 33153
213; 268; 33288
214; 268; 33406
215; 268; 33468
216; 268; 33398
217; 268; 33270
218; 268; 33257
219; 268; 33339
220; 268; 33398
221; 268; 33433
222; 268; 33476
223; 268; 33484
224; 268; 33439
148; 269; 33241
149; 269; 33265
150; 269; 33329
151; 269; 33299
152; 269; 33208
153; 269; 33121
154; 269; 33166
155; 269; 33389
156; 269; 33605
157; 269; 33702
158; 269; 33725
159; 269; 33809
160; 269; 33902
161; 269; 33768
162; 269; 33527
163; 269; 33538
164; 269; 33680
165; 269; 33695
166; 269; 33697
167; 269; 33728
168; 269; 33528
169; 269; 33196
170; 269; 33047
171; 269; 32982
172; 269; 32862
173; 269; 32847
174; 269; 33135
175; 269; 33405
176; 269; 33282
177; 269; 33033
178; 269; 33055
179; 269; 33266
180; 269; 33425
181; 269; 33590
182; 269; 33887
183; 269; 33951
184; 269; 33863
185; 269; 33864
186; 269; 34041
187; 269; 34160
188; 269; 34104
189; 269; 34046
190; 269; 34060
191; 269; 34016
192; 269; 33929
193; 269; 33957
194; 269; 34043
195; 269; 33918
196; 269; 33386
197; 269; 32991
198; 269; 32947
199; 269; 33111
200; 269; 33391
201; 269; 33544
202; 269; 33497
203; 269; 33391
204; 269; 33335
205; 269; 33289
206; 269; 33246
207; 269; 33260
208; 269; 33266
209; 269; 33188
210; 269; 33069
211; 269; 33005
212; 269; 33038
213; 269; 33113
214; 269; 33212
215; 269; 33335
216; 269; 33387
217; 269; 33353
218; 269; 33339
219; 269; 33354
220; 269; 33349
221; 269; 33333
222; 269; 33346
223; 269; 33381
224; 269; 33395
148; 270; 33387
149; 270; 33386
150; 270; 33441
151; 270; 33422
152; 270; 33344
153; 270; 33233
154; 270; 33148
155; 270; 33217
156; 270; 33339
157; 270; 33436
158; 270; 33576
159; 270; 33800
160; 270; 33977
161; 270; 33876
162; 270; 33650
163; 270; 33650
164; 270; 33740
165; 270; 33731
166; 270; 33802
167; 270; 33877
168; 270; 33575
169; 270; 33128
170; 270; 32973
171; 270; 32985
172; 270; 32928
173; 270; 32950
174; 270; 33180
175; 270; 33307
176; 270; 33091
177; 270; 32884
178; 270; 33030
179; 270; 33428
180; 270; 33467
181; 270; 33476
182; 270; 33633
183; 270; 33786
184; 270; 33799
185; 270; 33826
186; 270; 33981
187; 270; 34141
188; 270; 34176
189; 270; 34148
190; 270; 34108
191; 270; 33991
192; 270; 33850
193; 270; 33853
194; 270; 33968
195; 270; 33939
196; 270; 33515
197; 270; 33048
198; 270; 32943
199; 270; 33044
200; 270; 33190
201; 270; 33279
202; 270; 33325
203; 270; 33387
204; 270; 33450
205; 270; 33444
206; 270; 33376
207; 270; 33362
208; 270; 33391
209; 270; 33335
210; 270; 33197
211; 270; 33070
212; 270; 33016
213; 270; 33052
214; 270; 33164
215; 270; 33306
216; 270; 33387
217; 270; 33371
218; 270; 33302
219; 270; 33226
220; 270; 33177
221; 270; 33148
222; 270; 33145
223; 270; 33184
224; 270; 33238
148; 271; 33664
149; 271; 33578
150; 271; 33501
151; 271; 33413
152; 271; 33351
153; 271; 33342
154; 271; 33315
155; 271; 33263
156; 271; 33181
157; 271; 33094
158; 271; 33148
159; 271; 33416
160; 271; 33705
161; 271; 33775
162; 271; 33735
163; 271; 33792
164; 271; 33808
165; 271; 33748
166; 271; 33836
167; 271; 33907
168; 271; 33539
169; 271; 33071
170; 271; 32942
171; 271; 32977
172; 271; 33004
173; 271; 33152
174; 271; 33432
175; 271; 33449
176; 271; 33083
177; 271; 32836
178; 271; 32973
179; 271; 33439
180; 271; 33501
181; 271; 33396
182; 271; 33403
183; 271; 33602
184; 271; 33845
185; 271; 33940
186; 271; 34006
187; 271; 34078
188; 271; 34125
189; 271; 34150
190; 271; 34141
191; 271; 34047
192; 271; 33850
193; 271; 33792
194; 271; 33912
195; 271; 34006
196; 271; 33860
197; 271; 33429
198; 271; 33094
199; 271; 32971
200; 271; 32950
201; 271; 32995
202; 271; 33124
203; 271; 33366
204; 271; 33521
205; 271; 33540
206; 271; 33444
207; 271; 33394
208; 271; 33427
209; 271; 33429
210; 271; 33330
211; 271; 33198
212; 271; 33120
213; 271; 33180
214; 271; 33324
215; 271; 33424
216; 271; 33422
217; 271; 33345
218; 271; 33215
219; 271; 33093
220; 271; 33056
221; 271; 33070
222; 271; 33081
223; 271; 33083
224; 271; 33127
148; 272; 33715
149; 272; 33662
150; 272; 33533
151; 272; 33377
152; 272; 33308
153; 272; 33390
154; 272; 33484
155; 272; 33440
156; 272; 33239
157; 272; 32983
158; 272; 32843
159; 272; 33005
160; 272; 33318
161; 272; 33505
162; 272; 33647
163; 272; 33810
164; 272; 33811
165; 272; 33698
166; 272; 33738
167; 272; 33786
168; 272; 33487
169; 272; 33115
170; 272; 32989
171; 272; 32983
172; 272; 33006
173; 272; 33198
174; 272; 33537
175; 272; 33581
176; 272; 33177
177; 272; 32842
178; 272; 32909
179; 272; 33306
180; 272; 33455
181; 272; 33371
182; 272; 33359
183; 272; 33619
184; 272; 33966
185; 272; 34073
186; 272; 34053
187; 272; 34011
188; 272; 34028
189; 272; 34074
190; 272; 34071
191; 272; 33971
192; 272; 33748
193; 272; 33689
194; 272; 33901
195; 272; 34078
196; 272; 34112
197; 272; 33738
198; 272; 33173
199; 272; 32900
200; 272; 32863
201; 272; 32902
202; 272; 33038
203; 272; 33351
204; 272; 33599
205; 272; 33655
206; 272; 33564
207; 272; 33454
208; 272; 33454
209; 272; 33506
210; 272; 33455
211; 272; 33346
212; 272; 33272
213; 272; 33338
214; 272; 33467
215; 272; 33488
216; 272; 33405
217; 272; 33306
218; 272; 33192
219; 272; 33081
220; 272; 33076
221; 272; 33156
222; 272; 33195
223; 272; 33150
224; 272; 33147
148; 273; 33559
149; 273; 33597
150; 273; 33577
151; 273; 33452
152; 273; 33350
153; 273; 33389
154; 273; 33504
155; 273; 33560
156; 273; 33460
157; 273; 33211
158; 273; 32980
159; 273; 32903
160; 273; 33035
161; 273; 33199
162; 273; 33371
163; 273; 33609
164; 273; 33690
165; 273; 33624
166; 273; 33642
167; 273; 33668
168; 273; 33461
169; 273; 33185
170; 273; 33082
171; 273; 33027
172; 273; 32945
173; 273; 33005
174; 273; 33292
175; 273; 33455
176; 273; 33231
177; 273; 32920
178; 273; 32902
179; 273; 33066
180; 273; 33287
181; 273; 33349
182; 273; 33409
183; 273; 33607
184; 273; 33847
185; 273; 33969
186; 273; 33943
187; 273; 33919
188; 273; 33966
189; 273; 33969
190; 273; 33828
191; 273; 33577
192; 273; 33463
193; 273; 33541
194; 273; 33884
195; 273; 34070
196; 273; 34008
197; 273; 33560
198; 273; 33038
199; 273; 32872
200; 273; 32864
201; 273; 32906
202; 273; 33038
203; 273; 33297
204; 273; 33661
205; 273; 33889
206; 273; 33878
207; 273; 33661
208; 273; 33559
209; 273; 33606
210; 273; 33578
211; 273; 33466
212; 273; 33369
213; 273; 33392
214; 273; 33467
215; 273; 33445
216; 273; 33367
217; 273; 33316
218; 273; 33241
219; 273; 33133
220; 273; 33130
221; 273; 33251
222; 273; 33319
223; 273; 33265
224; 273; 33231
148; 274; 33567
149; 274; 33529
150; 274; 33622
151; 274; 33621
152; 274; 33514
153; 274; 33445
154; 274; 33441
155; 274; 33481
156; 274; 33540
157; 274; 33475
158; 274; 33267
159; 274; 32992
160; 274; 32895
161; 274; 32950
162; 274; 33045
163; 274; 33263
164; 274; 33455
165; 274; 33545
166; 274; 33621
167; 274; 33599
168; 274; 33380
169; 274; 33172
170; 274; 33143
171; 274; 33095
172; 274; 32923
173; 274; 32834
174; 274; 32991
175; 274; 33213
176; 274; 33200
177; 274; 33004
178; 274; 32884
179; 274; 32913
180; 274; 33082
181; 274; 33254
182; 274; 33349
183; 274; 33403
184; 274; 33397
185; 274; 33391
186; 274; 33416
187; 274; 33524
188; 274; 33666
189; 274; 33663
190; 274; 33401
191; 274; 33224
192; 274; 33256
193; 274; 33564
194; 274; 34000
195; 274; 34061
196; 274; 33738
197; 274; 33180
198; 274; 32897
199; 274; 32863
200; 274; 32891
201; 274; 32969
202; 274; 33027
203; 274; 33164
204; 274; 33616
205; 274; 34063
206; 274; 34206
207; 274; 34029
208; 274; 33766
209; 274; 33721
210; 274; 33690
211; 274; 33573
212; 274; 33438
213; 274; 33392
214; 274; 33417
215; 274; 33436
216; 274; 33450
217; 274; 33441
218; 274; 33327
219; 274; 33165
220; 274; 33135
221; 274; 33253
222; 274; 33354
223; 274; 33365
224; 274; 33381
148; 275; 33779
149; 275; 33556
150; 275; 33598
151; 275; 33688
152; 275; 33631
153; 275; 33514
154; 275; 33418
155; 275; 33348
156; 275; 33414
157; 275; 33520
158; 275; 33415
159; 275; 33072
160; 275; 32868
161; 275; 32843
162; 275; 32862
163; 275; 32977
164; 275; 33192
165; 275; 33470
166; 275; 33680
167; 275; 33586
168; 275; 33230
169; 275; 33011
170; 275; 33065
171; 275; 33112
172; 275; 32953
173; 275; 32822
174; 275; 32898
175; 275; 33073
176; 275; 33129
177; 275; 33021
178; 275; 32895
179; 275; 32871
180; 275; 32978
181; 275; 33123
182; 275; 33179
183; 275; 33129
184; 275; 33048
185; 275; 32978
186; 275; 32908
187; 275; 32943
188; 275; 33033
189; 275; 33108
190; 275; 33081
191; 275; 33107
192; 275; 33348
193; 275; 33915
194; 275; 34277
195; 275; 34172
196; 275; 33626
197; 275; 33022
198; 275; 32844
199; 275; 32889
200; 275; 33022
201; 275; 33086
202; 275; 33018
203; 275; 32989
204; 275; 33369
205; 275; 34022
206; 275; 34341
207; 275; 34269
208; 275; 33994
209; 275; 33837
210; 275; 33810
211; 275; 33720
212; 275; 33555
213; 275; 33418
214; 275; 33396
215; 275; 33485
216; 275; 33593
217; 275; 33577
218; 275; 33387
219; 275; 33192
220; 275; 33169
221; 275; 33276
222; 275; 33394
223; 275; 33491
224; 275; 33595
148; 276; 33895
149; 276; 33586
150; 276; 33511
151; 276; 33587
152; 276; 33600
153; 276; 33526
154; 276; 33436
155; 276; 33347
156; 276; 33348
157; 276; 33467
158; 276; 33479
159; 276; 33242
160; 276; 32989
161; 276; 32891
162; 276; 32894
163; 276; 32882
164; 276; 33012
165; 276; 33385
166; 276; 33709
167; 276; 33614
168; 276; 33190
169; 276; 32917
170; 276; 32966
171; 276; 33061
172; 276; 32957
173; 276; 32832
174; 276; 32881
175; 276; 33012
176; 276; 33064
177; 276; 33010
178; 276; 32927
179; 276; 32903
180; 276; 32979
181; 276; 33058
182; 276; 33066
183; 276; 33061
184; 276; 33087
185; 276; 33066
186; 276; 32898
187; 276; 32870
188; 276; 32957
189; 276; 32923
190; 276; 32967
191; 276; 33284
192; 276; 33786
193; 276; 34259
194; 276; 34498
195; 276; 34318
196; 276; 33646
197; 276; 33005
198; 276; 32838
199; 276; 32951
200; 276; 33159
201; 276; 33224
202; 276; 33074
203; 276; 32941
204; 276; 33117
205; 276; 33780
206; 276; 34288
207; 276; 34317
208; 276; 34108
209; 276; 33948
210; 276; 33956
211; 276; 33919
212; 276; 33726
213; 276; 33484
214; 276; 33383
215; 276; 33475
216; 276; 33593
217; 276; 33539
218; 276; 33355
219; 276; 33263
220; 276; 33335
221; 276; 33459
222; 276; 33553
223; 276; 33654
224; 276; 33788
148; 277; 33873
149; 277; 33594
150; 277; 33456
151; 277; 33464
152; 277; 33489
153; 277; 33494
154; 277; 33498
155; 277; 33451
156; 277; 33376
157; 277; 33413
158; 277; 33522
159; 277; 33485
160; 277; 33295
161; 277; 33138
162; 277; 33036
163; 277; 32898
164; 277; 32914
165; 277; 33219
166; 277; 33596
167; 277; 33646
168; 277; 33331
169; 277; 33046
170; 277; 33005
171; 277; 33025
172; 277; 32911
173; 277; 32811
174; 277; 32863
175; 277; 32995
176; 277; 33060
177; 277; 33020
178; 277; 32958
179; 277; 32931
180; 277; 32970
181; 277; 33017
182; 277; 33012
183; 277; 33075
184; 277; 33388
185; 277; 33683
186; 277; 33578
187; 277; 33090
188; 277; 32826
189; 277; 32834
190; 277; 33169
191; 277; 33746
192; 277; 34078
193; 277; 34322
194; 277; 34459
195; 277; 34331
196; 277; 33665
197; 277; 33011
198; 277; 32845
199; 277; 32975
200; 277; 33222
201; 277; 33333
202; 277; 33170
203; 277; 32900
204; 277; 32951
205; 277; 33494
206; 277; 34115
207; 277; 34241
208; 277; 34104
209; 277; 34007
210; 277; 34078
211; 277; 34107
212; 277; 33909
213; 277; 33586
214; 277; 33391
215; 277; 33417
216; 277; 33476
217; 277; 33397
218; 277; 33301
219; 277; 33395
220; 277; 33604
221; 277; 33742
222; 277; 33781
223; 277; 33814
224; 277; 33876
148; 278; 33832
149; 278; 33614
150; 278; 33505
151; 278; 33458
152; 278; 33435
153; 278; 33474
154; 278; 33540
155; 278; 33502
156; 278; 33369
157; 278; 33295
158; 278; 33415
159; 278; 33572
160; 278; 33531
161; 278; 33364
162; 278; 33195
163; 278; 33009
164; 278; 32874
165; 278; 32990
166; 278; 33343
167; 278; 33552
168; 278; 33419
169; 278; 33195
170; 278; 33110
171; 278; 33077
172; 278; 32969
173; 278; 32881
174; 278; 32932
175; 278; 33077
176; 278; 33142
177; 278; 33057
178; 278; 32939
179; 278; 32890
180; 278; 32912
181; 278; 32952
182; 278; 32944
183; 278; 32966
184; 278; 33423
185; 278; 34014
186; 278; 34202
187; 278; 33767
188; 278; 33162
189; 278; 33076
190; 278; 33526
191; 278; 33897
192; 278; 33965
193; 278; 34094
194; 278; 34320
195; 278; 34253
196; 278; 33674
197; 278; 33059
198; 278; 32901
199; 278; 33023
200; 278; 33285
201; 278; 33431
202; 278; 33284
203; 278; 32979
204; 278; 32935
205; 278; 33380
206; 278; 33979
207; 278; 34168
208; 278; 34083
209; 278; 33996
210; 278; 34095
211; 278; 34187
212; 278; 34032
213; 278; 33699
214; 278; 33452
215; 278; 33410
216; 278; 33430
217; 278; 33391
218; 278; 33406
219; 278; 33602
220; 278; 33823
221; 278; 33904
222; 278; 33912
223; 278; 33924
224; 278; 33911
148; 279; 33805
149; 279; 33611
150; 279; 33554
151; 279; 33509
152; 279; 33475
153; 279; 33474
154; 279; 33469
155; 279; 33418
156; 279; 33322
157; 279; 33222
158; 279; 33231
159; 279; 33383
160; 279; 33499
161; 279; 33450
162; 279; 33320
163; 279; 33146
164; 279; 32949
165; 279; 32864
166; 279; 33025
167; 279; 33313
168; 279; 33374
169; 279; 33241
170; 279; 33175
171; 279; 33167
172; 279; 33121
173; 279; 33061
174; 279; 33086
175; 279; 33181
176; 279; 33189
177; 279; 33053
178; 279; 32895
179; 279; 32824
180; 279; 32872
181; 279; 32971
182; 279; 32976
183; 279; 32942
184; 279; 33105
185; 279; 33739
186; 279; 34239
187; 279; 34238
188; 279; 33880
189; 279; 33576
190; 279; 33625
191; 279; 33647
192; 279; 33575
193; 279; 33796
194; 279; 34226
195; 279; 34259
196; 279; 33786
197; 279; 33188
198; 279; 32969
199; 279; 33072
200; 279; 33342
201; 279; 33512
202; 279; 33403
203; 279; 33137
204; 279; 33076
205; 279; 33381
206; 279; 33893
207; 279; 34130
208; 279; 34067
209; 279; 33949
210; 279; 34000
211; 279; 34138
212; 279; 34091
213; 279; 33808
214; 279; 33510
215; 279; 33381
216; 279; 33393
217; 279; 33467
218; 279; 33614
219; 279; 33801
220; 279; 33882
221; 279; 33853
222; 279; 33877
223; 279; 33968
224; 279; 33975
148; 280; 33790
149; 280; 33578
150; 280; 33508
151; 280; 33489
152; 280; 33509
153; 280; 33487
154; 280; 33406
155; 280; 33368
156; 280; 33370
157; 280; 33294
158; 280; 33195
159; 280; 33205
160; 280; 33325
161; 280; 33426
162; 280; 33407
163; 280; 33277
164; 280; 33059
165; 280; 32888
166; 280; 32909
167; 280; 33171
168; 280; 33363
169; 280; 33311
170; 280; 33222
171; 280; 33179
172; 280; 33140
173; 280; 33110
174; 280; 33125
175; 280; 33152
176; 280; 33113
177; 280; 32989
178; 280; 32887
179; 280; 32879
180; 280; 32970
181; 280; 33115
182; 280; 33152
183; 280; 33018
184; 280; 32927
185; 280; 33208
186; 280; 33850
187; 280; 34236
188; 280; 34230
189; 280; 33940
190; 280; 33517
191; 280; 33315
192; 280; 33344
193; 280; 33672
194; 280; 34124
195; 280; 34187
196; 280; 33878
197; 280; 33363
198; 280; 33023
199; 280; 33013
200; 280; 33230
201; 280; 33421
202; 280; 33384
203; 280; 33214
204; 280; 33165
205; 280; 33365
206; 280; 33777
207; 280; 34023
208; 280; 34035
209; 280; 33879
210; 280; 33864
211; 280; 34046
212; 280; 34140
213; 280; 33922
214; 280; 33530
215; 280; 33253
216; 280; 33221
217; 280; 33401
218; 280; 33666
219; 280; 33830
220; 280; 33807
221; 280; 33741
222; 280; 33821
223; 280; 34002
224; 280; 34062
148; 281; 33818
149; 281; 33646
150; 281; 33483
151; 281; 33408
152; 281; 33485
153; 281; 33534
154; 281; 33452
155; 281; 33428
156; 281; 33525
157; 281; 33485
158; 281; 33302
159; 281; 33226
160; 281; 33296
161; 281; 33393
162; 281; 33392
163; 281; 33302
164; 281; 33145
165; 281; 32970
166; 281; 32939
167; 281; 33178
168; 281; 33453
169; 281; 33484
170; 281; 33320
171; 281; 33112
172; 281; 32966
173; 281; 32925
174; 281; 32981
175; 281; 33044
176; 281; 33042
177; 281; 32984
178; 281; 32953
179; 281; 32993
180; 281; 33083
181; 281; 33203
182; 281; 33256
183; 281; 33128
184; 281; 32947
185; 281; 32971
186; 281; 33493
187; 281; 34089
188; 281; 34228
189; 281; 33970
190; 281; 33412
191; 281; 33251
192; 281; 33344
193; 281; 33633
194; 281; 33851
195; 281; 33896
196; 281; 33772
197; 281; 33548
198; 281; 33102
199; 281; 32902
200; 281; 32964
201; 281; 33163
202; 281; 33188
203; 281; 33093
204; 281; 33090
205; 281; 33246
206; 281; 33548
207; 281; 33846
208; 281; 33917
209; 281; 33805
210; 281; 33776
211; 281; 33985
212; 281; 34186
213; 281; 34044
214; 281; 33595
215; 281; 33188
216; 281; 33072
217; 281; 33252
218; 281; 33543
219; 281; 33717
220; 281; 33726
221; 281; 33714
222; 281; 33849
223; 281; 34073
224; 281; 34142
148; 282; 33860
149; 282; 33809
150; 282; 33563
151; 282; 33361
152; 282; 33423
153; 282; 33558
154; 282; 33524
155; 282; 33482
156; 282; 33582
157; 282; 33587
158; 282; 33408
159; 282; 33334
160; 282; 33417
161; 282; 33432
162; 282; 33335
163; 282; 33281
164; 282; 33228
165; 282; 33063
166; 282; 32951
167; 282; 33106
168; 282; 33458
169; 282; 33650
170; 282; 33466
171; 282; 33097
172; 282; 32871
173; 282; 32812
174; 282; 32881
175; 282; 33031
176; 282; 33109
177; 282; 33078
178; 282; 33032
179; 282; 33036
180; 282; 33063
181; 282; 33099
182; 282; 33138
183; 282; 33099
184; 282; 32984
185; 282; 32987
186; 282; 33424
187; 282; 33997
188; 282; 34133
189; 282; 33911
190; 282; 33462
191; 282; 33396
192; 282; 33493
193; 282; 33511
194; 282; 33432
195; 282; 33435
196; 282; 33593
197; 282; 33661
198; 282; 33240
199; 282; 32831
200; 282; 32844
201; 282; 33048
202; 282; 33086
203; 282; 32959
204; 282; 32982
205; 282; 33108
206; 282; 33325
207; 282; 33611
208; 282; 33767
209; 282; 33760
210; 282; 33739
211; 282; 33902
212; 282; 34123
213; 282; 34081
214; 282; 33713
215; 282; 33314
216; 282; 33150
217; 282; 33264
218; 282; 33514
219; 282; 33687
220; 282; 33695
221; 282; 33661
222; 282; 33802
223; 282; 34084
224; 282; 34206
148; 283; 33763
149; 283; 33817
150; 283; 33617
151; 283; 33359
152; 283; 33353
153; 283; 33513
154; 283; 33555
155; 283; 33495
156; 283; 33504
157; 283; 33515
158; 283; 33442
159; 283; 33455
160; 283; 33566
161; 283; 33519
162; 283; 33347
163; 283; 33327
164; 283; 33353
165; 283; 33156
166; 283; 32942
167; 283; 32960
168; 283; 33315
169; 283; 33678
170; 283; 33566
171; 283; 33187
172; 283; 32917
173; 283; 32826
174; 283; 32920
175; 283; 33094
176; 283; 33167
177; 283; 33097
178; 283; 33008
179; 283; 32996
180; 283; 32986
181; 283; 32949
182; 283; 32964
183; 283; 33000
184; 283; 32983
185; 283; 33047
186; 283; 33535
187; 283; 34045
188; 283; 34109
189; 283; 33945
190; 283; 33689
191; 283; 33621
192; 283; 33561
193; 283; 33377
194; 283; 33186
195; 283; 33203
196; 283; 33516
197; 283; 33685
198; 283; 33368
199; 283; 32992
200; 283; 32998
201; 283; 33283
202; 283; 33284
203; 283; 33057
204; 283; 32988
205; 283; 33093
206; 283; 33226
207; 283; 33397
208; 283; 33675
209; 283; 33752
210; 283; 33705
211; 283; 33723
212; 283; 33868
213; 283; 33919
214; 283; 33732
215; 283; 33456
216; 283; 33318
217; 283; 33406
218; 283; 33608
219; 283; 33701
220; 283; 33580
221; 283; 33423
222; 283; 33510
223; 283; 33869
224; 283; 34162
148; 284; 33512
149; 284; 33609
150; 284; 33539
151; 284; 33335
152; 284; 33276
153; 284; 33427
154; 284; 33562
155; 284; 33552
156; 284; 33487
157; 284; 33452
158; 284; 33451
159; 284; 33530
160; 284; 33638
161; 284; 33577
162; 284; 33418
163; 284; 33447
164; 284; 33544
165; 284; 33331
166; 284; 32991
167; 284; 32908
168; 284; 33223
169; 284; 33594
170; 284; 33523
171; 284; 33220
172; 284; 33023
173; 284; 32960
174; 284; 33011
175; 284; 33092
176; 284; 33085
177; 284; 32983
178; 284; 32928
179; 284; 32969
180; 284; 32973
181; 284; 32925
182; 284; 32937
183; 284; 32985
184; 284; 32975
185; 284; 33040
186; 284; 33559
187; 284; 34054
188; 284; 34120
189; 284; 34020
190; 284; 33883
191; 284; 33725
192; 284; 33431
193; 284; 33256
194; 284; 33213
195; 284; 33339
196; 284; 33586
197; 284; 33628
198; 284; 33334
199; 284; 33138
200; 284; 33276
201; 284; 33711
202; 284; 33747
203; 284; 33384
204; 284; 33145
205; 284; 33139
206; 284; 33128
207; 284; 33215
208; 284; 33552
209; 284; 33740
210; 284; 33652
211; 284; 33503
212; 284; 33541
213; 284; 33646
214; 284; 33595
215; 284; 33423
216; 284; 33343
217; 284; 33440
218; 284; 33578
219; 284; 33576
220; 284; 33438
221; 284; 33299
222; 284; 33234
223; 284; 33438
224; 284; 33885
148; 285; 33346
149; 285; 33442
150; 285; 33447
151; 285; 33297
152; 285; 33211
153; 285; 33340
154; 285; 33547
155; 285; 33623
156; 285; 33560
157; 285; 33492
158; 285; 33477
159; 285; 33512
160; 285; 33555
161; 285; 33512
162; 285; 33439
163; 285; 33508
164; 285; 33617
165; 285; 33433
166; 285; 33063
167; 285; 32932
168; 285; 33173
169; 285; 33439
170; 285; 33354
171; 285; 33120
172; 285; 33042
173; 285; 33057
174; 285; 33071
175; 285; 33070
176; 285; 33012
177; 285; 32935
178; 285; 32954
179; 285; 33032
180; 285; 33025
181; 285; 32976
182; 285; 33022
183; 285; 33068
184; 285; 33003
185; 285; 33002
186; 285; 33406
187; 285; 33858
188; 285; 33980
189; 285; 33927
190; 285; 33838
191; 285; 33607
192; 285; 33278
193; 285; 33224
194; 285; 33443
195; 285; 33715
196; 285; 33706
197; 285; 33546
198; 285; 33210
199; 285; 33150
200; 285; 33417
201; 285; 33927
202; 285; 34009
203; 285; 33757
204; 285; 33418
205; 285; 33190
206; 285; 33021
207; 285; 33022
208; 285; 33400
209; 285; 33711
210; 285; 33610
211; 285; 33389
212; 285; 33370
213; 285; 33480
214; 285; 33456
215; 285; 33328
216; 285; 33312
217; 285; 33407
218; 285; 33471
219; 285; 33512
220; 285; 33592
221; 285; 33547
222; 285; 33234
223; 285; 33086
224; 285; 33496
148; 286; 33413
149; 286; 33514
150; 286; 33483
151; 286; 33315
152; 286; 33198
153; 286; 33282
154; 286; 33491
155; 286; 33601
156; 286; 33565
157; 286; 33500
158; 286; 33462
159; 286; 33430
160; 286; 33385
161; 286; 33359
162; 286; 33374
163; 286; 33431
164; 286; 33475
165; 286; 33326
166; 286; 33043
167; 286; 32875
168; 286; 32973
169; 286; 33251
170; 286; 33247
171; 286; 33047
172; 286; 32980
173; 286; 33035
174; 286; 33090
175; 286; 33094
176; 286; 33035
177; 286; 32998
178; 286; 33066
179; 286; 33112
180; 286; 33009
181; 286; 32946
182; 286; 33090
183; 286; 33187
184; 286; 33050
185; 286; 32976
186; 286; 33215
187; 286; 33555
188; 286; 33566
189; 286; 33466
190; 286; 33451
191; 286; 33369
192; 286; 33258
193; 286; 33389
194; 286; 33813
195; 286; 34023
196; 286; 33887
197; 286; 33484
198; 286; 33153
199; 286; 33112
200; 286; 33352
201; 286; 33826
202; 286; 33997
203; 286; 33930
204; 286; 33769
205; 286; 33419
206; 286; 33070
207; 286; 32993
208; 286; 33324
209; 286; 33665
210; 286; 33607
211; 286; 33396
212; 286; 33401
213; 286; 33484
214; 286; 33414
215; 286; 33303
216; 286; 33380
217; 286; 33520
218; 286; 33544
219; 286; 33646
220; 286; 33846
221; 286; 33701
222; 286; 33219
223; 286; 33017
224; 286; 33290
148; 287; 33566
149; 287; 33699
150; 287; 33601
151; 287; 33372
152; 287; 33231
153; 287; 33266
154; 287; 33406
155; 287; 33496
156; 287; 33498
157; 287; 33479
158; 287; 33450
159; 287; 33394
160; 287; 33315
161; 287; 33290
162; 287; 33334
163; 287; 33363
164; 287; 33346
165; 287; 33227
166; 287; 33018
167; 287; 32884
168; 287; 32853
169; 287; 33101
170; 287; 33240
171; 287; 33099
172; 287; 32956
173; 287; 33014
174; 287; 33119
175; 287; 33121
176; 287; 33014
177; 287; 32957
178; 287; 33071
179; 287; 33111
180; 287; 32930
181; 287; 32887
182; 287; 33171
183; 287; 33355
184; 287; 33145
185; 287; 32927
186; 287; 33027
187; 287; 33304
188; 287; 33365
189; 287; 33279
190; 287; 33255
191; 287; 33261
192; 287; 33314
193; 287; 33615
194; 287; 34093
195; 287; 34352
196; 287; 34190
197; 287; 33682
198; 287; 33249
199; 287; 33108
200; 287; 33184
201; 287; 33512
202; 287; 33713
203; 287; 33855
204; 287; 33877
205; 287; 33790
206; 287; 33451
207; 287; 33348
208; 287; 33576
209; 287; 33704
210; 287; 33590
211; 287; 33421
212; 287; 33449
213; 287; 33494
214; 287; 33346
215; 287; 33222
216; 287; 33415
217; 287; 33706
218; 287; 33767
219; 287; 33791
220; 287; 33885
221; 287; 33622
222; 287; 33169
223; 287; 33106
224; 287; 33285
148; 288; 33589
149; 288; 33697
150; 288; 33588
151; 288; 33369
152; 288; 33272
153; 288; 33301
154; 288; 33376
155; 288; 33458
156; 288; 33525
157; 288; 33559
158; 288; 33518
159; 288; 33426
160; 288; 33360
161; 288; 33339
162; 288; 33320
163; 288; 33301
164; 288; 33341
165; 288; 33371
166; 288; 33265
167; 288; 33072
168; 288; 32910
169; 288; 33021
170; 288; 33297
171; 288; 33215
172; 288; 33032
173; 288; 33100
174; 288; 33229
175; 288; 33172
176; 288; 32949
177; 288; 32835
178; 288; 32983
179; 288; 33067
180; 288; 32915
181; 288; 32923
182; 288; 33311
183; 288; 33554
184; 288; 33243
185; 288; 32876
186; 288; 32866
187; 288; 33141
188; 288; 33523
189; 288; 33505
190; 288; 33365
191; 288; 33343
192; 288; 33463
193; 288; 33739
194; 288; 34250
195; 288; 34725
196; 288; 34621
197; 288; 34081
198; 288; 33507
199; 288; 33203
200; 288; 33220
201; 288; 33347
202; 288; 33229
203; 288; 33194
204; 288; 33598
205; 288; 34020
206; 288; 33976
207; 288; 33980
208; 288; 33992
209; 288; 33824
210; 288; 33512
211; 288; 33367
212; 288; 33379
213; 288; 33385
214; 288; 33183
215; 288; 33029
216; 288; 33281
217; 288; 33730
218; 288; 33895
219; 288; 33831
220; 288; 33811
221; 288; 33588
222; 288; 33234
223; 288; 33192
224; 288; 33324
148; 289; 33498
149; 289; 33499
150; 289; 33425
151; 289; 33314
152; 289; 33299
153; 289; 33353
154; 289; 33410
155; 289; 33506
156; 289; 33626
157; 289; 33670
158; 289; 33574
159; 289; 33421
160; 289; 33348
161; 289; 33325
162; 289; 33260
163; 289; 33247
164; 289; 33396
165; 289; 33541
166; 289; 33468
167; 289; 33164
168; 289; 32920
169; 289; 33033
170; 289; 33384
171; 289; 33359
172; 289; 33185
173; 289; 33233
174; 289; 33373
175; 289; 33313
176; 289; 33032
177; 289; 32830
178; 289; 32936
179; 289; 33058
180; 289; 32969
181; 289; 33008
182; 289; 33396
183; 289; 33648
184; 289; 33278
185; 289; 32957
186; 289; 32867
187; 289; 32976
188; 289; 33628
189; 289; 33878
190; 289; 33809
191; 289; 33727
192; 289; 33771
193; 289; 33912
194; 289; 34311
195; 289; 34857
196; 289; 34873
197; 289; 34472
198; 289; 33949
199; 289; 33641
200; 289; 33676
201; 289; 33551
202; 289; 33066
203; 289; 32788
204; 289; 33245
205; 289; 34136
206; 289; 34306
207; 289; 34328
208; 289; 34242
209; 289; 33862
210; 289; 33421
211; 289; 33264
212; 289; 33235
213; 289; 33223
214; 289; 33075
215; 289; 32928
216; 289; 33117
217; 289; 33560
218; 289; 33784
219; 289; 33677
220; 289; 33592
221; 289; 33486
222; 289; 33269
223; 289; 33285
224; 289; 33407
148; 290; 33459
149; 290; 33371
150; 290; 33333
151; 290; 33330
152; 290; 33361
153; 290; 33389
154; 290; 33408
155; 290; 33499
156; 290; 33657
157; 290; 33714
158; 290; 33584
159; 290; 33397
160; 290; 33315
161; 290; 33292
162; 290; 33240
163; 290; 33273
164; 290; 33433
165; 290; 33508
166; 290; 33361
167; 290; 33042
168; 290; 32890
169; 290; 33083
170; 290; 33483
171; 290; 33508
172; 290; 33337
173; 290; 33282
174; 290; 33390
175; 290; 33435
176; 290; 33244
177; 290; 32975
178; 290; 32958
179; 290; 33058
180; 290; 33013
181; 290; 33032
182; 290; 33316
183; 290; 33560
184; 290; 33293
185; 290; 32982
186; 290; 32906
187; 290; 32923
188; 290; 33464
189; 290; 33876
190; 290; 33891
191; 290; 34004
192; 290; 34211
193; 290; 34289
194; 290; 34393
195; 290; 34689
196; 290; 34760
197; 290; 34594
198; 290; 34326
199; 290; 34241
200; 290; 34225
201; 290; 33845
202; 290; 33226
203; 290; 33021
204; 290; 33577
205; 290; 34303
206; 290; 34321
207; 290; 34220
208; 290; 34086
209; 290; 33758
210; 290; 33313
211; 290; 33120
212; 290; 33073
213; 290; 33098
214; 290; 33077
215; 290; 32994
216; 290; 33055
217; 290; 33329
218; 290; 33513
219; 290; 33403
220; 290; 33274
221; 290; 33280
222; 290; 33263
223; 290; 33356
224; 290; 33453
148; 291; 33498
149; 291; 33410
150; 291; 33394
151; 291; 33436
152; 291; 33455
153; 291; 33392
154; 291; 33308
155; 291; 33389
156; 291; 33636
157; 291; 33777
158; 291; 33677
159; 291; 33496
160; 291; 33411
161; 291; 33383
162; 291; 33349
163; 291; 33394
164; 291; 33445
165; 291; 33290
166; 291; 33027
167; 291; 32858
168; 291; 32896
169; 291; 33235
170; 291; 33558
171; 291; 33594
172; 291; 33381
173; 291; 33145
174; 291; 33220
175; 291; 33383
176; 291; 33343
177; 291; 33110
178; 291; 32993
179; 291; 33038
180; 291; 33036
181; 291; 33016
182; 291; 33154
183; 291; 33370
184; 291; 33325
185; 291; 33024
186; 291; 32833
187; 291; 32884
188; 291; 33186
189; 291; 33438
190; 291; 33474
191; 291; 33899
192; 291; 34426
193; 291; 34678
194; 291; 34609
195; 291; 34557
196; 291; 34559
197; 291; 34435
198; 291; 34299
199; 291; 34377
200; 291; 34372
201; 291; 33932
202; 291; 33461
203; 291; 33629
204; 291; 34253
205; 291; 34401
206; 291; 34144
207; 291; 33762
208; 291; 33679
209; 291; 33566
210; 291; 33244
211; 291; 33020
212; 291; 32965
213; 291; 33034
214; 291; 33104
215; 291; 33088
216; 291; 33068
217; 291; 33173
218; 291; 33294
219; 291; 33258
220; 291; 33161
221; 291; 33187
222; 291; 33269
223; 291; 33334
224; 291; 33346
148; 292; 33500
149; 292; 33484
150; 292; 33496
151; 292; 33545
152; 292; 33523
153; 292; 33368
154; 292; 33209
155; 292; 33321
156; 292; 33706
157; 292; 33949
158; 292; 33890
159; 292; 33731
160; 292; 33619
161; 292; 33521
162; 292; 33453
163; 292; 33484
164; 292; 33454
165; 292; 33155
166; 292; 32853
167; 292; 32823
168; 292; 33019
169; 292; 33449
170; 292; 33630
171; 292; 33594
172; 292; 33178
173; 292; 32889
174; 292; 32970
175; 292; 33221
176; 292; 33280
177; 292; 33128
178; 292; 33011
179; 292; 33040
180; 292; 33079
181; 292; 33034
182; 292; 33036
183; 292; 33178
184; 292; 33289
185; 292; 33179
186; 292; 32997
187; 292; 33039
188; 292; 33101
189; 292; 32958
190; 292; 33001
191; 292; 33573
192; 292; 34389
193; 292; 34817
194; 292; 34850
195; 292; 34725
196; 292; 34536
197; 292; 34064
198; 292; 33755
199; 292; 33874
200; 292; 33957
201; 292; 33702
202; 292; 33470
203; 292; 33804
204; 292; 34363
205; 292; 34332
206; 292; 33790
207; 292; 33389
208; 292; 33338
209; 292; 33383
210; 292; 33215
211; 292; 33034
212; 292; 32984
213; 292; 33052
214; 292; 33136
215; 292; 33148
216; 292; 33092
217; 292; 33099
218; 292; 33182
219; 292; 33241
220; 292; 33237
221; 292; 33229
222; 292; 33253
223; 292; 33236
224; 292; 33161
148; 293; 33478
149; 293; 33526
150; 293; 33540
151; 293; 33579
152; 293; 33539
153; 293; 33349
154; 293; 33209
155; 293; 33416
156; 293; 33883
157; 293; 34109
158; 293; 33993
159; 293; 33820
160; 293; 33690
161; 293; 33535
162; 293; 33411
163; 293; 33409
164; 293; 33416
165; 293; 33225
166; 293; 32944
167; 293; 32867
168; 293; 33111
169; 293; 33546
170; 293; 33707
171; 293; 33599
172; 293; 33067
173; 293; 32804
174; 293; 32835
175; 293; 33022
176; 293; 33148
177; 293; 33074
178; 293; 33011
179; 293; 33045
180; 293; 33091
181; 293; 33036
182; 293; 32971
183; 293; 33043
184; 293; 33202
185; 293; 33271
186; 293; 33229
187; 293; 33175
188; 293; 33064
189; 293; 32886
190; 293; 32886
191; 293; 33486
192; 293; 34323
193; 293; 34829
194; 293; 34973
195; 293; 34967
196; 293; 34516
197; 293; 33671
198; 293; 33070
199; 293; 33088
200; 293; 33311
201; 293; 33286
202; 293; 33247
203; 293; 33556
204; 293; 33973
205; 293; 33922
206; 293; 33574
207; 293; 33320
208; 293; 33290
209; 293; 33269
210; 293; 33176
211; 293; 33076
212; 293; 33065
213; 293; 33128
214; 293; 33200
215; 293; 33208
216; 293; 33126
217; 293; 33055
218; 293; 33083
219; 293; 33176
220; 293; 33229
221; 293; 33205
222; 293; 33167
223; 293; 33117
224; 293; 33039
148; 294; 33536
149; 294; 33581
150; 294; 33555
151; 294; 33575
152; 294; 33547
153; 294; 33378
154; 294; 33301
155; 294; 33573
156; 294; 33971
157; 294; 34033
158; 294; 33787
159; 294; 33605
160; 294; 33566
161; 294; 33482
162; 294; 33355
163; 294; 33337
164; 294; 33376
165; 294; 33289
166; 294; 33064
167; 294; 32964
168; 294; 33123
169; 294; 33562
170; 294; 33830
171; 294; 33786
172; 294; 33218
173; 294; 32851
174; 294; 32900
175; 294; 32897
176; 294; 32960
177; 294; 33012
178; 294; 32977
179; 294; 32979
180; 294; 32994
181; 294; 32963
182; 294; 32943
183; 294; 33030
184; 294; 33193
185; 294; 33274
186; 294; 33212
187; 294; 33111
188; 294; 33051
189; 294; 33025
190; 294; 33254
191; 294; 33795
192; 294; 34410
193; 294; 34827
194; 294; 34993
195; 294; 34881
196; 294; 34220
197; 294; 33194
198; 294; 32768
199; 294; 32855
200; 294; 32995
201; 294; 33096
202; 294; 33094
203; 294; 33354
204; 294; 33694
205; 294; 33802
206; 294; 33622
207; 294; 33392
208; 294; 33245
209; 294; 33164
210; 294; 33122
211; 294; 33105
212; 294; 33123
213; 294; 33178
214; 294; 33244
215; 294; 33260
216; 294; 33184
217; 294; 33072
218; 294; 33038
219; 294; 33088
220; 294; 33114
221; 294; 33080
222; 294; 33051
223; 294; 33060
224; 294; 33053
