161; 260; 33311
162; 260; 33403
163; 260; 34186
164; 260; 35140
165; 260; 35098
166; 260; 34333
167; 260; 33903
168; 260; 34028
169; 260; 34323
170; 260; 34417
171; 260; 34143
172; 260; 33461
173; 260; 33037
174; 260; 33384
175; 260; 34493
176; 260; 35401
177; 260; 35648
178; 260; 35456
179; 260; 35510
180; 260; 36003
181; 260; 36297
182; 260; 35782
183; 260; 34612
184; 260; 33745
185; 260; 33720
186; 260; 34362
187; 260; 35027
188; 260; 35359
189; 260; 35191
190; 260; 34859
191; 260; 34846
192; 260; 35038
193; 260; 34898
194; 260; 34250
195; 260; 33455
196; 260; 32965
197; 260; 32882
198; 260; 32843
199; 260; 32931
200; 260; 33284
201; 260; 33420
202; 260; 33350
203; 260; 33248
204; 260; 33248
205; 260; 33178
206; 260; 33059
207; 260; 33094
208; 260; 33276
209; 260; 33704
210; 260; 34367
211; 260; 34875
212; 260; 34974
213; 260; 34904
214; 260; 34901
215; 260; 34862
216; 260; 34913
217; 260; 34956
218; 260; 34809
219; 260; 34600
220; 260; 34529
161; 261; 33364
162; 261; 33501
163; 261; 34386
164; 261; 35338
165; 261; 35198
166; 261; 34315
167; 261; 33867
168; 261; 34049
169; 261; 34367
170; 261; 34466
171; 261; 34165
172; 261; 33465
173; 261; 33132
174; 261; 33695
175; 261; 34956
176; 261; 35798
177; 261; 35839
178; 261; 35595
179; 261; 35615
180; 261; 36108
181; 261; 36306
182; 261; 35700
183; 261; 34424
184; 261; 33663
185; 261; 34007
186; 261; 35033
187; 261; 35704
188; 261; 35690
189; 261; 35319
190; 261; 35009
191; 261; 35114
192; 261; 35407
193; 261; 35368
194; 261; 34778
195; 261; 34022
196; 261; 33452
197; 261; 33095
198; 261; 32913
199; 261; 33014
200; 261; 33240
201; 261; 33244
202; 261; 33087
203; 261; 33099
204; 261; 33342
205; 261; 33483
206; 261; 33395
207; 261; 33303
208; 261; 33527
209; 261; 34053
210; 261; 34692
211; 261; 35077
212; 261; 35035
213; 261; 34946
214; 261; 35017
215; 261; 35074
216; 261; 35070
217; 261; 34992
218; 261; 34802
219; 261; 34664
220; 261; 34665
161; 262; 33393
162; 262; 33593
163; 262; 34522
164; 262; 35420
165; 262; 35237
166; 262; 34362
167; 262; 33967
168; 262; 34161
169; 262; 34422
170; 262; 34461
171; 262; 34140
172; 262; 33484
173; 262; 33258
174; 262; 34026
175; 262; 35341
176; 262; 36036
177; 262; 35904
178; 262; 35553
179; 262; 35568
180; 262; 35981
181; 262; 36159
182; 262; 35644
183; 262; 34358
184; 262; 33454
185; 262; 33880
186; 262; 35206
187; 262; 35968
188; 262; 35676
189; 262; 35078
190; 262; 34779
191; 262; 34946
192; 262; 35160
193; 262; 35164
194; 262; 34953
195; 262; 34620
196; 262; 34259
197; 262; 33811
198; 262; 33411
199; 262; 33254
200; 262; 33298
201; 262; 33181
202; 262; 32987
203; 262; 33005
204; 262; 33306
205; 262; 33552
206; 262; 33611
207; 262; 33635
208; 262; 33733
209; 262; 34168
210; 262; 34715
211; 262; 35097
212; 262; 35130
213; 262; 35087
214; 262; 35229
215; 262; 35402
216; 262; 35396
217; 262; 35216
218; 262; 35007
219; 262; 34971
220; 262; 35049
161; 263; 33278
162; 263; 33547
163; 263; 34494
164; 263; 35329
165; 263; 35162
166; 263; 34445
167; 263; 34184
168; 263; 34333
169; 263; 34463
170; 263; 34422
171; 263; 34156
172; 263; 33627
173; 263; 33551
174; 263; 34421
175; 263; 35651
176; 263; 36022
177; 263; 35770
178; 263; 35468
179; 263; 35519
180; 263; 35833
181; 263; 36057
182; 263; 35825
183; 263; 34491
184; 263; 33175
185; 263; 33209
186; 263; 34531
187; 263; 35548
188; 263; 35442
189; 263; 34837
190; 263; 34458
191; 263; 34448
192; 263; 34596
193; 263; 34890
194; 263; 35163
195; 263; 35270
196; 263; 35029
197; 263; 34469
198; 263; 33897
199; 263; 33644
200; 263; 33584
201; 263; 33355
202; 263; 33006
203; 263; 32952
204; 263; 33086
205; 263; 33501
206; 263; 33760
207; 263; 33805
208; 263; 33772
209; 263; 33872
210; 263; 34339
211; 263; 34898
212; 263; 35262
213; 263; 35305
214; 263; 35329
215; 263; 35473
216; 263; 35674
217; 263; 35670
218; 263; 35432
219; 263; 35244
220; 263; 35238
161; 264; 33092
162; 264; 33386
163; 264; 34290
164; 264; 34975
165; 264; 34849
166; 264; 34407
167; 264; 34384
168; 264; 34499
169; 264; 34508
170; 264; 34427
171; 264; 34242
172; 264; 33847
173; 264; 33881
174; 264; 34838
175; 264; 35906
176; 264; 36028
177; 264; 35645
178; 264; 35408
179; 264; 35466
180; 264; 35673
181; 264; 36068
182; 264; 35972
183; 264; 34621
184; 264; 33078
185; 264; 32768
186; 264; 33456
187; 264; 34392
188; 264; 34562
189; 264; 34266
190; 264; 34123
191; 264; 34199
192; 264; 34455
193; 264; 34895
194; 264; 35376
195; 264; 35643
196; 264; 35434
197; 264; 34820
198; 264; 34213
199; 264; 34019
200; 264; 33898
201; 264; 33512
202; 264; 32976
203; 264; 32872
204; 264; 32978
205; 264; 33522
206; 264; 33871
207; 264; 33825
208; 264; 33606
209; 264; 33555
210; 264; 33930
211; 264; 34634
212; 264; 35239
213; 264; 35348
214; 264; 35276
215; 264; 35391
216; 264; 35743
217; 264; 35849
218; 264; 35541
219; 264; 35212
220; 264; 35184
161; 265; 33032
162; 265; 33198
163; 265; 33946
164; 265; 34464
165; 265; 34410
166; 265; 34321
167; 265; 34456
168; 265; 34556
169; 265; 34489
170; 265; 34414
171; 265; 34295
172; 265; 33968
173; 265; 34131
174; 265; 35180
175; 265; 36071
176; 265; 36069
177; 265; 35576
178; 265; 35411
179; 265; 35412
180; 265; 35572
181; 265; 35974
182; 265; 35878
183; 265; 34572
184; 265; 33117
185; 265; 32890
186; 265; 32908
187; 265; 33124
188; 265; 33273
189; 265; 33306
190; 265; 33647
191; 265; 34223
192; 265; 34622
193; 265; 34843
194; 265; 35164
195; 265; 35468
196; 265; 35369
197; 265; 34907
198; 265; 34352
199; 265; 34167
200; 265; 34013
201; 265; 33524
202; 265; 32899
203; 265; 32836
204; 265; 33036
205; 265; 33628
206; 265; 33814
207; 265; 33665
208; 265; 33509
209; 265; 33602
210; 265; 33997
211; 265; 34538
212; 265; 35096
213; 265; 35255
214; 265; 35216
215; 265; 35326
216; 265; 35620
217; 265; 35631
218; 265; 35178
219; 265; 34785
220; 265; 34864
161; 266; 33086
162; 266; 33087
163; 266; 33602
164; 266; 34103
165; 266; 34202
166; 266; 34291
167; 266; 34458
168; 266; 34460
169; 266; 34332
170; 266; 34319
171; 266; 34296
172; 266; 34082
173; 266; 34394
174; 266; 35428
175; 266; 36140
176; 266; 36018
177; 266; 35577
178; 266; 35445
179; 266; 35424
180; 266; 35559
181; 266; 35848
182; 266; 35633
183; 266; 34389
184; 266; 33042
185; 266; 32771
186; 266; 32814
187; 266; 32833
188; 266; 32969
189; 266; 32768
190; 266; 33192
191; 266; 34039
192; 266; 34435
193; 266; 34341
194; 266; 34407
195; 266; 34775
196; 266; 34979
197; 266; 34826
198; 266; 34351
199; 266; 34013
200; 266; 33829
201; 266; 33373
202; 266; 32886
203; 266; 32829
204; 266; 33069
205; 266; 33568
206; 266; 33638
207; 266; 33500
208; 266; 33557
209; 266; 33967
210; 266; 34342
211; 266; 34622
212; 266; 34982
213; 266; 35185
214; 266; 35252
215; 266; 35337
216; 266; 35404
217; 266; 35181
218; 266; 34610
219; 266; 34352
220; 266; 34600
161; 267; 33236
162; 267; 33138
163; 267; 33504
164; 267; 34036
165; 267; 34254
166; 267; 34400
167; 267; 34453
168; 267; 34309
169; 267; 34153
170; 267; 34266
171; 267; 34401
172; 267; 34326
173; 267; 34705
174; 267; 35630
175; 267; 36147
176; 267; 35966
177; 267; 35666
178; 267; 35606
179; 267; 35573
180; 267; 35660
181; 267; 35797
182; 267; 35260
183; 267; 33945
184; 267; 32987
185; 267; 32813
186; 267; 32844
187; 267; 32907
188; 267; 33000
189; 267; 32895
190; 267; 33044
191; 267; 33652
192; 267; 34058
193; 267; 34019
194; 267; 33909
195; 267; 34154
196; 267; 34538
197; 267; 34511
198; 267; 34015
199; 267; 33655
200; 267; 33515
201; 267; 33201
202; 267; 32889
203; 267; 32848
204; 267; 33025
205; 267; 33372
206; 267; 33436
207; 267; 33497
208; 267; 33808
209; 267; 34290
210; 267; 34560
211; 267; 34673
212; 267; 34970
213; 267; 35171
214; 267; 35280
215; 267; 35346
216; 267; 35301
217; 267; 34965
218; 267; 34477
219; 267; 34388
220; 267; 34636
161; 268; 33356
162; 268; 33258
163; 268; 33563
164; 268; 34065
165; 268; 34315
166; 268; 34412
167; 268; 34428
168; 268; 34255
169; 268; 34147
170; 268; 34353
171; 268; 34550
172; 268; 34521
173; 268; 34812
174; 268; 35591
175; 268; 36024
176; 268; 35898
177; 268; 35808
178; 268; 35828
179; 268; 35762
180; 268; 35658
181; 268; 35451
182; 268; 34663
183; 268; 33348
184; 268; 32902
185; 268; 32872
186; 268; 32929
187; 268; 32997
188; 268; 32910
189; 268; 32931
190; 268; 32964
191; 268; 33311
192; 268; 33864
193; 268; 34236
194; 268; 34319
195; 268; 34296
196; 268; 34228
197; 268; 33953
198; 268; 33545
199; 268; 33413
200; 268; 33395
201; 268; 33281
202; 268; 33005
203; 268; 32928
204; 268; 33010
205; 268; 33178
206; 268; 33377
207; 268; 33677
208; 268; 34076
209; 268; 34376
210; 268; 34526
211; 268; 34701
212; 268; 35033
213; 268; 35166
214; 268; 35237
215; 268; 35343
216; 268; 35374
217; 268; 35115
218; 268; 34702
219; 268; 34646
220; 268; 34770
161; 269; 33447
162; 269; 33389
163; 269; 33594
164; 269; 34007
165; 269; 34255
166; 269; 34345
167; 269; 34392
168; 269; 34314
169; 269; 34279
170; 269; 34458
171; 269; 34574
172; 269; 34480
173; 269; 34554
174; 269; 35090
175; 269; 35600
176; 269; 35805
177; 269; 35895
178; 269; 35927
179; 269; 35815
180; 269; 35459
181; 269; 34902
182; 269; 33925
183; 269; 32968
184; 269; 32972
185; 269; 32933
186; 269; 32970
187; 269; 33208
188; 269; 33231
189; 269; 33088
190; 269; 32946
191; 269; 33247
192; 269; 34082
193; 269; 34985
194; 269; 35309
195; 269; 34932
196; 269; 34182
197; 269; 33507
198; 269; 33213
199; 269; 33362
200; 269; 33527
201; 269; 33448
202; 269; 33142
203; 269; 33018
204; 269; 33024
205; 269; 33141
206; 269; 33431
207; 269; 33892
208; 269; 34260
209; 269; 34461
210; 269; 34595
211; 269; 34859
212; 269; 35120
213; 269; 35200
214; 269; 35247
215; 269; 35401
216; 269; 35497
217; 269; 35284
218; 269; 34827
219; 269; 34709
220; 269; 34773
161; 270; 33572
162; 270; 33425
163; 270; 33543
164; 270; 33979
165; 270; 34342
166; 270; 34391
167; 270; 34390
168; 270; 34366
169; 270; 34336
170; 270; 34420
171; 270; 34512
172; 270; 34408
173; 270; 34203
174; 270; 34334
175; 270; 34873
176; 270; 35427
177; 270; 35792
178; 270; 35849
179; 270; 35613
180; 270; 35145
181; 270; 34454
182; 270; 33531
183; 270; 32944
184; 270; 32901
185; 270; 32912
186; 270; 33189
187; 270; 33577
188; 270; 33768
189; 270; 33681
190; 270; 33468
191; 270; 33595
192; 270; 34362
193; 270; 35433
194; 270; 35897
195; 270; 35392
196; 270; 34283
197; 270; 33395
198; 270; 33205
199; 270; 33422
200; 270; 33584
201; 270; 33455
202; 270; 33121
203; 270; 33031
204; 270; 33076
205; 270; 33199
206; 270; 33496
207; 270; 34004
208; 270; 34402
209; 270; 34621
210; 270; 34794
211; 270; 35013
212; 270; 35213
213; 270; 35294
214; 270; 35367
215; 270; 35471
216; 270; 35465
217; 270; 35187
218; 270; 34691
219; 270; 34493
220; 270; 34616
161; 271; 33692
162; 271; 33441
163; 271; 33490
164; 271; 34080
165; 271; 34604
166; 271; 34574
167; 271; 34384
168; 271; 34310
169; 271; 34281
170; 271; 34314
171; 271; 34444
172; 271; 34457
173; 271; 34083
174; 271; 33794
175; 271; 34085
176; 271; 34861
177; 271; 35404
178; 271; 35444
179; 271; 35185
180; 271; 34800
181; 271; 34252
182; 271; 33576
183; 271; 33086
184; 271; 32882
185; 271; 33069
186; 271; 33576
187; 271; 34257
188; 271; 34917
189; 271; 35058
190; 271; 34663
191; 271; 34304
192; 271; 34585
193; 271; 35446
194; 271; 35831
195; 271; 35494
196; 271; 34433
197; 271; 33585
198; 271; 33341
199; 271; 33457
200; 271; 33489
201; 271; 33225
202; 271; 32977
203; 271; 33001
204; 271; 33171
205; 271; 33348
206; 271; 33597
207; 271; 34052
208; 271; 34422
209; 271; 34600
210; 271; 34775
211; 271; 34976
212; 271; 35177
213; 271; 35328
214; 271; 35392
215; 271; 35405
216; 271; 35227
217; 271; 34814
218; 271; 34415
219; 271; 34292
220; 271; 34386
161; 272; 33687
162; 272; 33481
163; 272; 33496
164; 272; 34141
165; 272; 34679
166; 272; 34580
167; 272; 34219
168; 272; 34167
169; 272; 34255
170; 272; 34308
171; 272; 34405
172; 272; 34480
173; 272; 34205
174; 272; 33678
175; 272; 33663
176; 272; 34262
177; 272; 34867
178; 272; 34889
179; 272; 34604
180; 272; 34334
181; 272; 34043
182; 272; 33655
183; 272; 33385
184; 272; 33330
185; 272; 33531
186; 272; 34113
187; 272; 35091
188; 272; 35978
189; 272; 36268
190; 272; 35762
191; 272; 34968
192; 272; 34781
193; 272; 35295
194; 272; 35639
195; 272; 35415
196; 272; 34533
197; 272; 33789
198; 272; 33510
199; 272; 33478
200; 272; 33377
201; 272; 33015
202; 272; 32899
203; 272; 33048
204; 272; 33389
205; 272; 33575
206; 272; 33700
207; 272; 34035
208; 272; 34306
209; 272; 34402
210; 272; 34506
211; 272; 34780
212; 272; 35030
213; 272; 35169
214; 272; 35230
215; 272; 35154
216; 272; 34856
217; 272; 34491
218; 272; 34308
219; 272; 34252
220; 272; 34197
161; 273; 33535
162; 273; 33440
163; 273; 33457
164; 273; 34015
165; 273; 34435
166; 273; 34304
167; 273; 33982
168; 273; 34061
169; 273; 34301
170; 273; 34369
171; 273; 34336
172; 273; 34356
173; 273; 34287
174; 273; 33906
175; 273; 33667
176; 273; 33824
177; 273; 34327
178; 273; 34434
179; 273; 34108
180; 273; 33775
181; 273; 33606
182; 273; 33557
183; 273; 33588
184; 273; 33822
185; 273; 34189
186; 273; 34802
187; 273; 35605
188; 273; 36323
189; 273; 36464
190; 273; 35913
191; 273; 35159
192; 273; 34961
193; 273; 35260
194; 273; 35550
195; 273; 35409
196; 273; 34642
197; 273; 33868
198; 273; 33585
199; 273; 33559
200; 273; 33416
201; 273; 33002
202; 273; 32912
203; 273; 33140
204; 273; 33562
205; 273; 33681
206; 273; 33724
207; 273; 33911
208; 273; 34159
209; 273; 34303
210; 273; 34465
211; 273; 34793
212; 273; 34953
213; 273; 34957
214; 273; 34938
215; 273; 34902
216; 273; 34635
217; 273; 34320
218; 273; 34278
219; 273; 34247
220; 273; 34020
161; 274; 33355
162; 274; 33293
163; 274; 33334
164; 274; 33798
165; 274; 34153
166; 274; 34109
167; 274; 33992
168; 274; 34077
169; 274; 34301
170; 274; 34350
171; 274; 34243
172; 274; 34260
173; 274; 34382
174; 274; 34253
175; 274; 33730
176; 274; 33504
177; 274; 33832
178; 274; 34214
179; 274; 34071
180; 274; 33520
181; 274; 33200
182; 274; 33299
183; 274; 33766
184; 274; 34381
185; 274; 34949
186; 274; 35344
187; 274; 35737
188; 274; 36023
189; 274; 35926
190; 274; 35405
191; 274; 34954
192; 274; 34899
193; 274; 35210
194; 274; 35519
195; 274; 35384
196; 274; 34694
197; 274; 33929
198; 274; 33696
199; 274; 33772
200; 274; 33567
201; 274; 33042
202; 274; 32901
203; 274; 33117
204; 274; 33531
205; 274; 33628
206; 274; 33665
207; 274; 33896
208; 274; 34233
209; 274; 34488
210; 274; 34776
211; 274; 35079
212; 274; 35087
213; 274; 34943
214; 274; 34895
215; 274; 34904
216; 274; 34640
217; 274; 34199
218; 274; 34086
219; 274; 34051
220; 274; 33680
161; 275; 33255
162; 275; 33173
163; 275; 33265
164; 275; 33735
165; 275; 34157
166; 275; 34215
167; 275; 34154
168; 275; 34144
169; 275; 34222
170; 275; 34259
171; 275; 34221
172; 275; 34295
173; 275; 34526
174; 275; 34523
175; 275; 33901
176; 275; 33328
177; 275; 33500
178; 275; 34153
179; 275; 34244
180; 275; 33595
181; 275; 33025
182; 275; 33117
183; 275; 33862
184; 275; 34847
185; 275; 35452
186; 275; 35627
187; 275; 35655
188; 275; 35725
189; 275; 35605
190; 275; 35255
191; 275; 34859
192; 275; 34726
193; 275; 34887
194; 275; 35138
195; 275; 35083
196; 275; 34599
197; 275; 33995
198; 275; 33876
199; 275; 33958
200; 275; 33653
201; 275; 32996
202; 275; 32844
203; 275; 33039
204; 275; 33435
205; 275; 33551
206; 275; 33692
207; 275; 34092
208; 275; 34469
209; 275; 34696
210; 275; 34955
211; 275; 35200
212; 275; 35205
213; 275; 35096
214; 275; 35105
215; 275; 35085
216; 275; 34687
217; 275; 34096
218; 275; 33807
219; 275; 33685
220; 275; 33427
161; 276; 33197
162; 276; 33094
163; 276; 33283
164; 276; 33846
165; 276; 34274
166; 276; 34341
167; 276; 34254
168; 276; 34162
169; 276; 34166
170; 276; 34246
171; 276; 34307
172; 276; 34358
173; 276; 34484
174; 276; 34533
175; 276; 34041
176; 276; 33331
177; 276; 33297
178; 276; 33921
179; 276; 34205
180; 276; 33722
181; 276; 33038
182; 276; 33024
183; 276; 33796
184; 276; 34930
185; 276; 35649
186; 276; 35730
187; 276; 35649
188; 276; 35752
189; 276; 35917
190; 276; 35661
191; 276; 34990
192; 276; 34491
193; 276; 34415
194; 276; 34588
195; 276; 34570
196; 276; 34271
197; 276; 33905
198; 276; 33920
199; 276; 34050
200; 276; 33694
201; 276; 32985
202; 276; 32842
203; 276; 33059
204; 276; 33430
205; 276; 33542
206; 276; 33843
207; 276; 34323
208; 276; 34519
209; 276; 34588
210; 276; 34771
211; 276; 35049
212; 276; 35132
213; 276; 35116
214; 276; 35164
215; 276; 35117
216; 276; 34659
217; 276; 34059
218; 276; 33728
219; 276; 33584
220; 276; 33445
161; 277; 33143
162; 277; 33046
163; 277; 33294
164; 277; 33933
165; 277; 34329
166; 277; 34326
167; 277; 34190
168; 277; 34112
169; 277; 34197
170; 277; 34355
171; 277; 34392
172; 277; 34284
173; 277; 34260
174; 277; 34318
175; 277; 34128
176; 277; 33499
177; 277; 33181
178; 277; 33391
179; 277; 33734
180; 277; 33567
181; 277; 33084
182; 277; 32973
183; 277; 33558
184; 277; 34691
185; 277; 35595
186; 277; 35744
187; 277; 35649
188; 277; 35784
189; 277; 36014
190; 277; 35834
191; 277; 34968
192; 277; 34226
193; 277; 34016
194; 277; 34125
195; 277; 34102
196; 277; 33803
197; 277; 33575
198; 277; 33698
199; 277; 33992
200; 277; 33795
201; 277; 33140
202; 277; 32910
203; 277; 33158
204; 277; 33488
205; 277; 33592
206; 277; 33929
207; 277; 34355
208; 277; 34369
209; 277; 34201
210; 277; 34327
211; 277; 34698
212; 277; 34890
213; 277; 34933
214; 277; 35006
215; 277; 34908
216; 277; 34538
217; 277; 34123
218; 277; 33908
219; 277; 33787
220; 277; 33723
161; 278; 33166
162; 278; 33029
163; 278; 33291
164; 278; 34006
165; 278; 34409
166; 278; 34306
167; 278; 34072
168; 278; 34055
169; 278; 34241
170; 278; 34423
171; 278; 34360
172; 278; 34132
173; 278; 34088
174; 278; 34280
175; 278; 34290
176; 278; 33713
177; 278; 33088
178; 278; 32901
179; 278; 33078
180; 278; 33256
181; 278; 33137
182; 278; 33006
183; 278; 33231
184; 278; 34178
185; 278; 35290
186; 278; 35726
187; 278; 35612
188; 278; 35684
189; 278; 35905
190; 278; 35654
191; 278; 34772
192; 278; 33955
193; 278; 33708
194; 278; 33800
195; 278; 33805
196; 278; 33490
197; 278; 33237
198; 278; 33383
199; 278; 33803
200; 278; 33810
201; 278; 33309
202; 278; 33054
203; 278; 33165
204; 278; 33478
205; 278; 33643
206; 278; 33939
207; 278; 34235
208; 278; 34183
209; 278; 34001
210; 278; 34090
211; 278; 34543
212; 278; 34780
213; 278; 34710
214; 278; 34633
215; 278; 34560
216; 278; 34327
217; 278; 34210
218; 278; 34099
219; 278; 33981
220; 278; 33830
161; 279; 33311
162; 279; 33054
163; 279; 33324
164; 279; 34113
165; 279; 34627
166; 279; 34522
167; 279; 34117
168; 279; 34035
169; 279; 34190
170; 279; 34335
171; 279; 34250
172; 279; 34075
173; 279; 34146
174; 279; 34452
175; 279; 34492
176; 279; 33946
177; 279; 33149
178; 279; 32768
179; 279; 32803
180; 279; 33006
181; 279; 33188
182; 279; 33029
183; 279; 32973
184; 279; 33638
185; 279; 34773
186; 279; 35479
187; 279; 35562
188; 279; 35587
189; 279; 35691
190; 279; 35475
191; 279; 34683
192; 279; 33845
193; 279; 33458
194; 279; 33491
195; 279; 33564
196; 279; 33372
197; 279; 33174
198; 279; 33201
199; 279; 33441
200; 279; 33562
201; 279; 33227
202; 279; 32997
203; 279; 33057
204; 279; 33364
205; 279; 33648
206; 279; 33924
207; 279; 34188
208; 279; 34182
209; 279; 34043
210; 279; 34201
211; 279; 34759
212; 279; 34916
213; 279; 34619
214; 279; 34374
215; 279; 34201
216; 279; 34195
217; 279; 34152
218; 279; 34046
219; 279; 33910
220; 279; 33721
161; 280; 33449
162; 280; 33199
163; 280; 33388
164; 280; 34154
165; 280; 34769
166; 280; 34735
167; 280; 34247
168; 280; 33981
169; 280; 34057
170; 280; 34198
171; 280; 34189
172; 280; 34132
173; 280; 34283
174; 280; 34586
175; 280; 34617
176; 280; 34126
177; 280; 33358
178; 280; 32855
179; 280; 32805
180; 280; 33105
181; 280; 33404
182; 280; 33250
183; 280; 33022
184; 280; 33248
185; 280; 34215
186; 280; 35069
187; 280; 35425
188; 280; 35531
189; 280; 35612
190; 280; 35472
191; 280; 34788
192; 280; 33849
193; 280; 33256
194; 280; 33155
195; 280; 33297
196; 280; 33286
197; 280; 33195
198; 280; 33160
199; 280; 33182
200; 280; 33181
201; 280; 33056
202; 280; 32968
203; 280; 33097
204; 280; 33312
205; 280; 33544
206; 280; 33853
207; 280; 34189
208; 280; 34258
209; 280; 34233
210; 280; 34451
211; 280; 35049
212; 280; 35150
213; 280; 34656
214; 280; 34234
215; 280; 34077
216; 280; 34100
217; 280; 33977
218; 280; 33794
219; 280; 33632
220; 280; 33464
161; 281; 33480
162; 281; 33328
163; 281; 33406
164; 281; 34013
165; 281; 34619
166; 281; 34664
167; 281; 34256
168; 281; 33939
169; 281; 33977
170; 281; 34160
171; 281; 34236
172; 281; 34224
173; 281; 34342
174; 281; 34582
175; 281; 34654
176; 281; 34271
177; 281; 33551
178; 281; 33004
179; 281; 33075
180; 281; 33699
181; 281; 34136
182; 281; 33787
183; 281; 33094
184; 281; 33031
185; 281; 33707
186; 281; 34537
187; 281; 35034
188; 281; 35326
189; 281; 35533
190; 281; 35403
191; 281; 34708
192; 281; 33694
193; 281; 33029
194; 281; 32909
195; 281; 33082
196; 281; 33175
197; 281; 33144
198; 281; 33122
199; 281; 33129
200; 281; 33138
201; 281; 33169
202; 281; 33203
203; 281; 33254
204; 281; 33300
205; 281; 33390
206; 281; 33680
207; 281; 34049
208; 281; 34195
209; 281; 34227
210; 281; 34556
211; 281; 35211
212; 281; 35332
213; 281; 34794
214; 281; 34242
215; 281; 34119
216; 281; 34171
217; 281; 33873
218; 281; 33569
219; 281; 33426
220; 281; 33270
161; 282; 33483
162; 282; 33379
163; 282; 33373
164; 282; 33765
165; 282; 34314
166; 282; 34464
167; 282; 34272
168; 282; 34034
169; 282; 34018
170; 282; 34206
171; 282; 34324
172; 282; 34335
173; 282; 34400
174; 282; 34583
175; 282; 34663
176; 282; 34279
177; 282; 33534
178; 282; 33148
179; 282; 33657
180; 282; 34714
181; 282; 35135
182; 282; 34391
183; 282; 33225
184; 282; 32842
185; 282; 33305
186; 282; 34006
187; 282; 34506
188; 282; 34932
189; 282; 35249
190; 282; 35155
191; 282; 34415
192; 282; 33361
193; 282; 32841
194; 282; 32858
195; 282; 33010
196; 282; 33054
197; 282; 32942
198; 282; 32994
199; 282; 33281
200; 282; 33647
201; 282; 33712
202; 282; 33511
203; 282; 33266
204; 282; 33231
205; 282; 33314
206; 282; 33537
207; 282; 33791
208; 282; 33974
209; 282; 34096
210; 282; 34476
211; 282; 35179
212; 282; 35397
213; 282; 34994
214; 282; 34454
215; 282; 34398
216; 282; 34427
217; 282; 34042
218; 282; 33625
219; 282; 33460
220; 282; 33240
161; 283; 33513
162; 283; 33443
163; 283; 33415
164; 283; 33651
165; 283; 34093
166; 283; 34456
167; 283; 34492
168; 283; 34276
169; 283; 34161
170; 283; 34225
171; 283; 34369
172; 283; 34461
173; 283; 34525
174; 283; 34589
175; 283; 34544
176; 283; 34056
177; 283; 33346
178; 283; 33315
179; 283; 34316
180; 283; 35609
181; 283; 35913
182; 283; 34882
183; 283; 33403
184; 283; 32768
185; 283; 33037
186; 283; 33759
187; 283; 34279
188; 283; 34562
189; 283; 34924
190; 283; 34951
191; 283; 34309
192; 283; 33337
193; 283; 32815
194; 283; 32828
195; 283; 32955
196; 283; 32936
197; 283; 32848
198; 283; 32784
199; 283; 33330
200; 283; 34074
201; 283; 34112
202; 283; 33552
203; 283; 33065
204; 283; 33151
205; 283; 33417
206; 283; 33539
207; 283; 33601
208; 283; 33798
209; 283; 34051
210; 283; 34350
211; 283; 34964
212; 283; 35290
213; 283; 35049
214; 283; 34651
215; 283; 34664
216; 283; 34698
217; 283; 34377
218; 283; 33851
219; 283; 33599
220; 283; 33368
161; 284; 33501
162; 284; 33500
163; 284; 33515
164; 284; 33720
165; 284; 34156
166; 284; 34575
167; 284; 34720
168; 284; 34554
169; 284; 34231
170; 284; 34177
171; 284; 34343
172; 284; 34547
173; 284; 34575
174; 284; 34453
175; 284; 34146
176; 284; 33589
177; 284; 33298
178; 284; 33654
179; 284; 34832
180; 284; 35894
181; 284; 36081
182; 284; 35177
183; 284; 33841
184; 284; 32976
185; 284; 32986
186; 284; 33651
187; 284; 34236
188; 284; 34424
189; 284; 34675
190; 284; 34969
191; 284; 34783
192; 284; 34037
193; 284; 33238
194; 284; 32890
195; 284; 32918
196; 284; 32880
197; 284; 32911
198; 284; 32831
199; 284; 33080
200; 284; 33932
201; 284; 34116
202; 284; 33481
203; 284; 33022
204; 284; 33223
205; 284; 33538
206; 284; 33489
207; 284; 33431
208; 284; 33801
209; 284; 34192
210; 284; 34315
211; 284; 34631
212; 284; 34859
213; 284; 34742
214; 284; 34599
215; 284; 34719
216; 284; 34834
217; 284; 34537
218; 284; 33999
219; 284; 33618
220; 284; 33463
161; 285; 33418
162; 285; 33483
163; 285; 33568
164; 285; 33854
165; 285; 34316
166; 285; 34674
167; 285; 34755
168; 285; 34617
169; 285; 34223
170; 285; 34116
171; 285; 34318
172; 285; 34495
173; 285; 34393
174; 285; 34017
175; 285; 33521
176; 285; 33156
177; 285; 33262
178; 285; 34082
179; 285; 35138
180; 285; 35731
181; 285; 35792
182; 285; 35368
183; 285; 34532
184; 285; 33505
185; 285; 33086
186; 285; 33485
187; 285; 34119
188; 285; 34405
189; 285; 34650
190; 285; 35137
191; 285; 35391
192; 285; 35120
193; 285; 34397
194; 285; 33619
195; 285; 33199
196; 285; 33024
197; 285; 32905
198; 285; 32961
199; 285; 32859
200; 285; 33295
201; 285; 33766
202; 285; 33570
203; 285; 33336
204; 285; 33551
205; 285; 33620
206; 285; 33371
207; 285; 33339
208; 285; 33898
209; 285; 34341
210; 285; 34305
211; 285; 34196
212; 285; 34163
213; 285; 34156
214; 285; 34356
215; 285; 34755
216; 285; 34887
217; 285; 34468
218; 285; 33831
219; 285; 33444
220; 285; 33395
161; 286; 33370
162; 286; 33402
163; 286; 33524
164; 286; 33888
165; 286; 34343
166; 286; 34654
167; 286; 34719
168; 286; 34582
169; 286; 34201
170; 286; 34077
171; 286; 34211
172; 286; 34277
173; 286; 34021
174; 286; 33515
175; 286; 33098
176; 286; 32931
177; 286; 33249
178; 286; 34222
179; 286; 35263
180; 286; 35696
181; 286; 35670
182; 286; 35568
183; 286; 35044
184; 286; 34023
185; 286; 33202
186; 286; 33175
187; 286; 33728
188; 286; 34269
189; 286; 34732
190; 286; 35264
191; 286; 35720
192; 286; 35877
193; 286; 35568
194; 286; 34790
195; 286; 33912
196; 286; 33432
197; 286; 33115
198; 286; 32942
199; 286; 32850
200; 286; 32859
201; 286; 33417
202; 286; 33744
203; 286; 33753
204; 286; 33765
205; 286; 33696
206; 286; 33512
207; 286; 33557
208; 286; 33940
209; 286; 34206
210; 286; 34063
211; 286; 33785
212; 286; 33656
213; 286; 33846
214; 286; 34296
215; 286; 34752
216; 286; 34793
217; 286; 34281
218; 286; 33595
219; 286; 33264
220; 286; 33327
161; 287; 33395
162; 287; 33304
163; 287; 33388
164; 287; 33779
165; 287; 34256
166; 287; 34595
167; 287; 34674
168; 287; 34545
169; 287; 34212
170; 287; 33991
171; 287; 33924
172; 287; 33785
173; 287; 33431
174; 287; 33157
175; 287; 33028
176; 287; 32965
177; 287; 33114
178; 287; 33858
179; 287; 34899
180; 287; 35582
181; 287; 35750
182; 287; 35603
183; 287; 35217
184; 287; 34540
185; 287; 33674
186; 287; 33128
187; 287; 33250
188; 287; 33886
189; 287; 34574
190; 287; 35187
191; 287; 35740
192; 287; 36176
193; 287; 36236
194; 287; 35660
195; 287; 34655
196; 287; 33809
197; 287; 33430
198; 287; 33177
199; 287; 32938
200; 287; 32895
201; 287; 33258
202; 287; 33697
203; 287; 33717
204; 287; 33674
205; 287; 33808
206; 287; 33994
207; 287; 34020
208; 287; 33915
209; 287; 33860
210; 287; 33687
211; 287; 33649
212; 287; 33760
213; 287; 34137
214; 287; 34471
215; 287; 34619
216; 287; 34530
217; 287; 34094
218; 287; 33641
219; 287; 33468
220; 287; 33477
161; 288; 33344
162; 288; 33183
163; 288; 33250
164; 288; 33670
165; 288; 34161
166; 288; 34516
167; 288; 34630
168; 288; 34422
169; 288; 34046
170; 288; 33708
171; 288; 33391
172; 288; 33087
173; 288; 32895
174; 288; 33016
175; 288; 33135
176; 288; 33179
177; 288; 33169
178; 288; 33350
179; 288; 33940
180; 288; 34727
181; 288; 35152
182; 288; 35212
183; 288; 35171
184; 288; 35159
185; 288; 34618
186; 288; 33633
187; 288; 33037
188; 288; 33173
189; 288; 33847
190; 288; 34756
191; 288; 35599
192; 288; 36206
193; 288; 36316
194; 288; 35835
195; 288; 34901
196; 288; 33986
197; 288; 33561
198; 288; 33448
199; 288; 33280
200; 288; 33128
201; 288; 33217
202; 288; 33405
203; 288; 33285
204; 288; 33274
205; 288; 33719
206; 288; 34139
207; 288; 34124
208; 288; 33803
209; 288; 33528
210; 288; 33555
211; 288; 33823
212; 288; 34347
213; 288; 34672
214; 288; 34637
215; 288; 34424
216; 288; 34226
217; 288; 34099
218; 288; 34120
219; 288; 34123
220; 288; 33949
161; 289; 33157
162; 289; 33021
163; 289; 33156
164; 289; 33602
165; 289; 34028
166; 289; 34323
167; 289; 34377
168; 289; 34104
169; 289; 33620
170; 289; 33233
171; 289; 33018
172; 289; 32919
173; 289; 32989
174; 289; 33182
175; 289; 33447
176; 289; 33661
177; 289; 33635
178; 289; 33377
179; 289; 33250
180; 289; 33490
181; 289; 33905
182; 289; 34422
183; 289; 35103
184; 289; 35614
185; 289; 35322
186; 289; 34185
187; 289; 33051
188; 289; 32795
189; 289; 33054
190; 289; 33849
191; 289; 35045
192; 289; 35730
193; 289; 35792
194; 289; 35411
195; 289; 34819
196; 289; 34152
197; 289; 33779
198; 289; 33632
199; 289; 33457
200; 289; 33226
201; 289; 33186
202; 289; 33171
203; 289; 33068
204; 289; 33055
205; 289; 33374
206; 289; 33715
207; 289; 33658
208; 289; 33428
209; 289; 33442
210; 289; 33695
211; 289; 34224
212; 289; 34731
213; 289; 34928
214; 289; 34776
215; 289; 34399
216; 289; 34228
217; 289; 34373
218; 289; 34682
219; 289; 34717
220; 289; 34471
161; 290; 33084
162; 290; 32996
163; 290; 33095
164; 290; 33488
165; 290; 33797
166; 290; 33948
167; 290; 33917
168; 290; 33607
169; 290; 33197
170; 290; 33025
171; 290; 33104
172; 290; 33502
173; 290; 33810
174; 290; 33906
175; 290; 34000
176; 290; 34209
177; 290; 34236
178; 290; 33873
179; 290; 33341
180; 290; 33068
181; 290; 33103
182; 290; 33593
183; 290; 34566
184; 290; 35347
185; 290; 35171
186; 290; 34102
187; 290; 33016
188; 290; 32855
189; 290; 32873
190; 290; 33024
191; 290; 33771
192; 290; 34459
193; 290; 34692
194; 290; 34788
195; 290; 34775
196; 290; 34599
197; 290; 34258
198; 290; 33995
199; 290; 33728
200; 290; 33456
201; 290; 33328
202; 290; 33308
203; 290; 33259
204; 290; 33185
205; 290; 33204
206; 290; 33119
207; 290; 33078
208; 290; 33192
209; 290; 33433
210; 290; 33804
211; 290; 34219
212; 290; 34631
213; 290; 34886
214; 290; 34914
215; 290; 34830
216; 290; 34783
217; 290; 34892
218; 290; 35021
219; 290; 34940
220; 290; 34664
161; 291; 33219
162; 291; 33095
163; 291; 33168
164; 291; 33359
165; 291; 33397
166; 291; 33421
167; 291; 33465
168; 291; 33348
169; 291; 33091
170; 291; 33091
171; 291; 33588
172; 291; 34278
173; 291; 34590
174; 291; 34494
175; 291; 34350
176; 291; 34365
177; 291; 34424
178; 291; 34136
179; 291; 33705
180; 291; 33331
181; 291; 33149
182; 291; 33237
183; 291; 33705
184; 291; 34236
185; 291; 34162
186; 291; 33463
187; 291; 32940
188; 291; 32898
189; 291; 32898
190; 291; 32861
191; 291; 33019
192; 291; 33104
193; 291; 33505
194; 291; 34308
195; 291; 34933
196; 291; 35082
197; 291; 34854
198; 291; 34485
199; 291; 34219
200; 291; 34088
201; 291; 34046
202; 291; 34011
203; 291; 33907
204; 291; 33686
205; 291; 33383
206; 291; 33149
207; 291; 33162
208; 291; 33348
209; 291; 33527
210; 291; 33618
211; 291; 33802
212; 291; 34146
213; 291; 34529
214; 291; 34922
215; 291; 35211
216; 291; 35319
217; 291; 35296
218; 291; 35165
219; 291; 34944
220; 291; 34605
161; 292; 33380
162; 292; 33280
163; 292; 33164
164; 292; 33031
165; 292; 33007
166; 292; 33233
167; 292; 33477
168; 292; 33472
169; 292; 33326
170; 292; 33479
171; 292; 34076
172; 292; 34577
173; 292; 34629
174; 292; 34370
175; 292; 34174
176; 292; 34137
177; 292; 34032
178; 292; 33771
179; 292; 33558
180; 292; 33518
181; 292; 33564
182; 292; 33466
183; 292; 33454
184; 292; 33317
185; 292; 33142
186; 292; 32928
187; 292; 33031
188; 292; 33145
189; 292; 32983
190; 292; 32892
191; 292; 32801
192; 292; 32768
193; 292; 33314
194; 292; 34220
195; 292; 35001
196; 292; 35335
197; 292; 35236
198; 292; 34929
199; 292; 34821
200; 292; 34977
201; 292; 35150
202; 292; 35068
203; 292; 34803
204; 292; 34431
205; 292; 34068
206; 292; 33807
207; 292; 33772
208; 292; 33769
209; 292; 33651
210; 292; 33506
211; 292; 33472
212; 292; 33656
213; 292; 34035
214; 292; 34582
215; 292; 35060
216; 292; 35299
217; 292; 35274
218; 292; 35113
219; 292; 34975
220; 292; 34823
161; 293; 33388
162; 293; 33232
163; 293; 32947
164; 293; 32848
165; 293; 33101
166; 293; 33591
167; 293; 33913
168; 293; 33845
169; 293; 33678
170; 293; 33876
171; 293; 34236
172; 293; 34309
173; 293; 33935
174; 293; 33554
175; 293; 33483
176; 293; 33497
177; 293; 33321
178; 293; 33081
179; 293; 33126
180; 293; 33513
181; 293; 33962
182; 293; 34089
183; 293; 33845
184; 293; 33444
185; 293; 33090
186; 293; 32957
187; 293; 33097
188; 293; 33188
189; 293; 33076
190; 293; 32916
191; 293; 33091
192; 293; 33664
193; 293; 34236
194; 293; 34630
195; 293; 35012
196; 293; 35369
197; 293; 35449
198; 293; 35297
199; 293; 35341
200; 293; 35724
201; 293; 36028
202; 293; 35966
203; 293; 35643
204; 293; 35278
205; 293; 34900
206; 293; 34496
207; 293; 34142
208; 293; 33886
209; 293; 33636
210; 293; 33436
211; 293; 33327
212; 293; 33400
213; 293; 33638
214; 293; 34016
215; 293; 34446
216; 293; 34696
217; 293; 34789
218; 293; 34893
219; 293; 35122
220; 293; 35311
161; 294; 33460
162; 294; 33271
163; 294; 33052
164; 294; 33174
165; 294; 33676
166; 294; 34188
167; 294; 34301
168; 294; 34128
169; 294; 33976
170; 294; 34045
171; 294; 34086
172; 294; 33818
173; 294; 33418
174; 294; 33225
175; 294; 33267
176; 294; 33269
177; 294; 33136
178; 294; 33089
179; 294; 33356
180; 294; 33896
181; 294; 34384
182; 294; 34573
183; 294; 34404
184; 294; 34055
185; 294; 33682
186; 294; 33410
187; 294; 33149
188; 294; 32918
189; 294; 32865
190; 294; 33262
191; 294; 34171
192; 294; 35059
193; 294; 35376
194; 294; 35263
195; 294; 35196
196; 294; 35437
197; 294; 35656
198; 294; 35693
199; 294; 35761
200; 294; 36087
201; 294; 36329
202; 294; 36312
203; 294; 36099
204; 294; 35856
205; 294; 35451
206; 294; 34836
207; 294; 34158
208; 294; 33633
209; 294; 33280
210; 294; 33114
211; 294; 33107
212; 294; 33188
213; 294; 33356
214; 294; 33582
215; 294; 33759
216; 294; 33896
217; 294; 34139
218; 294; 34596
219; 294; 35084
220; 294; 35406
161; 295; 33970
162; 295; 33762
163; 295; 33678
164; 295; 33907
165; 295; 34303
166; 295; 34485
167; 295; 34351
168; 295; 34161
169; 295; 34118
170; 295; 34095
171; 295; 33902
172; 295; 33653
173; 295; 33574
174; 295; 33621
175; 295; 33555
176; 295; 33453
177; 295; 33410
178; 295; 33563
179; 295; 33962
180; 295; 34343
181; 295; 34521
182; 295; 34502
183; 295; 34348
184; 295; 34240
185; 295; 34289
186; 295; 34061
187; 295; 33419
188; 295; 32789
189; 295; 32768
190; 295; 33662
191; 295; 34991
192; 295; 35751
193; 295; 35824
194; 295; 35584
195; 295; 35518
196; 295; 35689
197; 295; 35866
198; 295; 35958
199; 295; 36026
200; 295; 36155
201; 295; 36196
202; 295; 36070
203; 295; 35976
204; 295; 35925
205; 295; 35657
206; 295; 35067
207; 295; 34294
208; 295; 33576
209; 295; 33024
210; 295; 32827
211; 295; 32912
212; 295; 33064
213; 295; 33207
214; 295; 33300
215; 295; 33342
216; 295; 33399
217; 295; 33695
218; 295; 34235
219; 295; 34666
220; 295; 34874
161; 296; 34543
162; 296; 34435
163; 296; 34449
164; 296; 34569
165; 296; 34620
166; 296; 34459
167; 296; 34161
168; 296; 34097
169; 296; 34163
170; 296; 34129
171; 296; 33879
172; 296; 33754
173; 296; 33902
174; 296; 34063
175; 296; 33985
176; 296; 33840
177; 296; 33780
178; 296; 33861
179; 296; 34114
180; 296; 34283
181; 296; 34118
182; 296; 33719
183; 296; 33604
184; 296; 34046
185; 296; 34537
186; 296; 34571
187; 296; 33933
188; 296; 33079
189; 296; 32958
190; 296; 34015
191; 296; 35402
192; 296; 35945
193; 296; 35805
194; 296; 35667
195; 296; 35802
196; 296; 35950
197; 296; 35970
198; 296; 35964
199; 296; 36011
200; 296; 36059
201; 296; 35933
202; 296; 35672
203; 296; 35577
204; 296; 35634
205; 296; 35557
206; 296; 35378
207; 296; 34952
208; 296; 34198
209; 296; 33381
210; 296; 32961
211; 296; 33032
212; 296; 33193
213; 296; 33193
214; 296; 33117
215; 296; 33136
216; 296; 33201
217; 296; 33399
218; 296; 33693
219; 296; 33901
220; 296; 34000
161; 297; 34728
162; 297; 34753
163; 297; 34819
164; 297; 34814
165; 297; 34663
166; 297; 34390
167; 297; 34157
168; 297; 34121
169; 297; 34231
170; 297; 34229
171; 297; 34036
172; 297; 33969
173; 297; 34078
174; 297; 34128
175; 297; 34112
176; 297; 34097
177; 297; 34035
178; 297; 33837
179; 297; 33705
180; 297; 33584
181; 297; 33264
182; 297; 32924
183; 297; 32998
184; 297; 33566
185; 297; 34328
186; 297; 34661
187; 297; 34312
188; 297; 33572
189; 297; 33353
190; 297; 34206
191; 297; 35527
192; 297; 36145
193; 297; 36024
194; 297; 35776
195; 297; 35828
196; 297; 35999
197; 297; 35993
198; 297; 35899
199; 297; 35862
200; 297; 35885
201; 297; 35806
202; 297; 35628
203; 297; 35526
204; 297; 35520
205; 297; 35558
206; 297; 35718
207; 297; 35738
208; 297; 35216
209; 297; 34217
210; 297; 33531
211; 297; 33480
212; 297; 33594
213; 297; 33334
214; 297; 33071
215; 297; 33070
216; 297; 33166
217; 297; 33159
218; 297; 33157
219; 297; 33279
220; 297; 33493
161; 298; 34608
162; 298; 34657
163; 298; 34721
164; 298; 34690
165; 298; 34547
166; 298; 34433
167; 298; 34398
168; 298; 34401
169; 298; 34421
170; 298; 34397
171; 298; 34307
172; 298; 34238
173; 298; 34187
174; 298; 34138
175; 298; 34213
176; 298; 34354
177; 298; 34281
178; 298; 33862
179; 298; 33428
180; 298; 33170
181; 298; 33039
182; 298; 32998
183; 298; 33075
184; 298; 33273
185; 298; 33674
186; 298; 34140
187; 298; 34246
188; 298; 33988
189; 298; 33754
190; 298; 34184
191; 298; 35264
192; 298; 36065
193; 298; 36158
194; 298; 35818
195; 298; 35610
196; 298; 35727
197; 298; 35872
198; 298; 35872
199; 298; 35845
200; 298; 35878
201; 298; 35852
202; 298; 35794
203; 298; 35765
204; 298; 35710
205; 298; 35676
206; 298; 35937
207; 298; 36190
208; 298; 35871
209; 298; 34909
210; 298; 33989
211; 298; 33757
212; 298; 33782
213; 298; 33564
214; 298; 33217
215; 298; 33143
216; 298; 33191
217; 298; 33094
218; 298; 33011
219; 298; 33141
220; 298; 33488
161; 299; 34310
162; 299; 34313
163; 299; 34317
164; 299; 34330
165; 299; 34385
166; 299; 34459
167; 299; 34533
168; 299; 34580
169; 299; 34567
170; 299; 34550
171; 299; 34564
172; 299; 34547
173; 299; 34479
174; 299; 34429
175; 299; 34499
176; 299; 34606
177; 299; 34520
178; 299; 34187
179; 299; 33815
180; 299; 33609
181; 299; 33549
182; 299; 33494
183; 299; 33378
184; 299; 33235
185; 299; 33132
186; 299; 33395
187; 299; 33826
188; 299; 34183
189; 299; 34209
190; 299; 34214
191; 299; 34636
192; 299; 35281
193; 299; 35524
194; 299; 35273
195; 299; 34916
196; 299; 34875
197; 299; 35164
198; 299; 35552
199; 299; 35900
200; 299; 36047
201; 299; 35981
202; 299; 35872
203; 299; 35840
204; 299; 35805
205; 299; 35771
206; 299; 35950
207; 299; 36144
208; 299; 35980
209; 299; 35055
210; 299; 33995
211; 299; 33533
212; 299; 33592
213; 299; 33582
214; 299; 33433
215; 299; 33301
216; 299; 33254
217; 299; 33181
218; 299; 33139
219; 299; 33316
220; 299; 33616
161; 300; 34295
162; 300; 34264
163; 300; 34227
164; 300; 34203
165; 300; 34252
166; 300; 34362
167; 300; 34475
168; 300; 34539
169; 300; 34565
170; 300; 34590
171; 300; 34633
172; 300; 34658
173; 300; 34630
174; 300; 34592
175; 300; 34598
176; 300; 34620
177; 300; 34596
178; 300; 34524
179; 300; 34428
180; 300; 34285
181; 300; 34061
182; 300; 33786
183; 300; 33539
184; 300; 33283
185; 300; 33132
186; 300; 33286
187; 300; 33773
188; 300; 34372
189; 300; 34678
190; 300; 34573
191; 300; 34407
192; 300; 34257
193; 300; 34266
194; 300; 34133
195; 300; 33811
196; 300; 33564
197; 300; 33770
198; 300; 34552
199; 300; 35457
200; 300; 35935
201; 300; 35939
202; 300; 35771
203; 300; 35695
204; 300; 35654
205; 300; 35631
206; 300; 35755
207; 300; 35958
208; 300; 35791
209; 300; 34968
210; 300; 33876
211; 300; 33249
212; 300; 33260
213; 300; 33482
214; 300; 33519
215; 300; 33385
216; 300; 33235
217; 300; 33193
218; 300; 33196
219; 300; 33311
220; 300; 33560
161; 301; 34441
162; 301; 34445
163; 301; 34396
164; 301; 34304
165; 301; 34253
166; 301; 34289
167; 301; 34362
168; 301; 34418
169; 301; 34463
170; 301; 34512
171; 301; 34557
172; 301; 34572
173; 301; 34541
174; 301; 34491
175; 301; 34461
176; 301; 34472
177; 301; 34526
178; 301; 34620
179; 301; 34710
180; 301; 34562
181; 301; 34221
182; 301; 33880
183; 301; 33702
184; 301; 33561
185; 301; 33455
186; 301; 33552
187; 301; 33930
188; 301; 34478
189; 301; 34890
190; 301; 35011
191; 301; 34738
192; 301; 34194
193; 301; 33733
194; 301; 33452
195; 301; 33228
196; 301; 33004
197; 301; 32929
198; 301; 33388
199; 301; 34315
200; 301; 35146
201; 301; 35464
202; 301; 35471
203; 301; 35444
204; 301; 35484
205; 301; 35536
206; 301; 35710
207; 301; 35834
208; 301; 35673
209; 301; 34942
210; 301; 33930
211; 301; 33280
212; 301; 33228
213; 301; 33432
214; 301; 33495
215; 301; 33320
216; 301; 33077
217; 301; 32941
218; 301; 32904
219; 301; 32948
220; 301; 33261
161; 302; 34541
162; 302; 34571
163; 302; 34548
164; 302; 34448
165; 302; 34360
166; 302; 34361
167; 302; 34400
168; 302; 34410
169; 302; 34407
170; 302; 34409
171; 302; 34388
172; 302; 34340
173; 302; 34302
174; 302; 34295
175; 302; 34310
176; 302; 34359
177; 302; 34460
178; 302; 34596
179; 302; 34675
180; 302; 34616
181; 302; 34395
182; 302; 34213
183; 302; 34098
184; 302; 33942
185; 302; 33703
186; 302; 33673
187; 302; 33871
188; 302; 34235
189; 302; 34575
190; 302; 34897
191; 302; 34968
192; 302; 34817
193; 302; 34291
194; 302; 33831
195; 302; 33609
196; 302; 33504
197; 302; 33353
198; 302; 33223
199; 302; 33433
200; 302; 34051
201; 302; 34729
202; 302; 35178
203; 302; 35441
204; 302; 35616
205; 302; 35832
206; 302; 35970
207; 302; 35931
208; 302; 35545
209; 302; 34788
210; 302; 33894
211; 302; 33365
212; 302; 33335
213; 302; 33471
214; 302; 33445
215; 302; 33222
216; 302; 32879
217; 302; 32859
218; 302; 32920
219; 302; 32918
220; 302; 32906
161; 303; 34509
162; 303; 34532
163; 303; 34525
164; 303; 34463
165; 303; 34417
166; 303; 34446
167; 303; 34490
168; 303; 34477
169; 303; 34428
170; 303; 34370
171; 303; 34279
172; 303; 34184
173; 303; 34165
174; 303; 34231
175; 303; 34319
176; 303; 34392
177; 303; 34454
178; 303; 34519
179; 303; 34592
180; 303; 34642
181; 303; 34681
182; 303; 34638
183; 303; 34501
184; 303; 34207
185; 303; 33801
186; 303; 33602
187; 303; 33636
188; 303; 33736
189; 303; 33880
190; 303; 34238
191; 303; 34721
192; 303; 34989
193; 303; 34882
194; 303; 34570
195; 303; 34398
196; 303; 34385
197; 303; 34267
198; 303; 33886
199; 303; 33589
200; 303; 33754
201; 303; 34380
202; 303; 35075
203; 303; 35555
204; 303; 35869
205; 303; 36054
206; 303; 36064
207; 303; 35734
208; 303; 35100
209; 303; 34278
210; 303; 33572
211; 303; 33206
212; 303; 33213
213; 303; 33376
214; 303; 33355
215; 303; 33206
216; 303; 32921
217; 303; 32819
218; 303; 33035
219; 303; 33101
220; 303; 32900
161; 304; 34414
162; 304; 34413
163; 304; 34426
164; 304; 34402
165; 304; 34386
166; 304; 34426
167; 304; 34471
168; 304; 34463
169; 304; 34425
170; 304; 34388
171; 304; 34334
172; 304; 34266
173; 304; 34234
174; 304; 34266
175; 304; 34343
176; 304; 34406
177; 304; 34416
178; 304; 34408
179; 304; 34463
180; 304; 34610
181; 304; 34736
182; 304; 34724
183; 304; 34634
184; 304; 34384
185; 304; 34078
186; 304; 33803
187; 304; 33643
188; 304; 33542
189; 304; 33485
190; 304; 33622
191; 304; 34045
192; 304; 34576
193; 304; 34839
194; 304; 34796
195; 304; 34822
196; 304; 34878
197; 304; 34814
198; 304; 34513
199; 304; 34189
200; 304; 34167
201; 304; 34491
202; 304; 34912
203; 304; 35293
204; 304; 35561
205; 304; 35641
206; 304; 35449
207; 304; 34975
208; 304; 34304
209; 304; 33689
210; 304; 33210
211; 304; 32954
212; 304; 32915
213; 304; 33015
214; 304; 33191
215; 304; 33264
216; 304; 33236
217; 304; 32964
218; 304; 32918
219; 304; 33068
220; 304; 32967
161; 305; 34408
162; 305; 34417
163; 305; 34460
164; 305; 34434
165; 305; 34368
166; 305; 34355
167; 305; 34378
168; 305; 34380
169; 305; 34378
170; 305; 34414
171; 305; 34472
172; 305; 34482
173; 305; 34412
174; 305; 34321
175; 305; 34295
176; 305; 34324
177; 305; 34332
178; 305; 34308
179; 305; 34324
180; 305; 34413
181; 305; 34509
182; 305; 34547
183; 305; 34534
184; 305; 34545
185; 305; 34505
186; 305; 34381
187; 305; 34136
188; 305; 33864
189; 305; 33675
190; 305; 33628
191; 305; 33796
192; 305; 34146
193; 305; 34485
194; 305; 34662
195; 305; 34729
196; 305; 34789
197; 305; 34780
198; 305; 34616
199; 305; 34468
200; 305; 34432
201; 305; 34468
202; 305; 34492
203; 305; 34611
204; 305; 34683
205; 305; 34572
206; 305; 34260
207; 305; 33940
208; 305; 33666
209; 305; 33380
210; 305; 33099
211; 305; 32878
212; 305; 32811
213; 305; 32792
214; 305; 32994
215; 305; 33352
216; 305; 33490
217; 305; 33323
218; 305; 32949
219; 305; 32899
220; 305; 32887
161; 306; 34510
162; 306; 34565
163; 306; 34611
164; 306; 34542
165; 306; 34401
166; 306; 34326
167; 306; 34334
168; 306; 34351
169; 306; 34365
170; 306; 34426
171; 306; 34538
172; 306; 34607
173; 306; 34545
174; 306; 34401
175; 306; 34310
176; 306; 34315
177; 306; 34350
178; 306; 34355
179; 306; 34342
180; 306; 34331
181; 306; 34336
182; 306; 34372
183; 306; 34457
184; 306; 34591
185; 306; 34710
186; 306; 34752
187; 306; 34641
188; 306; 34447
189; 306; 34225
190; 306; 34054
191; 306; 34036
192; 306; 34210
193; 306; 34450
194; 306; 34596
195; 306; 34642
196; 306; 34623
197; 306; 34486
198; 306; 34362
199; 306; 34333
200; 306; 34340
201; 306; 34162
202; 306; 33956
203; 306; 33948
204; 306; 33997
205; 306; 33865
206; 306; 33709
207; 306; 33683
208; 306; 33637
209; 306; 33461
210; 306; 33222
211; 306; 33051
212; 306; 32937
213; 306; 32859
214; 306; 32980
215; 306; 33316
216; 306; 33489
217; 306; 33449
218; 306; 33173
219; 306; 32924
220; 306; 32844
161; 307; 34599
162; 307; 34678
163; 307; 34678
164; 307; 34565
165; 307; 34414
166; 307; 34353
167; 307; 34381
168; 307; 34398
169; 307; 34389
170; 307; 34421
171; 307; 34504
172; 307; 34571
173; 307; 34559
174; 307; 34484
175; 307; 34435
176; 307; 34446
177; 307; 34493
178; 307; 34533
179; 307; 34532
180; 307; 34477
181; 307; 34406
182; 307; 34378
183; 307; 34408
184; 307; 34471
185; 307; 34562
186; 307; 34670
187; 307; 34735
188; 307; 34760
189; 307; 34632
190; 307; 34464
191; 307; 34340
192; 307; 34417
193; 307; 34542
194; 307; 34651
195; 307; 34704
196; 307; 34676
197; 307; 34492
198; 307; 34309
199; 307; 34269
200; 307; 34227
201; 307; 34057
202; 307; 33931
203; 307; 33987
204; 307; 34053
205; 307; 34019
206; 307; 34068
207; 307; 34231
208; 307; 34183
209; 307; 33806
210; 307; 33430
211; 307; 33309
212; 307; 33267
213; 307; 33158
214; 307; 33060
215; 307; 33170
216; 307; 33350
217; 307; 33366
218; 307; 33255
219; 307; 33194
220; 307; 33067
161; 308; 34598
162; 308; 34657
163; 308; 34602
164; 308; 34482
165; 308; 34405
166; 308; 34432
167; 308; 34481
168; 308; 34458
169; 308; 34402
170; 308; 34413
171; 308; 34478
172; 308; 34517
173; 308; 34522
174; 308; 34515
175; 308; 34520
176; 308; 34540
177; 308; 34582
178; 308; 34644
179; 308; 34674
180; 308; 34624
181; 308; 34523
182; 308; 34434
183; 308; 34375
184; 308; 34344
185; 308; 34371
186; 308; 34486
187; 308; 34638
188; 308; 34721
189; 308; 34704
190; 308; 34642
191; 308; 34522
192; 308; 34445
193; 308; 34457
194; 308; 34556
195; 308; 34650
196; 308; 34644
197; 308; 34517
198; 308; 34425
199; 308; 34437
200; 308; 34411
201; 308; 34333
202; 308; 34357
203; 308; 34477
204; 308; 34520
205; 308; 34506
206; 308; 34633
207; 308; 34838
208; 308; 34764
209; 308; 34292
210; 308; 33690
211; 308; 33376
212; 308; 33314
213; 308; 33231
214; 308; 33023
215; 308; 32926
216; 308; 33027
217; 308; 33187
218; 308; 33235
219; 308; 33301
220; 308; 33372
161; 309; 34537
162; 309; 34577
163; 309; 34526
164; 309; 34455
165; 309; 34467
166; 309; 34548
167; 309; 34578
168; 309; 34498
169; 309; 34403
170; 309; 34417
171; 309; 34499
172; 309; 34535
173; 309; 34530
174; 309; 34527
175; 309; 34527
176; 309; 34517
177; 309; 34529
178; 309; 34592
179; 309; 34645
180; 309; 34616
181; 309; 34540
182; 309; 34484
183; 309; 34451
184; 309; 34423
185; 309; 34431
186; 309; 34485
187; 309; 34540
188; 309; 34588
189; 309; 34659
190; 309; 34712
191; 309; 34650
192; 309; 34464
193; 309; 34374
194; 309; 34414
195; 309; 34468
196; 309; 34427
197; 309; 34355
198; 309; 34407
199; 309; 34531
200; 309; 34561
201; 309; 34530
202; 309; 34597
203; 309; 34728
204; 309; 34707
205; 309; 34634
206; 309; 34701
207; 309; 34920
208; 309; 34969
209; 309; 34658
210; 309; 34011
211; 309; 33422
212; 309; 33090
213; 309; 32985
214; 309; 32904
215; 309; 32859
216; 309; 32842
217; 309; 32878
218; 309; 33038
219; 309; 33230
220; 309; 33436
161; 310; 34510
162; 310; 34559
163; 310; 34567
164; 310; 34546
165; 310; 34563
166; 310; 34611
167; 310; 34604
168; 310; 34509
169; 310; 34420
170; 310; 34436
171; 310; 34507
172; 310; 34540
173; 310; 34545
174; 310; 34558
175; 310; 34547
176; 310; 34486
177; 310; 34443
178; 310; 34486
179; 310; 34556
180; 310; 34563
181; 310; 34550
182; 310; 34586
183; 310; 34622
184; 310; 34597
185; 310; 34550
186; 310; 34512
187; 310; 34455
188; 310; 34427
189; 310; 34524
190; 310; 34689
191; 310; 34747
192; 310; 34675
193; 310; 34512
194; 310; 34440
195; 310; 34390
196; 310; 34269
197; 310; 34217
198; 310; 34299
199; 310; 34535
200; 310; 34582
201; 310; 34507
202; 310; 34490
203; 310; 34582
204; 310; 34593
205; 310; 34415
206; 310; 34329
207; 310; 34541
208; 310; 34819
209; 310; 34816
210; 310; 34397
211; 310; 33720
212; 310; 33211
213; 310; 33054
214; 310; 33118
215; 310; 33066
216; 310; 32825
217; 310; 32840
218; 310; 32884
219; 310; 33113
220; 310; 33380
161; 311; 34577
162; 311; 34605
163; 311; 34625
164; 311; 34596
165; 311; 34562
166; 311; 34569
167; 311; 34565
168; 311; 34504
169; 311; 34451
170; 311; 34471
171; 311; 34513
172; 311; 34518
173; 311; 34529
174; 311; 34573
175; 311; 34578
176; 311; 34503
177; 311; 34436
178; 311; 34467
179; 311; 34543
180; 311; 34569
181; 311; 34590
182; 311; 34662
183; 311; 34705
184; 311; 34630
185; 311; 34495
186; 311; 34394
187; 311; 34324
188; 311; 34287
189; 311; 34346
190; 311; 34500
191; 311; 34677
192; 311; 34756
193; 311; 34782
194; 311; 34691
195; 311; 34505
196; 311; 34318
197; 311; 34229
198; 311; 34365
199; 311; 34637
200; 311; 34709
201; 311; 34526
202; 311; 34362
203; 311; 34350
204; 311; 34337
205; 311; 34193
206; 311; 34089
207; 311; 34223
208; 311; 34598
209; 311; 34785
210; 311; 34731
211; 311; 34395
212; 311; 34018
213; 311; 33837
214; 311; 33837
215; 311; 33620
216; 311; 33161
217; 311; 32838
218; 311; 32850
219; 311; 33189
220; 311; 33619
161; 312; 34675
162; 312; 34618
163; 312; 34587
164; 312; 34532
165; 312; 34484
166; 312; 34506
167; 312; 34551
168; 312; 34536
169; 312; 34508
170; 312; 34533
171; 312; 34565
172; 312; 34554
173; 312; 34553
174; 312; 34585
175; 312; 34577
176; 312; 34510
177; 312; 34469
178; 312; 34517
179; 312; 34583
180; 312; 34586
181; 312; 34578
182; 312; 34619
183; 312; 34640
184; 312; 34542
185; 312; 34378
186; 312; 34281
187; 312; 34272
188; 312; 34278
189; 312; 34285
190; 312; 34350
191; 312; 34503
192; 312; 34682
193; 312; 34777
194; 312; 34769
195; 312; 34697
196; 312; 34524
197; 312; 34443
198; 312; 34567
199; 312; 34815
200; 312; 34911
201; 312; 34781
202; 312; 34575
203; 312; 34434
204; 312; 34363
205; 312; 34213
206; 312; 34123
207; 312; 34187
208; 312; 34464
209; 312; 34771
210; 312; 34952
211; 312; 35034
212; 312; 34988
213; 312; 34791
214; 312; 34533
215; 312; 34197
216; 312; 33741
217; 312; 33212
218; 312; 33020
219; 312; 33389
220; 312; 34141
161; 313; 34689
162; 313; 34557
163; 313; 34509
164; 313; 34489
165; 313; 34475
166; 313; 34515
167; 313; 34589
168; 313; 34623
169; 313; 34624
170; 313; 34641
171; 313; 34652
172; 313; 34639
173; 313; 34639
174; 313; 34651
175; 313; 34608
176; 313; 34523
177; 313; 34492
178; 313; 34551
179; 313; 34607
180; 313; 34583
181; 313; 34542
182; 313; 34557
183; 313; 34584
184; 313; 34528
185; 313; 34422
186; 313; 34380
187; 313; 34410
188; 313; 34429
189; 313; 34410
190; 313; 34419
191; 313; 34497
192; 313; 34595
193; 313; 34666
194; 313; 34724
195; 313; 34767
196; 313; 34766
197; 313; 34718
198; 313; 34741
199; 313; 34837
200; 313; 34894
201; 313; 34866
202; 313; 34765
203; 313; 34685
204; 313; 34546
205; 313; 34297
206; 313; 34139
207; 313; 34167
208; 313; 34381
209; 313; 34632
210; 313; 34945
211; 313; 35275
212; 313; 35444
213; 313; 35259
214; 313; 34856
215; 313; 34525
216; 313; 34257
217; 313; 33791
218; 313; 33331
219; 313; 33433
220; 313; 34342
161; 314; 34598
162; 314; 34482
163; 314; 34492
164; 314; 34543
165; 314; 34545
166; 314; 34543
167; 314; 34599
168; 314; 34687
169; 314; 34746
170; 314; 34750
171; 314; 34707
172; 314; 34664
173; 314; 34678
174; 314; 34718
175; 314; 34694
176; 314; 34607
177; 314; 34559
178; 314; 34591
179; 314; 34609
180; 314; 34564
181; 314; 34530
182; 314; 34569
183; 314; 34621
184; 314; 34610
185; 314; 34577
186; 314; 34590
187; 314; 34614
188; 314; 34599
189; 314; 34568
190; 314; 34566
191; 314; 34582
192; 314; 34575
193; 314; 34574
194; 314; 34657
195; 314; 34819
196; 314; 34935
197; 314; 34923
198; 314; 34805
199; 314; 34743
200; 314; 34721
201; 314; 34690
202; 314; 34667
203; 314; 34671
204; 314; 34615
205; 314; 34389
206; 314; 34205
207; 314; 34199
208; 314; 34340
209; 314; 34478
210; 314; 34680
211; 314; 35044
212; 314; 35316
213; 314; 35225
214; 314; 34881
215; 314; 34694
216; 314; 34647
217; 314; 34380
218; 314; 33772
219; 314; 33418
220; 314; 33857
161; 315; 34524
162; 315; 34470
163; 315; 34515
164; 315; 34576
165; 315; 34563
166; 315; 34526
167; 315; 34563
168; 315; 34678
169; 315; 34774
170; 315; 34775
171; 315; 34693
172; 315; 34619
173; 315; 34631
174; 315; 34696
175; 315; 34724
176; 315; 34702
177; 315; 34689
178; 315; 34689
179; 315; 34629
180; 315; 34525
181; 315; 34489
182; 315; 34552
183; 315; 34623
184; 315; 34650
185; 315; 34685
186; 315; 34732
187; 315; 34728
188; 315; 34669
189; 315; 34617
190; 315; 34595
191; 315; 34559
192; 315; 34503
193; 315; 34495
194; 315; 34602
195; 315; 34801
196; 315; 34983
197; 315; 34985
198; 315; 34837
199; 315; 34689
200; 315; 34591
201; 315; 34507
202; 315; 34475
203; 315; 34551
204; 315; 34655
205; 315; 34650
206; 315; 34537
207; 315; 34478
208; 315; 34449
209; 315; 34437
210; 315; 34422
211; 315; 34632
212; 315; 34957
213; 315; 35053
214; 315; 34936
215; 315; 34887
216; 315; 34922
217; 315; 34830
218; 315; 34381
219; 315; 33698
220; 315; 33352
