324; 128; 33791
325; 128; 33849
326; 128; 33911
327; 128; 33946
328; 128; 33908
329; 128; 33835
330; 128; 33794
331; 128; 33791
332; 128; 33822
333; 128; 33883
334; 128; 33885
335; 128; 33707
336; 128; 33449
337; 128; 33358
338; 128; 33452
339; 128; 33416
340; 128; 33245
341; 128; 33189
342; 128; 33420
343; 128; 33849
344; 128; 34048
345; 128; 33951
346; 128; 33851
347; 128; 33938
348; 128; 33993
349; 128; 33890
350; 128; 33784
351; 128; 33795
352; 128; 33864
353; 128; 33934
354; 128; 34029
355; 128; 34092
356; 128; 34052
357; 128; 33992
358; 128; 33985
359; 128; 33904
360; 128; 33741
361; 128; 33532
362; 128; 33441
363; 128; 33377
364; 128; 33335
365; 128; 33347
366; 128; 33403
367; 128; 33417
368; 128; 33344
369; 128; 33273
370; 128; 33245
371; 128; 33190
372; 128; 33087
373; 128; 33058
374; 128; 33095
375; 128; 33167
376; 128; 33183
377; 128; 33140
378; 128; 33065
379; 128; 33086
380; 128; 33116
381; 128; 33130
382; 128; 33107
383; 128; 33103
384; 128; 33164
385; 128; 33332
386; 128; 33498
387; 128; 33587
324; 129; 33694
325; 129; 33758
326; 129; 33848
327; 129; 33893
328; 129; 33862
329; 129; 33803
330; 129; 33780
331; 129; 33784
332; 129; 33811
333; 129; 33877
334; 129; 33896
335; 129; 33700
336; 129; 33292
337; 129; 33153
338; 129; 33243
339; 129; 33198
340; 129; 33083
341; 129; 33178
342; 129; 33621
343; 129; 33991
344; 129; 34057
345; 129; 33849
346; 129; 33713
347; 129; 33739
348; 129; 33829
349; 129; 33806
350; 129; 33772
351; 129; 33822
352; 129; 33886
353; 129; 33900
354; 129; 33901
355; 129; 33921
356; 129; 33939
357; 129; 33972
358; 129; 34039
359; 129; 34128
360; 129; 34179
361; 129; 34134
362; 129; 34013
363; 129; 33809
364; 129; 33529
365; 129; 33409
366; 129; 33462
367; 129; 33484
368; 129; 33440
369; 129; 33408
370; 129; 33441
371; 129; 33427
372; 129; 33314
373; 129; 33210
374; 129; 33212
375; 129; 33319
376; 129; 33413
377; 129; 33424
378; 129; 33356
379; 129; 33263
380; 129; 33224
381; 129; 33205
382; 129; 33142
383; 129; 33096
384; 129; 33118
385; 129; 33185
386; 129; 33402
387; 129; 33706
324; 130; 33674
325; 130; 33719
326; 130; 33804
327; 130; 33876
328; 130; 33891
329; 130; 33855
330; 130; 33826
331; 130; 33815
332; 130; 33793
333; 130; 33817
334; 130; 33861
335; 130; 33742
336; 130; 33272
337; 130; 32961
338; 130; 32925
339; 130; 32966
340; 130; 32996
341; 130; 33256
342; 130; 33627
343; 130; 33697
344; 130; 33481
345; 130; 33332
346; 130; 33375
347; 130; 33623
348; 130; 33808
349; 130; 33854
350; 130; 33869
351; 130; 33899
352; 130; 33936
353; 130; 33942
354; 130; 33929
355; 130; 33930
356; 130; 33955
357; 130; 33990
358; 130; 34016
359; 130; 34060
360; 130; 34150
361; 130; 34208
362; 130; 34205
363; 130; 34046
364; 130; 33786
365; 130; 33566
366; 130; 33569
367; 130; 33710
368; 130; 33764
369; 130; 33790
370; 130; 33840
371; 130; 33835
372; 130; 33738
373; 130; 33636
374; 130; 33576
375; 130; 33542
376; 130; 33528
377; 130; 33562
378; 130; 33533
379; 130; 33418
380; 130; 33297
381; 130; 33255
382; 130; 33244
383; 130; 33272
384; 130; 33265
385; 130; 33217
386; 130; 33284
387; 130; 33447
324; 131; 33727
325; 131; 33728
326; 131; 33776
327; 131; 33863
328; 131; 33912
329; 131; 33875
330; 131; 33823
331; 131; 33802
332; 131; 33757
333; 131; 33750
334; 131; 33852
335; 131; 33873
336; 131; 33454
337; 131; 33036
338; 131; 32869
339; 131; 32911
340; 131; 33115
341; 131; 33504
342; 131; 33619
343; 131; 33348
344; 131; 32988
345; 131; 32964
346; 131; 33212
347; 131; 33512
348; 131; 33763
349; 131; 33895
350; 131; 33930
351; 131; 33946
352; 131; 33976
353; 131; 33999
354; 131; 34006
355; 131; 34016
356; 131; 34042
357; 131; 34043
358; 131; 33982
359; 131; 33921
360; 131; 33952
361; 131; 34041
362; 131; 34075
363; 131; 34020
364; 131; 33866
365; 131; 33701
366; 131; 33695
367; 131; 33851
368; 131; 33974
369; 131; 34063
370; 131; 34080
371; 131; 34004
372; 131; 33884
373; 131; 33806
374; 131; 33737
375; 131; 33620
376; 131; 33533
377; 131; 33544
378; 131; 33536
379; 131; 33445
380; 131; 33338
381; 131; 33311
382; 131; 33428
383; 131; 33638
384; 131; 33724
385; 131; 33660
386; 131; 33455
387; 131; 33402
324; 132; 33799
325; 132; 33766
326; 132; 33769
327; 132; 33824
328; 132; 33857
329; 132; 33817
330; 132; 33780
331; 132; 33785
332; 132; 33746
333; 132; 33700
334; 132; 33786
335; 132; 33870
336; 132; 33762
337; 132; 33390
338; 132; 33191
339; 132; 33187
340; 132; 33407
341; 132; 33763
342; 132; 33803
343; 132; 33314
344; 132; 32870
345; 132; 32910
346; 132; 33113
347; 132; 33283
348; 132; 33479
349; 132; 33736
350; 132; 33917
351; 132; 33985
352; 132; 34002
353; 132; 33957
354; 132; 33916
355; 132; 33939
356; 132; 33998
357; 132; 34022
358; 132; 33980
359; 132; 33932
360; 132; 33948
361; 132; 33986
362; 132; 33974
363; 132; 33914
364; 132; 33834
365; 132; 33685
366; 132; 33633
367; 132; 33714
368; 132; 33946
369; 132; 34038
370; 132; 33989
371; 132; 33852
372; 132; 33750
373; 132; 33760
374; 132; 33804
375; 132; 33744
376; 132; 33676
377; 132; 33650
378; 132; 33612
379; 132; 33521
380; 132; 33451
381; 132; 33479
382; 132; 33618
383; 132; 33870
384; 132; 33980
385; 132; 33951
386; 132; 33730
387; 132; 33494
324; 133; 33825
325; 133; 33805
326; 133; 33791
327; 133; 33782
328; 133; 33763
329; 133; 33744
330; 133; 33764
331; 133; 33796
332; 133; 33756
333; 133; 33661
334; 133; 33651
335; 133; 33750
336; 133; 33842
337; 133; 33842
338; 133; 33770
339; 133; 33727
340; 133; 33831
341; 133; 34016
342; 133; 33946
343; 133; 33448
344; 133; 33004
345; 133; 32978
346; 133; 33074
347; 133; 33051
348; 133; 33100
349; 133; 33358
350; 133; 33779
351; 133; 34064
352; 133; 34059
353; 133; 33916
354; 133; 33798
355; 133; 33820
356; 133; 33903
357; 133; 33955
358; 133; 33988
359; 133; 34051
360; 133; 34126
361; 133; 34094
362; 133; 33978
363; 133; 33804
364; 133; 33678
365; 133; 33588
366; 133; 33573
367; 133; 33630
368; 133; 33810
369; 133; 33894
370; 133; 33830
371; 133; 33707
372; 133; 33668
373; 133; 33762
374; 133; 33889
375; 133; 33985
376; 133; 34013
377; 133; 34003
378; 133; 33929
379; 133; 33809
380; 133; 33722
381; 133; 33700
382; 133; 33771
383; 133; 33894
384; 133; 33943
385; 133; 33840
386; 133; 33578
387; 133; 33554
324; 134; 33759
325; 134; 33769
326; 134; 33766
327; 134; 33727
328; 134; 33688
329; 134; 33703
330; 134; 33752
331; 134; 33761
332; 134; 33708
333; 134; 33633
334; 134; 33593
335; 134; 33628
336; 134; 33822
337; 134; 34061
338; 134; 34178
339; 134; 34177
340; 134; 34178
341; 134; 34163
342; 134; 34035
343; 134; 33634
344; 134; 33195
345; 134; 33100
346; 134; 33172
347; 134; 33045
348; 134; 32937
349; 134; 33084
350; 134; 33625
351; 134; 34097
352; 134; 34122
353; 134; 33980
354; 134; 33879
355; 134; 33889
356; 134; 33920
357; 134; 33937
358; 134; 34006
359; 134; 34138
360; 134; 34197
361; 134; 34102
362; 134; 33845
363; 134; 33685
364; 134; 33596
365; 134; 33607
366; 134; 33742
367; 134; 33865
368; 134; 33914
369; 134; 33931
370; 134; 33894
371; 134; 33856
372; 134; 33878
373; 134; 33948
374; 134; 34007
375; 134; 34049
376; 134; 34104
377; 134; 34138
378; 134; 34135
379; 134; 34118
380; 134; 34088
381; 134; 33976
382; 134; 33858
383; 134; 33898
384; 134; 33880
385; 134; 33722
386; 134; 33570
387; 134; 33682
324; 135; 33631
325; 135; 33645
326; 135; 33659
327; 135; 33664
328; 135; 33680
329; 135; 33722
330; 135; 33735
331; 135; 33681
332; 135; 33643
333; 135; 33678
334; 135; 33716
335; 135; 33729
336; 135; 33799
337; 135; 34031
338; 135; 34206
339; 135; 34260
340; 135; 34249
341; 135; 34162
342; 135; 34066
343; 135; 33800
344; 135; 33388
345; 135; 33246
346; 135; 33371
347; 135; 33209
348; 135; 32934
349; 135; 33031
350; 135; 33630
351; 135; 34094
352; 135; 34092
353; 135; 34022
354; 135; 34027
355; 135; 34026
356; 135; 33978
357; 135; 33970
358; 135; 34046
359; 135; 34114
360; 135; 34033
361; 135; 33792
362; 135; 33732
363; 135; 33752
364; 135; 33792
365; 135; 33982
366; 135; 34162
367; 135; 34200
368; 135; 34069
369; 135; 34030
370; 135; 34071
371; 135; 34119
372; 135; 34149
373; 135; 34153
374; 135; 34111
375; 135; 34074
376; 135; 34076
377; 135; 34102
378; 135; 34166
379; 135; 34264
380; 135; 34293
381; 135; 34211
382; 135; 34038
383; 135; 33939
384; 135; 33890
385; 135; 33854
386; 135; 33951
387; 135; 34077
324; 136; 33539
325; 136; 33534
326; 136; 33553
327; 136; 33621
328; 136; 33717
329; 136; 33781
330; 136; 33749
331; 136; 33656
332; 136; 33644
333; 136; 33753
334; 136; 33859
335; 136; 33887
336; 136; 33884
337; 136; 33907
338; 136; 33990
339; 136; 34067
340; 136; 34044
341; 136; 33984
342; 136; 34010
343; 136; 33955
344; 136; 33563
345; 136; 33366
346; 136; 33460
347; 136; 33451
348; 136; 33147
349; 136; 33236
350; 136; 33790
351; 136; 34052
352; 136; 33970
353; 136; 33939
354; 136; 34004
355; 136; 33996
356; 136; 33955
357; 136; 34005
358; 136; 34078
359; 136; 34024
360; 136; 33672
361; 136; 33462
362; 136; 33629
363; 136; 33966
364; 136; 34171
365; 136; 34196
366; 136; 34211
367; 136; 34158
368; 136; 34022
369; 136; 34007
370; 136; 34088
371; 136; 34148
372; 136; 34175
373; 136; 34189
374; 136; 34163
375; 136; 34102
376; 136; 34043
377; 136; 34036
378; 136; 34127
379; 136; 34253
380; 136; 34307
381; 136; 34244
382; 136; 34172
383; 136; 34011
384; 136; 33897
385; 136; 34037
386; 136; 34314
387; 136; 34304
324; 137; 33549
325; 137; 33542
326; 137; 33548
327; 137; 33625
328; 137; 33747
329; 137; 33818
330; 137; 33774
331; 137; 33685
332; 137; 33679
333; 137; 33760
334; 137; 33836
335; 137; 33872
336; 137; 33871
337; 137; 33834
338; 137; 33816
339; 137; 33834
340; 137; 33817
341; 137; 33837
342; 137; 33994
343; 137; 34049
344; 137; 33709
345; 137; 33444
346; 137; 33540
347; 137; 33629
348; 137; 33437
349; 137; 33493
350; 137; 33892
351; 137; 33972
352; 137; 33878
353; 137; 33854
354; 137; 33883
355; 137; 33865
356; 137; 33901
357; 137; 34001
358; 137; 34030
359; 137; 33832
360; 137; 33548
361; 137; 33424
362; 137; 33630
363; 137; 34082
364; 137; 34194
365; 137; 34135
366; 137; 34056
367; 137; 34017
368; 137; 33994
369; 137; 34011
370; 137; 34023
371; 137; 34006
372; 137; 34026
373; 137; 34096
374; 137; 34145
375; 137; 34131
376; 137; 34070
377; 137; 34026
378; 137; 34073
379; 137; 34150
380; 137; 34159
381; 137; 34172
382; 137; 34226
383; 137; 34155
384; 137; 33910
385; 137; 33921
386; 137; 34267
387; 137; 34257
324; 138; 33608
325; 138; 33626
326; 138; 33635
327; 138; 33672
328; 138; 33749
329; 138; 33804
330; 138; 33776
331; 138; 33708
332; 138; 33695
333; 138; 33715
334; 138; 33719
335; 138; 33745
336; 138; 33799
337; 138; 33812
338; 138; 33786
339; 138; 33759
340; 138; 33734
341; 138; 33785
342; 138; 33962
343; 138; 34027
344; 138; 33818
345; 138; 33558
346; 138; 33652
347; 138; 33714
348; 138; 33618
349; 138; 33641
350; 138; 33811
351; 138; 33867
352; 138; 33851
353; 138; 33871
354; 138; 33863
355; 138; 33862
356; 138; 33943
357; 138; 33967
358; 138; 33834
359; 138; 33773
360; 138; 33836
361; 138; 33814
362; 138; 33789
363; 138; 34002
364; 138; 34091
365; 138; 34018
366; 138; 33961
367; 138; 34016
368; 138; 34099
369; 138; 34119
370; 138; 34048
371; 138; 33940
372; 138; 33915
373; 138; 33992
374; 138; 34086
375; 138; 34146
376; 138; 34146
377; 138; 34103
378; 138; 34095
379; 138; 34106
380; 138; 34080
381; 138; 34129
382; 138; 34271
383; 138; 34294
384; 138; 33926
385; 138; 33725
386; 138; 33934
387; 138; 34110
324; 139; 33630
325; 139; 33650
326; 139; 33677
327; 139; 33684
328; 139; 33711
329; 139; 33762
330; 139; 33770
331; 139; 33723
332; 139; 33693
333; 139; 33687
334; 139; 33675
335; 139; 33691
336; 139; 33758
337; 139; 33815
338; 139; 33813
339; 139; 33766
340; 139; 33721
341; 139; 33754
342; 139; 33873
343; 139; 33939
344; 139; 33868
345; 139; 33775
346; 139; 33773
347; 139; 33749
348; 139; 33697
349; 139; 33712
350; 139; 33761
351; 139; 33775
352; 139; 33830
353; 139; 33923
354; 139; 33967
355; 139; 34018
356; 139; 34049
357; 139; 33858
358; 139; 33512
359; 139; 33669
360; 139; 34070
361; 139; 34100
362; 139; 33959
363; 139; 33933
364; 139; 34021
365; 139; 34023
366; 139; 34002
367; 139; 34059
368; 139; 34134
369; 139; 34158
370; 139; 34112
371; 139; 34007
372; 139; 33924
373; 139; 33941
374; 139; 34036
375; 139; 34144
376; 139; 34190
377; 139; 34151
378; 139; 34113
379; 139; 34119
380; 139; 34109
381; 139; 34134
382; 139; 34231
383; 139; 34211
384; 139; 33842
385; 139; 33571
386; 139; 33667
387; 139; 34065
324; 140; 33614
325; 140; 33594
326; 140; 33620
327; 140; 33633
328; 140; 33660
329; 140; 33729
330; 140; 33777
331; 140; 33742
332; 140; 33686
333; 140; 33678
334; 140; 33705
335; 140; 33736
336; 140; 33776
337; 140; 33816
338; 140; 33817
339; 140; 33764
340; 140; 33707
341; 140; 33722
342; 140; 33805
343; 140; 33889
344; 140; 33937
345; 140; 33944
346; 140; 33874
347; 140; 33778
348; 140; 33754
349; 140; 33812
350; 140; 33832
351; 140; 33798
352; 140; 33841
353; 140; 33976
354; 140; 34058
355; 140; 34089
356; 140; 33908
357; 140; 33488
358; 140; 33258
359; 140; 33459
360; 140; 33880
361; 140; 33967
362; 140; 33866
363; 140; 33926
364; 140; 34053
365; 140; 34055
366; 140; 34023
367; 140; 34043
368; 140; 34064
369; 140; 34080
370; 140; 34107
371; 140; 34065
372; 140; 33995
373; 140; 33975
374; 140; 34022
375; 140; 34089
376; 140; 34122
377; 140; 34083
378; 140; 34029
379; 140; 34040
380; 140; 34078
381; 140; 34093
382; 140; 34095
383; 140; 34040
384; 140; 33776
385; 140; 33608
386; 140; 33698
387; 140; 34078
324; 141; 33611
325; 141; 33556
326; 141; 33569
327; 141; 33610
328; 141; 33653
329; 141; 33725
330; 141; 33788
331; 141; 33768
332; 141; 33698
333; 141; 33680
334; 141; 33729
335; 141; 33776
336; 141; 33802
337; 141; 33828
338; 141; 33835
339; 141; 33804
340; 141; 33770
341; 141; 33779
342; 141; 33825
343; 141; 33893
344; 141; 33984
345; 141; 34037
346; 141; 33965
347; 141; 33825
348; 141; 33789
349; 141; 33875
350; 141; 33938
351; 141; 33929
352; 141; 33942
353; 141; 34018
354; 141; 34005
355; 141; 33756
356; 141; 33320
357; 141; 33105
358; 141; 33205
359; 141; 33406
360; 141; 33405
361; 141; 33329
362; 141; 33449
363; 141; 33852
364; 141; 34066
365; 141; 34049
366; 141; 34024
367; 141; 34066
368; 141; 34060
369; 141; 33999
370; 141; 33988
371; 141; 33989
372; 141; 33988
373; 141; 34023
374; 141; 34027
375; 141; 34003
376; 141; 34015
377; 141; 34018
378; 141; 33950
379; 141; 33895
380; 141; 33927
381; 141; 34008
382; 141; 34058
383; 141; 34027
384; 141; 33929
385; 141; 33802
386; 141; 33711
387; 141; 33763
324; 142; 33628
325; 142; 33582
326; 142; 33586
327; 142; 33659
328; 142; 33713
329; 142; 33754
330; 142; 33806
331; 142; 33816
332; 142; 33769
333; 142; 33729
334; 142; 33737
335; 142; 33761
336; 142; 33798
337; 142; 33852
338; 142; 33885
339; 142; 33884
340; 142; 33882
341; 142; 33881
342; 142; 33866
343; 142; 33882
344; 142; 33972
345; 142; 34053
346; 142; 34008
347; 142; 33874
348; 142; 33816
349; 142; 33892
350; 142; 33997
351; 142; 34032
352; 142; 34029
353; 142; 33878
354; 142; 33583
355; 142; 33176
356; 142; 32962
357; 142; 33050
358; 142; 33403
359; 142; 33443
360; 142; 33122
361; 142; 32937
362; 142; 33216
363; 142; 33806
364; 142; 34119
365; 142; 34090
366; 142; 34057
367; 142; 34101
368; 142; 34084
369; 142; 33911
370; 142; 33713
371; 142; 33720
372; 142; 33872
373; 142; 34037
374; 142; 34035
375; 142; 33958
376; 142; 33966
377; 142; 34023
378; 142; 33969
379; 142; 33825
380; 142; 33789
381; 142; 33919
382; 142; 34065
383; 142; 34040
384; 142; 33847
385; 142; 33533
386; 142; 33121
387; 142; 32942
324; 143; 33646
325; 143; 33606
326; 143; 33587
327; 143; 33695
328; 143; 33792
329; 143; 33794
330; 143; 33794
331; 143; 33820
332; 143; 33822
333; 143; 33784
334; 143; 33737
335; 143; 33722
336; 143; 33777
337; 143; 33870
338; 143; 33915
339; 143; 33909
340; 143; 33906
341; 143; 33897
342; 143; 33855
343; 143; 33844
344; 143; 33909
345; 143; 33977
346; 143; 33964
347; 143; 33908
348; 143; 33895
349; 143; 33935
350; 143; 34016
351; 143; 33958
352; 143; 33731
353; 143; 33371
354; 143; 33148
355; 143; 33072
356; 143; 33107
357; 143; 33408
358; 143; 33608
359; 143; 33442
360; 143; 33037
361; 143; 32992
362; 143; 33392
363; 143; 33921
364; 143; 34101
365; 143; 34122
366; 143; 33977
367; 143; 33862
368; 143; 33767
369; 143; 33580
370; 143; 33521
371; 143; 33667
372; 143; 33972
373; 143; 34106
374; 143; 34077
375; 143; 33936
376; 143; 33846
377; 143; 33942
378; 143; 33929
379; 143; 33863
380; 143; 33815
381; 143; 33807
382; 143; 33734
383; 143; 33532
384; 143; 33307
385; 143; 33181
386; 143; 32991
387; 143; 32914
324; 144; 33643
325; 144; 33620
326; 144; 33550
327; 144; 33655
328; 144; 33821
329; 144; 33830
330; 144; 33750
331; 144; 33740
332; 144; 33782
333; 144; 33786
334; 144; 33743
335; 144; 33723
336; 144; 33780
337; 144; 33865
338; 144; 33884
339; 144; 33860
340; 144; 33864
341; 144; 33872
342; 144; 33851
343; 144; 33846
344; 144; 33871
345; 144; 33869
346; 144; 33860
347; 144; 33907
348; 144; 33968
349; 144; 33939
350; 144; 33770
351; 144; 33450
352; 144; 33175
353; 144; 33110
354; 144; 33200
355; 144; 33378
356; 144; 33493
357; 144; 33577
358; 144; 33608
359; 144; 33374
360; 144; 33202
361; 144; 33450
362; 144; 33917
363; 144; 33998
364; 144; 33966
365; 144; 33781
366; 144; 33519
367; 144; 33274
368; 144; 33207
369; 144; 33238
370; 144; 33402
371; 144; 33743
372; 144; 34131
373; 144; 34216
374; 144; 34162
375; 144; 33868
376; 144; 33640
377; 144; 33598
378; 144; 33754
379; 144; 33979
380; 144; 34010
381; 144; 33634
382; 144; 33211
383; 144; 33044
384; 144; 33178
385; 144; 33571
386; 144; 34019
387; 144; 34225
324; 145; 33582
325; 145; 33685
326; 145; 33564
327; 145; 33588
328; 145; 33786
329; 145; 33865
330; 145; 33751
331; 145; 33681
332; 145; 33733
333; 145; 33787
334; 145; 33790
335; 145; 33793
336; 145; 33820
337; 145; 33836
338; 145; 33817
339; 145; 33806
340; 145; 33841
341; 145; 33868
342; 145; 33858
343; 145; 33866
344; 145; 33878
345; 145; 33828
346; 145; 33790
347; 145; 33845
348; 145; 33847
349; 145; 33574
350; 145; 33196
351; 145; 33031
352; 145; 33063
353; 145; 33180
354; 145; 33554
355; 145; 33655
356; 145; 33455
357; 145; 33405
358; 145; 33576
359; 145; 33626
360; 145; 33736
361; 145; 34014
362; 145; 34119
363; 145; 33831
364; 145; 33336
365; 145; 33137
366; 145; 33056
367; 145; 33086
368; 145; 33099
369; 145; 33122
370; 145; 33212
371; 145; 33631
372; 145; 34117
373; 145; 34268
374; 145; 34175
375; 145; 33867
376; 145; 33561
377; 145; 33528
378; 145; 33706
379; 145; 34151
380; 145; 34213
381; 145; 33674
382; 145; 33104
383; 145; 33123
384; 145; 33824
385; 145; 34775
386; 145; 35546
387; 145; 35762
324; 146; 33460
325; 146; 33824
326; 146; 33721
327; 146; 33594
328; 146; 33718
329; 146; 33866
330; 146; 33819
331; 146; 33736
332; 146; 33749
333; 146; 33792
334; 146; 33820
335; 146; 33850
336; 146; 33854
337; 146; 33815
338; 146; 33788
339; 146; 33808
340; 146; 33838
341; 146; 33822
342; 146; 33789
343; 146; 33827
344; 146; 33893
345; 146; 33868
346; 146; 33794
347; 146; 33749
348; 146; 33470
349; 146; 33055
350; 146; 32983
351; 146; 33074
352; 146; 33247
353; 146; 33556
354; 146; 33830
355; 146; 33689
356; 146; 33333
357; 146; 33419
358; 146; 33911
359; 146; 34166
360; 146; 34110
361; 146; 34051
362; 146; 33750
363; 146; 33130
364; 146; 32940
365; 146; 33052
366; 146; 33252
367; 146; 33380
368; 146; 33397
369; 146; 33262
370; 146; 33183
371; 146; 33434
372; 146; 33884
373; 146; 34146
374; 146; 34090
375; 146; 33961
376; 146; 33745
377; 146; 33660
378; 146; 33898
379; 146; 34248
380; 146; 34324
381; 146; 33917
382; 146; 33505
383; 146; 33759
384; 146; 34259
385; 146; 34674
386; 146; 35031
387; 146; 35138
324; 147; 33295
325; 147; 33810
326; 147; 33904
327; 147; 33701
328; 147; 33652
329; 147; 33778
330; 147; 33847
331; 147; 33827
332; 147; 33789
333; 147; 33751
334; 147; 33756
335; 147; 33817
336; 147; 33854
337; 147; 33845
338; 147; 33845
339; 147; 33855
340; 147; 33822
341; 147; 33735
342; 147; 33682
343; 147; 33759
344; 147; 33887
345; 147; 33909
346; 147; 33844
347; 147; 33650
348; 147; 33190
349; 147; 32909
350; 147; 33013
351; 147; 33385
352; 147; 33734
353; 147; 33920
354; 147; 34019
355; 147; 33898
356; 147; 33706
357; 147; 33862
358; 147; 34159
359; 147; 34223
360; 147; 33934
361; 147; 33482
362; 147; 33053
363; 147; 32949
364; 147; 33111
365; 147; 33517
366; 147; 33771
367; 147; 33861
368; 147; 33858
369; 147; 33764
370; 147; 33611
371; 147; 33632
372; 147; 33791
373; 147; 33915
374; 147; 33995
375; 147; 34031
376; 147; 34017
377; 147; 33939
378; 147; 33965
379; 147; 34174
380; 147; 34237
381; 147; 34082
382; 147; 33983
383; 147; 34042
384; 147; 34004
385; 147; 33579
386; 147; 33355
387; 147; 33348
324; 148; 33177
325; 148; 33649
326; 148; 33959
327; 148; 33839
328; 148; 33637
329; 148; 33639
330; 148; 33757
331; 148; 33836
332; 148; 33819
333; 148; 33740
334; 148; 33708
335; 148; 33758
336; 148; 33817
337; 148; 33857
338; 148; 33883
339; 148; 33855
340; 148; 33769
341; 148; 33684
342; 148; 33672
343; 148; 33760
344; 148; 33877
345; 148; 33908
346; 148; 33855
347; 148; 33635
348; 148; 33241
349; 148; 33102
350; 148; 33417
351; 148; 33950
352; 148; 34157
353; 148; 34130
354; 148; 34100
355; 148; 34162
356; 148; 34156
357; 148; 34103
358; 148; 33962
359; 148; 33581
360; 148; 33244
361; 148; 33056
362; 148; 32996
363; 148; 33271
364; 148; 33659
365; 148; 33855
366; 148; 33786
367; 148; 33789
368; 148; 33892
369; 148; 34069
370; 148; 34167
371; 148; 34108
372; 148; 33895
373; 148; 33823
374; 148; 33929
375; 148; 34079
376; 148; 34095
377; 148; 33944
378; 148; 33807
379; 148; 33829
380; 148; 33862
381; 148; 33873
382; 148; 33941
383; 148; 33908
384; 148; 33493
385; 148; 32963
386; 148; 32768
387; 148; 32768
324; 149; 33241
325; 149; 33419
326; 149; 33901
327; 149; 33930
328; 149; 33696
329; 149; 33570
330; 149; 33637
331; 149; 33777
332; 149; 33846
333; 149; 33826
334; 149; 33793
335; 149; 33771
336; 149; 33738
337; 149; 33734
338; 149; 33766
339; 149; 33756
340; 149; 33716
341; 149; 33734
342; 149; 33800
343; 149; 33865
344; 149; 33914
345; 149; 33920
346; 149; 33877
347; 149; 33694
348; 149; 33442
349; 149; 33516
350; 149; 34031
351; 149; 34446
352; 149; 34410
353; 149; 34131
354; 149; 34018
355; 149; 34075
356; 149; 34067
357; 149; 33813
358; 149; 33338
359; 149; 33017
360; 149; 33118
361; 149; 33241
362; 149; 33411
363; 149; 33688
364; 149; 33878
365; 149; 33788
366; 149; 33591
367; 149; 33621
368; 149; 33876
369; 149; 34132
370; 149; 34223
371; 149; 34186
372; 149; 33943
373; 149; 33867
374; 149; 33970
375; 149; 34072
376; 149; 33906
377; 149; 33595
378; 149; 33355
379; 149; 33305
380; 149; 33325
381; 149; 33378
382; 149; 33485
383; 149; 33412
384; 149; 33180
385; 149; 33025
386; 149; 33025
387; 149; 33071
324; 150; 33302
325; 150; 33325
326; 150; 33764
327; 150; 33912
328; 150; 33790
329; 150; 33644
330; 150; 33650
331; 150; 33753
332; 150; 33834
333; 150; 33869
334; 150; 33877
335; 150; 33808
336; 150; 33653
337; 150; 33554
338; 150; 33598
339; 150; 33693
340; 150; 33781
341; 150; 33887
342; 150; 33941
343; 150; 33935
344; 150; 33938
345; 150; 33936
346; 150; 33878
347; 150; 33747
348; 150; 33655
349; 150; 33849
350; 150; 34249
351; 150; 34488
352; 150; 34280
353; 150; 33864
354; 150; 33520
355; 150; 33383
356; 150; 33382
357; 150; 33349
358; 150; 33234
359; 150; 33190
360; 150; 33432
361; 150; 33547
362; 150; 33540
363; 150; 33648
364; 150; 33716
365; 150; 33598
366; 150; 33548
367; 150; 33855
368; 150; 34236
369; 150; 34245
370; 150; 34120
371; 150; 33895
372; 150; 33837
373; 150; 33935
374; 150; 34037
375; 150; 33813
376; 150; 33377
377; 150; 33122
378; 150; 33045
379; 150; 33093
380; 150; 33135
381; 150; 33115
382; 150; 33089
383; 150; 33046
384; 150; 33043
385; 150; 33100
386; 150; 33193
387; 150; 33158
324; 151; 33459
325; 151; 33321
326; 151; 33614
327; 151; 33873
328; 151; 33843
329; 151; 33743
330; 151; 33751
331; 151; 33794
332; 151; 33787
333; 151; 33770
334; 151; 33797
335; 151; 33783
336; 151; 33653
337; 151; 33545
338; 151; 33619
339; 151; 33800
340; 151; 33926
341; 151; 33972
342; 151; 33915
343; 151; 33804
344; 151; 33776
345; 151; 33812
346; 151; 33811
347; 151; 33759
348; 151; 33772
349; 151; 33864
350; 151; 33988
351; 151; 33958
352; 151; 33675
353; 151; 33315
354; 151; 33005
355; 151; 32917
356; 151; 33053
357; 151; 33277
358; 151; 33533
359; 151; 33677
360; 151; 33730
361; 151; 33612
362; 151; 33473
363; 151; 33442
364; 151; 33492
365; 151; 33537
366; 151; 33748
367; 151; 34256
368; 151; 34423
369; 151; 34335
370; 151; 34016
371; 151; 33766
372; 151; 33756
373; 151; 33885
374; 151; 33778
375; 151; 33280
376; 151; 32934
377; 151; 33001
378; 151; 33118
379; 151; 33193
380; 151; 33198
381; 151; 33118
382; 151; 32985
383; 151; 32958
384; 151; 32984
385; 151; 32993
386; 151; 32998
387; 151; 32983
324; 152; 33570
325; 152; 33323
326; 152; 33455
327; 152; 33801
328; 152; 33785
329; 152; 33675
330; 152; 33695
331; 152; 33780
332; 152; 33775
333; 152; 33692
334; 152; 33671
335; 152; 33738
336; 152; 33773
337; 152; 33750
338; 152; 33798
339; 152; 33880
340; 152; 33933
341; 152; 33766
342; 152; 33497
343; 152; 33332
344; 152; 33346
345; 152; 33428
346; 152; 33511
347; 152; 33634
348; 152; 33774
349; 152; 33822
350; 152; 33538
351; 152; 33259
352; 152; 33056
353; 152; 33007
354; 152; 32974
355; 152; 32968
356; 152; 33075
357; 152; 33289
358; 152; 33569
359; 152; 33735
360; 152; 33719
361; 152; 33603
362; 152; 33457
363; 152; 33392
364; 152; 33406
365; 152; 33610
366; 152; 34028
367; 152; 34299
368; 152; 34305
369; 152; 34133
370; 152; 33992
371; 152; 33893
372; 152; 33749
373; 152; 33600
374; 152; 33251
375; 152; 32916
376; 152; 32929
377; 152; 33125
378; 152; 33273
379; 152; 33269
380; 152; 33211
381; 152; 33089
382; 152; 32975
383; 152; 32973
384; 152; 33005
385; 152; 32981
386; 152; 32951
387; 152; 32951
324; 153; 33644
325; 153; 33224
326; 153; 33324
327; 153; 33694
328; 153; 33675
329; 153; 33463
330; 153; 33414
331; 153; 33595
332; 153; 33764
333; 153; 33737
334; 153; 33647
335; 153; 33717
336; 153; 33890
337; 153; 33922
338; 153; 33854
339; 153; 33744
340; 153; 33555
341; 153; 33262
342; 153; 33050
343; 153; 32999
344; 153; 33084
345; 153; 33135
346; 153; 33169
347; 153; 33310
348; 153; 33606
349; 153; 33678
350; 153; 33343
351; 153; 33031
352; 153; 33037
353; 153; 33172
354; 153; 33335
355; 153; 33420
356; 153; 33405
357; 153; 33417
358; 153; 33482
359; 153; 33588
360; 153; 33619
361; 153; 33561
362; 153; 33466
363; 153; 33422
364; 153; 33553
365; 153; 33966
366; 153; 34243
367; 153; 34203
368; 153; 33877
369; 153; 33695
370; 153; 33853
371; 153; 33847
372; 153; 33619
373; 153; 33245
374; 153; 32970
375; 153; 32968
376; 153; 33097
377; 153; 33258
378; 153; 33241
379; 153; 33127
380; 153; 33067
381; 153; 33025
382; 153; 32992
383; 153; 33008
384; 153; 33015
385; 153; 33008
386; 153; 33049
387; 153; 33069
324; 154; 33748
325; 154; 33227
326; 154; 33234
327; 154; 33617
328; 154; 33645
329; 154; 33383
330; 154; 33226
331; 154; 33383
332; 154; 33660
333; 154; 33734
334; 154; 33641
335; 154; 33675
336; 154; 33866
337; 154; 33906
338; 154; 33648
339; 154; 33277
340; 154; 33043
341; 154; 32936
342; 154; 32974
343; 154; 33006
344; 154; 33033
345; 154; 33023
346; 154; 33032
347; 154; 33079
348; 154; 33243
349; 154; 33409
350; 154; 33324
351; 154; 33245
352; 154; 33350
353; 154; 33520
354; 154; 33595
355; 154; 33662
356; 154; 33679
357; 154; 33592
358; 154; 33508
359; 154; 33514
360; 154; 33513
361; 154; 33457
362; 154; 33429
363; 154; 33573
364; 154; 33979
365; 154; 34291
366; 154; 34360
367; 154; 34000
368; 154; 33492
369; 154; 33334
370; 154; 33436
371; 154; 33510
372; 154; 33295
373; 154; 33077
374; 154; 33038
375; 154; 33102
376; 154; 33199
377; 154; 33204
378; 154; 33056
379; 154; 32935
380; 154; 32970
381; 154; 33033
382; 154; 33043
383; 154; 33013
384; 154; 32954
385; 154; 32959
386; 154; 33030
387; 154; 33058
324; 155; 33867
325; 155; 33316
326; 155; 33263
327; 155; 33589
328; 155; 33709
329; 155; 33558
330; 155; 33398
331; 155; 33392
332; 155; 33515
333; 155; 33591
334; 155; 33584
335; 155; 33642
336; 155; 33773
337; 155; 33638
338; 155; 33218
339; 155; 32938
340; 155; 32946
341; 155; 33008
342; 155; 33059
343; 155; 33048
344; 155; 32991
345; 155; 32966
346; 155; 32993
347; 155; 33016
348; 155; 33023
349; 155; 33112
350; 155; 33251
351; 155; 33393
352; 155; 33522
353; 155; 33529
354; 155; 33506
355; 155; 33552
356; 155; 33635
357; 155; 33613
358; 155; 33522
359; 155; 33471
360; 155; 33443
361; 155; 33403
362; 155; 33610
363; 155; 34061
364; 155; 34324
365; 155; 34301
366; 155; 33978
367; 155; 33509
368; 155; 33213
369; 155; 33107
370; 155; 33092
371; 155; 33064
372; 155; 33014
373; 155; 33049
374; 155; 33108
375; 155; 33150
376; 155; 33144
377; 155; 33039
378; 155; 32926
379; 155; 32902
380; 155; 32992
381; 155; 33079
382; 155; 33083
383; 155; 33012
384; 155; 32926
385; 155; 32916
386; 155; 32944
387; 155; 32980
324; 156; 33963
325; 156; 33451
326; 156; 33347
327; 156; 33598
328; 156; 33751
329; 156; 33760
330; 156; 33723
331; 156; 33611
332; 156; 33482
333; 156; 33477
334; 156; 33575
335; 156; 33659
336; 156; 33625
337; 156; 33264
338; 156; 32938
339; 156; 32927
340; 156; 33024
341; 156; 33091
342; 156; 33051
343; 156; 32987
344; 156; 32928
345; 156; 32911
346; 156; 32946
347; 156; 32971
348; 156; 32980
349; 156; 33012
350; 156; 33115
351; 156; 33330
352; 156; 33471
353; 156; 33484
354; 156; 33387
355; 156; 33330
356; 156; 33408
357; 156; 33437
358; 156; 33389
359; 156; 33416
360; 156; 33520
361; 156; 33761
362; 156; 34152
363; 156; 34425
364; 156; 34320
365; 156; 33779
366; 156; 33197
367; 156; 33043
368; 156; 33081
369; 156; 33044
370; 156; 32971
371; 156; 32943
372; 156; 32942
373; 156; 33004
374; 156; 33060
375; 156; 33065
376; 156; 33027
377; 156; 32948
378; 156; 32922
379; 156; 32944
380; 156; 32985
381; 156; 33045
382; 156; 33057
383; 156; 33034
384; 156; 33001
385; 156; 32973
386; 156; 32953
387; 156; 32958
324; 157; 34006
325; 157; 33516
326; 157; 33424
327; 157; 33614
328; 157; 33723
329; 157; 33770
330; 157; 33836
331; 157; 33761
332; 157; 33556
333; 157; 33526
334; 157; 33668
335; 157; 33695
336; 157; 33370
337; 157; 32988
338; 157; 32919
339; 157; 32999
340; 157; 33106
341; 157; 33069
342; 157; 32966
343; 157; 32909
344; 157; 32889
345; 157; 32889
346; 157; 32891
347; 157; 32924
348; 157; 32941
349; 157; 32950
350; 157; 32976
351; 157; 33109
352; 157; 33424
353; 157; 33605
354; 157; 33557
355; 157; 33357
356; 157; 33272
357; 157; 33294
358; 157; 33342
359; 157; 33598
360; 157; 33988
361; 157; 34266
362; 157; 34336
363; 157; 34292
364; 157; 33760
365; 157; 33076
366; 157; 32902
367; 157; 33064
368; 157; 33108
369; 157; 33024
370; 157; 32959
371; 157; 32952
372; 157; 32947
373; 157; 32960
374; 157; 32966
375; 157; 32957
376; 157; 32954
377; 157; 32946
378; 157; 32952
379; 157; 32947
380; 157; 32947
381; 157; 32984
382; 157; 33003
383; 157; 33027
384; 157; 33050
385; 157; 33036
386; 157; 32999
387; 157; 32977
324; 158; 33986
325; 158; 33474
326; 158; 33395
327; 158; 33600
328; 158; 33695
329; 158; 33662
330; 158; 33700
331; 158; 33700
332; 158; 33606
333; 158; 33650
334; 158; 33762
335; 158; 33547
336; 158; 33041
337; 158; 32917
338; 158; 33022
339; 158; 33116
340; 158; 33102
341; 158; 33012
342; 158; 32942
343; 158; 32902
344; 158; 32912
345; 158; 32903
346; 158; 32891
347; 158; 32916
348; 158; 32909
349; 158; 32906
350; 158; 32915
351; 158; 32967
352; 158; 33328
353; 158; 33786
354; 158; 33960
355; 158; 33775
356; 158; 33478
357; 158; 33433
358; 158; 33653
359; 158; 34039
360; 158; 34286
361; 158; 34327
362; 158; 34067
363; 158; 33546
364; 158; 33014
365; 158; 32860
366; 158; 33002
367; 158; 33133
368; 158; 33093
369; 158; 32981
370; 158; 32943
371; 158; 32946
372; 158; 32950
373; 158; 32964
374; 158; 32938
375; 158; 32916
376; 158; 32939
377; 158; 32950
378; 158; 32964
379; 158; 32969
380; 158; 32982
381; 158; 32985
382; 158; 32971
383; 158; 32981
384; 158; 32994
385; 158; 32995
386; 158; 33002
387; 158; 33006
324; 159; 33985
325; 159; 33457
326; 159; 33350
327; 159; 33593
328; 159; 33703
329; 159; 33592
330; 159; 33529
331; 159; 33562
332; 159; 33598
333; 159; 33710
334; 159; 33760
335; 159; 33348
336; 159; 32861
337; 159; 32891
338; 159; 33104
339; 159; 33138
340; 159; 33022
341; 159; 32944
342; 159; 32919
343; 159; 32908
344; 159; 32910
345; 159; 32902
346; 159; 32905
347; 159; 32903
348; 159; 32881
349; 159; 32895
350; 159; 32890
351; 159; 32903
352; 159; 33094
353; 159; 33554
354; 159; 33963
355; 159; 34025
356; 159; 33990
357; 159; 33978
358; 159; 34079
359; 159; 34127
360; 159; 34128
361; 159; 33819
362; 159; 33332
363; 159; 32992
364; 159; 32894
365; 159; 32964
366; 159; 33058
367; 159; 33069
368; 159; 32987
369; 159; 32940
370; 159; 32933
371; 159; 32901
372; 159; 32924
373; 159; 33016
374; 159; 33033
375; 159; 32976
376; 159; 32946
377; 159; 32929
378; 159; 32955
379; 159; 33005
380; 159; 33040
381; 159; 33024
382; 159; 32985
383; 159; 32972
384; 159; 32956
385; 159; 32946
386; 159; 32974
387; 159; 33001
324; 160; 34051
325; 160; 33550
326; 160; 33378
327; 160; 33567
328; 160; 33686
329; 160; 33577
330; 160; 33483
331; 160; 33519
332; 160; 33603
333; 160; 33704
334; 160; 33677
335; 160; 33209
336; 160; 32860
337; 160; 32951
338; 160; 33110
339; 160; 33056
340; 160; 32941
341; 160; 32901
342; 160; 32893
343; 160; 32899
344; 160; 32912
345; 160; 32906
346; 160; 32898
347; 160; 32899
348; 160; 32895
349; 160; 32892
350; 160; 32886
351; 160; 32892
352; 160; 32883
353; 160; 33091
354; 160; 33512
355; 160; 33992
356; 160; 34220
357; 160; 34217
358; 160; 34131
359; 160; 33944
360; 160; 33543
361; 160; 33146
362; 160; 32940
363; 160; 32981
364; 160; 33015
365; 160; 33023
366; 160; 33016
367; 160; 32959
368; 160; 32931
369; 160; 32973
370; 160; 32971
371; 160; 32921
372; 160; 32958
373; 160; 33101
374; 160; 33157
375; 160; 33064
376; 160; 32955
377; 160; 32913
378; 160; 32941
379; 160; 32985
380; 160; 33014
381; 160; 33012
382; 160; 33001
383; 160; 33009
384; 160; 32998
385; 160; 32962
386; 160; 32956
387; 160; 32974
324; 161; 34124
325; 161; 33676
326; 161; 33430
327; 161; 33541
328; 161; 33645
329; 161; 33572
330; 161; 33513
331; 161; 33555
332; 161; 33631
333; 161; 33686
334; 161; 33608
335; 161; 33194
336; 161; 32975
337; 161; 33029
338; 161; 33077
339; 161; 32993
340; 161; 32924
341; 161; 32889
342; 161; 32898
343; 161; 32887
344; 161; 32882
345; 161; 32894
346; 161; 32902
347; 161; 32904
348; 161; 32912
349; 161; 32895
350; 161; 32893
351; 161; 32930
352; 161; 32890
353; 161; 33026
354; 161; 33409
355; 161; 33811
356; 161; 34116
357; 161; 34079
358; 161; 33873
359; 161; 33585
360; 161; 33300
361; 161; 33007
362; 161; 32940
363; 161; 32992
364; 161; 33010
365; 161; 32989
366; 161; 32957
367; 161; 32915
368; 161; 32929
369; 161; 32989
370; 161; 32987
371; 161; 32965
372; 161; 33006
373; 161; 33113
374; 161; 33147
375; 161; 33063
376; 161; 32970
377; 161; 32932
378; 161; 32928
379; 161; 32945
380; 161; 32975
381; 161; 32985
382; 161; 32995
383; 161; 33025
384; 161; 33033
385; 161; 33003
386; 161; 32978
387; 161; 32970
324; 162; 34137
325; 162; 33740
326; 162; 33496
327; 162; 33553
328; 162; 33628
329; 162; 33565
330; 162; 33507
331; 162; 33539
332; 162; 33628
333; 162; 33683
334; 162; 33568
335; 162; 33167
336; 162; 33009
337; 162; 33040
338; 162; 33029
339; 162; 32949
340; 162; 32896
341; 162; 32878
342; 162; 32916
343; 162; 32918
344; 162; 32916
345; 162; 32925
346; 162; 32920
347; 162; 32913
348; 162; 32899
349; 162; 32882
350; 162; 32959
351; 162; 33022
352; 162; 33173
353; 162; 33617
354; 162; 34019
355; 162; 33974
356; 162; 33722
357; 162; 33523
358; 162; 33465
359; 162; 33577
360; 162; 33553
361; 162; 33206
362; 162; 32983
363; 162; 32933
364; 162; 32943
365; 162; 32957
366; 162; 32953
367; 162; 32953
368; 162; 32944
369; 162; 32950
370; 162; 32959
371; 162; 32957
372; 162; 32971
373; 162; 33015
374; 162; 33030
375; 162; 32995
376; 162; 32956
377; 162; 32935
378; 162; 32925
379; 162; 32940
380; 162; 32983
381; 162; 33003
382; 162; 32988
383; 162; 32991
384; 162; 33016
385; 162; 33020
386; 162; 33009
387; 162; 32975
324; 163; 34132
325; 163; 33780
326; 163; 33538
327; 163; 33569
328; 163; 33630
329; 163; 33535
330; 163; 33413
331; 163; 33419
332; 163; 33571
333; 163; 33688
334; 163; 33562
335; 163; 33125
336; 163; 32977
337; 163; 33007
338; 163; 32972
339; 163; 32901
340; 163; 32876
341; 163; 32879
342; 163; 32908
343; 163; 32920
344; 163; 32927
345; 163; 32933
346; 163; 32920
347; 163; 32907
348; 163; 32889
349; 163; 32893
350; 163; 33032
351; 163; 33128
352; 163; 33524
353; 163; 34317
354; 163; 34484
355; 163; 34037
356; 163; 33400
357; 163; 33132
358; 163; 33221
359; 163; 33530
360; 163; 33585
361; 163; 33285
362; 163; 32996
363; 163; 32939
364; 163; 32954
365; 163; 32971
366; 163; 32966
367; 163; 32976
368; 163; 32956
369; 163; 32922
370; 163; 32921
371; 163; 32923
372; 163; 32924
373; 163; 32942
374; 163; 32976
375; 163; 32980
376; 163; 32942
377; 163; 32915
378; 163; 32933
379; 163; 32965
380; 163; 33009
381; 163; 33024
382; 163; 32978
383; 163; 32958
384; 163; 33006
385; 163; 33040
386; 163; 33044
387; 163; 32989
324; 164; 34154
325; 164; 33831
326; 164; 33561
327; 164; 33591
328; 164; 33636
329; 164; 33507
330; 164; 33324
331; 164; 33313
332; 164; 33517
333; 164; 33691
334; 164; 33577
335; 164; 33129
336; 164; 32976
337; 164; 32995
338; 164; 32945
339; 164; 32889
340; 164; 32882
341; 164; 32866
342; 164; 32888
343; 164; 32908
344; 164; 32914
345; 164; 32925
346; 164; 32909
347; 164; 32883
348; 164; 32889
349; 164; 32926
350; 164; 32965
351; 164; 33180
352; 164; 33822
353; 164; 34319
354; 164; 34189
355; 164; 33575
356; 164; 33106
357; 164; 33010
358; 164; 33090
359; 164; 33165
360; 164; 33142
361; 164; 32990
362; 164; 32973
363; 164; 33027
364; 164; 33054
365; 164; 33011
366; 164; 32978
367; 164; 32971
368; 164; 32953
369; 164; 32937
370; 164; 32950
371; 164; 32952
372; 164; 32941
373; 164; 32961
374; 164; 33006
375; 164; 33007
376; 164; 32941
377; 164; 32912
378; 164; 32947
379; 164; 32987
380; 164; 33026
381; 164; 33021
382; 164; 32974
383; 164; 32962
384; 164; 33024
385; 164; 33073
386; 164; 33069
387; 164; 33017
324; 165; 34177
325; 165; 33863
326; 165; 33605
327; 165; 33629
328; 165; 33643
329; 165; 33497
330; 165; 33333
331; 165; 33351
332; 165; 33538
333; 165; 33677
334; 165; 33567
335; 165; 33160
336; 165; 33031
337; 165; 33030
338; 165; 32946
339; 165; 32878
340; 165; 32891
341; 165; 32845
342; 165; 32848
343; 165; 32877
344; 165; 32911
345; 165; 32936
346; 165; 32927
347; 165; 32883
348; 165; 32930
349; 165; 32960
350; 165; 33047
351; 165; 33583
352; 165; 33885
353; 165; 33781
354; 165; 33323
355; 165; 32992
356; 165; 32975
357; 165; 33066
358; 165; 33057
359; 165; 32960
360; 165; 32893
361; 165; 32891
362; 165; 32976
363; 165; 33093
364; 165; 33114
365; 165; 33042
366; 165; 33022
367; 165; 33018
368; 165; 32969
369; 165; 32924
370; 165; 32973
371; 165; 33000
372; 165; 32985
373; 165; 32995
374; 165; 33017
375; 165; 32990
376; 165; 32921
377; 165; 32914
378; 165; 32979
379; 165; 33026
380; 165; 33045
381; 165; 33012
382; 165; 32960
383; 165; 32958
384; 165; 33018
385; 165; 33067
386; 165; 33059
387; 165; 33036
324; 166; 34175
325; 166; 33858
326; 166; 33658
327; 166; 33660
328; 166; 33638
329; 166; 33494
330; 166; 33405
331; 166; 33469
332; 166; 33587
333; 166; 33635
334; 166; 33475
335; 166; 33137
336; 166; 33078
337; 166; 33094
338; 166; 33001
339; 166; 32876
340; 166; 32868
341; 166; 32852
342; 166; 32862
343; 166; 32907
344; 166; 32951
345; 166; 32963
346; 166; 32952
347; 166; 32933
348; 166; 32951
349; 166; 32994
350; 166; 33460
351; 166; 33881
352; 166; 33774
353; 166; 33221
354; 166; 32872
355; 166; 32908
356; 166; 33042
357; 166; 33125
358; 166; 33090
359; 166; 32983
360; 166; 32885
361; 166; 32890
362; 166; 32961
363; 166; 33032
364; 166; 33062
365; 166; 33056
366; 166; 33065
367; 166; 33039
368; 166; 32966
369; 166; 32898
370; 166; 32942
371; 166; 32996
372; 166; 33007
373; 166; 32985
374; 166; 32959
375; 166; 32941
376; 166; 32906
377; 166; 32931
378; 166; 33005
379; 166; 33046
380; 166; 33034
381; 166; 32994
382; 166; 32968
383; 166; 32970
384; 166; 32995
385; 166; 33028
386; 166; 33039
387; 166; 33032
324; 167; 34164
325; 167; 33868
326; 167; 33708
327; 167; 33691
328; 167; 33622
329; 167; 33476
330; 167; 33431
331; 167; 33515
332; 167; 33589
333; 167; 33556
334; 167; 33332
335; 167; 33063
336; 167; 33079
337; 167; 33138
338; 167; 33074
339; 167; 32944
340; 167; 32876
341; 167; 32871
342; 167; 32900
343; 167; 32944
344; 167; 32947
345; 167; 32920
346; 167; 32929
347; 167; 32953
348; 167; 32965
349; 167; 33293
350; 167; 33757
351; 167; 33790
352; 167; 33325
353; 167; 32899
354; 167; 32868
355; 167; 32997
356; 167; 33062
357; 167; 33075
358; 167; 33069
359; 167; 33021
360; 167; 32950
361; 167; 32928
362; 167; 32934
363; 167; 32943
364; 167; 32991
365; 167; 33070
366; 167; 33104
367; 167; 33045
368; 167; 32970
369; 167; 32933
370; 167; 32954
371; 167; 32992
372; 167; 33018
373; 167; 32979
374; 167; 32919
375; 167; 32944
376; 167; 32960
377; 167; 32983
378; 167; 33011
379; 167; 33009
380; 167; 32973
381; 167; 32970
382; 167; 33005
383; 167; 33008
384; 167; 32988
385; 167; 32994
386; 167; 33018
387; 167; 33013
324; 168; 34154
325; 168; 33915
326; 168; 33799
327; 168; 33745
328; 168; 33629
329; 168; 33463
330; 168; 33398
331; 168; 33466
332; 168; 33547
333; 168; 33530
334; 168; 33318
335; 168; 33096
336; 168; 33095
337; 168; 33148
338; 168; 33098
339; 168; 33006
340; 168; 32967
341; 168; 32952
342; 168; 32922
343; 168; 32912
344; 168; 32897
345; 168; 32888
346; 168; 32903
347; 168; 32999
348; 168; 33229
349; 168; 33601
350; 168; 33662
351; 168; 33270
352; 168; 32899
353; 168; 32892
354; 168; 32992
355; 168; 33024
356; 168; 32988
357; 168; 32979
358; 168; 32975
359; 168; 32963
360; 168; 32954
361; 168; 32947
362; 168; 32936
363; 168; 32925
364; 168; 32966
365; 168; 33053
366; 168; 33086
367; 168; 33037
368; 168; 33007
369; 168; 32997
370; 168; 32988
371; 168; 32994
372; 168; 33007
373; 168; 32975
374; 168; 32921
375; 168; 32943
376; 168; 32991
377; 168; 33004
378; 168; 32994
379; 168; 32964
380; 168; 32942
381; 168; 32956
382; 168; 33001
383; 168; 33023
384; 168; 33017
385; 168; 33010
386; 168; 33008
387; 168; 32989
324; 169; 34112
325; 169; 33966
326; 169; 33882
327; 169; 33800
328; 169; 33657
329; 169; 33485
330; 169; 33392
331; 169; 33429
332; 169; 33519
333; 169; 33555
334; 169; 33442
335; 169; 33197
336; 169; 33142
337; 169; 33142
338; 169; 33080
339; 169; 33019
340; 169; 33048
341; 169; 33042
342; 169; 32937
343; 169; 32881
344; 169; 32970
345; 169; 33130
346; 169; 33216
347; 169; 33349
348; 169; 33481
349; 169; 33499
350; 169; 33180
351; 169; 32880
352; 169; 32904
353; 169; 33019
354; 169; 33033
355; 169; 32954
356; 169; 32913
357; 169; 32933
358; 169; 32927
359; 169; 32936
360; 169; 32960
361; 169; 32975
362; 169; 32974
363; 169; 32941
364; 169; 32946
365; 169; 32997
366; 169; 33024
367; 169; 33014
368; 169; 33029
369; 169; 33025
370; 169; 32982
371; 169; 32955
372; 169; 32957
373; 169; 32957
374; 169; 32930
375; 169; 32933
376; 169; 32974
377; 169; 32991
378; 169; 32982
379; 169; 32972
380; 169; 32971
381; 169; 32968
382; 169; 32973
383; 169; 32993
384; 169; 33026
385; 169; 33029
386; 169; 33005
387; 169; 32976
324; 170; 34105
325; 170; 34000
326; 170; 33914
327; 170; 33820
328; 170; 33679
329; 170; 33526
330; 170; 33457
331; 170; 33490
332; 170; 33536
333; 170; 33543
334; 170; 33478
335; 170; 33310
336; 170; 33164
337; 170; 33106
338; 170; 33041
339; 170; 33016
340; 170; 33086
341; 170; 33084
342; 170; 32978
343; 170; 33027
344; 170; 33330
345; 170; 33657
346; 170; 33768
347; 170; 33755
348; 170; 33568
349; 170; 33153
350; 170; 32886
351; 170; 32927
352; 170; 33058
353; 170; 33084
354; 170; 33019
355; 170; 32931
356; 170; 32899
357; 170; 32943
358; 170; 32951
359; 170; 32939
360; 170; 32953
361; 170; 32977
362; 170; 32975
363; 170; 32936
364; 170; 32929
365; 170; 32959
366; 170; 32983
367; 170; 32996
368; 170; 33016
369; 170; 33020
370; 170; 32975
371; 170; 32927
372; 170; 32930
373; 170; 32959
374; 170; 32977
375; 170; 32974
376; 170; 32961
377; 170; 32976
378; 170; 32981
379; 170; 32989
380; 170; 32992
381; 170; 32995
382; 170; 32977
383; 170; 32960
384; 170; 32992
385; 170; 33010
386; 170; 32979
387; 170; 32961
324; 171; 34115
325; 171; 34001
326; 171; 33898
327; 171; 33813
328; 171; 33686
329; 171; 33546
330; 171; 33532
331; 171; 33614
332; 171; 33607
333; 171; 33500
334; 171; 33361
335; 171; 33200
336; 171; 33079
337; 171; 33012
338; 171; 32993
339; 171; 33023
340; 171; 33087
341; 171; 33090
342; 171; 33087
343; 171; 33272
344; 171; 33666
345; 171; 33839
346; 171; 33866
347; 171; 33875
348; 171; 33543
349; 171; 32998
350; 171; 32873
351; 171; 33018
352; 171; 33129
353; 171; 33091
354; 171; 33031
355; 171; 32969
356; 171; 32929
357; 171; 32949
358; 171; 32959
359; 171; 32939
360; 171; 32936
361; 171; 32952
362; 171; 32953
363; 171; 32953
364; 171; 32961
365; 171; 32974
366; 171; 32971
367; 171; 32976
368; 171; 32977
369; 171; 32992
370; 171; 32982
371; 171; 32935
372; 171; 32937
373; 171; 32970
374; 171; 33013
375; 171; 33022
376; 171; 32979
377; 171; 32962
378; 171; 32969
379; 171; 32979
380; 171; 32982
381; 171; 33002
382; 171; 33000
383; 171; 32979
384; 171; 32979
385; 171; 32993
386; 171; 32973
387; 171; 32964
324; 172; 34119
325; 172; 33985
326; 172; 33857
327; 172; 33795
328; 172; 33687
329; 172; 33532
330; 172; 33535
331; 172; 33721
332; 172; 33714
333; 172; 33447
334; 172; 33162
335; 172; 33056
336; 172; 32964
337; 172; 32927
338; 172; 32953
339; 172; 33005
340; 172; 33056
341; 172; 33082
342; 172; 33203
343; 172; 33537
344; 172; 33703
345; 172; 33675
346; 172; 33635
347; 172; 33680
348; 172; 33486
349; 172; 33044
350; 172; 32956
351; 172; 33047
352; 172; 33078
353; 172; 33018
354; 172; 32994
355; 172; 32985
356; 172; 32965
357; 172; 32948
358; 172; 32936
359; 172; 32934
360; 172; 32934
361; 172; 32932
362; 172; 32957
363; 172; 32995
364; 172; 32991
365; 172; 32982
366; 172; 32970
367; 172; 32962
368; 172; 32953
369; 172; 32958
370; 172; 32975
371; 172; 32968
372; 172; 32971
373; 172; 32976
374; 172; 32996
375; 172; 33016
376; 172; 32992
377; 172; 32953
378; 172; 32953
379; 172; 32973
380; 172; 32981
381; 172; 33005
382; 172; 33005
383; 172; 32989
384; 172; 32974
385; 172; 32991
386; 172; 33015
387; 172; 33022
324; 173; 34121
325; 173; 33981
326; 173; 33818
327; 173; 33762
328; 173; 33674
329; 173; 33502
330; 173; 33485
331; 173; 33763
332; 173; 33826
333; 173; 33470
334; 173; 33099
335; 173; 32985
336; 173; 32902
337; 173; 32880
338; 173; 32923
339; 173; 32974
340; 173; 33028
341; 173; 33058
342; 173; 33306
343; 173; 33741
344; 173; 33742
345; 173; 33348
346; 173; 33205
347; 173; 33393
348; 173; 33371
349; 173; 33082
350; 173; 33009
351; 173; 33039
352; 173; 33029
353; 173; 32973
354; 173; 32953
355; 173; 32976
356; 173; 33004
357; 173; 33006
358; 173; 32962
359; 173; 32931
360; 173; 32922
361; 173; 32923
362; 173; 32974
363; 173; 33018
364; 173; 32990
365; 173; 32958
366; 173; 32967
367; 173; 32978
368; 173; 32980
369; 173; 32959
370; 173; 32946
371; 173; 32963
372; 173; 32990
373; 173; 32990
374; 173; 32980
375; 173; 32984
376; 173; 32976
377; 173; 32951
378; 173; 32950
379; 173; 32980
380; 173; 33003
381; 173; 33024
382; 173; 33014
383; 173; 32975
384; 173; 32959
385; 173; 32975
386; 173; 33020
387; 173; 33047
324; 174; 34150
325; 174; 34018
326; 174; 33787
327; 174; 33728
328; 174; 33650
329; 174; 33483
330; 174; 33445
331; 174; 33738
332; 174; 33829
333; 174; 33531
334; 174; 33086
335; 174; 32990
336; 174; 32953
337; 174; 32909
338; 174; 32906
339; 174; 32983
340; 174; 33055
341; 174; 33089
342; 174; 33352
343; 174; 33759
344; 174; 33688
345; 174; 33212
346; 174; 33043
347; 174; 33150
348; 174; 33206
349; 174; 33107
350; 174; 33027
351; 174; 33024
352; 174; 33019
353; 174; 32984
354; 174; 32947
355; 174; 32971
356; 174; 33053
357; 174; 33093
358; 174; 33034
359; 174; 32971
360; 174; 32940
361; 174; 32927
362; 174; 32973
363; 174; 33014
364; 174; 32984
365; 174; 32935
366; 174; 32943
367; 174; 32972
368; 174; 32982
369; 174; 32968
370; 174; 32951
371; 174; 32954
372; 174; 33004
373; 174; 33015
374; 174; 32994
375; 174; 32976
376; 174; 32973
377; 174; 32955
378; 174; 32948
379; 174; 32992
380; 174; 33037
381; 174; 33061
382; 174; 33061
383; 174; 33012
384; 174; 32962
385; 174; 32948
386; 174; 32993
387; 174; 33036
324; 175; 34185
325; 175; 34056
326; 175; 33804
327; 175; 33717
328; 175; 33627
329; 175; 33475
330; 175; 33431
331; 175; 33695
332; 175; 33796
333; 175; 33535
334; 175; 33084
335; 175; 32985
336; 175; 32980
337; 175; 32948
338; 175; 32917
339; 175; 32991
340; 175; 33095
341; 175; 33140
342; 175; 33397
343; 175; 33679
344; 175; 33557
345; 175; 33134
346; 175; 33010
347; 175; 33055
348; 175; 33116
349; 175; 33099
350; 175; 33052
351; 175; 33008
352; 175; 32988
353; 175; 32984
354; 175; 32967
355; 175; 32999
356; 175; 33090
357; 175; 33129
358; 175; 33077
359; 175; 33012
360; 175; 32968
361; 175; 32949
362; 175; 32979
363; 175; 33013
364; 175; 32999
365; 175; 32956
366; 175; 32929
367; 175; 32932
368; 175; 32945
369; 175; 32979
370; 175; 33010
371; 175; 32994
372; 175; 32998
373; 175; 33012
374; 175; 33008
375; 175; 32984
376; 175; 32977
377; 175; 32953
378; 175; 32956
379; 175; 32985
380; 175; 33034
381; 175; 33076
382; 175; 33092
383; 175; 33060
384; 175; 32998
385; 175; 32958
386; 175; 32964
387; 175; 33006
324; 176; 34195
325; 176; 34045
326; 176; 33811
327; 176; 33709
328; 176; 33598
329; 176; 33454
330; 176; 33418
331; 176; 33644
332; 176; 33727
333; 176; 33504
334; 176; 33103
335; 176; 32987
336; 176; 32941
337; 176; 32925
338; 176; 32914
339; 176; 32962
340; 176; 33082
341; 176; 33171
342; 176; 33414
343; 176; 33569
344; 176; 33411
345; 176; 33063
346; 176; 33004
347; 176; 33043
348; 176; 33080
349; 176; 33103
350; 176; 33076
351; 176; 32993
352; 176; 32938
353; 176; 32957
354; 176; 32991
355; 176; 33032
356; 176; 33079
357; 176; 33094
358; 176; 33061
359; 176; 33003
360; 176; 32975
361; 176; 32969
362; 176; 32976
363; 176; 33009
364; 176; 33021
365; 176; 32981
366; 176; 32939
367; 176; 32924
368; 176; 32928
369; 176; 32992
370; 176; 33051
371; 176; 33035
372; 176; 32991
373; 176; 32986
374; 176; 32997
375; 176; 32990
376; 176; 32985
377; 176; 32978
378; 176; 32990
379; 176; 32993
380; 176; 33017
381; 176; 33051
382; 176; 33074
383; 176; 33061
384; 176; 33034
385; 176; 33011
386; 176; 32963
387; 176; 32975
324; 177; 34205
325; 177; 33993
326; 177; 33782
327; 177; 33680
328; 177; 33566
329; 177; 33441
330; 177; 33421
331; 177; 33596
332; 177; 33665
333; 177; 33435
334; 177; 33105
335; 177; 33004
336; 177; 32910
337; 177; 32888
338; 177; 32898
339; 177; 32938
340; 177; 33049
341; 177; 33163
342; 177; 33444
343; 177; 33493
344; 177; 33319
345; 177; 33037
346; 177; 33017
347; 177; 33048
348; 177; 33060
349; 177; 33082
350; 177; 33064
351; 177; 32978
352; 177; 32919
353; 177; 32943
354; 177; 32997
355; 177; 33034
356; 177; 33047
357; 177; 33047
358; 177; 33033
359; 177; 32985
360; 177; 32950
361; 177; 32969
362; 177; 32986
363; 177; 33000
364; 177; 33016
365; 177; 32968
366; 177; 32926
367; 177; 32948
368; 177; 32972
369; 177; 33007
370; 177; 33040
371; 177; 33036
372; 177; 33009
373; 177; 32998
374; 177; 32993
375; 177; 32994
376; 177; 32999
377; 177; 33014
378; 177; 33037
379; 177; 33034
380; 177; 33029
381; 177; 33042
382; 177; 33053
383; 177; 33035
384; 177; 33040
385; 177; 33063
386; 177; 33016
387; 177; 32987
324; 178; 34171
325; 178; 33925
326; 178; 33726
327; 178; 33643
328; 178; 33552
329; 178; 33465
330; 178; 33492
331; 178; 33639
332; 178; 33670
333; 178; 33352
334; 178; 33059
335; 178; 32996
336; 178; 32908
337; 178; 32880
338; 178; 32886
339; 178; 32949
340; 178; 33055
341; 178; 33158
342; 178; 33471
343; 178; 33493
344; 178; 33239
345; 178; 33040
346; 178; 33014
347; 178; 33036
348; 178; 33040
349; 178; 33048
350; 178; 33022
351; 178; 32954
352; 178; 32940
353; 178; 32974
354; 178; 33012
355; 178; 33041
356; 178; 33057
357; 178; 33052
358; 178; 33020
359; 178; 32971
360; 178; 32932
361; 178; 32962
362; 178; 33015
363; 178; 33026
364; 178; 33009
365; 178; 32969
366; 178; 32918
367; 178; 32953
368; 178; 33006
369; 178; 33002
370; 178; 33007
371; 178; 33037
372; 178; 33058
373; 178; 33066
374; 178; 33038
375; 178; 33011
376; 178; 33004
377; 178; 33014
378; 178; 33038
379; 178; 33046
380; 178; 33049
381; 178; 33068
382; 178; 33071
383; 178; 33035
384; 178; 33023
385; 178; 33051
386; 178; 33045
387; 178; 33015
324; 179; 34096
325; 179; 33840
326; 179; 33691
327; 179; 33608
328; 179; 33534
329; 179; 33490
330; 179; 33569
331; 179; 33697
332; 179; 33674
333; 179; 33289
334; 179; 33001
335; 179; 32965
336; 179; 32904
337; 179; 32872
338; 179; 32891
339; 179; 32988
340; 179; 33105
341; 179; 33230
342; 179; 33504
343; 179; 33478
344; 179; 33110
345; 179; 32988
346; 179; 32996
347; 179; 33028
348; 179; 33036
349; 179; 33047
350; 179; 33005
351; 179; 32946
352; 179; 32968
353; 179; 33016
354; 179; 33048
355; 179; 33066
356; 179; 33086
357; 179; 33084
358; 179; 33019
359; 179; 32938
360; 179; 32919
361; 179; 32962
362; 179; 33031
363; 179; 33063
364; 179; 33019
365; 179; 32968
366; 179; 32904
367; 179; 32937
368; 179; 33006
369; 179; 32996
370; 179; 32990
371; 179; 33054
372; 179; 33110
373; 179; 33118
374; 179; 33089
375; 179; 33056
376; 179; 33027
377; 179; 33000
378; 179; 32985
379; 179; 32996
380; 179; 33032
381; 179; 33087
382; 179; 33118
383; 179; 33082
384; 179; 33033
385; 179; 33005
386; 179; 32999
387; 179; 33020
324; 180; 33981
325; 180; 33747
326; 180; 33656
327; 180; 33590
328; 180; 33499
329; 180; 33474
330; 180; 33602
331; 180; 33735
332; 180; 33677
333; 180; 33259
334; 180; 32978
335; 180; 32942
336; 180; 32885
337; 180; 32862
338; 180; 32915
339; 180; 33029
340; 180; 33143
341; 180; 33351
342; 180; 33536
343; 180; 33411
344; 180; 33002
345; 180; 32947
346; 180; 33014
347; 180; 33041
348; 180; 33041
349; 180; 33061
350; 180; 33030
351; 180; 32982
352; 180; 32990
353; 180; 33033
354; 180; 33066
355; 180; 33070
356; 180; 33082
357; 180; 33068
358; 180; 32999
359; 180; 32941
360; 180; 32927
361; 180; 32958
362; 180; 33016
363; 180; 33052
364; 180; 33044
365; 180; 32994
366; 180; 32924
367; 180; 32976
368; 180; 33054
369; 180; 33024
370; 180; 32994
371; 180; 33043
372; 180; 33104
373; 180; 33094
374; 180; 33069
375; 180; 33063
376; 180; 33053
377; 180; 33015
378; 180; 32966
379; 180; 32971
380; 180; 33022
381; 180; 33093
382; 180; 33142
383; 180; 33125
384; 180; 33065
385; 180; 32992
386; 180; 32959
387; 180; 33023
324; 181; 33872
325; 181; 33698
326; 181; 33654
327; 181; 33604
328; 181; 33482
329; 181; 33449
330; 181; 33592
331; 181; 33725
332; 181; 33660
333; 181; 33254
334; 181; 32990
335; 181; 32924
336; 181; 32865
337; 181; 32884
338; 181; 32935
339; 181; 33032
340; 181; 33142
341; 181; 33422
342; 181; 33526
343; 181; 33329
344; 181; 32947
345; 181; 32940
346; 181; 33023
347; 181; 33044
348; 181; 33047
349; 181; 33075
350; 181; 33059
351; 181; 33019
352; 181; 33005
353; 181; 33022
354; 181; 33040
355; 181; 33037
356; 181; 33030
357; 181; 33002
358; 181; 32957
359; 181; 32927
360; 181; 32929
361; 181; 32974
362; 181; 33003
363; 181; 33018
364; 181; 33053
365; 181; 33023
366; 181; 32948
367; 181; 33005
368; 181; 33132
369; 181; 33130
370; 181; 33075
371; 181; 33078
372; 181; 33087
373; 181; 33022
374; 181; 33001
375; 181; 33033
376; 181; 33054
377; 181; 33022
378; 181; 32982
379; 181; 33011
380; 181; 33058
381; 181; 33106
382; 181; 33140
383; 181; 33123
384; 181; 33061
385; 181; 32984
386; 181; 32970
387; 181; 33042
324; 182; 33787
325; 182; 33641
326; 182; 33652
327; 182; 33622
328; 182; 33489
329; 182; 33443
330; 182; 33564
331; 182; 33677
332; 182; 33611
333; 182; 33232
334; 182; 32994
335; 182; 32910
336; 182; 32856
337; 182; 32900
338; 182; 32954
339; 182; 33028
340; 182; 33120
341; 182; 33423
342; 182; 33468
343; 182; 33180
344; 182; 32941
345; 182; 32958
346; 182; 33023
347; 182; 33048
348; 182; 33061
349; 182; 33067
350; 182; 33025
351; 182; 32986
352; 182; 32986
353; 182; 33007
354; 182; 33027
355; 182; 33022
356; 182; 32990
357; 182; 32956
358; 182; 32941
359; 182; 32925
360; 182; 32946
361; 182; 33005
362; 182; 33023
363; 182; 33023
364; 182; 33036
365; 182; 32995
366; 182; 32935
367; 182; 32985
368; 182; 33175
369; 182; 33274
370; 182; 33258
371; 182; 33230
372; 182; 33144
373; 182; 32977
374; 182; 32951
375; 182; 33026
376; 182; 33053
377; 182; 32996
378; 182; 32962
379; 182; 33036
380; 182; 33108
381; 182; 33144
382; 182; 33159
383; 182; 33117
384; 182; 33024
385; 182; 32964
386; 182; 33000
387; 182; 33067
324; 183; 33736
325; 183; 33612
326; 183; 33639
327; 183; 33608
328; 183; 33485
329; 183; 33451
330; 183; 33548
331; 183; 33620
332; 183; 33527
333; 183; 33179
334; 183; 32992
335; 183; 32922
336; 183; 32858
337; 183; 32906
338; 183; 32987
339; 183; 33051
340; 183; 33160
341; 183; 33400
342; 183; 33388
343; 183; 33032
344; 183; 32922
345; 183; 32970
346; 183; 33043
347; 183; 33081
348; 183; 33090
349; 183; 33056
350; 183; 32964
351; 183; 32918
352; 183; 32952
353; 183; 33008
354; 183; 33048
355; 183; 33032
356; 183; 32986
357; 183; 32961
358; 183; 32952
359; 183; 32943
360; 183; 32970
361; 183; 33020
362; 183; 33045
363; 183; 33036
364; 183; 33006
365; 183; 32974
366; 183; 32963
367; 183; 33001
368; 183; 33161
369; 183; 33338
370; 183; 33442
371; 183; 33425
372; 183; 33222
373; 183; 32963
374; 183; 32934
375; 183; 33058
376; 183; 33082
377; 183; 32981
378; 183; 32939
379; 183; 33014
380; 183; 33104
381; 183; 33153
382; 183; 33179
383; 183; 33142
384; 183; 33008
385; 183; 32934
386; 183; 33002
387; 183; 33108
324; 184; 33719
325; 184; 33618
326; 184; 33624
327; 184; 33583
328; 184; 33479
329; 184; 33474
330; 184; 33573
331; 184; 33615
332; 184; 33463
333; 184; 33129
334; 184; 33003
335; 184; 32926
336; 184; 32884
337; 184; 32930
338; 184; 33019
339; 184; 33088
340; 184; 33225
341; 184; 33377
342; 184; 33310
343; 184; 32966
344; 184; 32917
345; 184; 32994
346; 184; 33075
347; 184; 33117
348; 184; 33124
349; 184; 33065
350; 184; 32949
351; 184; 32903
352; 184; 32952
353; 184; 33022
354; 184; 33061
355; 184; 33032
356; 184; 32977
357; 184; 32947
358; 184; 32937
359; 184; 32945
360; 184; 32977
361; 184; 33017
362; 184; 33043
363; 184; 33047
364; 184; 33042
365; 184; 33062
366; 184; 33099
367; 184; 33117
368; 184; 33132
369; 184; 33234
370; 184; 33376
371; 184; 33377
372; 184; 33150
373; 184; 32918
374; 184; 32953
375; 184; 33126
376; 184; 33150
377; 184; 33028
378; 184; 32968
379; 184; 33024
380; 184; 33075
381; 184; 33122
382; 184; 33165
383; 184; 33150
384; 184; 33019
385; 184; 32928
386; 184; 33011
387; 184; 33160
324; 185; 33708
325; 185; 33589
326; 185; 33612
327; 185; 33584
328; 185; 33501
329; 185; 33512
330; 185; 33609
331; 185; 33627
332; 185; 33437
333; 185; 33094
334; 185; 32974
335; 185; 32914
336; 185; 32897
337; 185; 32936
338; 185; 33018
339; 185; 33088
340; 185; 33217
341; 185; 33337
342; 185; 33270
343; 185; 32965
344; 185; 32929
345; 185; 33008
346; 185; 33095
347; 185; 33130
348; 185; 33124
349; 185; 33055
350; 185; 32958
351; 185; 32934
352; 185; 32975
353; 185; 33030
354; 185; 33069
355; 185; 33036
356; 185; 32963
357; 185; 32906
358; 185; 32891
359; 185; 32916
360; 185; 32950
361; 185; 32993
362; 185; 33057
363; 185; 33128
364; 185; 33163
365; 185; 33174
366; 185; 33196
367; 185; 33205
368; 185; 33164
369; 185; 33152
370; 185; 33174
371; 185; 33131
372; 185; 33005
373; 185; 32860
374; 185; 33004
375; 185; 33183
376; 185; 33195
377; 185; 33093
378; 185; 33034
379; 185; 33063
380; 185; 33065
381; 185; 33076
382; 185; 33105
383; 185; 33091
384; 185; 33021
385; 185; 32983
386; 185; 33078
387; 185; 33192
324; 186; 33694
325; 186; 33535
326; 186; 33570
327; 186; 33585
328; 186; 33538
329; 186; 33549
330; 186; 33624
331; 186; 33635
332; 186; 33371
333; 186; 33051
334; 186; 32951
335; 186; 32905
336; 186; 32894
337; 186; 32940
338; 186; 33018
339; 186; 33080
340; 186; 33198
341; 186; 33300
342; 186; 33236
343; 186; 32954
344; 186; 32919
345; 186; 33009
346; 186; 33113
347; 186; 33138
348; 186; 33112
349; 186; 33027
350; 186; 32933
351; 186; 32934
352; 186; 32994
353; 186; 33054
354; 186; 33095
355; 186; 33072
356; 186; 33011
357; 186; 32925
358; 186; 32884
359; 186; 32904
360; 186; 32933
361; 186; 32998
362; 186; 33103
363; 186; 33205
364; 186; 33233
365; 186; 33156
366; 186; 33090
367; 186; 33144
368; 186; 33240
369; 186; 33258
370; 186; 33160
371; 186; 33032
372; 186; 32931
373; 186; 32924
374; 186; 33061
375; 186; 33165
376; 186; 33160
377; 186; 33105
378; 186; 33064
379; 186; 33061
380; 186; 33060
381; 186; 33056
382; 186; 33045
383; 186; 33024
384; 186; 33033
385; 186; 33084
386; 186; 33147
387; 186; 33178
324; 187; 33740
325; 187; 33492
326; 187; 33513
327; 187; 33555
328; 187; 33561
329; 187; 33588
330; 187; 33640
331; 187; 33597
332; 187; 33271
333; 187; 32983
334; 187; 32937
335; 187; 32910
336; 187; 32905
337; 187; 32961
338; 187; 33048
339; 187; 33102
340; 187; 33254
341; 187; 33320
342; 187; 33169
343; 187; 32916
344; 187; 32900
345; 187; 33029
346; 187; 33138
347; 187; 33146
348; 187; 33111
349; 187; 33035
350; 187; 32931
351; 187; 32913
352; 187; 32990
353; 187; 33070
354; 187; 33110
355; 187; 33103
356; 187; 33067
357; 187; 32982
358; 187; 32904
359; 187; 32896
360; 187; 32951
361; 187; 33040
362; 187; 33129
363; 187; 33195
364; 187; 33187
365; 187; 33075
366; 187; 32964
367; 187; 33045
368; 187; 33275
369; 187; 33416
370; 187; 33323
371; 187; 33149
372; 187; 33095
373; 187; 33132
374; 187; 33119
375; 187; 33086
376; 187; 33079
377; 187; 33069
378; 187; 33043
379; 187; 33044
380; 187; 33083
381; 187; 33106
382; 187; 33068
383; 187; 33030
384; 187; 33058
385; 187; 33122
386; 187; 33145
387; 187; 33128
324; 188; 33899
325; 188; 33572
326; 188; 33494
327; 188; 33517
328; 188; 33560
329; 188; 33618
330; 188; 33677
331; 188; 33613
332; 188; 33240
333; 188; 32964
334; 188; 32947
335; 188; 32920
336; 188; 32928
337; 188; 33018
338; 188; 33092
339; 188; 33139
340; 188; 33403
341; 188; 33441
342; 188; 33085
343; 188; 32868
344; 188; 32909
345; 188; 33052
346; 188; 33130
347; 188; 33123
348; 188; 33108
349; 188; 33063
350; 188; 32967
351; 188; 32910
352; 188; 32957
353; 188; 33046
354; 188; 33096
355; 188; 33105
356; 188; 33078
357; 188; 32998
358; 188; 32907
359; 188; 32885
360; 188; 32952
361; 188; 33035
362; 188; 33094
363; 188; 33125
364; 188; 33117
365; 188; 33080
366; 188; 33044
367; 188; 33042
368; 188; 33168
369; 188; 33308
370; 188; 33298
371; 188; 33217
372; 188; 33230
373; 188; 33271
374; 188; 33179
375; 188; 33050
376; 188; 33034
377; 188; 33047
378; 188; 33030
379; 188; 33046
380; 188; 33126
381; 188; 33173
382; 188; 33129
383; 188; 33095
384; 188; 33110
385; 188; 33106
386; 188; 33089
387; 188; 33071
