187; 251; 34161
188; 251; 34166
189; 251; 33953
190; 251; 33752
191; 251; 33776
192; 251; 33892
185; 252; 34048
186; 252; 34038
187; 252; 34127
188; 252; 34190
189; 252; 34103
190; 252; 33962
191; 252; 33918
192; 252; 33942
193; 252; 33994
182; 253; 33935
183; 253; 34094
184; 253; 34175
185; 253; 34164
186; 253; 34096
187; 253; 34077
188; 253; 34105
189; 253; 34092
190; 253; 34041
191; 253; 33997
192; 253; 33958
193; 253; 33944
194; 253; 33976
195; 253; 34031
196; 253; 34106
197; 253; 34158
182; 254; 34014
183; 254; 34036
184; 254; 34107
185; 254; 34169
186; 254; 34133
187; 254; 34060
188; 254; 34015
189; 254; 33999
190; 254; 33992
191; 254; 33963
192; 254; 33927
193; 254; 33921
194; 254; 33924
195; 254; 33905
196; 254; 33916
197; 254; 34020
198; 254; 34101
199; 254; 34015
180; 255; 33854
181; 255; 34016
182; 255; 34041
183; 255; 34011
184; 255; 34063
185; 255; 34133
186; 255; 34129
187; 255; 34084
188; 255; 34034
189; 255; 33998
190; 255; 33956
191; 255; 33897
192; 255; 33859
193; 255; 33883
194; 255; 33924
195; 255; 33913
196; 255; 33898
197; 255; 33957
198; 255; 34053
199; 255; 34077
200; 255; 33930
180; 256; 33792
181; 256; 33959
182; 256; 34069
183; 256; 34092
184; 256; 34106
185; 256; 34095
186; 256; 34073
187; 256; 34078
188; 256; 34101
189; 256; 34090
190; 256; 34019
191; 256; 33928
192; 256; 33857
193; 256; 33849
194; 256; 33923
195; 256; 34007
196; 256; 34032
197; 256; 34011
198; 256; 34010
199; 256; 34028
200; 256; 33979
180; 257; 33891
181; 257; 34040
182; 257; 34140
183; 257; 34147
184; 257; 34098
185; 257; 34046
186; 257; 34030
187; 257; 34061
188; 257; 34123
189; 257; 34152
190; 257; 34114
191; 257; 34042
192; 257; 33948
193; 257; 33878
194; 257; 33937
195; 257; 34080
196; 257; 34143
197; 257; 34088
198; 257; 34038
199; 257; 34037
200; 257; 33974
180; 258; 34251
181; 258; 34270
182; 258; 34235
183; 258; 34139
184; 258; 34046
185; 258; 34049
186; 258; 34086
187; 258; 34084
188; 258; 34068
189; 258; 34085
190; 258; 34119
191; 258; 34101
192; 258; 34007
193; 258; 33915
194; 258; 33943
195; 258; 34055
196; 258; 34104
197; 258; 34088
198; 258; 34112
199; 258; 34128
200; 258; 34041
181; 259; 34380
182; 259; 34275
183; 259; 34139
184; 259; 34059
185; 259; 34128
186; 259; 34190
187; 259; 34106
188; 259; 33976
189; 259; 33950
190; 259; 34012
191; 259; 34017
192; 259; 33943
193; 259; 33893
194; 259; 33916
195; 259; 33953
196; 259; 33963
197; 259; 34027
198; 259; 34171
199; 259; 34214
200; 259; 34045
181; 260; 34268
182; 260; 34186
183; 260; 34125
184; 260; 34103
185; 260; 34182
186; 260; 34221
187; 260; 34094
188; 260; 33942
189; 260; 33916
190; 260; 33945
191; 260; 33907
192; 260; 33848
193; 260; 33852
194; 260; 33879
195; 260; 33863
196; 260; 33856
197; 260; 33972
198; 260; 34172
199; 260; 34220
200; 260; 34014
181; 261; 34064
182; 261; 34039
183; 261; 34062
184; 261; 34080
185; 261; 34130
186; 261; 34152
187; 261; 34079
188; 261; 34010
189; 261; 34021
190; 261; 34018
191; 261; 33942
192; 261; 33881
193; 261; 33865
194; 261; 33835
195; 261; 33786
196; 261; 33797
197; 261; 33926
198; 261; 34107
199; 261; 34158
181; 262; 33961
182; 262; 33993
183; 262; 34045
184; 262; 34044
185; 262; 34051
186; 262; 34086
187; 262; 34091
188; 262; 34097
189; 262; 34130
190; 262; 34127
191; 262; 34084
192; 262; 34039
193; 262; 33946
194; 262; 33787
195; 262; 33668
196; 262; 33693
197; 262; 33830
198; 262; 33989
199; 262; 34065
181; 263; 33984
182; 263; 34081
183; 263; 34140
184; 263; 34094
185; 263; 34058
186; 263; 34093
187; 263; 34117
188; 263; 34116
189; 263; 34123
190; 263; 34134
191; 263; 34159
192; 263; 34165
193; 263; 34041
194; 263; 33796
195; 263; 33613
196; 263; 33614
197; 263; 33720
198; 263; 33833
199; 263; 33929
181; 264; 34043
182; 264; 34171
183; 264; 34215
184; 264; 34146
185; 264; 34117
186; 264; 34152
187; 264; 34128
188; 264; 34058
189; 264; 34036
190; 264; 34057
191; 264; 34105
192; 264; 34157
193; 264; 34099
194; 264; 33905
195; 264; 33735
196; 264; 33695
197; 264; 33700
198; 264; 33679
199; 264; 33701
181; 265; 34055
182; 265; 34144
183; 265; 34141
184; 265; 34091
185; 265; 34140
186; 265; 34218
187; 265; 34139
188; 265; 33986
189; 265; 33953
190; 265; 34005
191; 265; 34053
192; 265; 34102
193; 265; 34105
194; 265; 34024
195; 265; 33931
196; 265; 33881
197; 265; 33760
198; 265; 33543
181; 266; 33974
182; 266; 34042
183; 266; 34016
184; 266; 33996
185; 266; 34127
186; 266; 34266
187; 266; 34164
188; 266; 33953
189; 266; 33915
190; 266; 34021
191; 266; 34094
192; 266; 34105
193; 266; 34090
194; 266; 34061
195; 266; 34018
196; 266; 33950
197; 266; 33758
181; 267; 33872
182; 267; 33981
183; 267; 33983
184; 267; 33967
185; 267; 34094
186; 267; 34257
187; 267; 34178
188; 267; 33953
189; 267; 33909
190; 267; 34055
191; 267; 34155
192; 267; 34134
193; 267; 34091
194; 267; 34057
195; 267; 33986
196; 267; 33842
197; 267; 33514
182; 268; 33987
183; 268; 34004
184; 268; 33943
185; 268; 34000
186; 268; 34165
187; 268; 34167
188; 268; 33994
189; 268; 33941
190; 268; 34057
191; 268; 34118
192; 268; 34075
193; 268; 34061
194; 268; 34066
195; 268; 33951
196; 268; 33593
182; 269; 33887
183; 269; 33951
184; 269; 33863
185; 269; 33864
186; 269; 34041
187; 269; 34160
188; 269; 34104
189; 269; 34046
190; 269; 34060
191; 269; 34016
192; 269; 33929
193; 269; 33957
194; 269; 34043
195; 269; 33918
196; 269; 33386
183; 270; 33786
184; 270; 33799
185; 270; 33826
186; 270; 33981
187; 270; 34141
188; 270; 34176
189; 270; 34148
190; 270; 34108
191; 270; 33991
192; 270; 33850
193; 270; 33853
194; 270; 33968
195; 270; 33939
184; 271; 33845
185; 271; 33940
186; 271; 34006
187; 271; 34078
188; 271; 34125
189; 271; 34150
190; 271; 34141
191; 271; 34047
192; 271; 33850
193; 271; 33792
194; 271; 33912
195; 271; 34006
185; 272; 34073
186; 272; 34053
187; 272; 34011
188; 272; 34028
189; 272; 34074
190; 272; 34071
191; 272; 33971
192; 272; 33748
193; 272; 33689
194; 272; 33901
