155; 85; 32935
156; 85; 32932
157; 85; 32944
158; 85; 32955
159; 85; 32990
160; 85; 33043
161; 85; 33050
162; 85; 33032
163; 85; 33027
164; 85; 33038
165; 85; 33101
166; 85; 33199
167; 85; 33282
168; 85; 33342
169; 85; 33357
170; 85; 33344
171; 85; 33358
172; 85; 33399
173; 85; 33429
174; 85; 33376
175; 85; 33236
176; 85; 33066
177; 85; 32915
178; 85; 32840
179; 85; 32816
180; 85; 32795
181; 85; 32799
182; 85; 32822
183; 85; 32823
184; 85; 32795
185; 85; 32787
186; 85; 32814
187; 85; 32828
155; 86; 32906
156; 86; 32891
157; 86; 32899
158; 86; 32897
159; 86; 32924
160; 86; 32984
161; 86; 32996
162; 86; 32962
163; 86; 32944
164; 86; 32988
165; 86; 33060
166; 86; 33085
167; 86; 33117
168; 86; 33198
169; 86; 33255
170; 86; 33270
171; 86; 33231
172; 86; 33213
173; 86; 33291
174; 86; 33314
175; 86; 33213
176; 86; 33084
177; 86; 32962
178; 86; 32887
179; 86; 32861
180; 86; 32838
181; 86; 32829
182; 86; 32839
183; 86; 32836
184; 86; 32817
185; 86; 32814
186; 86; 32825
187; 86; 32839
155; 87; 32886
156; 87; 32875
157; 87; 32874
158; 87; 32858
159; 87; 32869
160; 87; 32909
161; 87; 32921
162; 87; 32886
163; 87; 32878
164; 87; 32991
165; 87; 33103
166; 87; 33114
167; 87; 33177
168; 87; 33248
169; 87; 33224
170; 87; 33221
171; 87; 33180
172; 87; 33159
173; 87; 33282
174; 87; 33323
175; 87; 33211
176; 87; 33123
177; 87; 33056
178; 87; 32996
179; 87; 32960
180; 87; 32924
181; 87; 32888
182; 87; 32863
183; 87; 32840
184; 87; 32833
185; 87; 32841
186; 87; 32829
187; 87; 32821
155; 88; 32866
156; 88; 32860
157; 88; 32854
158; 88; 32848
159; 88; 32864
160; 88; 32881
161; 88; 32890
162; 88; 32880
163; 88; 32895
164; 88; 33022
165; 88; 33145
166; 88; 33194
167; 88; 33327
168; 88; 33420
169; 88; 33337
170; 88; 33248
171; 88; 33201
172; 88; 33245
173; 88; 33376
174; 88; 33356
175; 88; 33211
176; 88; 33150
177; 88; 33141
178; 88; 33126
179; 88; 33090
180; 88; 33031
181; 88; 32968
182; 88; 32899
183; 88; 32835
184; 88; 32816
185; 88; 32848
186; 88; 32894
187; 88; 32895
155; 89; 32853
156; 89; 32846
157; 89; 32839
158; 89; 32841
159; 89; 32868
160; 89; 32888
161; 89; 32891
162; 89; 32896
163; 89; 32921
164; 89; 33009
165; 89; 33141
166; 89; 33246
167; 89; 33371
168; 89; 33488
169; 89; 33482
170; 89; 33374
171; 89; 33289
172; 89; 33316
173; 89; 33355
174; 89; 33274
175; 89; 33191
176; 89; 33164
177; 89; 33161
178; 89; 33177
179; 89; 33175
180; 89; 33127
181; 89; 33057
182; 89; 32934
183; 89; 32819
184; 89; 32801
185; 89; 32870
186; 89; 32999
187; 89; 33088
155; 90; 32860
156; 90; 32850
157; 90; 32835
158; 90; 32832
159; 90; 32861
160; 90; 32897
161; 90; 32899
162; 90; 32893
163; 90; 32919
164; 90; 33021
165; 90; 33182
166; 90; 33284
167; 90; 33330
168; 90; 33437
169; 90; 33554
170; 90; 33527
171; 90; 33391
172; 90; 33301
173; 90; 33257
174; 90; 33193
175; 90; 33199
176; 90; 33175
177; 90; 33141
178; 90; 33176
179; 90; 33218
180; 90; 33204
181; 90; 33127
182; 90; 32950
183; 90; 32813
184; 90; 32873
185; 90; 33053
186; 90; 33217
187; 90; 33322
155; 91; 32858
156; 91; 32851
157; 91; 32833
158; 91; 32829
159; 91; 32851
160; 91; 32889
161; 91; 32902
162; 91; 32884
163; 91; 32944
164; 91; 33139
165; 91; 33302
166; 91; 33314
167; 91; 33289
168; 91; 33392
169; 91; 33595
170; 91; 33650
171; 91; 33452
172; 91; 33244
173; 91; 33181
174; 91; 33184
175; 91; 33230
176; 91; 33194
177; 91; 33167
178; 91; 33237
179; 91; 33301
180; 91; 33291
181; 91; 33170
182; 91; 32952
183; 91; 32829
184; 91; 32983
185; 91; 33324
186; 91; 33556
187; 91; 33619
155; 92; 32832
156; 92; 32829
157; 92; 32826
158; 92; 32834
159; 92; 32852
160; 92; 32894
161; 92; 32924
162; 92; 32918
163; 92; 33047
164; 92; 33321
165; 92; 33454
166; 92; 33396
167; 92; 33342
168; 92; 33428
169; 92; 33637
170; 92; 33685
171; 92; 33441
172; 92; 33198
173; 92; 33138
174; 92; 33185
175; 92; 33224
176; 92; 33171
177; 92; 33175
178; 92; 33277
179; 92; 33350
180; 92; 33318
181; 92; 33165
182; 92; 32989
183; 92; 32898
184; 92; 33009
185; 92; 33344
186; 92; 33655
187; 92; 33778
155; 93; 32835
156; 93; 32834
157; 93; 32832
158; 93; 32843
159; 93; 32854
160; 93; 32908
161; 93; 32965
162; 93; 33007
163; 93; 33172
164; 93; 33393
165; 93; 33474
166; 93; 33465
167; 93; 33443
168; 93; 33482
169; 93; 33627
170; 93; 33613
171; 93; 33353
172; 93; 33150
173; 93; 33118
174; 93; 33177
175; 93; 33180
176; 93; 33096
177; 93; 33094
178; 93; 33174
179; 93; 33232
180; 93; 33200
181; 93; 33118
182; 93; 33075
183; 93; 32997
184; 93; 32970
185; 93; 33132
186; 93; 33360
187; 93; 33519
155; 94; 32877
156; 94; 32853
157; 94; 32862
158; 94; 32862
159; 94; 32851
160; 94; 32889
161; 94; 32963
162; 94; 33072
163; 94; 33222
164; 94; 33292
165; 94; 33292
166; 94; 33372
167; 94; 33442
168; 94; 33478
169; 94; 33578
170; 94; 33522
171; 94; 33252
172; 94; 33083
173; 94; 33099
174; 94; 33184
175; 94; 33198
176; 94; 33107
177; 94; 33061
178; 94; 33071
179; 94; 33100
180; 94; 33103
181; 94; 33111
182; 94; 33142
183; 94; 33051
184; 94; 32959
185; 94; 33020
186; 94; 33099
187; 94; 33138
155; 95; 32918
156; 95; 32881
157; 95; 32877
158; 95; 32870
159; 95; 32861
160; 95; 32869
161; 95; 32920
162; 95; 33060
163; 95; 33198
164; 95; 33192
165; 95; 33149
166; 95; 33234
167; 95; 33335
168; 95; 33412
169; 95; 33532
170; 95; 33470
171; 95; 33183
172; 95; 33019
173; 95; 33076
174; 95; 33207
175; 95; 33272
176; 95; 33193
177; 95; 33092
178; 95; 33053
179; 95; 33083
180; 95; 33111
181; 95; 33122
182; 95; 33141
183; 95; 33070
184; 95; 32990
185; 95; 33015
186; 95; 33034
187; 95; 32985
155; 96; 32959
156; 96; 32905
157; 96; 32876
158; 96; 32854
159; 96; 32863
160; 96; 32865
161; 96; 32884
162; 96; 33000
163; 96; 33133
164; 96; 33155
165; 96; 33135
166; 96; 33163
167; 96; 33199
168; 96; 33284
169; 96; 33438
170; 96; 33394
171; 96; 33118
172; 96; 32974
173; 96; 33047
174; 96; 33188
175; 96; 33272
176; 96; 33207
177; 96; 33108
178; 96; 33081
179; 96; 33108
180; 96; 33102
181; 96; 33072
182; 96; 33078
183; 96; 33087
184; 96; 33065
185; 96; 33037
186; 96; 33009
187; 96; 32977
155; 97; 33033
156; 97; 32941
157; 97; 32889
158; 97; 32842
159; 97; 32847
160; 97; 32852
161; 97; 32863
162; 97; 32942
163; 97; 33054
164; 97; 33102
165; 97; 33097
166; 97; 33091
167; 97; 33089
168; 97; 33154
169; 97; 33288
170; 97; 33262
171; 97; 33067
172; 97; 32977
173; 97; 33022
174; 97; 33104
175; 97; 33167
176; 97; 33161
177; 97; 33142
178; 97; 33145
179; 97; 33134
180; 97; 33086
181; 97; 33032
182; 97; 33025
183; 97; 33083
184; 97; 33133
185; 97; 33119
186; 97; 33087
187; 97; 33076
155; 98; 33122
156; 98; 32978
157; 98; 32907
158; 98; 32850
159; 98; 32840
160; 98; 32844
161; 98; 32854
162; 98; 32902
163; 98; 32982
164; 98; 33041
165; 98; 33052
166; 98; 33055
167; 98; 33065
168; 98; 33106
169; 98; 33174
170; 98; 33149
171; 98; 33049
172; 98; 33004
173; 98; 33011
174; 98; 33040
175; 98; 33064
176; 98; 33078
177; 98; 33102
178; 98; 33105
179; 98; 33074
180; 98; 33066
181; 98; 33070
182; 98; 33069
183; 98; 33096
184; 98; 33144
185; 98; 33166
186; 98; 33154
187; 98; 33133
155; 99; 33188
156; 99; 33003
157; 99; 32915
158; 99; 32855
159; 99; 32843
160; 99; 32841
161; 99; 32841
162; 99; 32871
163; 99; 32921
164; 99; 32982
165; 99; 33022
166; 99; 33056
167; 99; 33070
168; 99; 33082
169; 99; 33117
170; 99; 33098
171; 99; 33042
172; 99; 33024
173; 99; 33027
174; 99; 33042
175; 99; 33033
176; 99; 33002
177; 99; 33033
178; 99; 33071
179; 99; 33069
180; 99; 33087
181; 99; 33115
182; 99; 33137
183; 99; 33138
184; 99; 33125
185; 99; 33132
186; 99; 33131
187; 99; 33106
155; 100; 33261
156; 100; 33027
157; 100; 32925
158; 100; 32865
159; 100; 32852
160; 100; 32837
161; 100; 32832
162; 100; 32859
163; 100; 32891
164; 100; 32924
165; 100; 32962
166; 100; 33005
167; 100; 33020
168; 100; 33026
169; 100; 33066
170; 100; 33070
171; 100; 33040
172; 100; 33047
173; 100; 33074
174; 100; 33092
175; 100; 33072
176; 100; 33037
177; 100; 33071
178; 100; 33121
179; 100; 33133
180; 100; 33131
181; 100; 33126
182; 100; 33144
183; 100; 33149
184; 100; 33107
185; 100; 33085
186; 100; 33091
187; 100; 33082
155; 101; 33394
156; 101; 33076
157; 101; 32963
158; 101; 32910
159; 101; 32879
160; 101; 32853
161; 101; 32842
162; 101; 32849
163; 101; 32865
164; 101; 32882
165; 101; 32900
166; 101; 32928
167; 101; 32956
168; 101; 32979
169; 101; 33014
170; 101; 33032
171; 101; 33035
172; 101; 33045
173; 101; 33063
174; 101; 33089
175; 101; 33100
176; 101; 33093
177; 101; 33105
178; 101; 33110
179; 101; 33105
180; 101; 33113
181; 101; 33116
182; 101; 33120
183; 101; 33125
184; 101; 33105
185; 101; 33085
186; 101; 33084
187; 101; 33073
155; 102; 33540
156; 102; 33164
157; 102; 33031
158; 102; 32955
159; 102; 32903
160; 102; 32875
161; 102; 32854
162; 102; 32833
163; 102; 32833
164; 102; 32856
165; 102; 32866
166; 102; 32884
167; 102; 32919
168; 102; 32949
169; 102; 32971
170; 102; 32981
171; 102; 32999
172; 102; 33002
173; 102; 32989
174; 102; 33019
175; 102; 33052
176; 102; 33039
177; 102; 33021
178; 102; 33013
179; 102; 33007
180; 102; 33023
181; 102; 33051
182; 102; 33079
183; 102; 33099
184; 102; 33102
185; 102; 33097
186; 102; 33090
187; 102; 33074
155; 103; 33593
156; 103; 33250
157; 103; 33104
158; 103; 32990
159; 103; 32914
160; 103; 32884
161; 103; 32866
162; 103; 32828
163; 103; 32814
164; 103; 32844
165; 103; 32853
166; 103; 32872
167; 103; 32898
168; 103; 32915
169; 103; 32935
170; 103; 32938
171; 103; 32945
172; 103; 32950
173; 103; 32935
174; 103; 32949
175; 103; 32960
176; 103; 32932
177; 103; 32907
178; 103; 32910
179; 103; 32913
180; 103; 32914
181; 103; 32934
182; 103; 32988
183; 103; 33038
184; 103; 33065
185; 103; 33078
186; 103; 33078
187; 103; 33070
155; 104; 33547
156; 104; 33292
157; 104; 33164
158; 104; 33077
159; 104; 32978
160; 104; 32886
161; 104; 32867
162; 104; 32839
163; 104; 32818
164; 104; 32826
165; 104; 32836
166; 104; 32858
167; 104; 32875
168; 104; 32883
169; 104; 32910
170; 104; 32921
171; 104; 32912
172; 104; 32913
173; 104; 32906
174; 104; 32898
175; 104; 32880
176; 104; 32861
177; 104; 32855
178; 104; 32856
179; 104; 32865
180; 104; 32875
181; 104; 32871
182; 104; 32889
183; 104; 32938
184; 104; 32988
185; 104; 33027
186; 104; 33040
187; 104; 33038
155; 105; 33549
156; 105; 33316
157; 105; 33190
158; 105; 33185
159; 105; 33087
160; 105; 32914
161; 105; 32855
162; 105; 32824
163; 105; 32808
164; 105; 32818
165; 105; 32829
166; 105; 32832
167; 105; 32845
168; 105; 32860
169; 105; 32886
170; 105; 32905
171; 105; 32901
172; 105; 32890
173; 105; 32884
174; 105; 32875
175; 105; 32850
176; 105; 32836
177; 105; 32841
178; 105; 32836
179; 105; 32841
180; 105; 32881
181; 105; 32884
182; 105; 32857
183; 105; 32868
184; 105; 32909
185; 105; 32959
186; 105; 32983
187; 105; 32979
155; 106; 33605
156; 106; 33307
157; 106; 33161
158; 106; 33195
159; 106; 33127
160; 106; 32959
161; 106; 32883
162; 106; 32857
163; 106; 32829
164; 106; 32848
165; 106; 32858
166; 106; 32828
167; 106; 32837
168; 106; 32868
169; 106; 32884
170; 106; 32892
171; 106; 32888
172; 106; 32872
173; 106; 32870
174; 106; 32869
175; 106; 32854
176; 106; 32838
177; 106; 32839
178; 106; 32828
179; 106; 32822
180; 106; 32849
181; 106; 32850
182; 106; 32844
183; 106; 32851
184; 106; 32858
185; 106; 32903
186; 106; 32942
187; 106; 32930
155; 107; 33589
156; 107; 33269
157; 107; 33108
158; 107; 33127
159; 107; 33087
160; 107; 32971
161; 107; 32927
162; 107; 32929
163; 107; 32892
164; 107; 32875
165; 107; 32869
166; 107; 32843
167; 107; 32849
168; 107; 32887
169; 107; 32911
170; 107; 32909
171; 107; 32886
172; 107; 32875
173; 107; 32873
174; 107; 32867
175; 107; 32852
176; 107; 32833
177; 107; 32832
178; 107; 32827
179; 107; 32841
180; 107; 32816
181; 107; 32795
182; 107; 32804
183; 107; 32822
184; 107; 32822
185; 107; 32856
186; 107; 32904
187; 107; 32893
155; 108; 33614
156; 108; 33344
157; 108; 33142
158; 108; 33106
159; 108; 33072
160; 108; 32968
161; 108; 32934
162; 108; 32944
163; 108; 32904
164; 108; 32876
165; 108; 32868
166; 108; 32847
167; 108; 32839
168; 108; 32852
169; 108; 32899
170; 108; 32912
171; 108; 32884
172; 108; 32876
173; 108; 32865
174; 108; 32845
175; 108; 32826
176; 108; 32811
177; 108; 32800
178; 108; 32803
179; 108; 32792
180; 108; 32787
181; 108; 32792
182; 108; 32786
183; 108; 32787
184; 108; 32792
185; 108; 32818
186; 108; 32848
187; 108; 32844
155; 109; 33674
156; 109; 33441
157; 109; 33226
158; 109; 33145
159; 109; 33084
160; 109; 32979
161; 109; 32938
162; 109; 32923
163; 109; 32882
164; 109; 32865
165; 109; 32852
166; 109; 32843
167; 109; 32820
168; 109; 32817
169; 109; 32853
170; 109; 32860
171; 109; 32841
172; 109; 32840
173; 109; 32829
174; 109; 32810
175; 109; 32807
176; 109; 32791
177; 109; 32790
178; 109; 32796
179; 109; 32795
180; 109; 32798
181; 109; 32777
182; 109; 32791
183; 109; 32796
184; 109; 32796
185; 109; 32817
186; 109; 32839
187; 109; 32846
155; 110; 33573
156; 110; 33335
157; 110; 33197
158; 110; 33145
159; 110; 33066
160; 110; 32979
161; 110; 32955
162; 110; 32923
163; 110; 32909
164; 110; 32929
165; 110; 32852
166; 110; 32812
167; 110; 32825
168; 110; 32858
169; 110; 32850
170; 110; 32836
171; 110; 32829
172; 110; 32817
173; 110; 32795
174; 110; 32803
175; 110; 32819
176; 110; 32793
177; 110; 32799
178; 110; 32822
179; 110; 32822
180; 110; 32823
181; 110; 32791
182; 110; 32812
183; 110; 32814
184; 110; 32818
185; 110; 32847
186; 110; 32862
187; 110; 32870
155; 111; 33409
156; 111; 33156
157; 111; 33065
158; 111; 33065
159; 111; 33041
160; 111; 32999
161; 111; 32981
162; 111; 32932
163; 111; 33000
164; 111; 33131
165; 111; 33005
166; 111; 32823
167; 111; 32842
168; 111; 32886
169; 111; 32862
170; 111; 32841
171; 111; 32830
172; 111; 32798
173; 111; 32796
174; 111; 32820
175; 111; 32815
176; 111; 32793
177; 111; 32818
178; 111; 32839
179; 111; 32851
180; 111; 32828
181; 111; 32787
182; 111; 32841
183; 111; 32868
184; 111; 32901
185; 111; 32922
186; 111; 32900
187; 111; 32867
