285; 211; 34006
286; 211; 34101
287; 211; 34106
288; 211; 34094
289; 211; 34039
290; 211; 33880
284; 212; 33873
285; 212; 34014
286; 212; 34107
287; 212; 34146
288; 212; 34166
289; 212; 34174
290; 212; 34081
291; 212; 33798
283; 213; 33889
284; 213; 33965
285; 213; 33997
286; 213; 34066
287; 213; 34127
288; 213; 34140
289; 213; 34130
290; 213; 34093
291; 213; 33867
292; 213; 33514
283; 214; 34031
284; 214; 34031
285; 214; 34027
286; 214; 34082
287; 214; 34125
288; 214; 34100
289; 214; 34063
290; 214; 34021
291; 214; 33880
292; 214; 33546
283; 215; 33952
284; 215; 34041
285; 215; 34083
286; 215; 34132
287; 215; 34133
288; 215; 34070
289; 215; 34020
290; 215; 33993
291; 215; 33919
292; 215; 33675
283; 216; 33858
284; 216; 34074
285; 216; 34135
286; 216; 34138
287; 216; 34083
288; 216; 34009
289; 216; 33981
290; 216; 33989
291; 216; 33955
292; 216; 33817
283; 217; 33898
284; 217; 34143
285; 217; 34157
286; 217; 34073
287; 217; 33987
288; 217; 33955
289; 217; 33976
290; 217; 34007
291; 217; 33982
292; 217; 33857
283; 218; 34079
284; 218; 34203
285; 218; 34125
286; 218; 33990
287; 218; 33935
288; 218; 33962
289; 218; 34025
290; 218; 34062
291; 218; 34010
292; 218; 33786
283; 219; 34163
284; 219; 34182
285; 219; 34049
286; 219; 33948
287; 219; 33954
288; 219; 34004
289; 219; 34074
290; 219; 34116
291; 219; 34037
292; 219; 33713
285; 220; 33979
286; 220; 33989
287; 220; 34047
288; 220; 34069
289; 220; 34098
290; 220; 34142
291; 220; 34092
292; 220; 33766
285; 221; 33932
286; 221; 34079
287; 221; 34164
288; 221; 34146
289; 221; 34116
290; 221; 34128
291; 221; 34074
292; 221; 33801
286; 222; 34084
287; 222; 34186
288; 222; 34148
289; 222; 34092
