287; 203; 33786
288; 203; 33829
289; 203; 33878
290; 203; 33878
291; 203; 33863
292; 203; 33889
293; 203; 33928
294; 203; 33936
295; 203; 33954
296; 203; 33973
297; 203; 33915
298; 203; 33884
299; 203; 34003
300; 203; 34107
301; 203; 33991
302; 203; 33835
303; 203; 33885
304; 203; 33998
305; 203; 33971
306; 203; 33919
307; 203; 33977
308; 203; 34043
309; 203; 34021
310; 203; 33963
311; 203; 33947
312; 203; 33961
313; 203; 33941
314; 203; 33886
315; 203; 33926
316; 203; 34089
317; 203; 34179
318; 203; 34069
319; 203; 33645
320; 203; 33387
321; 203; 33332
322; 203; 33489
323; 203; 33718
324; 203; 33864
325; 203; 33901
326; 203; 33835
327; 203; 33692
328; 203; 33654
329; 203; 33763
330; 203; 33803
331; 203; 33689
332; 203; 33593
333; 203; 33580
334; 203; 33535
335; 203; 33472
336; 203; 33465
337; 203; 33468
338; 203; 33475
339; 203; 33564
340; 203; 33635
341; 203; 33459
342; 203; 33123
287; 204; 33765
288; 204; 33763
289; 204; 33819
290; 204; 33872
291; 204; 33916
292; 204; 33963
293; 204; 33998
294; 204; 33987
295; 204; 33955
296; 204; 33943
297; 204; 33900
298; 204; 33859
299; 204; 33933
300; 204; 34051
301; 204; 34012
302; 204; 33875
303; 204; 33864
304; 204; 33939
305; 204; 33937
306; 204; 33931
307; 204; 34024
308; 204; 34079
309; 204; 34013
310; 204; 33943
311; 204; 33960
312; 204; 33998
313; 204; 33965
314; 204; 33886
315; 204; 33894
316; 204; 34010
317; 204; 34037
318; 204; 33788
319; 204; 33484
320; 204; 33374
321; 204; 33335
322; 204; 33356
323; 204; 33465
324; 204; 33643
325; 204; 33793
326; 204; 33786
327; 204; 33612
328; 204; 33474
329; 204; 33520
330; 204; 33604
331; 204; 33580
332; 204; 33534
333; 204; 33515
334; 204; 33450
335; 204; 33378
336; 204; 33353
337; 204; 33313
338; 204; 33256
339; 204; 33236
340; 204; 33197
341; 204; 33108
342; 204; 33100
287; 205; 33809
288; 205; 33747
289; 205; 33768
290; 205; 33850
291; 205; 33931
292; 205; 33968
293; 205; 33989
294; 205; 34007
295; 205; 33993
296; 205; 33954
297; 205; 33902
298; 205; 33856
299; 205; 33880
300; 205; 33968
301; 205; 33993
302; 205; 33923
303; 205; 33885
304; 205; 33911
305; 205; 33917
306; 205; 33938
307; 205; 34020
308; 205; 34052
309; 205; 33998
310; 205; 33973
311; 205; 34015
312; 205; 34038
313; 205; 33987
314; 205; 33913
315; 205; 33901
316; 205; 33950
317; 205; 33925
318; 205; 33686
319; 205; 33438
320; 205; 33330
321; 205; 33259
322; 205; 33206
323; 205; 33207
324; 205; 33335
325; 205; 33543
326; 205; 33692
327; 205; 33617
328; 205; 33381
329; 205; 33218
330; 205; 33217
331; 205; 33306
332; 205; 33365
333; 205; 33337
334; 205; 33235
335; 205; 33163
336; 205; 33165
337; 205; 33147
338; 205; 33086
339; 205; 33046
340; 205; 33019
341; 205; 33001
342; 205; 33098
287; 206; 33935
288; 206; 33805
289; 206; 33722
290; 206; 33797
291; 206; 33920
292; 206; 33940
293; 206; 33916
294; 206; 33948
295; 206; 33978
296; 206; 33962
297; 206; 33944
298; 206; 33928
299; 206; 33908
300; 206; 33909
301; 206; 33920
302; 206; 33915
303; 206; 33925
304; 206; 33966
305; 206; 33978
306; 206; 33964
307; 206; 33966
308; 206; 33966
309; 206; 33968
310; 206; 34004
311; 206; 34038
312; 206; 34027
313; 206; 33981
314; 206; 33936
315; 206; 33917
316; 206; 33932
317; 206; 33915
318; 206; 33798
319; 206; 33468
320; 206; 33246
321; 206; 33107
322; 206; 33083
323; 206; 33069
324; 206; 33087
325; 206; 33205
326; 206; 33428
327; 206; 33582
328; 206; 33451
329; 206; 33179
330; 206; 33054
331; 206; 33119
332; 206; 33189
333; 206; 33141
334; 206; 33038
335; 206; 33000
336; 206; 33036
337; 206; 33046
338; 206; 33019
339; 206; 33021
340; 206; 33035
341; 206; 33039
342; 206; 33069
287; 207; 34064
288; 207; 33890
289; 207; 33698
290; 207; 33738
291; 207; 33920
292; 207; 33964
293; 207; 33888
294; 207; 33859
295; 207; 33882
296; 207; 33909
297; 207; 33961
298; 207; 34009
299; 207; 33990
300; 207; 33914
301; 207; 33855
302; 207; 33854
303; 207; 33924
304; 207; 34023
305; 207; 34056
306; 207; 34007
307; 207; 33943
308; 207; 33924
309; 207; 33963
310; 207; 34012
311; 207; 34011
312; 207; 33990
313; 207; 33991
314; 207; 33981
315; 207; 33945
316; 207; 33950
317; 207; 33973
318; 207; 33902
319; 207; 33534
320; 207; 33168
321; 207; 33001
322; 207; 32993
323; 207; 33038
324; 207; 33021
325; 207; 33007
326; 207; 33126
327; 207; 33372
328; 207; 33484
329; 207; 33339
330; 207; 33186
331; 207; 33146
332; 207; 33100
333; 207; 33001
334; 207; 32936
335; 207; 32956
336; 207; 32997
337; 207; 32997
338; 207; 32976
339; 207; 32987
340; 207; 33014
341; 207; 33005
342; 207; 32997
287; 208; 34101
288; 208; 33953
289; 208; 33712
290; 208; 33690
291; 208; 33886
292; 208; 34005
293; 208; 33953
294; 208; 33863
295; 208; 33838
296; 208; 33877
297; 208; 33949
298; 208; 34014
299; 208; 34023
300; 208; 33960
301; 208; 33872
302; 208; 33836
303; 208; 33898
304; 208; 34003
305; 208; 34046
306; 208; 34018
307; 208; 33970
308; 208; 33957
309; 208; 33995
310; 208; 34012
311; 208; 33977
312; 208; 33975
313; 208; 34027
314; 208; 34024
315; 208; 33963
316; 208; 33976
317; 208; 34017
318; 208; 33928
319; 208; 33542
320; 208; 33209
321; 208; 33035
322; 208; 32968
323; 208; 33028
324; 208; 33096
325; 208; 33063
326; 208; 33000
327; 208; 33079
328; 208; 33293
329; 208; 33395
330; 208; 33360
331; 208; 33271
332; 208; 33103
333; 208; 32960
334; 208; 32948
335; 208; 32986
336; 208; 33010
337; 208; 33013
338; 208; 32995
339; 208; 32978
340; 208; 32960
341; 208; 32951
342; 208; 32951
287; 209; 34022
288; 209; 33962
289; 209; 33764
290; 209; 33646
291; 209; 33754
292; 209; 33941
293; 209; 34009
294; 209; 33958
295; 209; 33912
296; 209; 33917
297; 209; 33928
298; 209; 33937
299; 209; 33974
300; 209; 34001
301; 209; 33970
302; 209; 33925
303; 209; 33928
304; 209; 33956
305; 209; 33975
306; 209; 33990
307; 209; 33988
308; 209; 33979
309; 209; 34004
310; 209; 34012
311; 209; 33978
312; 209; 33985
313; 209; 34035
314; 209; 34007
315; 209; 33940
316; 209; 33983
317; 209; 34022
318; 209; 33886
319; 209; 33500
320; 209; 33321
321; 209; 33169
322; 209; 33028
323; 209; 33017
324; 209; 33138
325; 209; 33161
326; 209; 33050
327; 209; 32979
328; 209; 33070
329; 209; 33265
330; 209; 33342
331; 209; 33294
332; 209; 33126
333; 209; 32982
334; 209; 32974
335; 209; 32990
336; 209; 32983
337; 209; 32999
338; 209; 33017
339; 209; 33010
340; 209; 32972
341; 209; 32957
342; 209; 32994
287; 210; 33907
288; 210; 33895
289; 210; 33772
290; 210; 33595
291; 210; 33566
292; 210; 33747
293; 210; 33940
294; 210; 34003
295; 210; 33996
296; 210; 33966
297; 210; 33906
298; 210; 33867
299; 210; 33919
300; 210; 34012
301; 210; 34049
302; 210; 34037
303; 210; 34011
304; 210; 33973
305; 210; 33951
306; 210; 33973
307; 210; 33979
308; 210; 33951
309; 210; 33971
310; 210; 34018
311; 210; 34015
312; 210; 34007
313; 210; 34013
314; 210; 33954
315; 210; 33898
316; 210; 33978
317; 210; 34031
318; 210; 33872
319; 210; 33482
320; 210; 33359
321; 210; 33249
322; 210; 33110
323; 210; 33034
324; 210; 33089
325; 210; 33137
326; 210; 33085
327; 210; 33020
328; 210; 33050
329; 210; 33152
330; 210; 33195
331; 210; 33184
332; 210; 33105
333; 210; 33012
334; 210; 32972
335; 210; 32969
336; 210; 32959
337; 210; 32986
338; 210; 33051
339; 210; 33077
340; 210; 33066
341; 210; 33080
342; 210; 33161
287; 211; 33834
288; 211; 33791
289; 211; 33713
290; 211; 33555
291; 211; 33453
292; 211; 33542
293; 211; 33755
294; 211; 33912
295; 211; 33972
296; 211; 33961
297; 211; 33914
298; 211; 33895
299; 211; 33926
300; 211; 33976
301; 211; 34008
302; 211; 34034
303; 211; 34044
304; 211; 34012
305; 211; 33987
306; 211; 34007
307; 211; 33995
308; 211; 33925
309; 211; 33929
310; 211; 34013
311; 211; 34048
312; 211; 34043
313; 211; 34025
314; 211; 33947
315; 211; 33884
316; 211; 33965
317; 211; 34049
318; 211; 33934
319; 211; 33535
320; 211; 33337
321; 211; 33211
322; 211; 33123
323; 211; 33083
324; 211; 33088
325; 211; 33112
326; 211; 33140
327; 211; 33190
328; 211; 33226
329; 211; 33194
330; 211; 33135
331; 211; 33110
332; 211; 33098
333; 211; 33072
334; 211; 33041
335; 211; 33045
336; 211; 33073
337; 211; 33096
338; 211; 33127
339; 211; 33158
340; 211; 33167
341; 211; 33205
342; 211; 33310
287; 212; 33839
288; 212; 33762
289; 212; 33674
290; 212; 33559
291; 212; 33473
292; 212; 33470
293; 212; 33583
294; 212; 33757
295; 212; 33884
296; 212; 33932
297; 212; 33945
298; 212; 33963
299; 212; 33957
300; 212; 33923
301; 212; 33910
302; 212; 33957
303; 212; 33998
304; 212; 33989
305; 212; 33997
306; 212; 34045
307; 212; 34038
308; 212; 33948
309; 212; 33914
310; 212; 33974
311; 212; 34024
312; 212; 34058
313; 212; 34075
314; 212; 34003
315; 212; 33907
316; 212; 33943
317; 212; 34040
318; 212; 33978
319; 212; 33677
320; 212; 33301
321; 212; 33127
322; 212; 33084
323; 212; 33137
324; 212; 33177
325; 212; 33179
326; 212; 33233
327; 212; 33330
328; 212; 33373
329; 212; 33315
330; 212; 33235
331; 212; 33207
332; 212; 33214
333; 212; 33200
334; 212; 33184
335; 212; 33231
336; 212; 33297
337; 212; 33315
338; 212; 33295
339; 212; 33289
340; 212; 33282
341; 212; 33276
342; 212; 33333
287; 213; 33926
288; 213; 33877
289; 213; 33729
290; 213; 33604
291; 213; 33585
292; 213; 33579
293; 213; 33565
294; 213; 33668
295; 213; 33835
296; 213; 33939
297; 213; 33965
298; 213; 33975
299; 213; 33951
300; 213; 33896
301; 213; 33883
302; 213; 33936
303; 213; 33959
304; 213; 33933
305; 213; 33953
306; 213; 34026
307; 213; 34045
308; 213; 33981
309; 213; 33935
310; 213; 33943
311; 213; 33972
312; 213; 34028
313; 213; 34083
314; 213; 34036
315; 213; 33915
316; 213; 33899
317; 213; 34016
318; 213; 34081
319; 213; 33908
320; 213; 33426
321; 213; 33093
322; 213; 33049
323; 213; 33148
324; 213; 33260
325; 213; 33288
326; 213; 33314
327; 213; 33340
328; 213; 33346
329; 213; 33353
330; 213; 33358
331; 213; 33359
332; 213; 33359
333; 213; 33333
334; 213; 33302
335; 213; 33353
336; 213; 33447
337; 213; 33469
338; 213; 33440
339; 213; 33445
340; 213; 33436
341; 213; 33353
342; 213; 33318
287; 214; 34036
288; 214; 34046
289; 214; 33856
290; 214; 33699
291; 214; 33747
292; 214; 33786
293; 214; 33704
294; 214; 33701
295; 214; 33851
296; 214; 33973
297; 214; 33973
298; 214; 33946
299; 214; 33920
300; 214; 33895
301; 214; 33918
302; 214; 33971
303; 214; 33968
304; 214; 33915
305; 214; 33910
306; 214; 33964
307; 214; 33992
308; 214; 33983
309; 214; 33982
310; 214; 33979
311; 214; 33971
312; 214; 33999
313; 214; 34051
314; 214; 34013
315; 214; 33885
316; 214; 33850
317; 214; 34018
318; 214; 34190
319; 214; 34130
320; 214; 33635
321; 214; 33133
322; 214; 33006
323; 214; 33090
324; 214; 33264
325; 214; 33360
326; 214; 33373
327; 214; 33331
328; 214; 33298
329; 214; 33324
330; 214; 33357
331; 214; 33368
332; 214; 33397
333; 214; 33418
334; 214; 33403
335; 214; 33411
336; 214; 33451
337; 214; 33448
338; 214; 33434
339; 214; 33486
340; 214; 33521
341; 214; 33446
342; 214; 33394
287; 215; 34055
288; 215; 34106
289; 215; 33973
290; 215; 33849
291; 215; 33907
292; 215; 33964
293; 215; 33870
294; 215; 33794
295; 215; 33874
296; 215; 33975
297; 215; 33983
298; 215; 33952
299; 215; 33912
300; 215; 33883
301; 215; 33917
302; 215; 33982
303; 215; 33985
304; 215; 33932
305; 215; 33903
306; 215; 33912
307; 215; 33930
308; 215; 33968
309; 215; 34021
310; 215; 34035
311; 215; 34003
312; 215; 34000
313; 215; 34035
314; 215; 33999
315; 215; 33863
316; 215; 33821
317; 215; 34018
318; 215; 34254
319; 215; 34250
320; 215; 33765
321; 215; 33131
322; 215; 32951
323; 215; 33038
324; 215; 33242
325; 215; 33399
326; 215; 33429
327; 215; 33375
328; 215; 33329
329; 215; 33339
330; 215; 33348
331; 215; 33358
332; 215; 33423
333; 215; 33502
334; 215; 33516
335; 215; 33477
336; 215; 33424
337; 215; 33365
338; 215; 33346
339; 215; 33395
340; 215; 33454
341; 215; 33489
342; 215; 33555
287; 216; 33958
288; 216; 34035
289; 216; 34043
290; 216; 34005
291; 216; 34008
292; 216; 34017
293; 216; 33948
294; 216; 33851
295; 216; 33828
296; 216; 33875
297; 216; 33941
298; 216; 33967
299; 216; 33918
300; 216; 33862
301; 216; 33885
302; 216; 33950
303; 216; 33972
304; 216; 33945
305; 216; 33925
306; 216; 33915
307; 216; 33918
308; 216; 33964
309; 216; 34029
310; 216; 34043
311; 216; 34003
312; 216; 33994
313; 216; 34026
314; 216; 33995
315; 216; 33876
316; 216; 33842
317; 216; 34001
318; 216; 34200
319; 216; 34189
320; 216; 33830
321; 216; 33178
322; 216; 32929
323; 216; 33040
324; 216; 33273
325; 216; 33445
326; 216; 33457
327; 216; 33416
328; 216; 33397
329; 216; 33419
330; 216; 33458
331; 216; 33494
332; 216; 33533
333; 216; 33573
334; 216; 33582
335; 216; 33540
336; 216; 33466
337; 216; 33402
338; 216; 33367
339; 216; 33365
340; 216; 33406
341; 216; 33529
342; 216; 33707
287; 217; 33845
288; 217; 33943
289; 217; 34059
290; 217; 34068
291; 217; 34004
292; 217; 33961
293; 217; 33929
294; 217; 33837
295; 217; 33721
296; 217; 33711
297; 217; 33828
298; 217; 33930
299; 217; 33907
300; 217; 33860
301; 217; 33883
302; 217; 33931
303; 217; 33946
304; 217; 33954
305; 217; 33970
306; 217; 33956
307; 217; 33935
308; 217; 33962
309; 217; 34017
310; 217; 34035
311; 217; 34011
312; 217; 33995
313; 217; 33988
314; 217; 33947
315; 217; 33889
316; 217; 33904
317; 217; 34005
318; 217; 34114
319; 217; 34135
320; 217; 33933
321; 217; 33312
322; 217; 32916
323; 217; 33031
324; 217; 33320
325; 217; 33483
326; 217; 33466
327; 217; 33433
328; 217; 33433
329; 217; 33469
330; 217; 33589
331; 217; 33719
332; 217; 33717
333; 217; 33628
334; 217; 33592
335; 217; 33599
336; 217; 33584
337; 217; 33557
338; 217; 33521
339; 217; 33488
340; 217; 33513
341; 217; 33621
342; 217; 33751
287; 218; 33787
288; 218; 33864
289; 218; 33989
290; 218; 34011
291; 218; 33943
292; 218; 33899
293; 218; 33882
294; 218; 33805
295; 218; 33689
296; 218; 33659
297; 218; 33754
298; 218; 33862
299; 218; 33884
300; 218; 33880
301; 218; 33915
302; 218; 33946
303; 218; 33949
304; 218; 33982
305; 218; 34024
306; 218; 34001
307; 218; 33945
308; 218; 33943
309; 218; 33999
310; 218; 34059
311; 218; 34081
312; 218; 34044
313; 218; 33958
314; 218; 33877
315; 218; 33874
316; 218; 33955
317; 218; 34036
318; 218; 34089
319; 218; 34127
320; 218; 34055
321; 218; 33486
322; 218; 32910
323; 218; 32982
324; 218; 33302
325; 218; 33489
326; 218; 33495
327; 218; 33499
328; 218; 33477
329; 218; 33449
330; 218; 33606
331; 218; 33848
332; 218; 33865
333; 218; 33708
334; 218; 33650
335; 218; 33698
336; 218; 33711
337; 218; 33671
338; 218; 33616
339; 218; 33596
340; 218; 33648
341; 218; 33702
342; 218; 33695
287; 219; 33727
288; 219; 33747
289; 219; 33851
290; 219; 33906
291; 219; 33910
292; 219; 33896
293; 219; 33865
294; 219; 33850
295; 219; 33855
296; 219; 33827
297; 219; 33798
298; 219; 33815
299; 219; 33856
300; 219; 33892
301; 219; 33947
302; 219; 33995
303; 219; 34003
304; 219; 34018
305; 219; 34048
306; 219; 34025
307; 219; 33957
308; 219; 33926
309; 219; 33975
310; 219; 34069
311; 219; 34115
312; 219; 34067
313; 219; 33958
314; 219; 33873
315; 219; 33877
316; 219; 33965
317; 219; 34046
318; 219; 34093
319; 219; 34149
320; 219; 34136
321; 219; 33643
322; 219; 32957
323; 219; 32935
324; 219; 33172
325; 219; 33422
326; 219; 33519
327; 219; 33596
328; 219; 33564
329; 219; 33438
330; 219; 33526
331; 219; 33785
332; 219; 33853
333; 219; 33753
334; 219; 33744
335; 219; 33804
336; 219; 33790
337; 219; 33705
338; 219; 33610
339; 219; 33580
340; 219; 33637
341; 219; 33656
342; 219; 33591
287; 220; 33634
288; 220; 33626
289; 220; 33742
290; 220; 33846
291; 220; 33918
292; 220; 33923
293; 220; 33880
294; 220; 33943
295; 220; 34079
296; 220; 34062
297; 220; 33896
298; 220; 33804
299; 220; 33836
300; 220; 33876
301; 220; 33937
302; 220; 34030
303; 220; 34058
304; 220; 34025
305; 220; 34013
306; 220; 34021
307; 220; 33995
308; 220; 33953
309; 220; 33969
310; 220; 34026
311; 220; 34028
312; 220; 33961
313; 220; 33912
314; 220; 33912
315; 220; 33928
316; 220; 33977
317; 220; 34038
318; 220; 34078
319; 220; 34133
320; 220; 34122
321; 220; 33765
322; 220; 33086
323; 220; 32905
324; 220; 33027
325; 220; 33308
326; 220; 33492
327; 220; 33649
328; 220; 33646
329; 220; 33483
330; 220; 33464
331; 220; 33607
332; 220; 33654
333; 220; 33635
334; 220; 33723
335; 220; 33828
336; 220; 33830
337; 220; 33766
338; 220; 33667
339; 220; 33565
340; 220; 33522
341; 220; 33512
342; 220; 33520
287; 221; 33584
288; 221; 33598
289; 221; 33757
290; 221; 33869
291; 221; 33928
292; 221; 33934
293; 221; 33893
294; 221; 33962
295; 221; 34125
296; 221; 34116
297; 221; 33922
298; 221; 33825
299; 221; 33855
300; 221; 33853
301; 221; 33870
302; 221; 33989
303; 221; 34053
304; 221; 33996
305; 221; 33958
306; 221; 33999
307; 221; 34020
308; 221; 33997
309; 221; 34007
310; 221; 34008
311; 221; 33905
312; 221; 33766
313; 221; 33750
314; 221; 33852
315; 221; 33956
316; 221; 34036
317; 221; 34078
318; 221; 34060
319; 221; 34079
320; 221; 34115
321; 221; 33905
322; 221; 33290
323; 221; 32950
324; 221; 32964
325; 221; 33208
326; 221; 33413
327; 221; 33610
328; 221; 33667
329; 221; 33550
330; 221; 33497
331; 221; 33522
332; 221; 33462
333; 221; 33420
334; 221; 33547
335; 221; 33719
336; 221; 33800
337; 221; 33826
338; 221; 33790
339; 221; 33644
340; 221; 33489
341; 221; 33440
342; 221; 33540
287; 222; 33610
288; 222; 33661
289; 222; 33847
290; 222; 33921
291; 222; 33918
292; 222; 33923
293; 222; 33909
294; 222; 33926
295; 222; 33998
296; 222; 33984
297; 222; 33887
298; 222; 33881
299; 222; 33926
300; 222; 33872
301; 222; 33817
302; 222; 33915
303; 222; 34012
304; 222; 33982
305; 222; 33944
306; 222; 33975
307; 222; 33992
308; 222; 33986
309; 222; 34024
310; 222; 34016
311; 222; 33848
312; 222; 33636
313; 222; 33569
314; 222; 33663
315; 222; 33838
316; 222; 34027
317; 222; 34128
318; 222; 34059
319; 222; 34018
320; 222; 34083
321; 222; 34022
322; 222; 33495
323; 222; 32996
324; 222; 32947
325; 222; 33120
326; 222; 33316
327; 222; 33530
328; 222; 33656
329; 222; 33632
330; 222; 33616
331; 222; 33610
332; 222; 33476
333; 222; 33333
334; 222; 33378
335; 222; 33538
336; 222; 33659
337; 222; 33742
338; 222; 33780
339; 222; 33699
340; 222; 33569
341; 222; 33539
342; 222; 33663
287; 223; 33695
288; 223; 33723
289; 223; 33878
290; 223; 33940
291; 223; 33906
292; 223; 33899
293; 223; 33921
294; 223; 33917
295; 223; 33904
296; 223; 33881
297; 223; 33872
298; 223; 33929
299; 223; 33995
300; 223; 33949
301; 223; 33872
302; 223; 33921
303; 223; 34008
304; 223; 34001
305; 223; 33960
306; 223; 33961
307; 223; 33950
308; 223; 33933
309; 223; 33968
310; 223; 33956
311; 223; 33807
312; 223; 33641
313; 223; 33553
314; 223; 33507
315; 223; 33563
316; 223; 33796
317; 223; 34030
318; 223; 34039
319; 223; 33999
320; 223; 34089
321; 223; 34102
322; 223; 33644
323; 223; 33048
324; 223; 32923
325; 223; 33052
326; 223; 33249
327; 223; 33474
328; 223; 33658
329; 223; 33713
330; 223; 33717
331; 223; 33720
332; 223; 33636
333; 223; 33479
334; 223; 33389
335; 223; 33413
336; 223; 33482
337; 223; 33560
338; 223; 33644
339; 223; 33697
340; 223; 33723
341; 223; 33760
342; 223; 33809
287; 224; 33809
288; 224; 33723
289; 224; 33771
290; 224; 33868
291; 224; 33897
292; 224; 33889
293; 224; 33911
294; 224; 33935
295; 224; 33932
296; 224; 33907
297; 224; 33894
298; 224; 33927
299; 224; 33997
300; 224; 34020
301; 224; 33993
302; 224; 34000
303; 224; 34032
304; 224; 34010
305; 224; 33961
306; 224; 33956
307; 224; 33946
308; 224; 33920
309; 224; 33912
310; 224; 33855
311; 224; 33737
312; 224; 33696
313; 224; 33690
314; 224; 33522
315; 224; 33316
316; 224; 33409
317; 224; 33753
318; 224; 33980
319; 224; 34048
320; 224; 34139
321; 224; 34138
322; 224; 33761
323; 224; 33089
324; 224; 32899
325; 224; 33019
326; 224; 33248
327; 224; 33479
328; 224; 33656
329; 224; 33702
330; 224; 33634
331; 224; 33618
332; 224; 33703
333; 224; 33721
334; 224; 33574
335; 224; 33403
336; 224; 33376
337; 224; 33469
338; 224; 33581
339; 224; 33696
340; 224; 33831
341; 224; 33924
342; 224; 33884
287; 225; 33931
288; 225; 33740
289; 225; 33621
290; 225; 33721
291; 225; 33876
292; 225; 33906
293; 225; 33890
294; 225; 33934
295; 225; 33986
296; 225; 33985
297; 225; 33939
298; 225; 33919
299; 225; 33969
300; 225; 34026
301; 225; 34030
302; 225; 34017
303; 225; 34022
304; 225; 33997
305; 225; 33948
306; 225; 33945
307; 225; 33969
308; 225; 33979
309; 225; 33947
310; 225; 33832
311; 225; 33697
312; 225; 33710
313; 225; 33792
314; 225; 33636
315; 225; 33275
316; 225; 33143
317; 225; 33469
318; 225; 33892
319; 225; 34109
320; 225; 34206
321; 225; 34225
322; 225; 33942
323; 225; 33228
324; 225; 32874
325; 225; 32981
326; 225; 33226
327; 225; 33459
328; 225; 33599
329; 225; 33610
330; 225; 33458
331; 225; 33394
332; 225; 33625
333; 225; 33867
334; 225; 33774
335; 225; 33478
336; 225; 33355
337; 225; 33481
338; 225; 33641
339; 225; 33735
340; 225; 33835
341; 225; 33937
342; 225; 33910
287; 226; 34029
288; 226; 33867
289; 226; 33607
290; 226; 33592
291; 226; 33815
292; 226; 33944
293; 226; 33927
294; 226; 33928
295; 226; 33986
296; 226; 34022
297; 226; 33982
298; 226; 33939
299; 226; 33963
300; 226; 33997
301; 226; 33971
302; 226; 33955
303; 226; 33997
304; 226; 34011
305; 226; 33962
306; 226; 33929
307; 226; 33959
308; 226; 34016
309; 226; 34007
310; 226; 33873
311; 226; 33710
312; 226; 33690
313; 226; 33776
314; 226; 33713
315; 226; 33419
316; 226; 33172
317; 226; 33303
318; 226; 33746
319; 226; 34098
320; 226; 34242
321; 226; 34283
322; 226; 34164
323; 226; 33493
324; 226; 32928
325; 226; 32951
326; 226; 33107
327; 226; 33340
328; 226; 33487
329; 226; 33532
330; 226; 33410
331; 226; 33322
332; 226; 33546
333; 226; 33859
334; 226; 33874
335; 226; 33602
336; 226; 33402
337; 226; 33468
338; 226; 33654
339; 226; 33768
340; 226; 33818
341; 226; 33898
342; 226; 33951
287; 227; 34045
288; 227; 34039
289; 227; 33756
290; 227; 33570
291; 227; 33708
292; 227; 33942
293; 227; 34011
294; 227; 33966
295; 227; 33961
296; 227; 34003
297; 227; 33995
298; 227; 33961
299; 227; 33980
300; 227; 34001
301; 227; 33944
302; 227; 33918
303; 227; 34003
304; 227; 34063
305; 227; 34010
306; 227; 33932
307; 227; 33936
308; 227; 33995
309; 227; 34001
310; 227; 33897
311; 227; 33754
312; 227; 33690
313; 227; 33722
314; 227; 33752
315; 227; 33639
316; 227; 33399
317; 227; 33305
318; 227; 33586
319; 227; 34004
320; 227; 34218
321; 227; 34294
322; 227; 34284
323; 227; 33776
324; 227; 33070
325; 227; 32957
326; 227; 33017
327; 227; 33209
328; 227; 33387
329; 227; 33499
330; 227; 33489
331; 227; 33408
332; 227; 33501
333; 227; 33742
334; 227; 33872
335; 227; 33789
336; 227; 33595
337; 227; 33462
338; 227; 33508
339; 227; 33678
340; 227; 33829
341; 227; 33940
342; 227; 34016
287; 228; 33947
288; 228; 34114
289; 228; 33967
290; 228; 33692
291; 228; 33635
292; 228; 33860
293; 228; 34041
294; 228; 34014
295; 228; 33935
296; 228; 33957
297; 228; 33979
298; 228; 33955
299; 228; 33988
300; 228; 34042
301; 228; 33997
302; 228; 33945
303; 228; 34004
304; 228; 34079
305; 228; 34048
306; 228; 33975
307; 228; 33955
308; 228; 33979
309; 228; 33989
310; 228; 33935
311; 228; 33819
312; 228; 33706
313; 228; 33677
314; 228; 33761
315; 228; 33802
316; 228; 33611
317; 228; 33367
318; 228; 33497
319; 228; 33909
320; 228; 34161
321; 228; 34223
322; 228; 34196
323; 228; 33853
324; 228; 33163
325; 228; 32965
326; 228; 33009
327; 228; 33158
328; 228; 33336
329; 228; 33470
330; 228; 33530
331; 228; 33475
332; 228; 33466
333; 228; 33595
334; 228; 33789
335; 228; 33952
336; 228; 33911
337; 228; 33614
338; 228; 33377
339; 228; 33517
340; 228; 33867
341; 228; 34085
342; 228; 34066
287; 229; 33781
288; 229; 34014
289; 229; 34074
290; 229; 33891
291; 229; 33693
292; 229; 33754
293; 229; 33957
294; 229; 34004
295; 229; 33927
296; 229; 33935
297; 229; 33970
298; 229; 33951
299; 229; 33984
300; 229; 34064
301; 229; 34047
302; 229; 33972
303; 229; 33979
304; 229; 34039
305; 229; 34046
306; 229; 34013
307; 229; 33995
308; 229; 34007
309; 229; 34053
310; 229; 34060
311; 229; 33940
312; 229; 33739
313; 229; 33634
314; 229; 33727
315; 229; 33839
316; 229; 33689
317; 229; 33411
318; 229; 33486
319; 229; 33877
320; 229; 34135
321; 229; 34160
322; 229; 34129
323; 229; 33921
324; 229; 33274
325; 229; 32946
326; 229; 32992
327; 229; 33130
328; 229; 33312
329; 229; 33434
330; 229; 33486
331; 229; 33431
332; 229; 33397
333; 229; 33478
334; 229; 33664
335; 229; 33956
336; 229; 34127
337; 229; 33896
338; 229; 33502
339; 229; 33502
340; 229; 33911
341; 229; 34196
342; 229; 34051
287; 230; 33656
288; 230; 33833
289; 230; 34028
290; 230; 34039
291; 230; 33835
292; 230; 33710
293; 230; 33824
294; 230; 33957
295; 230; 33968
296; 230; 33959
297; 230; 33970
298; 230; 33957
299; 230; 33968
300; 230; 34024
301; 230; 34020
302; 230; 33958
303; 230; 33959
304; 230; 34014
305; 230; 34030
306; 230; 34007
307; 230; 33993
308; 230; 34023
309; 230; 34122
310; 230; 34203
311; 230; 34106
312; 230; 33834
313; 230; 33631
314; 230; 33673
315; 230; 33787
316; 230; 33668
317; 230; 33426
318; 230; 33500
319; 230; 33877
320; 230; 34140
321; 230; 34163
322; 230; 34175
323; 230; 34136
324; 230; 33585
325; 230; 33006
326; 230; 32958
327; 230; 33054
328; 230; 33256
329; 230; 33410
330; 230; 33472
331; 230; 33388
332; 230; 33345
333; 230; 33456
334; 230; 33618
335; 230; 33842
336; 230; 34103
337; 230; 34124
338; 230; 33845
339; 230; 33682
340; 230; 33884
341; 230; 34093
342; 230; 33938
287; 231; 33642
288; 231; 33746
289; 231; 33923
290; 231; 34040
291; 231; 33920
292; 231; 33721
293; 231; 33741
294; 231; 33926
295; 231; 34027
296; 231; 33993
297; 231; 33957
298; 231; 33949
299; 231; 33951
300; 231; 33962
301; 231; 33967
302; 231; 33966
303; 231; 34000
304; 231; 34044
305; 231; 34035
306; 231; 33992
307; 231; 33972
308; 231; 34007
309; 231; 34114
310; 231; 34238
311; 231; 34215
312; 231; 33963
313; 231; 33690
314; 231; 33642
315; 231; 33726
316; 231; 33651
317; 231; 33465
318; 231; 33526
319; 231; 33870
320; 231; 34118
321; 231; 34158
322; 231; 34268
323; 231; 34417
324; 231; 34031
325; 231; 33263
326; 231; 32970
327; 231; 33021
328; 231; 33176
329; 231; 33383
330; 231; 33504
331; 231; 33419
332; 231; 33370
333; 231; 33541
334; 231; 33692
335; 231; 33730
336; 231; 33897
337; 231; 34145
338; 231; 34137
339; 231; 33892
340; 231; 33741
341; 231; 33764
342; 231; 33745
287; 232; 33686
288; 232; 33770
289; 232; 33850
290; 232; 33946
291; 232; 33918
292; 232; 33765
293; 232; 33735
294; 232; 33897
295; 232; 34036
296; 232; 34008
297; 232; 33942
298; 232; 33945
299; 232; 33959
300; 232; 33944
301; 232; 33951
302; 232; 33996
303; 232; 34048
304; 232; 34069
305; 232; 34048
306; 232; 34014
307; 232; 34000
308; 232; 34020
309; 232; 34079
310; 232; 34172
311; 232; 34192
312; 232; 34020
313; 232; 33759
314; 232; 33650
315; 232; 33699
316; 232; 33675
317; 232; 33556
318; 232; 33602
319; 232; 33860
320; 232; 34041
321; 232; 34084
322; 232; 34262
323; 232; 34480
324; 232; 34368
325; 232; 33611
326; 232; 33031
327; 232; 32972
328; 232; 33113
329; 232; 33326
330; 232; 33479
331; 232; 33466
332; 232; 33467
333; 232; 33642
334; 232; 33759
335; 232; 33656
336; 232; 33684
337; 232; 34004
338; 232; 34210
339; 232; 33996
340; 232; 33606
341; 232; 33464
342; 232; 33587
287; 233; 33675
288; 233; 33777
289; 233; 33824
290; 233; 33880
291; 233; 33903
292; 233; 33833
293; 233; 33770
294; 233; 33842
295; 233; 33981
296; 233; 34014
297; 233; 33968
298; 233; 33964
299; 233; 33979
300; 233; 33953
301; 233; 33938
302; 233; 33970
303; 233; 34007
304; 233; 34022
305; 233; 34040
306; 233; 34056
307; 233; 34048
308; 233; 34046
309; 233; 34073
310; 233; 34120
311; 233; 34113
312; 233; 33985
313; 233; 33798
314; 233; 33702
315; 233; 33711
316; 233; 33699
317; 233; 33656
318; 233; 33716
319; 233; 33881
320; 233; 33995
321; 233; 34030
322; 233; 34177
323; 233; 34448
324; 233; 34482
325; 233; 33951
326; 233; 33175
327; 233; 32922
328; 233; 33030
329; 233; 33249
330; 233; 33385
331; 233; 33483
332; 233; 33601
333; 233; 33708
334; 233; 33727
335; 233; 33643
336; 233; 33669
337; 233; 33919
338; 233; 34125
339; 233; 33997
340; 233; 33643
341; 233; 33433
342; 233; 33525
287; 234; 33603
288; 234; 33717
289; 234; 33815
290; 234; 33886
291; 234; 33932
292; 234; 33914
293; 234; 33826
294; 234; 33810
295; 234; 33925
296; 234; 34028
297; 234; 34018
298; 234; 33983
299; 234; 33986
300; 234; 33959
301; 234; 33909
302; 234; 33891
303; 234; 33902
304; 234; 33948
305; 234; 34034
306; 234; 34090
307; 234; 34063
308; 234; 34040
309; 234; 34091
310; 234; 34138
311; 234; 34085
312; 234; 33952
313; 234; 33849
314; 234; 33813
315; 234; 33774
316; 234; 33721
317; 234; 33733
318; 234; 33837
319; 234; 33961
320; 234; 34047
321; 234; 34071
322; 234; 34109
323; 234; 34273
324; 234; 34380
325; 234; 34051
326; 234; 33283
327; 234; 32914
328; 234; 32950
329; 234; 33119
330; 234; 33257
331; 234; 33479
332; 234; 33723
333; 234; 33746
334; 234; 33670
335; 234; 33719
336; 234; 33837
337; 234; 33917
338; 234; 33949
339; 234; 33924
340; 234; 33808
341; 234; 33644
342; 234; 33568
287; 235; 33550
288; 235; 33662
289; 235; 33811
290; 235; 33917
291; 235; 33969
292; 235; 33969
293; 235; 33886
294; 235; 33834
295; 235; 33921
296; 235; 34031
297; 235; 34013
298; 235; 33958
299; 235; 33969
300; 235; 33972
301; 235; 33914
302; 235; 33853
303; 235; 33840
304; 235; 33913
305; 235; 34040
306; 235; 34102
307; 235; 34051
308; 235; 34022
309; 235; 34102
310; 235; 34170
311; 235; 34101
312; 235; 33977
313; 235; 33948
314; 235; 33973
315; 235; 33907
316; 235; 33819
317; 235; 33871
318; 235; 33999
319; 235; 34064
320; 235; 34096
321; 235; 34100
322; 235; 34058
323; 235; 34141
324; 235; 34299
325; 235; 34136
326; 235; 33384
327; 235; 32953
328; 235; 32965
329; 235; 33030
330; 235; 33156
331; 235; 33436
332; 235; 33741
333; 235; 33753
334; 235; 33678
335; 235; 33827
336; 235; 33947
337; 235; 33825
338; 235; 33710
339; 235; 33804
340; 235; 33930
341; 235; 33859
342; 235; 33666
287; 236; 33518
288; 236; 33649
289; 236; 33816
290; 236; 33922
291; 236; 33962
292; 236; 33973
293; 236; 33928
294; 236; 33890
295; 236; 33945
296; 236; 34000
297; 236; 33956
298; 236; 33904
299; 236; 33948
300; 236; 33996
301; 236; 33965
302; 236; 33904
303; 236; 33867
304; 236; 33906
305; 236; 34014
306; 236; 34076
307; 236; 34043
308; 236; 34027
309; 236; 34096
310; 236; 34149
311; 236; 34098
312; 236; 34036
313; 236; 34070
314; 236; 34122
315; 236; 34076
316; 236; 34018
317; 236; 34090
318; 236; 34174
319; 236; 34105
320; 236; 33999
321; 236; 33988
322; 236; 34005
323; 236; 34103
324; 236; 34302
325; 236; 34265
326; 236; 33589
327; 236; 33043
328; 236; 33003
329; 236; 33006
330; 236; 33113
331; 236; 33326
332; 236; 33619
333; 236; 33717
334; 236; 33737
335; 236; 33877
336; 236; 33881
337; 236; 33632
338; 236; 33513
339; 236; 33701
340; 236; 33914
341; 236; 33913
342; 236; 33774
287; 237; 33466
288; 237; 33654
289; 237; 33823
290; 237; 33898
291; 237; 33931
292; 237; 33968
293; 237; 33960
294; 237; 33934
295; 237; 33952
296; 237; 33958
297; 237; 33911
298; 237; 33888
299; 237; 33950
300; 237; 34004
301; 237; 33996
302; 237; 33974
303; 237; 33940
304; 237; 33911
305; 237; 33949
306; 237; 34017
307; 237; 34040
308; 237; 34050
309; 237; 34082
310; 237; 34087
311; 237; 34064
312; 237; 34077
313; 237; 34134
314; 237; 34172
315; 237; 34158
316; 237; 34142
317; 237; 34211
318; 237; 34257
319; 237; 34089
320; 237; 33836
321; 237; 33812
322; 237; 33972
323; 237; 34095
324; 237; 34221
325; 237; 34182
326; 237; 33697
327; 237; 33066
328; 237; 32994
329; 237; 33020
330; 237; 33090
331; 237; 33161
332; 237; 33353
333; 237; 33667
334; 237; 33800
335; 237; 33885
336; 237; 33801
337; 237; 33549
338; 237; 33478
339; 237; 33660
340; 237; 33812
341; 237; 33843
342; 237; 33857
287; 238; 33424
288; 238; 33656
289; 238; 33834
290; 238; 33890
291; 238; 33929
292; 238; 34001
293; 238; 34013
294; 238; 33956
295; 238; 33927
296; 238; 33936
297; 238; 33925
298; 238; 33938
299; 238; 33984
300; 238; 33987
301; 238; 33970
302; 238; 34003
303; 238; 34017
304; 238; 33950
305; 238; 33920
306; 238; 33986
307; 238; 34051
308; 238; 34072
309; 238; 34072
310; 238; 34049
311; 238; 34041
312; 238; 34082
313; 238; 34112
314; 238; 34100
315; 238; 34081
316; 238; 34059
317; 238; 34104
318; 238; 34210
319; 238; 34141
320; 238; 33856
321; 238; 33764
322; 238; 33940
323; 238; 33956
324; 238; 33737
325; 238; 33775
326; 238; 33622
327; 238; 33110
328; 238; 32987
329; 238; 33055
330; 238; 33058
331; 238; 32992
332; 238; 33151
333; 238; 33643
334; 238; 33835
335; 238; 33895
336; 238; 33858
337; 238; 33692
338; 238; 33611
339; 238; 33688
340; 238; 33745
341; 238; 33801
342; 238; 33931
287; 239; 33464
288; 239; 33671
289; 239; 33846
290; 239; 33903
291; 239; 33951
292; 239; 34040
293; 239; 34053
294; 239; 33958
295; 239; 33898
296; 239; 33936
297; 239; 33985
298; 239; 34012
299; 239; 34021
300; 239; 33966
301; 239; 33926
302; 239; 34003
303; 239; 34074
304; 239; 34006
305; 239; 33941
306; 239; 34001
307; 239; 34075
308; 239; 34081
309; 239; 34065
310; 239; 34042
311; 239; 34041
312; 239; 34076
313; 239; 34085
314; 239; 34046
315; 239; 34010
316; 239; 33944
317; 239; 33930
318; 239; 34130
319; 239; 34296
320; 239; 34109
321; 239; 33890
322; 239; 33915
323; 239; 33817
324; 239; 33340
325; 239; 33295
326; 239; 33460
327; 239; 33232
328; 239; 33062
329; 239; 33099
330; 239; 33057
331; 239; 32941
332; 239; 33052
333; 239; 33590
334; 239; 33811
335; 239; 33877
336; 239; 33956
337; 239; 33904
338; 239; 33767
339; 239; 33731
340; 239; 33768
341; 239; 33861
342; 239; 34007
287; 240; 33568
288; 240; 33725
289; 240; 33861
290; 240; 33905
291; 240; 33932
292; 240; 34003
293; 240; 34021
294; 240; 33945
295; 240; 33903
296; 240; 33952
297; 240; 34005
298; 240; 34017
299; 240; 34021
300; 240; 33973
301; 240; 33927
302; 240; 33998
303; 240; 34081
304; 240; 34021
305; 240; 33944
306; 240; 33999
307; 240; 34067
308; 240; 34059
309; 240; 34046
310; 240; 34047
311; 240; 34048
312; 240; 34076
313; 240; 34101
314; 240; 34087
315; 240; 34060
316; 240; 33984
317; 240; 33906
318; 240; 34066
319; 240; 34345
320; 240; 34310
321; 240; 34052
322; 240; 33942
323; 240; 33816
324; 240; 33333
325; 240; 33234
326; 240; 33319
327; 240; 33246
328; 240; 33092
329; 240; 33119
330; 240; 33095
331; 240; 32962
332; 240; 33049
333; 240; 33590
334; 240; 33815
335; 240; 33838
336; 240; 33926
337; 240; 33945
338; 240; 33823
339; 240; 33779
340; 240; 33851
341; 240; 33944
342; 240; 34035
287; 241; 33662
288; 241; 33788
289; 241; 33876
290; 241; 33894
291; 241; 33882
292; 241; 33906
293; 241; 33936
294; 241; 33942
295; 241; 33952
296; 241; 33970
297; 241; 33953
298; 241; 33942
299; 241; 33998
300; 241; 34027
301; 241; 33980
302; 241; 33991
303; 241; 34054
304; 241; 34016
305; 241; 33932
306; 241; 33952
307; 241; 34002
308; 241; 34005
309; 241; 34029
310; 241; 34072
311; 241; 34064
312; 241; 34062
313; 241; 34087
314; 241; 34077
315; 241; 34057
316; 241; 34037
317; 241; 33982
318; 241; 34037
319; 241; 34237
320; 241; 34290
321; 241; 34123
322; 241; 34033
323; 241; 33985
324; 241; 33639
325; 241; 33250
326; 241; 33220
327; 241; 33169
328; 241; 33095
329; 241; 33147
330; 241; 33156
331; 241; 33010
332; 241; 33035
333; 241; 33574
334; 241; 33886
335; 241; 33858
336; 241; 33815
337; 241; 33831
338; 241; 33818
339; 241; 33844
340; 241; 33926
341; 241; 33972
342; 241; 34000
287; 242; 33702
288; 242; 33816
289; 242; 33882
290; 242; 33907
291; 242; 33895
292; 242; 33867
293; 242; 33873
294; 242; 33938
295; 242; 33996
296; 242; 33980
297; 242; 33896
298; 242; 33876
299; 242; 33999
300; 242; 34090
301; 242; 34020
302; 242; 33965
303; 242; 34032
304; 242; 34057
305; 242; 33977
306; 242; 33931
307; 242; 33935
308; 242; 33952
309; 242; 34019
310; 242; 34106
311; 242; 34106
312; 242; 34071
313; 242; 34040
314; 242; 33933
315; 242; 33771
316; 242; 33826
317; 242; 34027
318; 242; 34135
319; 242; 34197
320; 242; 34178
321; 242; 34056
322; 242; 34067
323; 242; 34134
324; 242; 33954
325; 242; 33397
326; 242; 33166
327; 242; 33134
328; 242; 33125
329; 242; 33173
330; 242; 33164
331; 242; 32982
332; 242; 32956
333; 242; 33376
334; 242; 33941
335; 242; 33966
336; 242; 33820
337; 242; 33786
338; 242; 33852
339; 242; 33904
340; 242; 33945
341; 242; 33957
342; 242; 33957
287; 243; 33709
288; 243; 33804
289; 243; 33867
290; 243; 33939
291; 243; 33968
292; 243; 33910
293; 243; 33858
294; 243; 33905
295; 243; 33987
296; 243; 33989
297; 243; 33905
298; 243; 33883
299; 243; 34007
300; 243; 34097
301; 243; 34016
302; 243; 33941
303; 243; 34023
304; 243; 34101
305; 243; 34046
306; 243; 33963
307; 243; 33930
308; 243; 33938
309; 243; 34004
310; 243; 34105
311; 243; 34150
312; 243; 34157
313; 243; 34102
314; 243; 33814
315; 243; 33403
316; 243; 33471
317; 243; 34027
318; 243; 34274
319; 243; 34235
320; 243; 33999
321; 243; 33742
322; 243; 33923
323; 243; 34134
324; 243; 34091
325; 243; 33685
326; 243; 33254
327; 243; 33186
328; 243; 33152
329; 243; 33157
330; 243; 33126
331; 243; 32970
332; 243; 32871
333; 243; 33148
334; 243; 33819
335; 243; 34102
336; 243; 33981
337; 243; 33888
338; 243; 33904
339; 243; 33903
340; 243; 33912
341; 243; 33942
342; 243; 33930
287; 244; 33735
288; 244; 33822
289; 244; 33856
290; 244; 33930
291; 244; 33989
292; 244; 33948
293; 244; 33871
294; 244; 33872
295; 244; 33947
296; 244; 33993
297; 244; 33966
298; 244; 33943
299; 244; 34003
300; 244; 34060
301; 244; 34015
302; 244; 33966
303; 244; 34024
304; 244; 34085
305; 244; 34046
306; 244; 33990
307; 244; 33974
308; 244; 33971
309; 244; 33989
310; 244; 34045
311; 244; 34125
312; 244; 34237
313; 244; 34258
314; 244; 33856
315; 244; 33270
316; 244; 33249
317; 244; 33914
318; 244; 34263
319; 244; 34035
320; 244; 33529
321; 244; 33311
322; 244; 33483
323; 244; 33954
324; 244; 34147
325; 244; 34066
326; 244; 33576
327; 244; 33233
328; 244; 33128
329; 244; 33098
330; 244; 33106
331; 244; 33012
332; 244; 32913
333; 244; 33029
334; 244; 33612
335; 244; 34115
336; 244; 34101
337; 244; 33980
338; 244; 33900
339; 244; 33854
340; 244; 33878
341; 244; 33941
342; 244; 33899
287; 245; 33766
288; 245; 33888
289; 245; 33883
290; 245; 33883
291; 245; 33930
292; 245; 33942
293; 245; 33902
294; 245; 33882
295; 245; 33922
296; 245; 33982
297; 245; 34012
298; 245; 34004
299; 245; 34014
300; 245; 34050
301; 245; 34053
302; 245; 34027
303; 245; 34025
304; 245; 34026
305; 245; 34001
306; 245; 33992
307; 245; 34008
308; 245; 34016
309; 245; 34009
310; 245; 33990
311; 245; 34010
312; 245; 34151
313; 245; 34254
314; 245; 34052
315; 245; 33474
316; 245; 33398
317; 245; 33737
318; 245; 33850
319; 245; 33421
320; 245; 33107
321; 245; 33089
322; 245; 33221
323; 245; 33605
324; 245; 34178
325; 245; 34315
326; 245; 33960
327; 245; 33345
328; 245; 33092
329; 245; 33057
330; 245; 33133
331; 245; 33149
332; 245; 33000
333; 245; 32946
334; 245; 33361
335; 245; 33955
336; 245; 34090
337; 245; 33994
338; 245; 33887
339; 245; 33865
340; 245; 33905
341; 245; 33944
342; 245; 33854
287; 246; 33742
288; 246; 33933
289; 246; 33944
290; 246; 33876
291; 246; 33884
292; 246; 33920
293; 246; 33914
294; 246; 33905
295; 246; 33927
296; 246; 33963
297; 246; 34009
298; 246; 34029
299; 246; 34033
300; 246; 34056
301; 246; 34075
302; 246; 34049
303; 246; 34003
304; 246; 33975
305; 246; 33974
306; 246; 33996
307; 246; 34016
308; 246; 34044
309; 246; 34072
310; 246; 34030
311; 246; 33926
312; 246; 33936
313; 246; 34086
314; 246; 34072
315; 246; 33829
316; 246; 33734
317; 246; 33706
318; 246; 33380
319; 246; 33022
320; 246; 33044
321; 246; 33175
322; 246; 33221
323; 246; 33476
324; 246; 34084
325; 246; 34289
326; 246; 34021
327; 246; 33369
328; 246; 33097
329; 246; 33082
330; 246; 33180
331; 246; 33240
332; 246; 33088
333; 246; 32966
334; 246; 33184
335; 246; 33794
336; 246; 34063
337; 246; 34001
338; 246; 33926
339; 246; 33939
340; 246; 33933
341; 246; 33884
342; 246; 33786
287; 247; 33686
288; 247; 33936
289; 247; 34005
290; 247; 33929
291; 247; 33905
292; 247; 33908
293; 247; 33886
294; 247; 33907
295; 247; 33960
296; 247; 33984
297; 247; 34002
298; 247; 34013
299; 247; 34004
300; 247; 34017
301; 247; 34054
302; 247; 34042
303; 247; 33973
304; 247; 33933
305; 247; 33961
306; 247; 34007
307; 247; 34017
308; 247; 34038
309; 247; 34123
310; 247; 34157
311; 247; 34002
312; 247; 33784
313; 247; 33744
314; 247; 33890
315; 247; 34056
316; 247; 34120
317; 247; 33933
318; 247; 33429
319; 247; 33069
320; 247; 33086
321; 247; 33263
322; 247; 33387
323; 247; 33719
324; 247; 34134
325; 247; 34168
326; 247; 33789
327; 247; 33247
328; 247; 33092
329; 247; 33110
330; 247; 33206
331; 247; 33268
332; 247; 33121
333; 247; 32942
334; 247; 33078
335; 247; 33692
336; 247; 34037
337; 247; 34012
338; 247; 33944
339; 247; 33940
340; 247; 33858
341; 247; 33732
342; 247; 33677
287; 248; 33672
288; 248; 33933
289; 248; 34034
290; 248; 33973
291; 248; 33928
292; 248; 33896
293; 248; 33857
294; 248; 33910
295; 248; 34001
296; 248; 34027
297; 248; 34016
298; 248; 33992
299; 248; 33945
300; 248; 33951
301; 248; 34039
302; 248; 34076
303; 248; 33995
304; 248; 33914
305; 248; 33934
306; 248; 33998
307; 248; 34006
308; 248; 34000
309; 248; 34119
310; 248; 34292
311; 248; 34230
312; 248; 33854
313; 248; 33475
314; 248; 33498
315; 248; 33890
316; 248; 34250
317; 248; 34230
318; 248; 33874
319; 248; 33425
320; 248; 33198
321; 248; 33204
322; 248; 33526
323; 248; 34090
324; 248; 34307
325; 248; 34136
326; 248; 33634
327; 248; 33163
328; 248; 33058
329; 248; 33094
330; 248; 33204
331; 248; 33278
332; 248; 33150
333; 248; 32950
334; 248; 32994
335; 248; 33511
336; 248; 34019
337; 248; 34034
338; 248; 33935
339; 248; 33858
340; 248; 33723
341; 248; 33577
342; 248; 33560
287; 249; 33684
288; 249; 33903
289; 249; 33992
290; 249; 33944
291; 249; 33908
292; 249; 33892
293; 249; 33874
294; 249; 33917
295; 249; 33978
296; 249; 33999
297; 249; 34013
298; 249; 34008
299; 249; 33947
300; 249; 33928
301; 249; 34032
302; 249; 34126
303; 249; 34075
304; 249; 33948
305; 249; 33890
306; 249; 33931
307; 249; 33966
308; 249; 33953
309; 249; 34057
310; 249; 34346
311; 249; 34490
312; 249; 34136
313; 249; 33499
314; 249; 33211
315; 249; 33567
316; 249; 34174
317; 249; 34342
318; 249; 34232
319; 249; 33880
320; 249; 33393
321; 249; 33233
322; 249; 33623
323; 249; 34228
324; 249; 34353
325; 249; 34231
326; 249; 33824
327; 249; 33287
328; 249; 33017
329; 249; 33017
330; 249; 33145
331; 249; 33260
332; 249; 33203
333; 249; 32968
334; 249; 32937
335; 249; 33301
336; 249; 33951
337; 249; 34128
338; 249; 34004
339; 249; 33806
340; 249; 33624
341; 249; 33484
342; 249; 33497
287; 250; 33659
288; 250; 33812
289; 250; 33888
290; 250; 33875
291; 250; 33875
292; 250; 33898
293; 250; 33914
294; 250; 33913
295; 250; 33889
296; 250; 33895
297; 250; 33980
298; 250; 34059
299; 250; 34030
300; 250; 33965
301; 250; 33999
302; 250; 34108
303; 250; 34143
304; 250; 34019
305; 250; 33847
306; 250; 33821
307; 250; 33926
308; 250; 33962
309; 250; 33985
310; 250; 34265
311; 250; 34626
312; 250; 34497
313; 250; 33812
314; 250; 33246
315; 250; 33335
316; 250; 33947
317; 250; 34353
318; 250; 34331
319; 250; 34157
320; 250; 33877
321; 250; 33615
322; 250; 33707
323; 250; 33978
324; 250; 34168
325; 250; 34234
326; 250; 34164
327; 250; 33589
328; 250; 33063
329; 250; 33014
330; 250; 33089
331; 250; 33182
332; 250; 33189
333; 250; 33011
334; 250; 32913
335; 250; 33144
336; 250; 33873
337; 250; 34278
338; 250; 34165
339; 250; 33747
340; 250; 33528
341; 250; 33406
342; 250; 33467
287; 251; 33642
288; 251; 33726
289; 251; 33797
290; 251; 33826
291; 251; 33851
292; 251; 33896
293; 251; 33933
294; 251; 33917
295; 251; 33861
296; 251; 33857
297; 251; 33962
298; 251; 34080
299; 251; 34093
300; 251; 34009
301; 251; 33952
302; 251; 34024
303; 251; 34149
304; 251; 34090
305; 251; 33841
306; 251; 33738
307; 251; 33911
308; 251; 34032
309; 251; 33951
310; 251; 34062
311; 251; 34494
312; 251; 34684
313; 251; 34216
314; 251; 33524
315; 251; 33332
316; 251; 33753
317; 251; 34197
318; 251; 34281
319; 251; 34218
320; 251; 34162
321; 251; 34026
322; 251; 33764
323; 251; 33427
324; 251; 33538
325; 251; 34095
326; 251; 34256
327; 251; 33787
328; 251; 33142
329; 251; 33062
330; 251; 33089
331; 251; 33092
332; 251; 33105
333; 251; 33028
334; 251; 32906
335; 251; 32990
336; 251; 33658
337; 251; 34226
338; 251; 34135
339; 251; 33667
340; 251; 33440
341; 251; 33354
342; 251; 33424
287; 252; 33708
288; 252; 33721
289; 252; 33754
290; 252; 33798
291; 252; 33838
292; 252; 33880
293; 252; 33922
294; 252; 33946
295; 252; 33946
296; 252; 33953
297; 252; 33990
298; 252; 34032
299; 252; 34053
300; 252; 34011
301; 252; 33931
302; 252; 33956
303; 252; 34118
304; 252; 34151
305; 252; 33918
306; 252; 33740
307; 252; 33886
308; 252; 34084
309; 252; 33995
310; 252; 33899
311; 252; 34184
312; 252; 34557
313; 252; 34435
314; 252; 33848
315; 252; 33469
316; 252; 33674
317; 252; 34092
318; 252; 34228
319; 252; 34171
320; 252; 34145
321; 252; 34084
322; 252; 33657
323; 252; 33094
324; 252; 33052
325; 252; 33651
326; 252; 34101
327; 252; 33765
328; 252; 33139
329; 252; 33055
330; 252; 33105
331; 252; 33087
332; 252; 33106
333; 252; 33119
334; 252; 32975
335; 252; 32911
336; 252; 33286
337; 252; 33905
338; 252; 33920
339; 252; 33625
340; 252; 33484
341; 252; 33422
342; 252; 33410
287; 253; 33817
288; 253; 33760
289; 253; 33712
290; 253; 33742
291; 253; 33801
292; 253; 33840
293; 253; 33877
294; 253; 33944
295; 253; 34018
296; 253; 34043
297; 253; 34002
298; 253; 33953
299; 253; 33964
300; 253; 33995
301; 253; 33969
302; 253; 33958
303; 253; 34086
304; 253; 34197
305; 253; 34066
306; 253; 33834
307; 253; 33842
308; 253; 34054
309; 253; 34096
310; 253; 33938
311; 253; 33965
312; 253; 34274
313; 253; 34419
314; 253; 34112
315; 253; 33722
316; 253; 33726
317; 253; 34018
318; 253; 34177
319; 253; 34113
320; 253; 33991
321; 253; 33860
322; 253; 33450
323; 253; 33020
324; 253; 32951
325; 253; 33296
326; 253; 33810
327; 253; 33646
328; 253; 33096
329; 253; 32982
330; 253; 33063
331; 253; 33157
332; 253; 33239
333; 253; 33278
334; 253; 33126
335; 253; 32948
336; 253; 33024
337; 253; 33547
338; 253; 33751
339; 253; 33704
340; 253; 33670
341; 253; 33604
342; 253; 33489
287; 254; 33874
288; 254; 33803
289; 254; 33706
290; 254; 33703
291; 254; 33753
292; 254; 33772
293; 254; 33783
294; 254; 33852
295; 254; 33950
296; 254; 34000
297; 254; 33965
298; 254; 33910
299; 254; 33933
300; 254; 34016
301; 254; 34054
302; 254; 34022
303; 254; 34062
304; 254; 34191
305; 254; 34187
306; 254; 33973
307; 254; 33838
308; 254; 33990
309; 254; 34168
310; 254; 34091
311; 254; 33951
312; 254; 34062
313; 254; 34281
314; 254; 34276
315; 254; 34065
316; 254; 33927
317; 254; 33974
318; 254; 34082
319; 254; 34073
320; 254; 33914
321; 254; 33557
322; 254; 33301
323; 254; 33165
324; 254; 33109
325; 254; 33257
326; 254; 33556
327; 254; 33522
328; 254; 33083
329; 254; 32944
330; 254; 33007
331; 254; 33156
332; 254; 33276
333; 254; 33355
334; 254; 33244
335; 254; 33011
336; 254; 32958
337; 254; 33215
338; 254; 33633
339; 254; 33721
340; 254; 33757
341; 254; 33710
342; 254; 33592
