288; 240; 33407
289; 240; 33485
290; 240; 33576
291; 240; 33920
292; 240; 34649
293; 240; 35091
294; 240; 35041
295; 240; 34602
296; 240; 34431
297; 240; 34753
298; 240; 35384
299; 240; 35821
300; 240; 36041
301; 240; 36018
302; 240; 35515
303; 240; 34567
304; 240; 34294
305; 240; 34503
306; 240; 34566
307; 240; 34181
308; 240; 33733
309; 240; 33618
310; 240; 33731
311; 240; 33749
312; 240; 33644
313; 240; 33610
314; 240; 33791
315; 240; 33785
316; 240; 33666
317; 240; 33710
318; 240; 34193
319; 240; 34948
320; 240; 35762
321; 240; 36267
322; 240; 36440
323; 240; 36491
324; 240; 36569
325; 240; 36675
326; 240; 36691
327; 240; 36612
328; 240; 36582
329; 240; 36615
330; 240; 36524
331; 240; 36303
332; 240; 36151
333; 240; 36092
334; 240; 36086
335; 240; 36038
336; 240; 36058
337; 240; 35778
338; 240; 34963
339; 240; 33951
288; 241; 33815
289; 241; 33800
290; 241; 33816
291; 241; 33947
292; 241; 34446
293; 241; 34910
294; 241; 34946
295; 241; 34731
296; 241; 34648
297; 241; 34884
298; 241; 35250
299; 241; 35464
300; 241; 35641
301; 241; 35752
302; 241; 35438
303; 241; 34668
304; 241; 34331
305; 241; 34371
306; 241; 34304
307; 241; 33896
308; 241; 33562
309; 241; 33615
310; 241; 33791
311; 241; 33812
312; 241; 33841
313; 241; 34126
314; 241; 34220
315; 241; 33696
316; 241; 33417
317; 241; 33812
318; 241; 34960
319; 241; 36081
320; 241; 36597
321; 241; 36638
322; 241; 36525
323; 241; 36556
324; 241; 36646
325; 241; 36715
326; 241; 36699
327; 241; 36640
328; 241; 36686
329; 241; 36805
330; 241; 36730
331; 241; 36389
332; 241; 36045
333; 241; 35894
334; 241; 35820
335; 241; 35736
336; 241; 35642
337; 241; 35436
338; 241; 34673
339; 241; 33731
288; 242; 33792
289; 242; 33755
290; 242; 33760
291; 242; 33815
292; 242; 34042
293; 242; 34427
294; 242; 34590
295; 242; 34708
296; 242; 34983
297; 242; 35236
298; 242; 35244
299; 242; 35059
300; 242; 35082
301; 242; 35354
302; 242; 35161
303; 242; 34534
304; 242; 34255
305; 242; 34296
306; 242; 34168
307; 242; 33713
308; 242; 33376
309; 242; 33451
310; 242; 33645
311; 242; 33736
312; 242; 33973
313; 242; 34410
314; 242; 34457
315; 242; 33759
316; 242; 33341
317; 242; 34191
318; 242; 35761
319; 242; 36794
320; 242; 37071
321; 242; 36820
322; 242; 36637
323; 242; 36630
324; 242; 36681
325; 242; 36721
326; 242; 36710
327; 242; 36687
328; 242; 36797
329; 242; 36981
330; 242; 36916
331; 242; 36510
332; 242; 36080
333; 242; 35898
334; 242; 35844
335; 242; 35740
336; 242; 35622
337; 242; 35464
338; 242; 34894
339; 242; 33930
288; 243; 33613
289; 243; 33584
290; 243; 33558
291; 243; 33577
292; 243; 33694
293; 243; 33958
294; 243; 34262
295; 243; 34575
296; 243; 35091
297; 243; 35406
298; 243; 35290
299; 243; 34910
300; 243; 34740
301; 243; 34878
302; 243; 34584
303; 243; 34096
304; 243; 33917
305; 243; 34171
306; 243; 34164
307; 243; 33786
308; 243; 33364
309; 243; 33266
310; 243; 33455
311; 243; 33772
312; 243; 34172
313; 243; 34390
314; 243; 34236
315; 243; 33637
316; 243; 33631
317; 243; 34806
318; 243; 36308
319; 243; 37075
320; 243; 37041
321; 243; 36824
322; 243; 36698
323; 243; 36650
324; 243; 36614
325; 243; 36638
326; 243; 36712
327; 243; 36794
328; 243; 36906
329; 243; 36981
330; 243; 36848
331; 243; 36521
332; 243; 36262
333; 243; 36193
334; 243; 36114
335; 243; 35917
336; 243; 35764
337; 243; 35686
338; 243; 35251
339; 243; 34374
288; 244; 33845
289; 244; 33892
290; 244; 33920
291; 244; 33899
292; 244; 33948
293; 244; 34119
294; 244; 34376
295; 244; 34580
296; 244; 34995
297; 244; 35225
298; 244; 35143
299; 244; 34785
300; 244; 34558
301; 244; 34516
302; 244; 34264
303; 244; 33860
304; 244; 33750
305; 244; 33918
306; 244; 34076
307; 244; 33909
308; 244; 33526
309; 244; 33273
310; 244; 33487
311; 244; 34060
312; 244; 34494
313; 244; 34392
314; 244; 33727
315; 244; 33398
316; 244; 34053
317; 244; 35582
318; 244; 36732
319; 244; 36998
320; 244; 36839
321; 244; 36701
322; 244; 36718
323; 244; 36672
324; 244; 36537
325; 244; 36513
326; 244; 36674
327; 244; 36865
328; 244; 36917
329; 244; 36794
330; 244; 36586
331; 244; 36457
332; 244; 36488
333; 244; 36529
334; 244; 36367
335; 244; 36061
336; 244; 35899
337; 244; 35924
338; 244; 35646
339; 244; 34946
288; 245; 34471
289; 245; 34661
290; 245; 34805
291; 245; 34842
292; 245; 34807
293; 245; 34755
294; 245; 34735
295; 245; 34723
296; 245; 34807
297; 245; 34907
298; 245; 34806
299; 245; 34548
300; 245; 34420
301; 245; 34420
302; 245; 34368
303; 245; 34084
304; 245; 33832
305; 245; 33779
306; 245; 33844
307; 245; 33875
308; 245; 33749
309; 245; 33581
310; 245; 33782
311; 245; 34370
312; 245; 34591
313; 245; 34262
314; 245; 33459
315; 245; 33399
316; 245; 34560
317; 245; 36173
318; 245; 37036
319; 245; 36964
320; 245; 36650
321; 245; 36645
322; 245; 36814
323; 245; 36797
324; 245; 36597
325; 245; 36489
326; 245; 36638
327; 245; 36841
328; 245; 36823
329; 245; 36587
330; 245; 36383
331; 245; 36404
332; 245; 36573
333; 245; 36635
334; 245; 36433
335; 245; 36127
336; 245; 36028
337; 245; 36171
338; 245; 36011
339; 245; 35375
288; 246; 34704
289; 246; 34790
290; 246; 34993
291; 246; 35066
292; 246; 35099
293; 246; 35023
294; 246; 34905
295; 246; 34727
296; 246; 34645
297; 246; 34531
298; 246; 34383
299; 246; 34241
300; 246; 34313
301; 246; 34464
302; 246; 34579
303; 246; 34471
304; 246; 34177
305; 246; 33786
306; 246; 33657
307; 246; 33747
308; 246; 33928
309; 246; 34052
310; 246; 34203
311; 246; 34374
312; 246; 34399
313; 246; 33943
314; 246; 33512
315; 246; 33779
316; 246; 35093
317; 246; 36542
318; 246; 37166
319; 246; 36917
320; 246; 36658
321; 246; 36776
322; 246; 36963
323; 246; 36897
324; 246; 36652
325; 246; 36510
326; 246; 36611
327; 246; 36735
328; 246; 36650
329; 246; 36434
330; 246; 36315
331; 246; 36387
332; 246; 36558
333; 246; 36640
334; 246; 36504
335; 246; 36262
336; 246; 36191
337; 246; 36329
338; 246; 36237
339; 246; 35546
288; 247; 34493
289; 247; 34374
290; 247; 34486
291; 247; 34743
292; 247; 34964
293; 247; 34993
294; 247; 34808
295; 247; 34523
296; 247; 34255
297; 247; 34052
298; 247; 33928
299; 247; 33960
300; 247; 34226
301; 247; 34552
302; 247; 34669
303; 247; 34609
304; 247; 34299
305; 247; 33836
306; 247; 33539
307; 247; 33619
308; 247; 33988
309; 247; 34362
310; 247; 34468
311; 247; 34316
312; 247; 33895
313; 247; 33462
314; 247; 33508
315; 247; 34246
316; 247; 35572
317; 247; 36680
318; 247; 36982
319; 247; 36831
320; 247; 36755
321; 247; 36911
322; 247; 36955
323; 247; 36754
324; 247; 36505
325; 247; 36462
326; 247; 36590
327; 247; 36622
328; 247; 36486
329; 247; 36343
330; 247; 36298
331; 247; 36353
332; 247; 36510
333; 247; 36688
334; 247; 36701
335; 247; 36514
336; 247; 36368
337; 247; 36356
338; 247; 36199
339; 247; 35438
288; 248; 33755
289; 248; 33521
290; 248; 33538
291; 248; 33849
292; 248; 34296
293; 248; 34498
294; 248; 34413
295; 248; 34117
296; 248; 33827
297; 248; 33626
298; 248; 33519
299; 248; 33615
300; 248; 33973
301; 248; 34445
302; 248; 34613
303; 248; 34521
304; 248; 34137
305; 248; 33633
306; 248; 33444
307; 248; 33524
308; 248; 33870
309; 248; 34250
310; 248; 34402
311; 248; 34137
312; 248; 33505
313; 248; 33192
314; 248; 33496
315; 248; 34531
316; 248; 35838
317; 248; 36659
318; 248; 36763
319; 248; 36640
320; 248; 36718
321; 248; 36848
322; 248; 36742
323; 248; 36469
324; 248; 36331
325; 248; 36466
326; 248; 36638
327; 248; 36607
328; 248; 36466
329; 248; 36383
330; 248; 36340
331; 248; 36320
332; 248; 36445
333; 248; 36702
334; 248; 36836
335; 248; 36707
336; 248; 36502
337; 248; 36380
338; 248; 36071
339; 248; 35220
288; 249; 33084
289; 249; 32971
290; 249; 33011
291; 249; 33117
292; 249; 33413
293; 249; 33751
294; 249; 33911
295; 249; 33937
296; 249; 33757
297; 249; 33514
298; 249; 33365
299; 249; 33372
300; 249; 33671
301; 249; 34181
302; 249; 34385
303; 249; 34203
304; 249; 33730
305; 249; 33456
306; 249; 33405
307; 249; 33518
308; 249; 33696
309; 249; 33863
310; 249; 33984
311; 249; 33896
312; 249; 33485
313; 249; 33180
314; 249; 33468
315; 249; 34590
316; 249; 35894
317; 249; 36549
318; 249; 36532
319; 249; 36473
320; 249; 36599
321; 249; 36681
322; 249; 36536
323; 249; 36353
324; 249; 36400
325; 249; 36623
326; 249; 36742
327; 249; 36673
328; 249; 36585
329; 249; 36557
330; 249; 36486
331; 249; 36376
332; 249; 36401
333; 249; 36583
334; 249; 36709
335; 249; 36675
336; 249; 36600
337; 249; 36531
338; 249; 36059
339; 249; 35044
288; 250; 32968
289; 250; 32961
290; 250; 33150
291; 250; 33182
292; 250; 33171
293; 250; 33428
294; 250; 33800
295; 250; 34033
296; 250; 33940
297; 250; 33713
298; 250; 33463
299; 250; 33405
300; 250; 33561
301; 250; 33913
302; 250; 34052
303; 250; 33723
304; 250; 33436
305; 250; 33406
306; 250; 33531
307; 250; 33698
308; 250; 33700
309; 250; 33598
310; 250; 33633
311; 250; 33820
312; 250; 33698
313; 250; 33472
314; 250; 33681
315; 250; 34633
316; 250; 35817
317; 250; 36431
318; 250; 36495
319; 250; 36518
320; 250; 36609
321; 250; 36629
322; 250; 36530
323; 250; 36503
324; 250; 36649
325; 250; 36793
326; 250; 36772
327; 250; 36677
328; 250; 36679
329; 250; 36726
330; 250; 36651
331; 250; 36473
332; 250; 36367
333; 250; 36381
334; 250; 36424
335; 250; 36495
336; 250; 36627
337; 250; 36668
338; 250; 36098
339; 250; 34900
288; 251; 33213
289; 251; 33026
290; 251; 33138
291; 251; 33159
292; 251; 33099
293; 251; 33500
294; 251; 34030
295; 251; 34461
296; 251; 34515
297; 251; 34299
298; 251; 33881
299; 251; 33606
300; 251; 33596
301; 251; 33764
302; 251; 33770
303; 251; 33526
304; 251; 33411
305; 251; 33528
306; 251; 33896
307; 251; 34035
308; 251; 33865
309; 251; 33596
310; 251; 33579
311; 251; 34038
312; 251; 34401
313; 251; 34290
314; 251; 34331
315; 251; 34831
316; 251; 35674
317; 251; 36274
318; 251; 36527
319; 251; 36627
320; 251; 36664
321; 251; 36626
322; 251; 36578
323; 251; 36633
324; 251; 36759
325; 251; 36790
326; 251; 36671
327; 251; 36574
328; 251; 36660
329; 251; 36791
330; 251; 36727
331; 251; 36482
332; 251; 36268
333; 251; 36195
334; 251; 36217
335; 251; 36340
336; 251; 36549
337; 251; 36615
338; 251; 35964
339; 251; 34659
288; 252; 33371
289; 252; 33118
290; 252; 33040
291; 252; 33002
292; 252; 33306
293; 252; 33930
294; 252; 34545
295; 252; 34888
296; 252; 34903
297; 252; 34572
298; 252; 34034
299; 252; 33537
300; 252; 33416
301; 252; 33545
302; 252; 33625
303; 252; 33525
304; 252; 33556
305; 252; 33967
306; 252; 34236
307; 252; 34167
308; 252; 33937
309; 252; 33708
310; 252; 33883
311; 252; 34652
312; 252; 35201
313; 252; 35306
314; 252; 35135
315; 252; 35042
316; 252; 35323
317; 252; 35968
318; 252; 36451
319; 252; 36624
320; 252; 36606
321; 252; 36538
322; 252; 36509
323; 252; 36550
324; 252; 36623
325; 252; 36649
326; 252; 36580
327; 252; 36527
328; 252; 36647
329; 252; 36812
330; 252; 36738
331; 252; 36422
332; 252; 36152
333; 252; 36107
334; 252; 36179
335; 252; 36271
336; 252; 36407
337; 252; 36361
338; 252; 35634
339; 252; 34298
288; 253; 33307
289; 253; 33070
290; 253; 33043
291; 253; 33413
292; 253; 34054
293; 253; 34600
294; 253; 34987
295; 253; 35087
296; 253; 35025
297; 253; 34498
298; 253; 33795
299; 253; 33415
300; 253; 33346
301; 253; 33412
302; 253; 33549
303; 253; 33716
304; 253; 34090
305; 253; 34413
306; 253; 34355
307; 253; 34102
308; 253; 33923
309; 253; 33916
310; 253; 34364
311; 253; 35034
312; 253; 35519
313; 253; 35550
314; 253; 35353
315; 253; 34846
316; 253; 34872
317; 253; 35499
318; 253; 36210
319; 253; 36501
320; 253; 36510
321; 253; 36464
322; 253; 36425
323; 253; 36378
324; 253; 36384
325; 253; 36481
326; 253; 36572
327; 253; 36609
328; 253; 36693
329; 253; 36789
330; 253; 36683
331; 253; 36379
332; 253; 36159
333; 253; 36162
334; 253; 36211
335; 253; 36188
336; 253; 36199
337; 253; 36024
338; 253; 35174
339; 253; 33794
288; 254; 33426
289; 254; 33251
290; 254; 33562
291; 254; 34133
292; 254; 34704
293; 254; 35002
294; 254; 35086
295; 254; 35064
296; 254; 34819
297; 254; 34280
298; 254; 33609
299; 254; 33492
300; 254; 33646
301; 254; 33595
302; 254; 33566
303; 254; 34027
304; 254; 34624
305; 254; 34677
306; 254; 34316
307; 254; 33887
308; 254; 33877
309; 254; 34307
310; 254; 34811
311; 254; 35071
312; 254; 35263
313; 254; 35316
314; 254; 35017
315; 254; 34439
316; 254; 34398
317; 254; 35049
318; 254; 35926
319; 254; 36390
320; 254; 36457
321; 254; 36453
322; 254; 36382
323; 254; 36239
324; 254; 36178
325; 254; 36325
326; 254; 36540
327; 254; 36633
328; 254; 36616
329; 254; 36570
330; 254; 36470
331; 254; 36330
332; 254; 36264
333; 254; 36266
334; 254; 36182
335; 254; 36035
336; 254; 35991
337; 254; 35608
338; 254; 34520
339; 254; 33175
288; 255; 33400
289; 255; 33110
290; 255; 33296
291; 255; 34083
292; 255; 34701
293; 255; 34876
294; 255; 34663
295; 255; 34349
296; 255; 34076
297; 255; 33790
298; 255; 33536
299; 255; 33691
300; 255; 34073
301; 255; 33913
302; 255; 33696
303; 255; 34155
304; 255; 34692
305; 255; 34632
306; 255; 33970
307; 255; 33642
308; 255; 34045
309; 255; 34783
310; 255; 34985
311; 255; 34860
312; 255; 34822
313; 255; 34913
314; 255; 34764
315; 255; 34262
316; 255; 34179
317; 255; 34756
318; 255; 35615
319; 255; 36163
320; 255; 36344
321; 255; 36376
322; 255; 36310
323; 255; 36174
324; 255; 36082
325; 255; 36183
326; 255; 36381
327; 255; 36450
328; 255; 36335
329; 255; 36188
330; 255; 36152
331; 255; 36222
332; 255; 36306
333; 255; 36276
334; 255; 36101
335; 255; 35958
336; 255; 35736
337; 255; 35026
338; 255; 33580
339; 255; 33163
288; 256; 33287
289; 256; 32963
290; 256; 32883
291; 256; 33276
292; 256; 33907
293; 256; 34052
294; 256; 33683
295; 256; 33240
296; 256; 33037
297; 256; 33039
298; 256; 33287
299; 256; 33789
300; 256; 34148
301; 256; 34009
302; 256; 33699
303; 256; 33889
304; 256; 34228
305; 256; 34016
306; 256; 33471
307; 256; 33521
308; 256; 34392
309; 256; 35073
310; 256; 35031
311; 256; 34728
312; 256; 34670
313; 256; 34802
314; 256; 34772
315; 256; 34461
316; 256; 34329
317; 256; 34665
318; 256; 35310
319; 256; 35801
320; 256; 36026
321; 256; 36144
322; 256; 36211
323; 256; 36231
324; 256; 36146
325; 256; 36111
326; 256; 36185
327; 256; 36213
328; 256; 36096
329; 256; 35973
330; 256; 36019
331; 256; 36184
332; 256; 36276
333; 256; 36206
334; 256; 36080
335; 256; 35866
336; 256; 35321
337; 256; 34171
338; 256; 33108
339; 256; 33310
288; 257; 33012
289; 257; 32882
290; 257; 32934
291; 257; 33047
292; 257; 33147
293; 257; 33236
294; 257; 33102
295; 257; 33242
296; 257; 33386
297; 257; 33205
298; 257; 33130
299; 257; 33617
300; 257; 33932
301; 257; 33854
302; 257; 33492
303; 257; 33342
304; 257; 33278
305; 257; 33152
306; 257; 33096
307; 257; 33759
308; 257; 34807
309; 257; 35227
310; 257; 35094
311; 257; 34768
312; 257; 34650
313; 257; 34762
314; 257; 34808
315; 257; 34666
316; 257; 34550
317; 257; 34689
318; 257; 35022
319; 257; 35360
320; 257; 35555
321; 257; 35837
322; 257; 36203
323; 257; 36367
324; 257; 36315
325; 257; 36165
326; 257; 36117
327; 257; 36132
328; 257; 36106
329; 257; 36098
330; 257; 36191
331; 257; 36305
332; 257; 36262
333; 257; 36147
334; 257; 35970
335; 257; 35458
336; 257; 34462
337; 257; 33310
338; 257; 33131
339; 257; 33218
288; 258; 33043
289; 258; 32952
290; 258; 32963
291; 258; 33220
292; 258; 33252
293; 258; 33221
294; 258; 33153
295; 258; 33224
296; 258; 33336
297; 258; 33174
298; 258; 33100
299; 258; 33509
300; 258; 33716
301; 258; 33540
302; 258; 33128
303; 258; 32948
304; 258; 32981
305; 258; 32981
306; 258; 33192
307; 258; 34198
308; 258; 35131
309; 258; 35384
310; 258; 35183
311; 258; 34859
312; 258; 34685
313; 258; 34727
314; 258; 34797
315; 258; 34762
316; 258; 34688
317; 258; 34698
318; 258; 34746
319; 258; 34882
320; 258; 35123
321; 258; 35602
322; 258; 36115
323; 258; 36408
324; 258; 36372
325; 258; 36225
326; 258; 36143
327; 258; 36159
328; 258; 36214
329; 258; 36294
330; 258; 36360
331; 258; 36358
332; 258; 36228
333; 258; 35991
334; 258; 35523
335; 258; 34631
336; 258; 33405
337; 258; 33068
338; 258; 33148
339; 258; 32949
288; 259; 33173
289; 259; 33172
290; 259; 32978
291; 259; 33281
292; 259; 33468
293; 259; 33319
294; 259; 33199
295; 259; 33134
296; 259; 33083
297; 259; 32990
298; 259; 33084
299; 259; 33543
300; 259; 33623
301; 259; 33303
302; 259; 32968
303; 259; 33023
304; 259; 33019
305; 259; 32930
306; 259; 33472
307; 259; 34547
308; 259; 35317
309; 259; 35429
310; 259; 35183
311; 259; 34870
312; 259; 34785
313; 259; 34856
314; 259; 34888
315; 259; 34820
316; 259; 34710
317; 259; 34603
318; 259; 34488
319; 259; 34552
320; 259; 34878
321; 259; 35425
322; 259; 35847
323; 259; 36077
324; 259; 36127
325; 259; 36103
326; 259; 36088
327; 259; 36088
328; 259; 36121
329; 259; 36182
330; 259; 36181
331; 259; 36049
332; 259; 35802
333; 259; 35416
334; 259; 34737
335; 259; 33671
336; 259; 33008
337; 259; 33017
338; 259; 32924
339; 259; 32944
288; 260; 33083
289; 260; 33031
290; 260; 32960
291; 260; 33180
292; 260; 33523
293; 260; 33663
294; 260; 33358
295; 260; 33084
296; 260; 32945
297; 260; 32920
298; 260; 33218
299; 260; 33739
300; 260; 33779
301; 260; 33289
302; 260; 32994
303; 260; 32954
304; 260; 32940
305; 260; 33302
306; 260; 33815
307; 260; 34585
308; 260; 35303
309; 260; 35420
310; 260; 35133
311; 260; 34852
312; 260; 34894
313; 260; 35043
314; 260; 35026
315; 260; 34838
316; 260; 34656
317; 260; 34546
318; 260; 34421
319; 260; 34472
320; 260; 34789
321; 260; 35220
322; 260; 35332
323; 260; 35308
324; 260; 35358
325; 260; 35520
326; 260; 35638
327; 260; 35629
328; 260; 35568
329; 260; 35528
330; 260; 35448
331; 260; 35262
332; 260; 34975
333; 260; 34522
334; 260; 33845
335; 260; 33180
336; 260; 32888
337; 260; 32928
338; 260; 33029
339; 260; 33034
288; 261; 32944
289; 261; 32925
290; 261; 33042
291; 261; 33121
292; 261; 33179
293; 261; 33404
294; 261; 33627
295; 261; 33321
296; 261; 32930
297; 261; 33037
298; 261; 33630
299; 261; 34129
300; 261; 34052
301; 261; 33363
302; 261; 33037
303; 261; 33007
304; 261; 33472
305; 261; 34036
306; 261; 34062
307; 261; 34377
308; 261; 35121
309; 261; 35342
310; 261; 35106
311; 261; 34854
312; 261; 34916
313; 261; 35091
314; 261; 35016
315; 261; 34736
316; 261; 34616
317; 261; 34679
318; 261; 34705
319; 261; 34731
320; 261; 34902
321; 261; 34984
322; 261; 34739
323; 261; 34407
324; 261; 34343
325; 261; 34588
326; 261; 34839
327; 261; 34862
328; 261; 34754
329; 261; 34664
330; 261; 34533
331; 261; 34271
332; 261; 33938
333; 261; 33598
334; 261; 33258
335; 261; 33042
336; 261; 33074
337; 261; 33226
338; 261; 33219
339; 261; 33073
288; 262; 32921
289; 262; 32981
290; 262; 33092
291; 262; 33066
292; 262; 33110
293; 262; 33193
294; 262; 33353
295; 262; 33384
296; 262; 33082
297; 262; 33244
298; 262; 33992
299; 262; 34275
300; 262; 34111
301; 262; 33299
302; 262; 33113
303; 262; 33357
304; 262; 34117
305; 262; 34498
306; 262; 34226
307; 262; 34170
308; 262; 34859
309; 262; 35239
310; 262; 35086
311; 262; 34919
312; 262; 35034
313; 262; 35244
314; 262; 35011
315; 262; 34653
316; 262; 34635
317; 262; 34854
318; 262; 35073
319; 262; 35072
320; 262; 35041
321; 262; 34994
322; 262; 34611
323; 262; 34039
324; 262; 33715
325; 262; 33782
326; 262; 33951
327; 262; 33975
328; 262; 33951
329; 262; 33990
330; 262; 33887
331; 262; 33524
332; 262; 33145
333; 262; 33009
334; 262; 33027
335; 262; 33053
336; 262; 33158
337; 262; 33280
338; 262; 33229
339; 262; 33019
288; 263; 32940
289; 263; 32947
290; 263; 33025
291; 263; 33086
292; 263; 33286
293; 263; 33443
294; 263; 33407
295; 263; 33209
296; 263; 33114
297; 263; 33293
298; 263; 33910
299; 263; 34232
300; 263; 34093
301; 263; 33285
302; 263; 33120
303; 263; 33537
304; 263; 34364
305; 263; 34542
306; 263; 34183
307; 263; 34047
308; 263; 34666
309; 263; 35079
310; 263; 35020
311; 263; 34980
312; 263; 35304
313; 263; 35577
314; 263; 35410
315; 263; 34945
316; 263; 34842
317; 263; 35070
318; 263; 35209
319; 263; 35160
320; 263; 35185
321; 263; 35210
322; 263; 34900
323; 263; 34194
324; 263; 33642
325; 263; 33404
326; 263; 33331
327; 263; 33279
328; 263; 33391
329; 263; 33596
330; 263; 33529
331; 263; 33122
332; 263; 32870
333; 263; 32916
334; 263; 33058
335; 263; 33162
336; 263; 33231
337; 263; 33281
338; 263; 33219
339; 263; 33024
288; 264; 32883
289; 264; 32894
290; 264; 32997
291; 264; 33259
292; 264; 33576
293; 264; 33682
294; 264; 33582
295; 264; 33315
296; 264; 33164
297; 264; 33148
298; 264; 33623
299; 264; 34069
300; 264; 34128
301; 264; 33485
302; 264; 33072
303; 264; 33459
304; 264; 34362
305; 264; 34530
306; 264; 34086
307; 264; 33952
308; 264; 34522
309; 264; 34977
310; 264; 34884
311; 264; 34871
312; 264; 35342
313; 264; 35744
314; 264; 35704
315; 264; 35418
316; 264; 35243
317; 264; 35426
318; 264; 35447
319; 264; 35308
320; 264; 35304
321; 264; 35342
322; 264; 35116
323; 264; 34518
324; 264; 33823
325; 264; 33328
326; 264; 33062
327; 264; 33046
328; 264; 33223
329; 264; 33549
330; 264; 33469
331; 264; 33108
332; 264; 32956
333; 264; 33085
334; 264; 33219
335; 264; 33253
336; 264; 33303
337; 264; 33377
338; 264; 33307
339; 264; 33080
288; 265; 32891
289; 265; 32936
290; 265; 33061
291; 265; 33488
292; 265; 33701
293; 265; 33565
294; 265; 33325
295; 265; 33138
296; 265; 32949
297; 265; 32961
298; 265; 33188
299; 265; 33675
300; 265; 33859
301; 265; 33400
302; 265; 33023
303; 265; 33204
304; 265; 34102
305; 265; 34377
306; 265; 33930
307; 265; 33649
308; 265; 34179
309; 265; 34832
310; 265; 34811
311; 265; 34705
312; 265; 35015
313; 265; 35557
314; 265; 35620
315; 265; 35452
316; 265; 35509
317; 265; 35775
318; 265; 35803
319; 265; 35575
320; 265; 35327
321; 265; 35208
322; 265; 35009
323; 265; 34558
324; 265; 34001
325; 265; 33430
326; 265; 33070
327; 265; 33074
328; 265; 33421
329; 265; 33687
330; 265; 33617
331; 265; 33255
332; 265; 33206
333; 265; 33329
334; 265; 33340
335; 265; 33221
336; 265; 33240
337; 265; 33390
338; 265; 33342
339; 265; 33057
288; 266; 32993
289; 266; 32983
290; 266; 33225
291; 266; 33417
292; 266; 33373
293; 266; 33020
294; 266; 33003
295; 266; 33138
296; 266; 33320
297; 266; 33017
298; 266; 32971
299; 266; 33008
300; 266; 33030
301; 266; 32955
302; 266; 33071
303; 266; 33081
304; 266; 33669
305; 266; 33983
306; 266; 33687
307; 266; 33358
308; 266; 33710
309; 266; 34537
310; 266; 34825
311; 266; 34794
312; 266; 34933
313; 266; 35265
314; 266; 35318
315; 266; 35157
316; 266; 35432
317; 266; 35872
318; 266; 35950
319; 266; 35762
320; 266; 35282
321; 266; 34957
322; 266; 34751
323; 266; 34436
324; 266; 34098
325; 266; 33760
326; 266; 33416
327; 266; 33387
328; 266; 33646
329; 266; 33769
330; 266; 33643
331; 266; 33276
332; 266; 33222
333; 266; 33355
334; 266; 33355
335; 266; 33201
336; 266; 33195
337; 266; 33324
338; 266; 33239
339; 266; 32935
288; 267; 33184
289; 267; 33293
290; 267; 33232
291; 267; 33144
292; 267; 32937
293; 267; 33182
294; 267; 33210
295; 267; 34000
296; 267; 34175
297; 267; 33243
298; 267; 33275
299; 267; 33534
300; 267; 33213
301; 267; 32978
302; 267; 33042
303; 267; 33146
304; 267; 33174
305; 267; 33320
306; 267; 33324
307; 267; 33176
308; 267; 33368
309; 267; 34073
310; 267; 34668
311; 267; 34942
312; 267; 35185
313; 267; 35279
314; 267; 35163
315; 267; 34939
316; 267; 35076
317; 267; 35611
318; 267; 35857
319; 267; 35750
320; 267; 35356
321; 267; 34922
322; 267; 34462
323; 267; 34169
324; 267; 34019
325; 267; 33896
326; 267; 33733
327; 267; 33646
328; 267; 33721
329; 267; 33714
330; 267; 33395
331; 267; 33051
332; 267; 33037
333; 267; 33195
334; 267; 33320
335; 267; 33372
336; 267; 33437
337; 267; 33396
338; 267; 33102
339; 267; 32887
288; 268; 33277
289; 268; 33483
290; 268; 33680
291; 268; 33232
292; 268; 32906
293; 268; 33212
294; 268; 33963
295; 268; 34496
296; 268; 34302
297; 268; 33374
298; 268; 33472
299; 268; 33886
300; 268; 33601
301; 268; 33013
302; 268; 32909
303; 268; 33061
304; 268; 33085
305; 268; 32996
306; 268; 32948
307; 268; 33018
308; 268; 33164
309; 268; 33546
310; 268; 34059
311; 268; 34603
312; 268; 35068
313; 268; 35218
314; 268; 35052
315; 268; 34872
316; 268; 34992
317; 268; 35326
318; 268; 35530
319; 268; 35530
320; 268; 35314
321; 268; 34853
322; 268; 34251
323; 268; 33776
324; 268; 33660
325; 268; 33755
326; 268; 33725
327; 268; 33733
328; 268; 33729
329; 268; 33566
330; 268; 33066
331; 268; 32975
332; 268; 33028
333; 268; 33105
334; 268; 33298
335; 268; 33627
336; 268; 33857
337; 268; 33679
338; 268; 33148
339; 268; 32888
288; 269; 33364
289; 269; 33541
290; 269; 33948
291; 269; 34007
292; 269; 33312
293; 269; 33007
294; 269; 33954
295; 269; 34413
296; 269; 34005
297; 269; 33039
298; 269; 33591
299; 269; 34313
300; 269; 33781
301; 269; 33049
302; 269; 32890
303; 269; 32991
304; 269; 33222
305; 269; 33205
306; 269; 33050
307; 269; 32957
308; 269; 33037
309; 269; 33134
310; 269; 33276
311; 269; 33743
312; 269; 34359
313; 269; 34627
314; 269; 34679
315; 269; 34805
316; 269; 34991
317; 269; 35143
318; 269; 35141
319; 269; 35154
320; 269; 35045
321; 269; 34586
322; 269; 33873
323; 269; 33269
324; 269; 33091
325; 269; 33266
326; 269; 33555
327; 269; 33820
328; 269; 33812
329; 269; 33476
330; 269; 32960
331; 269; 32939
332; 269; 33043
333; 269; 33101
334; 269; 33225
335; 269; 33720
336; 269; 34196
337; 269; 34044
338; 269; 33387
339; 269; 32944
288; 270; 33627
289; 270; 33739
290; 270; 33867
291; 270; 34212
292; 270; 33898
293; 270; 33457
294; 270; 34004
295; 270; 34233
296; 270; 33838
297; 270; 32989
298; 270; 33031
299; 270; 34433
300; 270; 34335
301; 270; 33472
302; 270; 33017
303; 270; 33015
304; 270; 33310
305; 270; 33417
306; 270; 33214
307; 270; 33013
308; 270; 32971
309; 270; 32975
310; 270; 32909
311; 270; 33146
312; 270; 33701
313; 270; 34024
314; 270; 34132
315; 270; 34413
316; 270; 34695
317; 270; 34773
318; 270; 34699
319; 270; 34643
320; 270; 34490
321; 270; 34053
322; 270; 33352
323; 270; 32919
324; 270; 32872
325; 270; 32979
326; 270; 33462
327; 270; 33948
328; 270; 33956
329; 270; 33427
330; 270; 32979
331; 270; 33018
332; 270; 33169
333; 270; 33179
334; 270; 33163
335; 270; 33714
336; 270; 34441
337; 270; 34418
338; 270; 33687
339; 270; 33042
288; 271; 33810
289; 271; 33900
290; 271; 33894
291; 271; 34132
292; 271; 34127
293; 271; 33953
294; 271; 34197
295; 271; 34343
296; 271; 33908
297; 271; 33054
298; 271; 33007
299; 271; 34012
300; 271; 34317
301; 271; 33769
302; 271; 33152
303; 271; 33043
304; 271; 33190
305; 271; 33300
306; 271; 33148
307; 271; 33022
308; 271; 33015
309; 271; 33011
310; 271; 33039
311; 271; 32978
312; 271; 33382
313; 271; 34010
314; 271; 34150
315; 271; 34101
316; 271; 34049
317; 271; 34150
318; 271; 34252
319; 271; 34145
320; 271; 33849
321; 271; 33326
322; 271; 32937
323; 271; 32884
324; 271; 32841
325; 271; 32954
326; 271; 33544
327; 271; 33946
328; 271; 33921
329; 271; 33362
330; 271; 33038
331; 271; 33133
332; 271; 33265
333; 271; 33211
334; 271; 33166
335; 271; 33789
336; 271; 34653
337; 271; 34705
338; 271; 33909
339; 271; 33147
288; 272; 33659
289; 272; 33916
290; 272; 34006
291; 272; 34186
292; 272; 34207
293; 272; 34084
294; 272; 34182
295; 272; 34191
296; 272; 33751
297; 272; 32982
298; 272; 33274
299; 272; 33864
300; 272; 33819
301; 272; 33534
302; 272; 33184
303; 272; 32997
304; 272; 32960
305; 272; 32988
306; 272; 32974
307; 272; 33093
308; 272; 33248
309; 272; 33230
310; 272; 33112
311; 272; 33163
312; 272; 32970
313; 272; 33451
314; 272; 34134
315; 272; 34111
316; 272; 33801
317; 272; 33767
318; 272; 33879
319; 272; 33670
320; 272; 33128
321; 272; 32982
322; 272; 32989
323; 272; 32929
324; 272; 33037
325; 272; 33274
326; 272; 33640
327; 272; 33787
328; 272; 33666
329; 272; 33230
330; 272; 33115
331; 272; 33207
332; 272; 33208
333; 272; 33088
334; 272; 33092
335; 272; 33797
336; 272; 34675
337; 272; 34730
338; 272; 33929
339; 272; 33205
288; 273; 33139
289; 273; 33500
290; 273; 33886
291; 273; 34119
292; 273; 34141
293; 273; 33933
294; 273; 33668
295; 273; 33554
296; 273; 33185
297; 273; 33040
298; 273; 33501
299; 273; 33617
300; 273; 33361
301; 273; 33291
302; 273; 33170
303; 273; 32953
304; 273; 32975
305; 273; 32977
306; 273; 32952
307; 273; 33173
308; 273; 33527
309; 273; 33615
310; 273; 33174
311; 273; 33212
312; 273; 33436
313; 273; 33006
314; 273; 33321
315; 273; 33792
316; 273; 33690
317; 273; 33536
318; 273; 33292
319; 273; 32928
320; 273; 33025
321; 273; 33073
322; 273; 33043
323; 273; 33321
324; 273; 33625
325; 273; 33665
326; 273; 33603
327; 273; 33511
328; 273; 33252
329; 273; 33105
330; 273; 33202
331; 273; 33285
332; 273; 33102
333; 273; 33003
334; 273; 32987
335; 273; 33621
336; 273; 34386
337; 273; 34414
338; 273; 33728
339; 273; 33127
288; 274; 33154
289; 274; 32996
290; 274; 33304
291; 274; 33781
292; 274; 33898
293; 274; 33629
294; 274; 33385
295; 274; 33330
296; 274; 33104
297; 274; 32951
298; 274; 33305
299; 274; 33492
300; 274; 33206
301; 274; 33110
302; 274; 33005
303; 274; 33006
304; 274; 33035
305; 274; 32930
306; 274; 32875
307; 274; 33153
308; 274; 33681
309; 274; 33945
310; 274; 33545
311; 274; 33087
312; 274; 33342
313; 274; 33316
314; 274; 32915
315; 274; 33059
316; 274; 33266
317; 274; 33058
318; 274; 33008
319; 274; 33183
320; 274; 33366
321; 274; 33001
322; 274; 33263
323; 274; 33874
324; 274; 33966
325; 274; 33772
326; 274; 33550
327; 274; 33292
328; 274; 33026
329; 274; 32977
330; 274; 33144
331; 274; 33265
332; 274; 33069
333; 274; 32986
334; 274; 32958
335; 274; 33409
336; 274; 33953
337; 274; 33930
338; 274; 33423
339; 274; 32987
288; 275; 33318
289; 275; 33274
290; 275; 33112
291; 275; 33520
292; 275; 33876
293; 275; 33794
294; 275; 33512
295; 275; 33467
296; 275; 33429
297; 275; 33173
298; 275; 32944
299; 275; 32997
300; 275; 32968
301; 275; 32970
302; 275; 33043
303; 275; 33114
304; 275; 33022
305; 275; 32900
306; 275; 32868
307; 275; 33134
308; 275; 33611
309; 275; 33864
310; 275; 33653
311; 275; 33226
312; 275; 32996
313; 275; 32949
314; 275; 32966
315; 275; 32913
316; 275; 32878
317; 275; 32883
318; 275; 33106
319; 275; 33394
320; 275; 33346
321; 275; 33051
322; 275; 33654
323; 275; 34215
324; 275; 34114
325; 275; 33780
326; 275; 33616
327; 275; 33594
328; 275; 33218
329; 275; 32957
330; 275; 32996
331; 275; 33132
332; 275; 33083
333; 275; 33001
334; 275; 32988
335; 275; 33264
336; 275; 33570
337; 275; 33464
338; 275; 33095
339; 275; 32908
288; 276; 33292
289; 276; 33291
290; 276; 33065
291; 276; 33654
292; 276; 34023
293; 276; 33922
294; 276; 33511
295; 276; 33286
296; 276; 33486
297; 276; 33741
298; 276; 33698
299; 276; 33305
300; 276; 33058
301; 276; 33097
302; 276; 33184
303; 276; 33208
304; 276; 33074
305; 276; 32929
306; 276; 32904
307; 276; 33087
308; 276; 33317
309; 276; 33390
310; 276; 33381
311; 276; 33372
312; 276; 33262
313; 276; 33046
314; 276; 32906
315; 276; 32872
316; 276; 32851
317; 276; 32865
318; 276; 32999
319; 276; 33161
320; 276; 33012
321; 276; 33169
322; 276; 34000
323; 276; 34425
324; 276; 34246
325; 276; 33800
326; 276; 33861
327; 276; 34047
328; 276; 33739
329; 276; 33086
330; 276; 32891
331; 276; 33071
332; 276; 33144
333; 276; 32999
334; 276; 32949
335; 276; 33138
336; 276; 33283
337; 276; 33088
338; 276; 32948
339; 276; 32968
288; 277; 33175
289; 277; 33033
290; 277; 33098
291; 277; 33728
292; 277; 33986
293; 277; 33603
294; 277; 33038
295; 277; 32868
296; 277; 33214
297; 277; 34043
298; 277; 34536
299; 277; 34315
300; 277; 33765
301; 277; 33540
302; 277; 33388
303; 277; 33251
304; 277; 33174
305; 277; 33138
306; 277; 33124
307; 277; 33123
308; 277; 33044
309; 277; 32974
310; 277; 33065
311; 277; 33186
312; 277; 33105
313; 277; 32929
314; 277; 32870
315; 277; 32925
316; 277; 32961
317; 277; 32921
318; 277; 32908
319; 277; 32896
320; 277; 32802
321; 277; 33316
322; 277; 34157
323; 277; 34458
324; 277; 34210
325; 277; 33777
326; 277; 33884
327; 277; 34131
328; 277; 34021
329; 277; 33440
330; 277; 33118
331; 277; 33302
332; 277; 33305
333; 277; 33035
334; 277; 32926
335; 277; 33065
336; 277; 33037
337; 277; 32972
338; 277; 32926
339; 277; 33139
288; 278; 33147
289; 278; 32922
290; 278; 33002
291; 278; 33454
292; 278; 33521
293; 278; 33063
294; 278; 33042
295; 278; 32867
296; 278; 33140
297; 278; 34294
298; 278; 35153
299; 278; 35150
300; 278; 34578
301; 278; 34094
302; 278; 33794
303; 278; 33469
304; 278; 33324
305; 278; 33338
306; 278; 33310
307; 278; 33228
308; 278; 32970
309; 278; 32847
310; 278; 32946
311; 278; 32940
312; 278; 32962
313; 278; 33020
314; 278; 32906
315; 278; 32958
316; 278; 33061
317; 278; 33063
318; 278; 33057
319; 278; 33081
320; 278; 33072
321; 278; 33437
322; 278; 34010
323; 278; 34163
324; 278; 33816
325; 278; 33333
326; 278; 33465
327; 278; 33874
328; 278; 33851
329; 278; 33551
330; 278; 33471
331; 278; 33462
332; 278; 33298
333; 278; 33007
334; 278; 33039
335; 278; 33129
336; 278; 32916
337; 278; 32967
338; 278; 32922
339; 278; 33459
288; 279; 33082
289; 279; 32973
290; 279; 32902
291; 279; 32986
292; 279; 33093
293; 279; 32993
294; 279; 32915
295; 279; 32847
296; 279; 33364
297; 279; 34631
298; 279; 35661
299; 279; 35825
300; 279; 35263
301; 279; 34656
302; 279; 34377
303; 279; 33939
304; 279; 33541
305; 279; 33342
306; 279; 33273
307; 279; 33232
308; 279; 33087
309; 279; 33055
310; 279; 33181
311; 279; 33089
312; 279; 32913
313; 279; 33022
314; 279; 33000
315; 279; 32942
316; 279; 32995
317; 279; 33129
318; 279; 33386
319; 279; 33527
320; 279; 33470
321; 279; 33540
322; 279; 33713
323; 279; 33660
324; 279; 33296
325; 279; 33031
326; 279; 33107
327; 279; 33302
328; 279; 33331
329; 279; 33376
330; 279; 33517
331; 279; 33466
332; 279; 32993
333; 279; 32821
334; 279; 33052
335; 279; 33157
336; 279; 32946
337; 279; 32787
338; 279; 33233
339; 279; 33952
288; 280; 32945
289; 280; 32981
290; 280; 32980
291; 280; 32883
292; 280; 32964
293; 280; 33129
294; 280; 33102
295; 280; 33135
296; 280; 33591
297; 280; 34703
298; 280; 35820
299; 280; 36256
300; 280; 35873
301; 280; 35173
302; 280; 34788
303; 280; 34397
304; 280; 33776
305; 280; 33319
306; 280; 33202
307; 280; 33350
308; 280; 33627
309; 280; 33846
310; 280; 33888
311; 280; 33627
312; 280; 33191
313; 280; 32969
314; 280; 32978
315; 280; 33016
316; 280; 32979
317; 280; 33090
318; 280; 33567
319; 280; 33798
320; 280; 33720
321; 280; 33509
322; 280; 33409
323; 280; 33227
324; 280; 33089
325; 280; 33016
326; 280; 33056
327; 280; 33069
328; 280; 33034
329; 280; 33180
330; 280; 33407
331; 280; 33264
332; 280; 32866
333; 280; 32862
334; 280; 32958
335; 280; 33022
336; 280; 32917
337; 280; 32997
338; 280; 33813
339; 280; 34313
288; 281; 32920
289; 281; 32893
290; 281; 32898
291; 281; 32911
292; 281; 33162
293; 281; 33419
294; 281; 33418
295; 281; 33326
296; 281; 33545
297; 281; 34386
298; 281; 35569
299; 281; 36324
300; 281; 36299
301; 281; 35685
302; 281; 35080
303; 281; 34648
304; 281; 34033
305; 281; 33513
306; 281; 33468
307; 281; 33987
308; 281; 34679
309; 281; 35020
310; 281; 34870
311; 281; 34291
312; 281; 33557
313; 281; 33043
314; 281; 32986
315; 281; 33057
316; 281; 33037
317; 281; 33042
318; 281; 33476
319; 281; 33773
320; 281; 33686
321; 281; 33386
322; 281; 33174
323; 281; 33070
324; 281; 33005
325; 281; 32973
326; 281; 33010
327; 281; 33064
328; 281; 33104
329; 281; 33198
330; 281; 33288
331; 281; 33209
332; 281; 32999
333; 281; 32989
334; 281; 33028
335; 281; 32946
336; 281; 32850
337; 281; 33352
338; 281; 34273
339; 281; 34458
288; 282; 32914
289; 282; 32894
290; 282; 32927
291; 282; 33071
292; 282; 33308
293; 282; 33455
294; 282; 33415
295; 282; 33314
296; 282; 33407
297; 282; 34113
298; 282; 35234
299; 282; 36106
300; 282; 36313
301; 282; 35954
302; 282; 35381
303; 282; 34872
304; 282; 34305
305; 282; 33808
306; 282; 33794
307; 282; 34443
308; 282; 35270
309; 282; 35770
310; 282; 35682
311; 282; 34980
312; 282; 33967
313; 282; 33252
314; 282; 33023
315; 282; 33055
316; 282; 33076
317; 282; 33028
318; 282; 33184
319; 282; 33552
320; 282; 33542
321; 282; 33361
322; 282; 33210
323; 282; 33117
324; 282; 32993
325; 282; 32904
326; 282; 32950
327; 282; 33123
328; 282; 33282
329; 282; 33312
330; 282; 33211
331; 282; 33158
332; 282; 33347
333; 282; 33737
334; 282; 33716
335; 282; 33321
336; 282; 33017
337; 282; 33690
338; 282; 34552
339; 282; 34443
288; 283; 32952
289; 283; 33002
290; 283; 33012
291; 283; 33053
292; 283; 33141
293; 283; 33227
294; 283; 33269
295; 283; 33263
296; 283; 33393
297; 283; 34033
298; 283; 34986
299; 283; 35663
300; 283; 35877
301; 283; 35708
302; 283; 35381
303; 283; 34972
304; 283; 34486
305; 283; 33976
306; 283; 33737
307; 283; 33890
308; 283; 34703
309; 283; 35709
310; 283; 36185
311; 283; 35796
312; 283; 34711
313; 283; 33627
314; 283; 33081
315; 283; 32909
316; 283; 32943
317; 283; 32975
318; 283; 32994
319; 283; 33403
320; 283; 33534
321; 283; 33428
322; 283; 33276
323; 283; 33145
324; 283; 32997
325; 283; 32913
326; 283; 33007
327; 283; 33230
328; 283; 33391
329; 283; 33356
330; 283; 33112
331; 283; 32962
332; 283; 33562
333; 283; 34408
334; 283; 34558
335; 283; 34015
336; 283; 33552
337; 283; 34063
338; 283; 34627
339; 283; 34312
288; 284; 33125
289; 284; 33137
290; 284; 33016
291; 284; 32936
292; 284; 32897
293; 284; 32971
294; 284; 33173
295; 284; 33334
296; 284; 33587
297; 284; 34179
298; 284; 34746
299; 284; 34986
300; 284; 34955
301; 284; 34884
302; 284; 34846
303; 284; 34705
304; 284; 34388
305; 284; 34007
306; 284; 33566
307; 284; 33250
308; 284; 33525
309; 284; 34822
310; 284; 36008
311; 284; 36133
312; 284; 35179
313; 284; 33859
314; 284; 32940
315; 284; 32918
316; 284; 33077
317; 284; 32993
318; 284; 32952
319; 284; 33374
320; 284; 33515
321; 284; 33419
322; 284; 33209
323; 284; 33043
324; 284; 32958
325; 284; 33001
326; 284; 33139
327; 284; 33252
328; 284; 33300
329; 284; 33267
330; 284; 33085
331; 284; 32911
332; 284; 33547
333; 284; 34666
334; 284; 35078
335; 284; 34669
336; 284; 34223
337; 284; 34361
338; 284; 34516
339; 284; 34071
288; 285; 33109
289; 285; 33061
290; 285; 32964
291; 285; 32887
292; 285; 32906
293; 285; 33020
294; 285; 33275
295; 285; 33591
296; 285; 33913
297; 285; 34324
298; 285; 34518
299; 285; 34342
300; 285; 33996
301; 285; 33950
302; 285; 34061
303; 285; 34106
304; 285; 33995
305; 285; 33834
306; 285; 33563
307; 285; 33172
308; 285; 33052
309; 285; 33818
310; 285; 34968
311; 285; 35366
312; 285; 34741
313; 285; 33533
314; 285; 32911
315; 285; 33087
316; 285; 33169
317; 285; 32941
318; 285; 32973
319; 285; 33274
320; 285; 33369
321; 285; 33264
322; 285; 33105
323; 285; 32952
324; 285; 32893
325; 285; 33007
326; 285; 33152
327; 285; 33157
328; 285; 33102
329; 285; 33150
330; 285; 33196
331; 285; 33164
332; 285; 33542
333; 285; 34425
334; 285; 34903
335; 285; 34693
336; 285; 34298
337; 285; 34226
338; 285; 34215
339; 285; 33796
288; 286; 32970
289; 286; 32919
290; 286; 32976
291; 286; 33145
292; 286; 33303
293; 286; 33404
294; 286; 33497
295; 286; 33593
296; 286; 33940
297; 286; 34344
298; 286; 34379
299; 286; 33910
300; 286; 33476
301; 286; 33463
302; 286; 33528
303; 286; 33484
304; 286; 33494
305; 286; 33588
306; 286; 33497
307; 286; 33250
308; 286; 33143
309; 286; 33513
310; 286; 34042
311; 286; 34197
312; 286; 33796
313; 286; 33151
314; 286; 32854
315; 286; 33005
316; 286; 32998
317; 286; 32895
318; 286; 32999
319; 286; 33065
320; 286; 33041
321; 286; 33114
322; 286; 33127
323; 286; 32965
324; 286; 32858
325; 286; 32902
326; 286; 33008
327; 286; 32987
328; 286; 32942
329; 286; 33105
330; 286; 33406
331; 286; 33516
332; 286; 33569
333; 286; 33936
334; 286; 34172
335; 286; 34017
336; 286; 33675
337; 286; 33673
338; 286; 33853
339; 286; 33652
288; 287; 33098
289; 287; 32979
290; 287; 32987
291; 287; 33276
292; 287; 33467
293; 287; 33503
294; 287; 33486
295; 287; 33433
296; 287; 33642
297; 287; 34148
298; 287; 34222
299; 287; 33733
300; 287; 33245
301; 287; 33188
302; 287; 33246
303; 287; 33236
304; 287; 33254
305; 287; 33326
306; 287; 33331
307; 287; 33341
308; 287; 33582
309; 287; 33820
310; 287; 33888
311; 287; 33634
312; 287; 33366
313; 287; 33248
314; 287; 33129
315; 287; 32944
316; 287; 32872
317; 287; 32956
318; 287; 33016
319; 287; 32938
320; 287; 32874
321; 287; 33067
322; 287; 33216
323; 287; 33025
324; 287; 32890
325; 287; 32882
326; 287; 32880
327; 287; 32865
328; 287; 32868
329; 287; 33225
330; 287; 33565
331; 287; 33570
332; 287; 33351
333; 287; 33316
334; 287; 33373
335; 287; 33192
336; 287; 32975
337; 287; 33225
338; 287; 33702
339; 287; 33682
288; 288; 33187
289; 288; 33102
290; 288; 32952
291; 288; 33019
292; 288; 33206
293; 288; 33357
294; 288; 33394
295; 288; 33331
296; 288; 33413
297; 288; 33892
298; 288; 34058
299; 288; 33818
300; 288; 33224
301; 288; 33063
302; 288; 33145
303; 288; 33254
304; 288; 33251
305; 288; 33171
306; 288; 33137
307; 288; 33570
308; 288; 34176
309; 288; 34378
310; 288; 34138
311; 288; 33726
312; 288; 33666
313; 288; 33934
314; 288; 33960
315; 288; 33530
316; 288; 33091
317; 288; 33015
318; 288; 33001
319; 288; 32905
320; 288; 32881
321; 288; 33072
322; 288; 33226
323; 288; 33076
324; 288; 32911
325; 288; 32872
326; 288; 32849
327; 288; 32826
328; 288; 32880
329; 288; 33307
330; 288; 33535
331; 288; 33369
332; 288; 33029
333; 288; 32990
334; 288; 33033
335; 288; 32866
336; 288; 32824
337; 288; 33132
338; 288; 33755
339; 288; 33724
288; 289; 33202
289; 289; 33113
290; 289; 32907
291; 289; 32864
292; 289; 32955
293; 289; 33186
294; 289; 33375
295; 289; 33346
296; 289; 33301
297; 289; 33602
298; 289; 34072
299; 289; 34056
300; 289; 33508
301; 289; 33088
302; 289; 33199
303; 289; 33418
304; 289; 33328
305; 289; 33042
306; 289; 33008
307; 289; 33566
308; 289; 34083
309; 289; 34333
310; 289; 34233
311; 289; 34148
312; 289; 34392
313; 289; 34917
314; 289; 35010
315; 289; 34448
316; 289; 33593
317; 289; 33105
318; 289; 32999
319; 289; 32970
320; 289; 32966
321; 289; 33041
322; 289; 33121
323; 289; 33064
324; 289; 32929
325; 289; 32848
326; 289; 32832
327; 289; 32856
328; 289; 33014
329; 289; 33283
330; 289; 33372
331; 289; 33176
332; 289; 33011
333; 289; 33087
334; 289; 33124
335; 289; 32881
336; 289; 32768
337; 289; 33245
338; 289; 33830
339; 289; 33653
288; 290; 33269
289; 290; 33027
290; 290; 32949
291; 290; 32982
292; 290; 32995
293; 290; 33134
294; 290; 33321
295; 290; 33293
296; 290; 33068
297; 290; 33335
298; 290; 34036
299; 290; 34338
300; 290; 34028
301; 290; 33522
302; 290; 33535
303; 290; 33567
304; 290; 33273
305; 290; 32950
306; 290; 32910
307; 290; 33027
308; 290; 33150
309; 290; 33481
310; 290; 34001
311; 290; 34697
312; 290; 35253
313; 290; 35656
314; 290; 35776
315; 290; 35342
316; 290; 34354
317; 290; 33475
318; 290; 33083
319; 290; 33046
320; 290; 33030
321; 290; 33004
322; 290; 33015
323; 290; 33011
324; 290; 32925
325; 290; 32880
326; 290; 32977
327; 290; 33192
328; 290; 33289
329; 290; 33287
330; 290; 33195
331; 290; 33180
332; 290; 33381
333; 290; 33611
334; 290; 33462
335; 290; 33032
336; 290; 32989
337; 290; 33527
338; 290; 33771
339; 290; 33470
288; 291; 33314
289; 291; 32977
290; 291; 33002
291; 291; 33122
292; 291; 33072
293; 291; 33052
294; 291; 33128
295; 291; 33089
296; 291; 32905
297; 291; 33098
298; 291; 33885
299; 291; 34407
300; 291; 34351
301; 291; 33989
302; 291; 33761
303; 291; 33564
304; 291; 33070
305; 291; 32897
306; 291; 32879
307; 291; 32939
308; 291; 33036
309; 291; 32831
310; 291; 33696
311; 291; 35154
312; 291; 35954
313; 291; 36121
314; 291; 36170
315; 291; 36043
316; 291; 35316
317; 291; 34179
318; 291; 33406
319; 291; 33149
320; 291; 33107
321; 291; 33028
322; 291; 32984
323; 291; 32967
324; 291; 32908
325; 291; 32905
326; 291; 33200
327; 291; 33639
328; 291; 33713
329; 291; 33393
330; 291; 33136
331; 291; 33407
332; 291; 33881
333; 291; 33901
334; 291; 33510
335; 291; 33171
336; 291; 33312
337; 291; 33770
338; 291; 33807
339; 291; 33236
288; 292; 33265
289; 292; 33102
290; 292; 32955
291; 292; 32909
292; 292; 32891
293; 292; 32906
294; 292; 33020
295; 292; 33045
296; 292; 32929
297; 292; 32932
298; 292; 33498
299; 292; 34104
300; 292; 34232
301; 292; 33995
302; 292; 33699
303; 292; 33363
304; 292; 32945
305; 292; 32918
306; 292; 32933
307; 292; 32871
308; 292; 32821
309; 292; 32768
310; 292; 33656
311; 292; 35292
312; 292; 36261
313; 292; 36428
314; 292; 36460
315; 292; 36542
316; 292; 36065
317; 292; 34916
318; 292; 33752
319; 292; 33275
320; 292; 33187
321; 292; 33047
322; 292; 32915
323; 292; 32898
324; 292; 32927
325; 292; 33006
326; 292; 33354
327; 292; 33895
328; 292; 34134
329; 292; 33870
330; 292; 33566
331; 292; 33663
332; 292; 33888
333; 292; 33659
334; 292; 33191
335; 292; 33113
336; 292; 33570
337; 292; 33862
338; 292; 33732
339; 292; 33173
288; 293; 33133
289; 293; 33159
290; 293; 33147
291; 293; 33086
292; 293; 32915
293; 293; 32923
294; 293; 33153
295; 293; 33202
296; 293; 32973
297; 293; 32873
298; 293; 32969
299; 293; 33467
300; 293; 33759
301; 293; 33640
302; 293; 33334
303; 293; 33131
304; 293; 32958
305; 293; 32918
306; 293; 33008
307; 293; 33314
308; 293; 33359
309; 293; 33252
310; 293; 33729
311; 293; 34943
312; 293; 35992
313; 293; 36470
314; 293; 36626
315; 293; 36742
316; 293; 36267
317; 293; 35065
318; 293; 33773
319; 293; 33255
320; 293; 33199
321; 293; 33050
322; 293; 32914
323; 293; 32939
324; 293; 33200
325; 293; 33279
326; 293; 33404
327; 293; 34040
328; 293; 34837
329; 293; 35002
330; 293; 34504
331; 293; 33930
332; 293; 33464
333; 293; 33011
334; 293; 32817
335; 293; 33052
336; 293; 33616
337; 293; 33880
338; 293; 33671
339; 293; 33395
288; 294; 33055
289; 294; 33248
290; 294; 33421
291; 294; 33266
292; 294; 32946
293; 294; 33072
294; 294; 33334
295; 294; 33299
296; 294; 32981
297; 294; 33112
298; 294; 33051
299; 294; 33014
300; 294; 33258
301; 294; 33180
302; 294; 32942
303; 294; 32884
304; 294; 32940
305; 294; 32893
306; 294; 32907
307; 294; 33544
308; 294; 34012
309; 294; 34041
310; 294; 33938
311; 294; 34364
312; 294; 35248
313; 294; 35949
314; 294; 36302
315; 294; 36285
316; 294; 35716
317; 294; 34592
318; 294; 33483
319; 294; 33116
320; 294; 33128
321; 294; 33007
322; 294; 32906
323; 294; 33022
324; 294; 33460
325; 294; 33591
326; 294; 33509
327; 294; 34389
328; 294; 35742
329; 294; 36198
330; 294; 35519
331; 294; 34190
332; 294; 33068
333; 294; 33083
334; 294; 32894
335; 294; 33131
336; 294; 33765
337; 294; 34112
338; 294; 34006
339; 294; 34023
