178; 269; 33464
179; 269; 33585
178; 270; 33625
179; 270; 33692
180; 270; 33642
181; 270; 33607
182; 270; 33632
183; 270; 33702
184; 270; 33769
185; 270; 33585
186; 270; 33245
187; 270; 33141
178; 271; 33740
179; 271; 33729
180; 271; 33626
181; 271; 33642
182; 271; 33747
183; 271; 33819
184; 271; 33857
185; 271; 33846
186; 271; 33655
187; 271; 33305
188; 271; 33119
189; 271; 33234
179; 272; 33720
180; 272; 33641
181; 272; 33712
182; 272; 33842
183; 272; 33850
184; 272; 33813
185; 272; 33823
186; 272; 33791
187; 272; 33581
188; 272; 33148
189; 272; 33013
190; 272; 33349
179; 273; 33708
180; 273; 33691
181; 273; 33764
182; 273; 33841
183; 273; 33803
184; 273; 33738
185; 273; 33753
186; 273; 33755
187; 273; 33664
188; 273; 33334
189; 273; 32982
190; 273; 33063
191; 273; 33575
192; 273; 34157
179; 274; 33710
180; 274; 33738
181; 274; 33806
182; 274; 33825
183; 274; 33777
184; 274; 33735
185; 274; 33745
186; 274; 33732
187; 274; 33657
188; 274; 33532
189; 274; 33157
190; 274; 32953
191; 274; 33251
192; 274; 33865
193; 274; 34202
179; 275; 33734
180; 275; 33744
181; 275; 33815
182; 275; 33820
183; 275; 33765
184; 275; 33742
185; 275; 33773
186; 275; 33765
187; 275; 33704
188; 275; 33653
189; 275; 33444
190; 275; 33114
191; 275; 33164
192; 275; 33613
193; 275; 34060
194; 275; 34064
179; 276; 33827
180; 276; 33743
181; 276; 33751
182; 276; 33752
183; 276; 33696
184; 276; 33679
185; 276; 33740
186; 276; 33770
187; 276; 33717
188; 276; 33650
189; 276; 33540
190; 276; 33365
191; 276; 33358
192; 276; 33658
193; 276; 33987
180; 277; 33837
181; 277; 33747
182; 277; 33715
183; 277; 33671
184; 277; 33650
185; 277; 33690
186; 277; 33707
187; 277; 33648
188; 277; 33562
189; 277; 33503
190; 277; 33508
191; 277; 33615
192; 277; 33875
181; 278; 34152
182; 278; 34055
183; 278; 33884
184; 278; 33760
185; 278; 33732
186; 278; 33699
187; 278; 33636
188; 278; 33559
189; 278; 33553
190; 278; 33659
191; 278; 33849
