212; 273; 34008
213; 273; 33943
214; 273; 33972
215; 273; 34043
216; 273; 34120
209; 274; 34181
210; 274; 34136
211; 274; 34031
212; 274; 33890
213; 274; 33835
214; 274; 33862
215; 274; 33890
216; 274; 33845
217; 274; 33799
218; 274; 33821
219; 274; 33883
220; 274; 33866
221; 274; 33753
208; 275; 34322
209; 275; 34161
210; 275; 33923
211; 275; 33719
212; 275; 33605
213; 275; 33569
214; 275; 33671
215; 275; 33749
216; 275; 33706
217; 275; 33665
218; 275; 33698
219; 275; 33717
220; 275; 33652
221; 275; 33574
222; 275; 33605
208; 276; 34248
209; 276; 33876
210; 276; 33737
211; 276; 33679
212; 276; 33577
213; 276; 33564
214; 276; 33649
215; 276; 33738
216; 276; 33743
217; 276; 33747
218; 276; 33778
219; 276; 33712
220; 276; 33534
221; 276; 33422
222; 276; 33483
223; 276; 33660
207; 277; 34450
208; 277; 33983
209; 277; 33667
210; 277; 33734
211; 277; 33847
212; 277; 33808
213; 277; 33723
214; 277; 33710
215; 277; 33723
216; 277; 33727
217; 277; 33775
218; 277; 33829
219; 277; 33765
220; 277; 33607
221; 277; 33507
222; 277; 33524
223; 277; 33645
207; 278; 34341
208; 278; 33786
209; 278; 33587
210; 278; 33732
211; 278; 33912
212; 278; 33908
213; 278; 33835
214; 278; 33784
215; 278; 33726
216; 278; 33690
217; 278; 33727
218; 278; 33759
219; 278; 33714
220; 278; 33663
221; 278; 33671
222; 278; 33685
223; 278; 33706
224; 278; 33745
207; 279; 34185
208; 279; 33734
209; 279; 33592
210; 279; 33654
211; 279; 33716
212; 279; 33734
213; 279; 33806
214; 279; 33902
215; 279; 33904
216; 279; 33856
217; 279; 33838
218; 279; 33788
219; 279; 33680
220; 279; 33629
221; 279; 33680
222; 279; 33719
223; 279; 33697
224; 279; 33654
207; 280; 34042
208; 280; 33771
209; 280; 33672
210; 280; 33668
211; 280; 33616
212; 280; 33619
213; 280; 33781
214; 280; 34046
215; 280; 34150
216; 280; 34119
217; 280; 34080
218; 280; 34013
219; 280; 33844
220; 280; 33670
221; 280; 33623
222; 280; 33658
223; 280; 33674
224; 280; 33622
225; 280; 33501
207; 281; 34038
208; 281; 33889
209; 281; 33884
210; 281; 34014
211; 281; 33970
212; 281; 33809
213; 281; 33914
214; 281; 34098
215; 281; 34173
216; 281; 34139
217; 281; 34144
218; 281; 34180
219; 281; 34079
220; 281; 33834
221; 281; 33662
222; 281; 33682
223; 281; 33793
224; 281; 33820
225; 281; 33620
207; 282; 34213
208; 282; 34005
209; 282; 34023
210; 282; 34221
211; 282; 34269
212; 282; 34148
213; 282; 34050
214; 282; 34028
215; 282; 33969
216; 282; 33900
217; 282; 33952
218; 282; 34099
219; 282; 34114
220; 282; 33900
221; 282; 33681
222; 282; 33705
223; 282; 33905
224; 282; 33988
225; 282; 33855
207; 283; 34445
208; 283; 34184
209; 283; 34011
210; 283; 34055
211; 283; 34097
212; 283; 34088
213; 283; 34059
214; 283; 33980
215; 283; 33844
216; 283; 33735
217; 283; 33774
218; 283; 33924
219; 283; 33975
220; 283; 33809
221; 283; 33608
222; 283; 33638
223; 283; 33859
224; 283; 33995
225; 283; 33944
207; 284; 34526
208; 284; 34349
209; 284; 33971
210; 284; 33821
211; 284; 33780
212; 284; 33863
213; 284; 34028
214; 284; 34089
215; 284; 33988
216; 284; 33842
217; 284; 33801
218; 284; 33874
219; 284; 33907
220; 284; 33772
221; 284; 33592
222; 284; 33606
223; 284; 33807
224; 284; 33967
225; 284; 33961
207; 285; 34466
208; 285; 34352
209; 285; 34024
210; 285; 33832
211; 285; 33736
212; 285; 33830
213; 285; 34088
214; 285; 34268
215; 285; 34231
216; 285; 34059
217; 285; 33932
218; 285; 33946
219; 285; 33997
220; 285; 33894
221; 285; 33688
222; 285; 33654
223; 285; 33850
224; 285; 34051
225; 285; 34027
207; 286; 34345
208; 286; 34248
209; 286; 34072
210; 286; 33984
211; 286; 33915
212; 286; 33970
213; 286; 34151
214; 286; 34307
215; 286; 34292
216; 286; 34124
217; 286; 33984
218; 286; 34028
219; 286; 34154
220; 286; 34070
221; 286; 33772
222; 286; 33647
223; 286; 33864
224; 286; 34139
225; 286; 34099
207; 287; 34347
208; 287; 34278
209; 287; 34167
210; 287; 34071
211; 287; 33989
212; 287; 33964
213; 287; 34032
214; 287; 34136
215; 287; 34141
216; 287; 34021
217; 287; 33941
218; 287; 34063
219; 287; 34259
220; 287; 34169
221; 287; 33777
222; 287; 33561
223; 287; 33783
224; 287; 34109
207; 288; 34374
208; 288; 34410
209; 288; 34286
210; 288; 34082
211; 288; 33896
212; 288; 33803
213; 288; 33839
214; 288; 33955
215; 288; 34014
216; 288; 33955
217; 288; 33909
218; 288; 34038
219; 288; 34228
220; 288; 34141
221; 288; 33772
222; 288; 33570
223; 288; 33778
224; 288; 34030
207; 289; 34307
208; 289; 34482
209; 289; 34441
210; 289; 34132
211; 289; 33834
212; 289; 33723
213; 289; 33807
214; 289; 33968
215; 289; 34061
216; 289; 34016
217; 289; 33927
218; 289; 33962
219; 289; 34075
220; 289; 34032
221; 289; 33818
222; 289; 33737
223; 289; 33917
207; 290; 34135
208; 290; 34458
209; 290; 34528
210; 290; 34239
211; 290; 33903
212; 290; 33774
213; 290; 33874
214; 290; 34042
215; 290; 34127
216; 290; 34081
217; 290; 33979
218; 290; 33934
219; 290; 33968
220; 290; 33980
221; 290; 33920
222; 290; 33905
223; 290; 33982
208; 291; 34315
209; 291; 34493
210; 291; 34340
211; 291; 34025
212; 291; 33853
213; 291; 33872
214; 291; 33966
215; 291; 34024
216; 291; 34033
217; 291; 34009
218; 291; 33978
219; 291; 33992
220; 291; 34044
221; 291; 34060
222; 291; 33989
223; 291; 33879
209; 292; 34357
210; 292; 34327
211; 292; 34114
212; 292; 33938
213; 292; 33871
214; 292; 33879
215; 292; 33909
216; 292; 33956
217; 292; 33999
218; 292; 34015
219; 292; 34042
220; 292; 34110
221; 292; 34138
222; 292; 34043
223; 292; 33730
209; 293; 34146
210; 293; 34243
211; 293; 34180
212; 293; 34097
213; 293; 34037
214; 293; 34004
215; 293; 33989
216; 293; 33993
217; 293; 34021
218; 293; 34056
219; 293; 34078
220; 293; 34113
221; 293; 34133
222; 293; 34044
223; 293; 33708
212; 294; 34211
213; 294; 34234
214; 294; 34187
215; 294; 34152
216; 294; 34112
217; 294; 34124
218; 294; 34190
219; 294; 34206
220; 294; 34172
221; 294; 34133
222; 294; 34026
213; 295; 34217
214; 295; 34212
215; 295; 34210
216; 295; 34230
217; 295; 34274
218; 295; 34347
219; 295; 34353
220; 295; 34303
221; 295; 34209
214; 296; 34282
215; 296; 34426
216; 296; 34460
217; 296; 34368
218; 296; 34299
219; 296; 34300
220; 296; 34245
221; 296; 34124
