110; 182; 33723
111; 182; 33037
112; 182; 33162
110; 183; 33652
111; 183; 33125
112; 183; 33018
113; 183; 33210
114; 183; 33131
115; 183; 33368
110; 184; 33392
111; 184; 32966
112; 184; 33155
113; 184; 33338
114; 184; 33010
115; 184; 33136
116; 184; 34368
110; 185; 33415
111; 185; 33554
112; 185; 33876
113; 185; 33829
114; 185; 33565
115; 185; 33781
116; 185; 34755
111; 186; 34890
112; 186; 34739
113; 186; 34306
114; 186; 34477
115; 186; 35520
116; 186; 36121
112; 187; 35142
113; 187; 34760
114; 187; 35473
115; 187; 36863
113; 188; 36578
114; 188; 37447
