200; 304; 33252
201; 304; 33222
202; 304; 33465
203; 304; 33698
204; 304; 33752
205; 304; 33838
206; 304; 33943
207; 304; 33963
208; 304; 33953
209; 304; 33956
210; 304; 33899
211; 304; 33800
212; 304; 33813
213; 304; 33797
214; 304; 33742
215; 304; 33658
216; 304; 33676
217; 304; 33746
218; 304; 33739
219; 304; 33758
220; 304; 33793
221; 304; 33666
222; 304; 33468
223; 304; 33454
224; 304; 33548
225; 304; 33556
226; 304; 33374
227; 304; 33338
228; 304; 33438
229; 304; 33626
230; 304; 33630
231; 304; 33566
232; 304; 33609
233; 304; 33814
234; 304; 33832
235; 304; 33783
236; 304; 33858
237; 304; 34143
238; 304; 34222
239; 304; 34219
200; 305; 33790
201; 305; 33891
202; 305; 33860
203; 305; 33711
204; 305; 33689
205; 305; 33804
206; 305; 33919
207; 305; 33942
208; 305; 33939
209; 305; 33930
210; 305; 33912
211; 305; 33929
212; 305; 33916
213; 305; 33762
214; 305; 33475
215; 305; 33506
216; 305; 33796
217; 305; 33972
218; 305; 34062
219; 305; 34227
220; 305; 34352
221; 305; 34143
222; 305; 33627
223; 305; 33291
224; 305; 33194
225; 305; 33231
226; 305; 33303
227; 305; 33523
228; 305; 33782
229; 305; 33794
230; 305; 33675
231; 305; 33621
232; 305; 33677
233; 305; 33790
234; 305; 33803
235; 305; 33712
236; 305; 33700
237; 305; 33897
238; 305; 34083
239; 305; 34136
200; 306; 34103
201; 306; 34248
202; 306; 34046
203; 306; 33696
204; 306; 33696
205; 306; 33813
206; 306; 33892
207; 306; 33909
208; 306; 33920
209; 306; 33927
210; 306; 33963
211; 306; 34024
212; 306; 33978
213; 306; 33581
214; 306; 33262
215; 306; 33406
216; 306; 33871
217; 306; 34158
218; 306; 34305
219; 306; 34442
220; 306; 34511
221; 306; 34195
222; 306; 33632
223; 306; 33290
224; 306; 33162
225; 306; 33219
226; 306; 33524
227; 306; 33979
228; 306; 34090
229; 306; 33882
230; 306; 33688
231; 306; 33651
232; 306; 33659
233; 306; 33686
234; 306; 33661
235; 306; 33561
236; 306; 33577
237; 306; 33858
238; 306; 34150
239; 306; 34154
200; 307; 34205
201; 307; 34278
202; 307; 34109
203; 307; 33740
204; 307; 33746
205; 307; 33854
206; 307; 33906
207; 307; 33911
208; 307; 33908
209; 307; 33912
210; 307; 33973
211; 307; 34063
212; 307; 34017
213; 307; 33592
214; 307; 33290
215; 307; 33401
216; 307; 33843
217; 307; 34171
218; 307; 34384
219; 307; 34462
220; 307; 34323
221; 307; 33854
222; 307; 33533
223; 307; 33511
224; 307; 33572
225; 307; 33724
226; 307; 34087
227; 307; 34347
228; 307; 34190
229; 307; 33814
230; 307; 33689
231; 307; 33650
232; 307; 33565
233; 307; 33515
234; 307; 33494
235; 307; 33473
236; 307; 33588
237; 307; 34039
238; 307; 34349
239; 307; 34292
200; 308; 34194
201; 308; 34277
202; 308; 34164
203; 308; 33819
204; 308; 33769
205; 308; 33847
206; 308; 33918
207; 308; 33951
208; 308; 33936
209; 308; 33893
210; 308; 33928
211; 308; 34046
212; 308; 34079
213; 308; 33811
214; 308; 33500
215; 308; 33550
216; 308; 33869
217; 308; 34116
218; 308; 34273
219; 308; 34270
220; 308; 33933
221; 308; 33569
222; 308; 33575
223; 308; 33867
224; 308; 34204
225; 308; 34375
226; 308; 34509
227; 308; 34430
228; 308; 34051
229; 308; 33730
230; 308; 33714
231; 308; 33652
232; 308; 33490
233; 308; 33428
234; 308; 33428
235; 308; 33434
236; 308; 33627
237; 308; 34129
238; 308; 34424
239; 308; 34361
200; 309; 34048
201; 309; 34217
202; 309; 34179
203; 309; 33882
204; 309; 33780
205; 309; 33801
206; 309; 33885
207; 309; 33967
208; 309; 33978
209; 309; 33906
210; 309; 33899
211; 309; 34019
212; 309; 34056
213; 309; 33882
214; 309; 33685
215; 309; 33780
216; 309; 34026
217; 309; 34055
218; 309; 34016
219; 309; 33833
220; 309; 33650
221; 309; 33583
222; 309; 33735
223; 309; 34201
224; 309; 34502
225; 309; 34514
226; 309; 34407
227; 309; 34120
228; 309; 33824
229; 309; 33749
230; 309; 33759
231; 309; 33694
232; 309; 33565
233; 309; 33481
234; 309; 33469
235; 309; 33452
236; 309; 33639
237; 309; 34091
238; 309; 34340
239; 309; 34321
200; 310; 33814
201; 310; 34074
202; 310; 34073
203; 310; 33908
204; 310; 33807
205; 310; 33787
206; 310; 33828
207; 310; 33915
208; 310; 33973
209; 310; 33946
210; 310; 33933
211; 310; 33988
212; 310; 33961
213; 310; 33736
214; 310; 33634
215; 310; 33826
216; 310; 34036
217; 310; 33994
218; 310; 33690
219; 310; 33588
220; 310; 33637
221; 310; 33715
222; 310; 33930
223; 310; 34215
224; 310; 34362
225; 310; 34242
226; 310; 33948
227; 310; 33774
228; 310; 33786
229; 310; 33821
230; 310; 33824
231; 310; 33771
232; 310; 33748
233; 310; 33685
234; 310; 33556
235; 310; 33519
236; 310; 33718
237; 310; 34099
238; 310; 34306
239; 310; 34329
200; 311; 33769
201; 311; 33892
202; 311; 33939
203; 311; 33872
204; 311; 33847
205; 311; 33842
206; 311; 33822
207; 311; 33852
208; 311; 33929
209; 311; 33969
210; 311; 33977
211; 311; 33980
212; 311; 33913
213; 311; 33645
214; 311; 33582
215; 311; 33678
216; 311; 33830
217; 311; 33719
218; 311; 33642
219; 311; 33637
220; 311; 33742
221; 311; 33823
222; 311; 33893
223; 311; 34030
224; 311; 34063
225; 311; 33980
226; 311; 33825
227; 311; 33796
228; 311; 33865
229; 311; 33901
230; 311; 33859
231; 311; 33827
232; 311; 33847
233; 311; 33806
234; 311; 33700
235; 311; 33671
236; 311; 33897
237; 311; 34163
238; 311; 34343
239; 311; 34402
200; 312; 33841
201; 312; 33781
202; 312; 33777
203; 312; 33813
204; 312; 33882
205; 312; 33925
206; 312; 33883
207; 312; 33847
208; 312; 33889
209; 312; 33949
210; 312; 33979
211; 312; 33976
212; 312; 33904
213; 312; 33761
214; 312; 33658
215; 312; 33615
216; 312; 33599
217; 312; 33646
218; 312; 33748
219; 312; 33832
220; 312; 33830
221; 312; 33787
222; 312; 33768
223; 312; 33825
224; 312; 33930
225; 312; 33992
226; 312; 33969
227; 312; 33915
228; 312; 33889
229; 312; 33868
230; 312; 33840
231; 312; 33856
232; 312; 33890
233; 312; 33855
234; 312; 33781
235; 312; 33792
236; 312; 33940
237; 312; 34100
238; 312; 34267
239; 312; 34379
200; 313; 33888
201; 313; 33700
202; 313; 33667
203; 313; 33758
204; 313; 33874
205; 313; 33946
206; 313; 33926
207; 313; 33870
208; 313; 33872
209; 313; 33924
210; 313; 33965
211; 313; 33952
212; 313; 33873
213; 313; 33786
214; 313; 33740
215; 313; 33696
216; 313; 33677
217; 313; 33778
218; 313; 33921
219; 313; 33934
220; 313; 33837
221; 313; 33764
222; 313; 33742
223; 313; 33751
224; 313; 33834
225; 313; 33964
226; 313; 33999
227; 313; 33905
228; 313; 33797
229; 313; 33768
230; 313; 33814
231; 313; 33872
232; 313; 33889
233; 313; 33858
234; 313; 33814
235; 313; 33797
236; 313; 33799
237; 313; 33847
238; 313; 33998
239; 313; 34179
200; 314; 33855
201; 314; 33700
202; 314; 33703
203; 314; 33790
204; 314; 33853
205; 314; 33897
206; 314; 33902
207; 314; 33874
208; 314; 33893
209; 314; 33951
210; 314; 33952
211; 314; 33839
212; 314; 33672
213; 314; 33596
214; 314; 33675
215; 314; 33808
216; 314; 33898
217; 314; 33972
218; 314; 33959
219; 314; 33872
220; 314; 33773
221; 314; 33777
222; 314; 33778
223; 314; 33727
224; 314; 33724
225; 314; 33822
226; 314; 33879
227; 314; 33836
228; 314; 33773
229; 314; 33773
230; 314; 33829
231; 314; 33870
232; 314; 33852
233; 314; 33825
234; 314; 33833
235; 314; 33831
236; 314; 33776
237; 314; 33749
238; 314; 33784
239; 314; 33877
200; 315; 33773
201; 315; 33738
202; 315; 33817
203; 315; 33874
204; 315; 33866
205; 315; 33857
206; 315; 33859
207; 315; 33877
208; 315; 33964
209; 315; 34014
210; 315; 33867
211; 315; 33573
212; 315; 33363
213; 315; 33393
214; 315; 33611
215; 315; 33849
216; 315; 33969
217; 315; 33963
218; 315; 33860
219; 315; 33708
220; 315; 33627
221; 315; 33688
222; 315; 33701
223; 315; 33634
224; 315; 33639
225; 315; 33736
226; 315; 33833
227; 315; 33887
228; 315; 33899
229; 315; 33883
230; 315; 33860
231; 315; 33848
232; 315; 33827
233; 315; 33816
234; 315; 33872
235; 315; 33935
236; 315; 33894
237; 315; 33788
238; 315; 33743
239; 315; 33767
200; 316; 33494
201; 316; 33603
202; 316; 33761
203; 316; 33864
204; 316; 33855
205; 316; 33841
206; 316; 33843
207; 316; 33905
208; 316; 34061
209; 316; 34030
210; 316; 33683
211; 316; 33276
212; 316; 33218
213; 316; 33473
214; 316; 33737
215; 316; 33863
216; 316; 33875
217; 316; 33809
218; 316; 33657
219; 316; 33471
220; 316; 33336
221; 316; 33283
222; 316; 33288
223; 316; 33374
224; 316; 33561
225; 316; 33801
226; 316; 33883
227; 316; 33928
228; 316; 33965
229; 316; 33915
230; 316; 33848
231; 316; 33829
232; 316; 33859
233; 316; 33878
234; 316; 33918
235; 316; 33979
236; 316; 33958
237; 316; 33858
238; 316; 33806
239; 316; 33808
200; 317; 33052
201; 317; 33205
202; 317; 33402
203; 317; 33600
204; 317; 33728
205; 317; 33782
206; 317; 33828
207; 317; 33959
208; 317; 34097
209; 317; 33982
210; 317; 33536
211; 317; 33209
212; 317; 33387
213; 317; 33786
214; 317; 33991
215; 317; 33912
216; 317; 33779
217; 317; 33615
218; 317; 33400
219; 317; 33226
220; 317; 33074
221; 317; 32957
222; 317; 32967
223; 317; 33172
224; 317; 33542
225; 317; 33804
226; 317; 33835
227; 317; 33766
228; 317; 33762
229; 317; 33788
230; 317; 33760
231; 317; 33808
232; 317; 33909
233; 317; 33937
234; 317; 33918
235; 317; 33897
236; 317; 33857
237; 317; 33831
238; 317; 33892
239; 317; 33955
200; 318; 32847
201; 318; 33013
202; 318; 33276
203; 318; 33478
204; 318; 33613
205; 318; 33678
206; 318; 33781
207; 318; 34024
208; 318; 34095
209; 318; 33920
210; 318; 33559
211; 318; 33431
212; 318; 33693
213; 318; 34016
214; 318; 34079
215; 318; 33944
216; 318; 33692
217; 318; 33389
218; 318; 33146
219; 318; 33059
220; 318; 33029
221; 318; 32969
222; 318; 32980
223; 318; 33121
224; 318; 33421
225; 318; 33584
226; 318; 33495
227; 318; 33404
228; 318; 33465
229; 318; 33559
230; 318; 33613
231; 318; 33758
232; 318; 33873
233; 318; 33923
234; 318; 33900
235; 318; 33828
236; 318; 33748
237; 318; 33766
238; 318; 33904
239; 318; 33995
200; 319; 32824
201; 319; 33109
202; 319; 33535
203; 319; 33687
204; 319; 33609
205; 319; 33598
206; 319; 33774
207; 319; 34048
208; 319; 34070
209; 319; 33868
210; 319; 33678
211; 319; 33699
212; 319; 33880
213; 319; 34041
214; 319; 34032
215; 319; 33863
216; 319; 33527
217; 319; 33136
218; 319; 32993
219; 319; 33050
220; 319; 33133
221; 319; 33172
222; 319; 33160
223; 319; 33178
224; 319; 33241
225; 319; 33323
226; 319; 33375
227; 319; 33451
228; 319; 33537
229; 319; 33535
230; 319; 33498
231; 319; 33586
232; 319; 33786
233; 319; 33867
234; 319; 33909
235; 319; 33886
236; 319; 33814
237; 319; 33791
238; 319; 33848
239; 319; 33909
200; 320; 32928
201; 320; 33344
202; 320; 33756
203; 320; 33774
204; 320; 33566
205; 320; 33461
206; 320; 33719
207; 320; 34013
208; 320; 33998
209; 320; 33826
210; 320; 33749
211; 320; 33811
212; 320; 33889
213; 320; 33944
214; 320; 33954
215; 320; 33724
216; 320; 33276
217; 320; 32989
218; 320; 33040
219; 320; 33187
220; 320; 33277
221; 320; 33295
222; 320; 33255
223; 320; 33219
224; 320; 33223
225; 320; 33381
226; 320; 33684
227; 320; 34029
228; 320; 34018
229; 320; 33671
230; 320; 33376
231; 320; 33429
232; 320; 33695
233; 320; 33858
234; 320; 33959
235; 320; 33996
236; 320; 33950
237; 320; 33889
238; 320; 33823
239; 320; 33764
200; 321; 33071
201; 321; 33361
202; 321; 33574
203; 321; 33463
204; 321; 33215
205; 321; 33253
206; 321; 33567
207; 321; 33902
208; 321; 33935
209; 321; 33836
210; 321; 33772
211; 321; 33782
212; 321; 33806
213; 321; 33866
214; 321; 33901
215; 321; 33628
216; 321; 33165
217; 321; 33061
218; 321; 33240
219; 321; 33353
220; 321; 33333
221; 321; 33272
222; 321; 33234
223; 321; 33254
224; 321; 33404
225; 321; 33760
226; 321; 34183
227; 321; 34409
228; 321; 34219
229; 321; 33650
230; 321; 33227
231; 321; 33304
232; 321; 33610
233; 321; 33848
234; 321; 33981
235; 321; 34003
236; 321; 33943
237; 321; 33895
238; 321; 33836
239; 321; 33746
200; 322; 33094
201; 322; 33175
202; 322; 33105
203; 322; 32941
204; 322; 32920
205; 322; 33095
206; 322; 33391
207; 322; 33770
208; 322; 33931
209; 322; 33898
210; 322; 33804
211; 322; 33733
212; 322; 33724
213; 322; 33803
214; 322; 33846
215; 322; 33627
216; 322; 33231
217; 322; 33196
218; 322; 33361
219; 322; 33417
220; 322; 33326
221; 322; 33233
222; 322; 33218
223; 322; 33302
224; 322; 33616
225; 322; 33968
226; 322; 34204
227; 322; 34185
228; 322; 33839
229; 322; 33377
230; 322; 33169
231; 322; 33231
232; 322; 33465
233; 322; 33772
234; 322; 33966
235; 322; 33936
236; 322; 33842
237; 322; 33809
238; 322; 33806
239; 322; 33750
200; 323; 33040
201; 323; 33043
202; 323; 32887
203; 323; 32823
204; 323; 32886
205; 323; 33093
206; 323; 33340
207; 323; 33692
208; 323; 33898
209; 323; 33911
210; 323; 33823
211; 323; 33743
212; 323; 33723
213; 323; 33787
214; 323; 33835
215; 323; 33713
216; 323; 33379
217; 323; 33284
218; 323; 33362
219; 323; 33411
220; 323; 33360
221; 323; 33270
222; 323; 33238
223; 323; 33335
224; 323; 33680
225; 323; 33921
226; 323; 33913
227; 323; 33629
228; 323; 33368
229; 323; 33267
230; 323; 33250
231; 323; 33256
232; 323; 33313
233; 323; 33567
234; 323; 33868
235; 323; 33901
236; 323; 33829
237; 323; 33772
238; 323; 33723
239; 323; 33645
200; 324; 33082
201; 324; 33117
202; 324; 33049
203; 324; 32985
204; 324; 33060
205; 324; 33226
206; 324; 33426
207; 324; 33698
208; 324; 33831
209; 324; 33829
210; 324; 33792
211; 324; 33792
212; 324; 33795
213; 324; 33826
214; 324; 33891
215; 324; 33845
216; 324; 33569
217; 324; 33335
218; 324; 33350
219; 324; 33436
220; 324; 33446
221; 324; 33305
222; 324; 33227
223; 324; 33303
224; 324; 33647
225; 324; 33864
226; 324; 33821
227; 324; 33619
228; 324; 33505
229; 324; 33548
230; 324; 33607
231; 324; 33487
232; 324; 33293
233; 324; 33379
234; 324; 33706
235; 324; 33870
236; 324; 33882
237; 324; 33793
238; 324; 33591
239; 324; 33350
200; 325; 33220
201; 325; 33369
202; 325; 33429
203; 325; 33440
204; 325; 33460
205; 325; 33493
206; 325; 33596
207; 325; 33750
208; 325; 33792
209; 325; 33739
210; 325; 33738
211; 325; 33806
212; 325; 33822
213; 325; 33823
214; 325; 33912
215; 325; 33944
216; 325; 33782
217; 325; 33489
218; 325; 33412
219; 325; 33504
220; 325; 33492
221; 325; 33292
222; 325; 33192
223; 325; 33279
224; 325; 33585
225; 325; 33804
226; 325; 33972
227; 325; 34105
228; 325; 34171
229; 325; 34192
230; 325; 34176
231; 325; 33977
232; 325; 33591
233; 325; 33415
234; 325; 33564
235; 325; 33770
236; 325; 33814
237; 325; 33653
238; 325; 33361
239; 325; 33203
200; 326; 33370
201; 326; 33429
202; 326; 33491
203; 326; 33646
204; 326; 33781
205; 326; 33801
206; 326; 33810
207; 326; 33878
208; 326; 33841
209; 326; 33736
210; 326; 33722
211; 326; 33788
212; 326; 33777
213; 326; 33750
214; 326; 33856
215; 326; 33978
216; 326; 33953
217; 326; 33758
218; 326; 33599
219; 326; 33578
220; 326; 33492
221; 326; 33308
222; 326; 33245
223; 326; 33407
224; 326; 33591
225; 326; 33674
226; 326; 33924
227; 326; 34331
228; 326; 34602
229; 326; 34650
230; 326; 34612
231; 326; 34449
232; 326; 34103
233; 326; 33760
234; 326; 33737
235; 326; 33698
236; 326; 33577
237; 326; 33358
238; 326; 33278
239; 326; 33256
200; 327; 33491
201; 327; 33394
202; 327; 33247
203; 327; 33486
204; 327; 33838
205; 327; 33949
206; 327; 33950
207; 327; 33946
208; 327; 33914
209; 327; 33789
210; 327; 33759
211; 327; 33813
212; 327; 33786
213; 327; 33727
214; 327; 33801
215; 327; 33943
216; 327; 33979
217; 327; 33943
218; 327; 33868
219; 327; 33768
220; 327; 33634
221; 327; 33533
222; 327; 33586
223; 327; 33773
224; 327; 33793
225; 327; 33675
226; 327; 33714
227; 327; 34078
228; 327; 34447
229; 327; 34584
230; 327; 34629
231; 327; 34577
232; 327; 34393
233; 327; 34199
234; 327; 34015
235; 327; 33705
236; 327; 33299
237; 327; 33210
238; 327; 33310
239; 327; 33383
200; 328; 33520
201; 328; 33377
202; 328; 33034
203; 328; 33162
204; 328; 33684
205; 328; 34005
206; 328; 34029
207; 328; 34013
208; 328; 33922
209; 328; 33787
210; 328; 33758
211; 328; 33842
212; 328; 33865
213; 328; 33809
214; 328; 33806
215; 328; 33871
216; 328; 33932
217; 328; 33976
218; 328; 34012
219; 328; 34005
220; 328; 33935
221; 328; 33915
222; 328; 33980
223; 328; 34040
224; 328; 33964
225; 328; 33775
226; 328; 33716
227; 328; 33817
228; 328; 33979
229; 328; 34097
230; 328; 34205
231; 328; 34286
232; 328; 34312
233; 328; 34271
234; 328; 34022
235; 328; 33521
236; 328; 33151
237; 328; 33180
238; 328; 33349
239; 328; 33407
200; 329; 33438
201; 329; 33368
202; 329; 33026
203; 329; 33003
204; 329; 33389
205; 329; 33881
206; 329; 34094
207; 329; 34046
208; 329; 33903
209; 329; 33726
210; 329; 33674
211; 329; 33773
212; 329; 33859
213; 329; 33849
214; 329; 33812
215; 329; 33816
216; 329; 33864
217; 329; 33946
218; 329; 34019
219; 329; 34035
220; 329; 34023
221; 329; 34038
222; 329; 34057
223; 329; 34023
224; 329; 33949
225; 329; 33875
226; 329; 33835
227; 329; 33833
228; 329; 33842
229; 329; 33801
230; 329; 33810
231; 329; 33899
232; 329; 34049
233; 329; 34027
234; 329; 33709
235; 329; 33275
236; 329; 33150
237; 329; 33217
238; 329; 33341
239; 329; 33345
200; 330; 33301
201; 330; 33324
202; 330; 33227
203; 330; 33092
204; 330; 33186
205; 330; 33549
206; 330; 33941
207; 330; 34045
208; 330; 33929
209; 330; 33729
210; 330; 33632
211; 330; 33666
212; 330; 33715
213; 330; 33723
214; 330; 33737
215; 330; 33786
216; 330; 33852
217; 330; 33910
218; 330; 33931
219; 330; 33913
220; 330; 33909
221; 330; 33951
222; 330; 33981
223; 330; 33950
224; 330; 33895
225; 330; 33866
226; 330; 33880
227; 330; 33916
228; 330; 33932
229; 330; 33846
230; 330; 33763
231; 330; 33791
232; 330; 33882
233; 330; 33762
234; 330; 33380
235; 330; 33137
236; 330; 33174
237; 330; 33259
238; 330; 33306
239; 330; 33306
200; 331; 33247
201; 331; 33290
202; 331; 33366
203; 331; 33306
204; 331; 33204
205; 331; 33240
206; 331; 33575
207; 331; 33924
208; 331; 33954
209; 331; 33841
210; 331; 33727
211; 331; 33668
212; 331; 33596
213; 331; 33568
214; 331; 33660
215; 331; 33796
216; 331; 33882
217; 331; 33903
218; 331; 33859
219; 331; 33782
220; 331; 33759
221; 331; 33822
222; 331; 33894
223; 331; 33915
224; 331; 33888
225; 331; 33842
226; 331; 33839
227; 331; 33904
228; 331; 33939
229; 331; 33848
230; 331; 33743
231; 331; 33769
232; 331; 33800
233; 331; 33613
234; 331; 33322
235; 331; 33199
236; 331; 33224
237; 331; 33261
238; 331; 33267
239; 331; 33309
200; 332; 33250
201; 332; 33241
202; 332; 33363
203; 332; 33436
204; 332; 33324
205; 332; 33184
206; 332; 33253
207; 332; 33678
208; 332; 33948
209; 332; 33909
210; 332; 33832
211; 332; 33764
212; 332; 33665
213; 332; 33628
214; 332; 33732
215; 332; 33850
216; 332; 33885
217; 332; 33884
218; 332; 33861
219; 332; 33808
220; 332; 33783
221; 332; 33812
222; 332; 33837
223; 332; 33843
224; 332; 33847
225; 332; 33830
226; 332; 33815
227; 332; 33839
228; 332; 33833
229; 332; 33739
230; 332; 33664
231; 332; 33700
232; 332; 33737
233; 332; 33668
234; 332; 33441
235; 332; 33319
236; 332; 33293
237; 332; 33264
238; 332; 33262
239; 332; 33294
200; 333; 33305
201; 333; 33223
202; 333; 33292
203; 333; 33428
204; 333; 33437
205; 333; 33276
206; 333; 33188
207; 333; 33457
208; 333; 33817
209; 333; 33853
210; 333; 33793
211; 333; 33811
212; 333; 33852
213; 333; 33872
214; 333; 33897
215; 333; 33891
216; 333; 33841
217; 333; 33836
218; 333; 33886
219; 333; 33911
220; 333; 33895
221; 333; 33851
222; 333; 33779
223; 333; 33739
224; 333; 33777
225; 333; 33827
226; 333; 33837
227; 333; 33833
228; 333; 33809
229; 333; 33744
230; 333; 33688
231; 333; 33679
232; 333; 33679
233; 333; 33652
234; 333; 33576
235; 333; 33469
236; 333; 33384
237; 333; 33338
238; 333; 33331
239; 333; 33271
200; 334; 33394
201; 334; 33258
202; 334; 33222
203; 334; 33299
204; 334; 33400
205; 334; 33394
206; 334; 33341
207; 334; 33452
208; 334; 33735
209; 334; 33753
210; 334; 33683
211; 334; 33757
212; 334; 33939
213; 334; 34009
214; 334; 33948
215; 334; 33871
216; 334; 33820
217; 334; 33817
218; 334; 33864
219; 334; 33892
220; 334; 33853
221; 334; 33779
222; 334; 33732
223; 334; 33749
224; 334; 33808
225; 334; 33840
226; 334; 33832
227; 334; 33839
228; 334; 33872
229; 334; 33882
230; 334; 33842
231; 334; 33763
232; 334; 33675
233; 334; 33625
234; 334; 33602
235; 334; 33560
236; 334; 33498
237; 334; 33490
238; 334; 33450
239; 334; 33298
200; 335; 33519
201; 335; 33353
202; 335; 33236
203; 335; 33195
204; 335; 33257
205; 335; 33391
206; 335; 33472
207; 335; 33544
208; 335; 33722
209; 335; 33739
210; 335; 33664
211; 335; 33698
212; 335; 33871
213; 335; 33943
214; 335; 33879
215; 335; 33854
216; 335; 33874
217; 335; 33849
218; 335; 33799
219; 335; 33734
220; 335; 33630
221; 335; 33585
222; 335; 33691
223; 335; 33844
224; 335; 33905
225; 335; 33869
226; 335; 33822
227; 335; 33821
228; 335; 33845
229; 335; 33861
230; 335; 33863
231; 335; 33825
232; 335; 33724
233; 335; 33634
234; 335; 33611
235; 335; 33592
236; 335; 33540
237; 335; 33527
238; 335; 33500
239; 335; 33361
200; 336; 33605
201; 336; 33455
202; 336; 33326
203; 336; 33225
204; 336; 33195
205; 336; 33297
206; 336; 33520
207; 336; 33604
208; 336; 33679
209; 336; 33743
210; 336; 33725
211; 336; 33716
212; 336; 33808
213; 336; 33876
214; 336; 33866
215; 336; 33886
216; 336; 33913
217; 336; 33859
218; 336; 33763
219; 336; 33634
220; 336; 33457
221; 336; 33429
222; 336; 33656
223; 336; 33895
224; 336; 33959
225; 336; 33937
226; 336; 33927
227; 336; 33869
228; 336; 33727
229; 336; 33620
230; 336; 33674
231; 336; 33797
232; 336; 33806
233; 336; 33715
234; 336; 33662
235; 336; 33618
236; 336; 33533
237; 336; 33502
238; 336; 33508
239; 336; 33409
200; 337; 33618
201; 337; 33383
202; 337; 33314
203; 337; 33314
204; 337; 33244
205; 337; 33247
206; 337; 33472
207; 337; 33598
208; 337; 33631
209; 337; 33693
210; 337; 33736
211; 337; 33752
212; 337; 33830
213; 337; 33924
214; 337; 33934
215; 337; 33891
216; 337; 33843
217; 337; 33811
218; 337; 33795
219; 337; 33690
220; 337; 33479
221; 337; 33444
222; 337; 33697
223; 337; 33942
224; 337; 33999
225; 337; 34016
226; 337; 34051
227; 337; 33946
228; 337; 33673
229; 337; 33466
230; 337; 33535
231; 337; 33759
232; 337; 33862
233; 337; 33799
234; 337; 33728
235; 337; 33668
236; 337; 33573
237; 337; 33530
238; 337; 33530
239; 337; 33419
200; 338; 33489
201; 338; 33177
202; 338; 33213
203; 338; 33375
204; 338; 33333
205; 338; 33257
206; 338; 33377
207; 338; 33594
208; 338; 33625
209; 338; 33650
210; 338; 33676
211; 338; 33716
212; 338; 33833
213; 338; 33962
214; 338; 33951
215; 338; 33822
216; 338; 33744
217; 338; 33791
218; 338; 33862
219; 338; 33785
220; 338; 33601
221; 338; 33608
222; 338; 33868
223; 338; 34073
224; 338; 34056
225; 338; 33984
226; 338; 33961
227; 338; 33893
228; 338; 33747
229; 338; 33626
230; 338; 33642
231; 338; 33764
232; 338; 33835
233; 338; 33802
234; 338; 33766
235; 338; 33747
236; 338; 33691
237; 338; 33637
238; 338; 33593
239; 338; 33432
200; 339; 33248
201; 339; 33120
202; 339; 33214
203; 339; 33447
204; 339; 33368
205; 339; 33161
206; 339; 33252
207; 339; 33526
208; 339; 33645
209; 339; 33668
210; 339; 33642
211; 339; 33645
212; 339; 33771
213; 339; 33915
214; 339; 33886
215; 339; 33754
216; 339; 33742
217; 339; 33858
218; 339; 33917
219; 339; 33823
220; 339; 33731
221; 339; 33839
222; 339; 34088
223; 339; 34206
224; 339; 34077
225; 339; 33865
226; 339; 33762
227; 339; 33797
228; 339; 33894
229; 339; 33932
230; 339; 33873
231; 339; 33807
232; 339; 33782
233; 339; 33775
234; 339; 33803
235; 339; 33839
236; 339; 33810
237; 339; 33736
238; 339; 33662
239; 339; 33472
200; 340; 33098
201; 340; 33149
202; 340; 33449
203; 340; 33562
204; 340; 33317
205; 340; 33063
206; 340; 33105
207; 340; 33367
208; 340; 33599
209; 340; 33661
210; 340; 33650
211; 340; 33633
212; 340; 33732
213; 340; 33860
214; 340; 33842
215; 340; 33766
216; 340; 33822
217; 340; 33943
218; 340; 33940
219; 340; 33851
220; 340; 33875
221; 340; 34047
222; 340; 34209
223; 340; 34212
224; 340; 34060
225; 340; 33874
226; 340; 33784
227; 340; 33846
228; 340; 33990
229; 340; 34058
230; 340; 33984
231; 340; 33867
232; 340; 33803
233; 340; 33802
234; 340; 33860
235; 340; 33906
236; 340; 33854
237; 340; 33754
238; 340; 33689
239; 340; 33604
200; 341; 33008
201; 341; 33238
202; 341; 33628
203; 341; 33681
204; 341; 33358
205; 341; 33076
206; 341; 33121
207; 341; 33272
208; 341; 33436
209; 341; 33574
210; 341; 33623
211; 341; 33642
212; 341; 33722
213; 341; 33829
214; 341; 33851
215; 341; 33839
216; 341; 33897
217; 341; 33953
218; 341; 33913
219; 341; 33885
220; 341; 33985
221; 341; 34125
222; 341; 34160
223; 341; 34101
224; 341; 34045
225; 341; 34013
226; 341; 33982
227; 341; 33958
228; 341; 33945
229; 341; 33930
230; 341; 33919
231; 341; 33903
232; 341; 33866
233; 341; 33851
234; 341; 33898
235; 341; 33927
236; 341; 33845
237; 341; 33747
238; 341; 33747
239; 341; 33773
200; 342; 32947
201; 342; 33233
202; 342; 33663
203; 342; 33761
204; 342; 33546
205; 342; 33260
206; 342; 33216
207; 342; 33296
208; 342; 33401
209; 342; 33521
210; 342; 33583
211; 342; 33614
212; 342; 33674
213; 342; 33764
214; 342; 33846
215; 342; 33907
216; 342; 33933
217; 342; 33894
218; 342; 33836
219; 342; 33863
220; 342; 33973
221; 342; 34045
222; 342; 34026
223; 342; 33994
224; 342; 34014
225; 342; 34050
226; 342; 34040
227; 342; 33957
228; 342; 33833
229; 342; 33770
230; 342; 33820
231; 342; 33892
232; 342; 33891
233; 342; 33875
234; 342; 33911
235; 342; 33936
236; 342; 33866
237; 342; 33771
238; 342; 33768
239; 342; 33814
