301; 194; 33530
302; 194; 33502
303; 194; 33510
304; 194; 33567
305; 194; 33542
306; 194; 33375
307; 194; 33159
308; 194; 33010
309; 194; 32989
310; 194; 33097
311; 194; 33148
312; 194; 32994
313; 194; 32812
314; 194; 32814
315; 194; 32934
316; 194; 33037
317; 194; 32936
318; 194; 32862
319; 194; 32909
320; 194; 32990
321; 194; 33004
322; 194; 32910
323; 194; 32871
324; 194; 32898
325; 194; 32902
326; 194; 32922
327; 194; 33015
328; 194; 33132
329; 194; 33145
330; 194; 33018
331; 194; 32909
332; 194; 32938
333; 194; 33001
334; 194; 33026
335; 194; 33039
336; 194; 33085
337; 194; 33221
338; 194; 33341
339; 194; 33345
340; 194; 33338
341; 194; 33410
342; 194; 33477
343; 194; 33460
344; 194; 33405
345; 194; 33413
346; 194; 33517
347; 194; 33593
348; 194; 33527
349; 194; 33431
350; 194; 33424
301; 195; 33550
302; 195; 33429
303; 195; 33417
304; 195; 33488
305; 195; 33483
306; 195; 33337
307; 195; 33149
308; 195; 33025
309; 195; 32957
310; 195; 33031
311; 195; 33121
312; 195; 33016
313; 195; 32835
314; 195; 32817
315; 195; 32950
316; 195; 33076
317; 195; 32945
318; 195; 32861
319; 195; 32843
320; 195; 32949
321; 195; 33024
322; 195; 32933
323; 195; 32852
324; 195; 32879
325; 195; 32942
326; 195; 32996
327; 195; 33083
328; 195; 33193
329; 195; 33230
330; 195; 33152
331; 195; 33058
332; 195; 33008
333; 195; 32977
334; 195; 32972
335; 195; 33058
336; 195; 33239
337; 195; 33405
338; 195; 33452
339; 195; 33391
340; 195; 33335
341; 195; 33353
342; 195; 33392
343; 195; 33404
344; 195; 33405
345; 195; 33472
346; 195; 33644
347; 195; 33789
348; 195; 33752
349; 195; 33637
350; 195; 33563
301; 196; 33630
302; 196; 33436
303; 196; 33379
304; 196; 33435
305; 196; 33466
306; 196; 33400
307; 196; 33233
308; 196; 33067
309; 196; 32919
310; 196; 32911
311; 196; 33050
312; 196; 33075
313; 196; 32936
314; 196; 32908
315; 196; 33048
316; 196; 33142
317; 196; 33000
318; 196; 32846
319; 196; 32828
320; 196; 32959
321; 196; 33046
322; 196; 32970
323; 196; 32847
324; 196; 32822
325; 196; 32853
326; 196; 32893
327; 196; 32965
328; 196; 33062
329; 196; 33117
330; 196; 33137
331; 196; 33161
332; 196; 33091
333; 196; 32938
334; 196; 32870
335; 196; 33017
336; 196; 33346
337; 196; 33552
338; 196; 33534
339; 196; 33424
340; 196; 33348
341; 196; 33348
342; 196; 33389
343; 196; 33425
344; 196; 33467
345; 196; 33556
346; 196; 33713
347; 196; 33858
348; 196; 33861
349; 196; 33786
350; 196; 33667
301; 197; 33808
302; 197; 33641
303; 197; 33567
304; 197; 33539
305; 197; 33509
306; 197; 33482
307; 197; 33361
308; 197; 33131
309; 197; 32906
310; 197; 32872
311; 197; 33082
312; 197; 33220
313; 197; 33140
314; 197; 33025
315; 197; 33039
316; 197; 33081
317; 197; 33018
318; 197; 32897
319; 197; 32871
320; 197; 32958
321; 197; 33029
322; 197; 32970
323; 197; 32847
324; 197; 32816
325; 197; 32823
326; 197; 32835
327; 197; 32831
328; 197; 32856
329; 197; 32921
330; 197; 33053
331; 197; 33188
332; 197; 33135
333; 197; 32913
334; 197; 32832
335; 197; 33040
336; 197; 33403
337; 197; 33592
338; 197; 33552
339; 197; 33457
340; 197; 33411
341; 197; 33413
342; 197; 33450
343; 197; 33465
344; 197; 33455
345; 197; 33499
346; 197; 33602
347; 197; 33685
348; 197; 33713
349; 197; 33709
350; 197; 33589
301; 198; 34029
302; 198; 33950
303; 198; 33870
304; 198; 33711
305; 198; 33546
306; 198; 33518
307; 198; 33469
308; 198; 33244
309; 198; 32970
310; 198; 32971
311; 198; 33235
312; 198; 33384
313; 198; 33263
314; 198; 33023
315; 198; 32897
316; 198; 32901
317; 198; 32943
318; 198; 32932
319; 198; 32905
320; 198; 32900
321; 198; 32896
322; 198; 32867
323; 198; 32853
324; 198; 32826
325; 198; 32829
326; 198; 32856
327; 198; 32829
328; 198; 32818
329; 198; 32885
330; 198; 33042
331; 198; 33188
332; 198; 33138
333; 198; 32927
334; 198; 32887
335; 198; 33113
336; 198; 33411
337; 198; 33543
338; 198; 33530
339; 198; 33509
340; 198; 33515
341; 198; 33530
342; 198; 33529
343; 198; 33480
344; 198; 33402
345; 198; 33396
346; 198; 33446
347; 198; 33475
348; 198; 33514
349; 198; 33523
350; 198; 33384
301; 199; 34216
302; 199; 34198
303; 199; 34046
304; 199; 33752
305; 199; 33504
306; 199; 33488
307; 199; 33508
308; 199; 33351
309; 199; 33142
310; 199; 33105
311; 199; 33294
312; 199; 33377
313; 199; 33199
314; 199; 32912
315; 199; 32845
316; 199; 32829
317; 199; 32900
318; 199; 32958
319; 199; 32918
320; 199; 32878
321; 199; 32858
322; 199; 32849
323; 199; 32846
324; 199; 32829
325; 199; 32822
326; 199; 32874
327; 199; 32878
328; 199; 32887
329; 199; 32977
330; 199; 33112
331; 199; 33183
332; 199; 33085
333; 199; 32950
334; 199; 33021
335; 199; 33248
336; 199; 33438
337; 199; 33473
338; 199; 33465
339; 199; 33524
340; 199; 33578
341; 199; 33598
342; 199; 33567
343; 199; 33478
344; 199; 33391
345; 199; 33383
346; 199; 33419
347; 199; 33425
348; 199; 33438
349; 199; 33410
350; 199; 33248
301; 200; 34313
302; 200; 34303
303; 200; 34077
304; 200; 33712
305; 200; 33453
306; 200; 33467
307; 200; 33534
308; 200; 33431
309; 200; 33272
310; 200; 33150
311; 200; 33155
312; 200; 33151
313; 200; 33017
314; 200; 32862
315; 200; 32870
316; 200; 32852
317; 200; 32927
318; 200; 32974
319; 200; 32910
320; 200; 32877
321; 200; 32881
322; 200; 32883
323; 200; 32831
324; 200; 32824
325; 200; 32829
326; 200; 32863
327; 200; 32912
328; 200; 32973
329; 200; 33081
330; 200; 33170
331; 200; 33126
332; 200; 32978
333; 200; 32954
334; 200; 33149
335; 200; 33394
336; 200; 33488
337; 200; 33409
338; 200; 33356
339; 200; 33443
340; 200; 33532
341; 200; 33568
342; 200; 33543
343; 200; 33460
344; 200; 33398
345; 200; 33419
346; 200; 33475
347; 200; 33482
348; 200; 33466
349; 200; 33414
350; 200; 33261
301; 201; 34397
302; 201; 34391
303; 201; 34146
304; 201; 33775
305; 201; 33534
306; 201; 33557
307; 201; 33612
308; 201; 33518
309; 201; 33340
310; 201; 33127
311; 201; 32992
312; 201; 32930
313; 201; 32912
314; 201; 32864
315; 201; 32835
316; 201; 32863
317; 201; 32923
318; 201; 32943
319; 201; 32922
320; 201; 32949
321; 201; 32964
322; 201; 32956
323; 201; 32878
324; 201; 32828
325; 201; 32864
326; 201; 32870
327; 201; 32915
328; 201; 33018
329; 201; 33132
330; 201; 33159
331; 201; 33046
332; 201; 32937
333; 201; 32991
334; 201; 33246
335; 201; 33498
336; 201; 33531
337; 201; 33389
338; 201; 33320
339; 201; 33382
340; 201; 33455
341; 201; 33507
342; 201; 33513
343; 201; 33452
344; 201; 33405
345; 201; 33445
346; 201; 33514
347; 201; 33521
348; 201; 33476
349; 201; 33410
350; 201; 33302
301; 202; 34457
302; 202; 34498
303; 202; 34303
304; 202; 33976
305; 202; 33751
306; 202; 33708
307; 202; 33680
308; 202; 33563
309; 202; 33357
310; 202; 33118
311; 202; 32963
312; 202; 32872
313; 202; 32877
314; 202; 32891
315; 202; 32911
316; 202; 32883
317; 202; 32857
318; 202; 32847
319; 202; 32879
320; 202; 32912
321; 202; 32881
322; 202; 32847
323; 202; 32840
324; 202; 32842
325; 202; 32828
326; 202; 32834
327; 202; 32882
328; 202; 32985
329; 202; 33091
330; 202; 33096
331; 202; 33007
332; 202; 32962
333; 202; 33052
334; 202; 33336
335; 202; 33565
336; 202; 33552
337; 202; 33427
338; 202; 33381
339; 202; 33427
340; 202; 33485
341; 202; 33533
342; 202; 33547
343; 202; 33502
344; 202; 33452
345; 202; 33478
346; 202; 33540
347; 202; 33536
348; 202; 33450
349; 202; 33367
350; 202; 33315
301; 203; 34464
302; 203; 34559
303; 203; 34434
304; 203; 34127
305; 203; 33888
306; 203; 33787
307; 203; 33695
308; 203; 33564
309; 203; 33347
310; 203; 33123
311; 203; 32968
312; 203; 32846
313; 203; 32831
314; 203; 32886
315; 203; 32942
316; 203; 32908
317; 203; 32854
318; 203; 32835
319; 203; 32874
320; 203; 32872
321; 203; 32809
322; 203; 32922
323; 203; 32982
324; 203; 32894
325; 203; 32825
326; 203; 32841
327; 203; 32847
328; 203; 32880
329; 203; 32981
330; 203; 33023
331; 203; 32983
332; 203; 32979
333; 203; 33136
334; 203; 33419
335; 203; 33585
336; 203; 33557
337; 203; 33457
338; 203; 33433
339; 203; 33493
340; 203; 33551
341; 203; 33579
342; 203; 33587
343; 203; 33557
344; 203; 33509
345; 203; 33516
346; 203; 33565
347; 203; 33530
348; 203; 33400
349; 203; 33332
350; 203; 33373
301; 204; 34448
302; 204; 34564
303; 204; 34473
304; 204; 34141
305; 204; 33856
306; 204; 33751
307; 204; 33699
308; 204; 33579
309; 204; 33355
310; 204; 33145
311; 204; 32951
312; 204; 32827
313; 204; 32902
314; 204; 32868
315; 204; 32910
316; 204; 32938
317; 204; 32903
318; 204; 32897
319; 204; 32949
320; 204; 32947
321; 204; 32831
322; 204; 32942
323; 204; 33039
324; 204; 32924
325; 204; 32832
326; 204; 32837
327; 204; 32872
328; 204; 32871
329; 204; 32893
330; 204; 32954
331; 204; 32973
332; 204; 33015
333; 204; 33175
334; 204; 33404
335; 204; 33561
336; 204; 33545
337; 204; 33444
338; 204; 33412
339; 204; 33466
340; 204; 33519
341; 204; 33532
342; 204; 33538
343; 204; 33535
344; 204; 33503
345; 204; 33509
346; 204; 33568
347; 204; 33510
348; 204; 33345
349; 204; 33316
350; 204; 33448
301; 205; 34459
302; 205; 34542
303; 205; 34429
304; 205; 34081
305; 205; 33779
306; 205; 33712
307; 205; 33731
308; 205; 33622
309; 205; 33409
310; 205; 33201
311; 205; 32947
312; 205; 32870
313; 205; 32958
314; 205; 32885
315; 205; 32944
316; 205; 33030
317; 205; 33031
318; 205; 33017
319; 205; 33038
320; 205; 33055
321; 205; 32982
322; 205; 32873
323; 205; 32934
324; 205; 32896
325; 205; 32848
326; 205; 32882
327; 205; 32874
328; 205; 32867
329; 205; 32880
330; 205; 32928
331; 205; 33009
332; 205; 33114
333; 205; 33241
334; 205; 33395
335; 205; 33521
336; 205; 33513
337; 205; 33405
338; 205; 33349
339; 205; 33396
340; 205; 33432
341; 205; 33438
342; 205; 33465
343; 205; 33491
344; 205; 33467
345; 205; 33468
346; 205; 33538
347; 205; 33478
348; 205; 33308
349; 205; 33305
350; 205; 33473
301; 206; 34477
302; 206; 34500
303; 206; 34335
304; 206; 33976
305; 206; 33703
306; 206; 33678
307; 206; 33715
308; 206; 33609
309; 206; 33434
310; 206; 33252
311; 206; 33018
312; 206; 32849
313; 206; 32864
314; 206; 32893
315; 206; 33015
316; 206; 33061
317; 206; 33055
318; 206; 33053
319; 206; 33063
320; 206; 33081
321; 206; 33047
322; 206; 32918
323; 206; 32830
324; 206; 32853
325; 206; 32932
326; 206; 33036
327; 206; 33062
328; 206; 32978
329; 206; 32918
330; 206; 32941
331; 206; 33062
332; 206; 33246
333; 206; 33364
334; 206; 33427
335; 206; 33470
336; 206; 33454
337; 206; 33355
338; 206; 33329
339; 206; 33398
340; 206; 33420
341; 206; 33401
342; 206; 33441
343; 206; 33502
344; 206; 33477
345; 206; 33475
346; 206; 33537
347; 206; 33468
348; 206; 33306
349; 206; 33320
350; 206; 33477
301; 207; 34448
302; 207; 34429
303; 207; 34231
304; 207; 33853
305; 207; 33607
306; 207; 33597
307; 207; 33627
308; 207; 33545
309; 207; 33428
310; 207; 33296
311; 207; 33089
312; 207; 32890
313; 207; 32852
314; 207; 32990
315; 207; 33081
316; 207; 33033
317; 207; 32998
318; 207; 33031
319; 207; 33059
320; 207; 33058
321; 207; 33016
322; 207; 32944
323; 207; 32934
324; 207; 33039
325; 207; 33166
326; 207; 33227
327; 207; 33268
328; 207; 33213
329; 207; 33062
330; 207; 32970
331; 207; 33066
332; 207; 33319
333; 207; 33501
334; 207; 33507
335; 207; 33451
336; 207; 33404
337; 207; 33337
338; 207; 33377
339; 207; 33443
340; 207; 33438
341; 207; 33411
342; 207; 33439
343; 207; 33503
344; 207; 33492
345; 207; 33515
346; 207; 33592
347; 207; 33516
348; 207; 33335
349; 207; 33343
350; 207; 33492
301; 208; 34405
302; 208; 34382
303; 208; 34181
304; 208; 33785
305; 208; 33573
306; 208; 33573
307; 208; 33585
308; 208; 33531
309; 208; 33468
310; 208; 33366
311; 208; 33150
312; 208; 32940
313; 208; 32935
314; 208; 33095
315; 208; 33136
316; 208; 33017
317; 208; 32978
318; 208; 33045
319; 208; 33091
320; 208; 33075
321; 208; 33041
322; 208; 33065
323; 208; 33163
324; 208; 33346
325; 208; 33487
326; 208; 33477
327; 208; 33431
328; 208; 33369
329; 208; 33213
330; 208; 33034
331; 208; 33064
332; 208; 33336
333; 208; 33574
334; 208; 33597
335; 208; 33496
336; 208; 33419
337; 208; 33393
338; 208; 33434
339; 208; 33457
340; 208; 33411
341; 208; 33382
342; 208; 33417
343; 208; 33471
344; 208; 33494
345; 208; 33563
346; 208; 33657
347; 208; 33573
348; 208; 33375
349; 208; 33364
350; 208; 33477
301; 209; 34433
302; 209; 34412
303; 209; 34228
304; 209; 33821
305; 209; 33639
306; 209; 33663
307; 209; 33672
308; 209; 33630
309; 209; 33579
310; 209; 33470
311; 209; 33252
312; 209; 33038
313; 209; 33021
314; 209; 33139
315; 209; 33135
316; 209; 32998
317; 209; 32993
318; 209; 33090
319; 209; 33129
320; 209; 33108
321; 209; 33129
322; 209; 33248
323; 209; 33416
324; 209; 33589
325; 209; 33652
326; 209; 33585
327; 209; 33516
328; 209; 33451
329; 209; 33293
330; 209; 33107
331; 209; 33099
332; 209; 33342
333; 209; 33584
334; 209; 33614
335; 209; 33514
336; 209; 33430
337; 209; 33407
338; 209; 33423
339; 209; 33422
340; 209; 33362
341; 209; 33325
342; 209; 33400
343; 209; 33524
344; 209; 33604
345; 209; 33671
346; 209; 33715
347; 209; 33613
348; 209; 33443
349; 209; 33418
350; 209; 33442
301; 210; 34561
302; 210; 34515
303; 210; 34329
304; 210; 33935
305; 210; 33751
306; 210; 33795
307; 210; 33829
308; 210; 33750
309; 210; 33655
310; 210; 33544
311; 210; 33332
312; 210; 33108
313; 210; 33048
314; 210; 33103
315; 210; 33071
316; 210; 32954
317; 210; 32992
318; 210; 33112
319; 210; 33138
320; 210; 33134
321; 210; 33232
322; 210; 33396
323; 210; 33539
324; 210; 33629
325; 210; 33602
326; 210; 33526
327; 210; 33521
328; 210; 33526
329; 210; 33416
330; 210; 33199
331; 210; 33127
332; 210; 33297
333; 210; 33516
334; 210; 33586
335; 210; 33525
336; 210; 33430
337; 210; 33366
338; 210; 33368
339; 210; 33393
340; 210; 33376
341; 210; 33343
342; 210; 33425
343; 210; 33624
344; 210; 33772
345; 210; 33803
346; 210; 33753
347; 210; 33637
348; 210; 33538
349; 210; 33526
350; 210; 33473
301; 211; 34694
302; 211; 34633
303; 211; 34448
304; 211; 34082
305; 211; 33879
306; 211; 33898
307; 211; 33930
308; 211; 33811
309; 211; 33651
310; 211; 33536
311; 211; 33353
312; 211; 33121
313; 211; 33004
314; 211; 33005
315; 211; 32999
316; 211; 32955
317; 211; 32992
318; 211; 33097
319; 211; 33153
320; 211; 33218
321; 211; 33373
322; 211; 33516
323; 211; 33569
324; 211; 33577
325; 211; 33516
326; 211; 33482
327; 211; 33543
328; 211; 33607
329; 211; 33513
330; 211; 33228
331; 211; 33105
332; 211; 33202
333; 211; 33388
334; 211; 33513
335; 211; 33518
336; 211; 33422
337; 211; 33334
338; 211; 33342
339; 211; 33424
340; 211; 33472
341; 211; 33456
342; 211; 33476
343; 211; 33611
344; 211; 33755
345; 211; 33795
346; 211; 33739
347; 211; 33644
348; 211; 33611
349; 211; 33618
350; 211; 33503
301; 212; 34757
302; 212; 34703
303; 212; 34555
304; 212; 34244
305; 212; 34010
306; 212; 33968
307; 212; 33945
308; 212; 33790
309; 212; 33606
310; 212; 33494
311; 212; 33342
312; 212; 33098
313; 212; 32929
314; 212; 32897
315; 212; 32950
316; 212; 33014
317; 212; 33065
318; 212; 33128
319; 212; 33224
320; 212; 33383
321; 212; 33566
322; 212; 33647
323; 212; 33628
324; 212; 33613
325; 212; 33562
326; 212; 33514
327; 212; 33560
328; 212; 33615
329; 212; 33503
330; 212; 33209
331; 212; 33071
332; 212; 33126
333; 212; 33278
334; 212; 33432
335; 212; 33489
336; 212; 33439
337; 212; 33393
338; 212; 33385
339; 212; 33447
340; 212; 33537
341; 212; 33556
342; 212; 33516
343; 212; 33504
344; 212; 33569
345; 212; 33656
346; 212; 33667
347; 212; 33605
348; 212; 33595
349; 212; 33571
350; 212; 33397
301; 213; 34762
302; 213; 34703
303; 213; 34604
304; 213; 34377
305; 213; 34137
306; 213; 34029
307; 213; 33914
308; 213; 33685
309; 213; 33487
310; 213; 33429
311; 213; 33341
312; 213; 33079
313; 213; 32888
314; 213; 32839
315; 213; 32922
316; 213; 33087
317; 213; 33140
318; 213; 33151
319; 213; 33290
320; 213; 33558
321; 213; 33738
322; 213; 33711
323; 213; 33633
324; 213; 33660
325; 213; 33652
326; 213; 33561
327; 213; 33518
328; 213; 33499
329; 213; 33377
330; 213; 33185
331; 213; 33086
332; 213; 33115
333; 213; 33192
334; 213; 33328
335; 213; 33438
336; 213; 33462
337; 213; 33484
338; 213; 33447
339; 213; 33405
340; 213; 33494
341; 213; 33600
342; 213; 33595
343; 213; 33510
344; 213; 33499
345; 213; 33590
346; 213; 33626
347; 213; 33564
348; 213; 33542
349; 213; 33490
350; 213; 33292
301; 214; 34765
302; 214; 34671
303; 214; 34608
304; 214; 34470
305; 214; 34236
306; 214; 34085
307; 214; 33916
308; 214; 33614
309; 214; 33359
310; 214; 33336
311; 214; 33351
312; 214; 33115
313; 214; 32894
314; 214; 32882
315; 214; 32916
316; 214; 33126
317; 214; 33134
318; 214; 33068
319; 214; 33259
320; 214; 33632
321; 214; 33794
322; 214; 33659
323; 214; 33541
324; 214; 33634
325; 214; 33712
326; 214; 33622
327; 214; 33503
328; 214; 33417
329; 214; 33301
330; 214; 33196
331; 214; 33124
332; 214; 33070
333; 214; 33065
334; 214; 33185
335; 214; 33359
336; 214; 33464
337; 214; 33520
338; 214; 33484
339; 214; 33364
340; 214; 33379
341; 214; 33565
342; 214; 33686
343; 214; 33652
344; 214; 33620
345; 214; 33676
346; 214; 33681
347; 214; 33590
348; 214; 33549
349; 214; 33515
350; 214; 33352
301; 215; 34780
302; 215; 34652
303; 215; 34619
304; 215; 34541
305; 215; 34280
306; 215; 34087
307; 215; 33950
308; 215; 33669
309; 215; 33368
310; 215; 33295
311; 215; 33360
312; 215; 33192
313; 215; 32894
314; 215; 32914
315; 215; 32898
316; 215; 33112
317; 215; 33081
318; 215; 32971
319; 215; 33175
320; 215; 33592
321; 215; 33747
322; 215; 33560
323; 215; 33416
324; 215; 33530
325; 215; 33697
326; 215; 33703
327; 215; 33596
328; 215; 33470
329; 215; 33349
330; 215; 33241
331; 215; 33102
332; 215; 32951
333; 215; 32916
334; 215; 33078
335; 215; 33327
336; 215; 33502
337; 215; 33561
338; 215; 33529
339; 215; 33422
340; 215; 33376
341; 215; 33528
342; 215; 33704
343; 215; 33749
344; 215; 33743
345; 215; 33762
346; 215; 33733
347; 215; 33656
348; 215; 33620
349; 215; 33593
350; 215; 33478
301; 216; 34764
302; 216; 34645
303; 216; 34648
304; 216; 34606
305; 216; 34314
306; 216; 34047
307; 216; 33968
308; 216; 33804
309; 216; 33542
310; 216; 33405
311; 216; 33411
312; 216; 33269
313; 216; 32937
314; 216; 32929
315; 216; 32878
316; 216; 33101
317; 216; 33096
318; 216; 32980
319; 216; 33129
320; 216; 33507
321; 216; 33681
322; 216; 33525
323; 216; 33376
324; 216; 33438
325; 216; 33611
326; 216; 33724
327; 216; 33692
328; 216; 33555
329; 216; 33423
330; 216; 33307
331; 216; 33129
332; 216; 32921
333; 216; 32842
334; 216; 33029
335; 216; 33342
336; 216; 33553
337; 216; 33600
338; 216; 33567
339; 216; 33550
340; 216; 33540
341; 216; 33590
342; 216; 33668
343; 216; 33723
344; 216; 33742
345; 216; 33735
346; 216; 33702
347; 216; 33676
348; 216; 33663
349; 216; 33602
350; 216; 33491
301; 217; 34704
302; 217; 34625
303; 217; 34667
304; 217; 34668
305; 217; 34417
306; 217; 34107
307; 217; 34034
308; 217; 33960
309; 217; 33748
310; 217; 33596
311; 217; 33519
312; 217; 33343
313; 217; 33015
314; 217; 32961
315; 217; 32853
316; 217; 33069
317; 217; 33130
318; 217; 33042
319; 217; 33121
320; 217; 33403
321; 217; 33607
322; 217; 33575
323; 217; 33461
324; 217; 33432
325; 217; 33533
326; 217; 33671
327; 217; 33689
328; 217; 33554
329; 217; 33425
330; 217; 33364
331; 217; 33242
332; 217; 33007
333; 217; 32838
334; 217; 32967
335; 217; 33276
336; 217; 33491
337; 217; 33533
338; 217; 33527
339; 217; 33608
340; 217; 33638
341; 217; 33600
342; 217; 33579
343; 217; 33626
344; 217; 33660
345; 217; 33637
346; 217; 33619
347; 217; 33655
348; 217; 33666
349; 217; 33550
350; 217; 33417
301; 218; 34656
302; 218; 34608
303; 218; 34683
304; 218; 34728
305; 218; 34572
306; 218; 34316
307; 218; 34190
308; 218; 34056
309; 218; 33817
310; 218; 33690
311; 218; 33603
312; 218; 33402
313; 218; 33066
314; 218; 32953
315; 218; 32847
316; 218; 33003
317; 218; 33107
318; 218; 33075
319; 218; 33104
320; 218; 33287
321; 218; 33529
322; 218; 33653
323; 218; 33609
324; 218; 33521
325; 218; 33534
326; 218; 33610
327; 218; 33617
328; 218; 33499
329; 218; 33377
330; 218; 33375
331; 218; 33312
332; 218; 33067
333; 218; 32840
334; 218; 32873
335; 218; 33130
336; 218; 33351
337; 218; 33397
338; 218; 33411
339; 218; 33520
340; 218; 33570
341; 218; 33511
342; 218; 33455
343; 218; 33481
344; 218; 33493
345; 218; 33449
346; 218; 33456
347; 218; 33576
348; 218; 33651
349; 218; 33548
350; 218; 33400
301; 219; 34659
302; 219; 34600
303; 219; 34693
304; 219; 34781
305; 219; 34700
306; 219; 34509
307; 219; 34317
308; 219; 34058
309; 219; 33757
310; 219; 33681
311; 219; 33670
312; 219; 33478
313; 219; 33124
314; 219; 32907
315; 219; 32857
316; 219; 32938
317; 219; 33045
318; 219; 33085
319; 219; 33108
320; 219; 33226
321; 219; 33479
322; 219; 33706
323; 219; 33718
324; 219; 33610
325; 219; 33564
326; 219; 33576
327; 219; 33550
328; 219; 33466
329; 219; 33334
330; 219; 33311
331; 219; 33247
332; 219; 33004
333; 219; 32859
334; 219; 32842
335; 219; 32976
336; 219; 33233
337; 219; 33291
338; 219; 33270
339; 219; 33349
340; 219; 33419
341; 219; 33386
342; 219; 33323
343; 219; 33303
344; 219; 33268
345; 219; 33212
346; 219; 33254
347; 219; 33456
348; 219; 33633
349; 219; 33618
350; 219; 33474
301; 220; 34671
302; 220; 34603
303; 220; 34692
304; 220; 34781
305; 220; 34720
306; 220; 34579
307; 220; 34383
308; 220; 34094
309; 220; 33756
310; 220; 33704
311; 220; 33799
312; 220; 33614
313; 220; 33190
314; 220; 32924
315; 220; 32877
316; 220; 32897
317; 220; 32977
318; 220; 33100
319; 220; 33178
320; 220; 33243
321; 220; 33456
322; 220; 33706
323; 220; 33708
324; 220; 33567
325; 220; 33513
326; 220; 33535
327; 220; 33510
328; 220; 33449
329; 220; 33334
330; 220; 33238
331; 220; 33134
332; 220; 32920
333; 220; 32888
334; 220; 32906
335; 220; 32891
336; 220; 33199
337; 220; 33300
338; 220; 33230
339; 220; 33241
340; 220; 33325
341; 220; 33335
342; 220; 33261
343; 220; 33180
344; 220; 33105
345; 220; 33077
346; 220; 33177
347; 220; 33423
348; 220; 33617
349; 220; 33639
350; 220; 33536
301; 221; 34660
302; 221; 34635
303; 221; 34710
304; 221; 34750
305; 221; 34676
306; 221; 34592
307; 221; 34458
308; 221; 34240
309; 221; 33917
310; 221; 33794
311; 221; 33911
312; 221; 33751
313; 221; 33251
314; 221; 32971
315; 221; 32903
316; 221; 32882
317; 221; 32909
318; 221; 33077
319; 221; 33217
320; 221; 33258
321; 221; 33405
322; 221; 33636
323; 221; 33629
324; 221; 33464
325; 221; 33411
326; 221; 33487
327; 221; 33504
328; 221; 33457
329; 221; 33370
330; 221; 33257
331; 221; 33147
332; 221; 32997
333; 221; 32828
334; 221; 32848
335; 221; 32903
336; 221; 33234
337; 221; 33391
338; 221; 33307
339; 221; 33256
340; 221; 33329
341; 221; 33381
342; 221; 33331
343; 221; 33239
344; 221; 33155
345; 221; 33160
346; 221; 33329
347; 221; 33584
348; 221; 33715
349; 221; 33682
350; 221; 33591
301; 222; 34664
302; 222; 34696
303; 222; 34760
304; 222; 34760
305; 222; 34685
306; 222; 34645
307; 222; 34564
308; 222; 34400
309; 222; 34094
310; 222; 33836
311; 222; 33878
312; 222; 33798
313; 222; 33345
314; 222; 33067
315; 222; 32955
316; 222; 32918
317; 222; 32897
318; 222; 33011
319; 222; 33154
320; 222; 33169
321; 222; 33255
322; 222; 33494
323; 222; 33560
324; 222; 33430
325; 222; 33371
326; 222; 33468
327; 222; 33529
328; 222; 33472
329; 222; 33382
330; 222; 33287
331; 222; 33208
332; 222; 33119
333; 222; 32964
334; 222; 32843
335; 222; 32945
336; 222; 33255
337; 222; 33427
338; 222; 33343
339; 222; 33263
340; 222; 33343
341; 222; 33454
342; 222; 33451
343; 222; 33374
344; 222; 33319
345; 222; 33366
346; 222; 33550
347; 222; 33784
348; 222; 33869
349; 222; 33777
350; 222; 33669
301; 223; 34722
302; 223; 34742
303; 223; 34778
304; 223; 34789
305; 223; 34759
306; 223; 34728
307; 223; 34641
308; 223; 34457
309; 223; 34151
310; 223; 33801
311; 223; 33778
312; 223; 33813
313; 223; 33493
314; 223; 33203
315; 223; 33015
316; 223; 32918
317; 223; 32894
318; 223; 32934
319; 223; 33042
320; 223; 33063
321; 223; 33120
322; 223; 33338
323; 223; 33505
324; 223; 33449
325; 223; 33356
326; 223; 33391
327; 223; 33457
328; 223; 33418
329; 223; 33343
330; 223; 33265
331; 223; 33197
332; 223; 33148
333; 223; 33058
334; 223; 32971
335; 223; 33029
336; 223; 33247
337; 223; 33371
338; 223; 33295
339; 223; 33237
340; 223; 33338
341; 223; 33476
342; 223; 33486
343; 223; 33432
344; 223; 33421
345; 223; 33465
346; 223; 33589
347; 223; 33798
348; 223; 33895
349; 223; 33787
350; 223; 33687
301; 224; 34829
302; 224; 34763
303; 224; 34733
304; 224; 34773
305; 224; 34839
306; 224; 34808
307; 224; 34666
308; 224; 34454
309; 224; 34204
310; 224; 33853
311; 224; 33794
312; 224; 33939
313; 224; 33727
314; 224; 33312
315; 224; 32979
316; 224; 32864
317; 224; 32855
318; 224; 32880
319; 224; 32955
320; 224; 32997
321; 224; 33067
322; 224; 33231
323; 224; 33427
324; 224; 33439
325; 224; 33287
326; 224; 33239
327; 224; 33329
328; 224; 33354
329; 224; 33319
330; 224; 33271
331; 224; 33200
332; 224; 33168
333; 224; 33175
334; 224; 33173
335; 224; 33157
336; 224; 33204
337; 224; 33276
338; 224; 33294
339; 224; 33279
340; 224; 33357
341; 224; 33461
342; 224; 33462
343; 224; 33434
344; 224; 33453
345; 224; 33477
346; 224; 33523
347; 224; 33679
348; 224; 33780
349; 224; 33689
350; 224; 33617
301; 225; 34956
302; 225; 34840
303; 225; 34743
304; 225; 34769
305; 225; 34900
306; 225; 34895
307; 225; 34722
308; 225; 34516
309; 225; 34344
310; 225; 34052
311; 225; 33909
312; 225; 34094
313; 225; 33976
314; 225; 33438
315; 225; 32935
316; 225; 32896
317; 225; 32881
318; 225; 32885
319; 225; 32904
320; 225; 32943
321; 225; 33015
322; 225; 33161
323; 225; 33333
324; 225; 33379
325; 225; 33244
326; 225; 33181
327; 225; 33299
328; 225; 33390
329; 225; 33385
330; 225; 33350
331; 225; 33317
332; 225; 33324
333; 225; 33401
334; 225; 33418
335; 225; 33269
336; 225; 33112
337; 225; 33213
338; 225; 33391
339; 225; 33373
340; 225; 33381
341; 225; 33448
342; 225; 33453
343; 225; 33436
344; 225; 33475
345; 225; 33508
346; 225; 33501
347; 225; 33562
348; 225; 33646
349; 225; 33621
350; 225; 33576
301; 226; 35058
302; 226; 34992
303; 226; 34882
304; 226; 34866
305; 226; 34978
306; 226; 35008
307; 226; 34856
308; 226; 34669
309; 226; 34521
310; 226; 34265
311; 226; 33976
312; 226; 34077
313; 226; 34068
314; 226; 33598
315; 226; 32987
316; 226; 32906
317; 226; 32914
318; 226; 32901
319; 226; 32885
320; 226; 32887
321; 226; 32909
322; 226; 33016
323; 226; 33174
324; 226; 33252
325; 226; 33200
326; 226; 33182
327; 226; 33339
328; 226; 33481
329; 226; 33477
330; 226; 33402
331; 226; 33372
332; 226; 33401
333; 226; 33484
334; 226; 33487
335; 226; 33320
336; 226; 33177
337; 226; 33283
338; 226; 33427
339; 226; 33368
340; 226; 33299
341; 226; 33338
342; 226; 33383
343; 226; 33398
344; 226; 33456
345; 226; 33508
346; 226; 33467
347; 226; 33438
348; 226; 33543
349; 226; 33654
350; 226; 33635
301; 227; 35097
302; 227; 35131
303; 227; 35051
304; 227; 34990
305; 227; 35055
306; 227; 35108
307; 227; 34982
308; 227; 34783
309; 227; 34651
310; 227; 34468
311; 227; 34064
312; 227; 33928
313; 227; 33969
314; 227; 33663
315; 227; 33050
316; 227; 32903
317; 227; 32890
318; 227; 32868
319; 227; 32862
320; 227; 32865
321; 227; 32846
322; 227; 32926
323; 227; 33042
324; 227; 33086
325; 227; 33058
326; 227; 33112
327; 227; 33331
328; 227; 33516
329; 227; 33527
330; 227; 33432
331; 227; 33351
332; 227; 33322
333; 227; 33341
334; 227; 33329
335; 227; 33232
336; 227; 33179
337; 227; 33268
338; 227; 33347
339; 227; 33279
340; 227; 33200
341; 227; 33238
342; 227; 33310
343; 227; 33342
344; 227; 33404
345; 227; 33469
346; 227; 33416
347; 227; 33340
348; 227; 33467
349; 227; 33672
350; 227; 33643
301; 228; 35099
302; 228; 35184
303; 228; 35119
304; 228; 35020
305; 228; 35068
306; 228; 35171
307; 228; 35071
308; 228; 34837
309; 228; 34715
310; 228; 34627
311; 228; 34231
312; 228; 33845
313; 228; 33865
314; 228; 33698
315; 228; 33141
316; 228; 32869
317; 228; 32855
318; 228; 32921
319; 228; 32855
320; 228; 32855
321; 228; 32837
322; 228; 32919
323; 228; 32980
324; 228; 32956
325; 228; 32891
326; 228; 32954
327; 228; 33201
328; 228; 33446
329; 228; 33536
330; 228; 33482
331; 228; 33393
332; 228; 33308
333; 228; 33212
334; 228; 33176
335; 228; 33169
336; 228; 33179
337; 228; 33241
338; 228; 33279
339; 228; 33258
340; 228; 33245
341; 228; 33290
342; 228; 33335
343; 228; 33345
344; 228; 33390
345; 228; 33456
346; 228; 33417
347; 228; 33330
348; 228; 33382
349; 228; 33494
350; 228; 33407
301; 229; 35110
302; 229; 35179
303; 229; 35089
304; 229; 34966
305; 229; 35047
306; 229; 35240
307; 229; 35193
308; 229; 34929
309; 229; 34786
310; 229; 34729
311; 229; 34355
312; 229; 33831
313; 229; 33863
314; 229; 33812
315; 229; 33303
316; 229; 32878
317; 229; 32850
318; 229; 32952
319; 229; 32930
320; 229; 32846
321; 229; 32879
322; 229; 32983
323; 229; 32993
324; 229; 32929
325; 229; 32861
326; 229; 32831
327; 229; 33021
328; 229; 33326
329; 229; 33528
330; 229; 33531
331; 229; 33457
332; 229; 33373
333; 229; 33208
334; 229; 33123
335; 229; 33160
336; 229; 33179
337; 229; 33223
338; 229; 33279
339; 229; 33333
340; 229; 33377
341; 229; 33426
342; 229; 33421
343; 229; 33367
344; 229; 33340
345; 229; 33364
346; 229; 33350
347; 229; 33272
348; 229; 33206
349; 229; 33155
350; 229; 33020
301; 230; 35132
302; 230; 35182
303; 230; 35063
304; 230; 34920
305; 230; 35018
306; 230; 35281
307; 230; 35310
308; 230; 35048
309; 230; 34852
310; 230; 34765
311; 230; 34401
312; 230; 33833
313; 230; 33917
314; 230; 33961
315; 230; 33490
316; 230; 32953
317; 230; 32825
318; 230; 32891
319; 230; 32906
320; 230; 32880
321; 230; 32932
322; 230; 33008
323; 230; 33013
324; 230; 32972
325; 230; 32910
326; 230; 32860
327; 230; 32901
328; 230; 33187
329; 230; 33468
330; 230; 33520
331; 230; 33445
332; 230; 33376
333; 230; 33233
334; 230; 33070
335; 230; 33092
336; 230; 33077
337; 230; 33092
338; 230; 33205
339; 230; 33333
340; 230; 33390
341; 230; 33419
342; 230; 33409
343; 230; 33311
344; 230; 33181
345; 230; 33125
346; 230; 33137
347; 230; 33123
348; 230; 33063
349; 230; 32960
350; 230; 32881
301; 231; 35118
302; 231; 35200
303; 231; 35094
304; 231; 34930
305; 231; 34984
306; 231; 35242
307; 231; 35332
308; 231; 35119
309; 231; 34901
310; 231; 34785
311; 231; 34440
312; 231; 33873
313; 231; 33972
314; 231; 34100
315; 231; 33651
316; 231; 33033
317; 231; 32832
318; 231; 32840
319; 231; 32879
320; 231; 32880
321; 231; 32918
322; 231; 32949
323; 231; 32964
324; 231; 32978
325; 231; 32932
326; 231; 32869
327; 231; 32842
328; 231; 33053
329; 231; 33332
330; 231; 33443
331; 231; 33398
332; 231; 33304
333; 231; 33174
334; 231; 32998
335; 231; 32990
336; 231; 32915
337; 231; 32866
338; 231; 33038
339; 231; 33171
340; 231; 33217
341; 231; 33196
342; 231; 33206
343; 231; 33157
344; 231; 33001
345; 231; 32919
346; 231; 32950
347; 231; 33018
348; 231; 33011
349; 231; 32956
350; 231; 32947
301; 232; 35053
302; 232; 35187
303; 232; 35121
304; 232; 34971
305; 232; 34992
306; 232; 35201
307; 232; 35310
308; 232; 35166
309; 232; 34978
310; 232; 34852
311; 232; 34533
312; 232; 33961
313; 232; 33988
314; 232; 34208
315; 232; 33827
316; 232; 33149
317; 232; 32871
318; 232; 32823
319; 232; 32914
320; 232; 32916
321; 232; 32896
322; 232; 32891
323; 232; 32898
324; 232; 32929
325; 232; 32886
326; 232; 32843
327; 232; 32837
328; 232; 32978
329; 232; 33206
330; 232; 33353
331; 232; 33344
332; 232; 33224
333; 232; 33089
334; 232; 32946
335; 232; 32957
336; 232; 32971
337; 232; 32906
338; 232; 32989
339; 232; 33064
340; 232; 33088
341; 232; 32962
342; 232; 32957
343; 232; 33011
344; 232; 32978
345; 232; 32930
346; 232; 32950
347; 232; 32998
348; 232; 33022
349; 232; 33091
350; 232; 33155
301; 233; 34980
302; 233; 35105
303; 233; 35061
304; 233; 34973
305; 233; 35042
306; 233; 35238
307; 233; 35342
308; 233; 35231
309; 233; 35066
310; 233; 34938
311; 233; 34659
312; 233; 34075
313; 233; 33913
314; 233; 34204
315; 233; 33994
316; 233; 33306
317; 233; 32916
318; 233; 32820
319; 233; 33015
320; 233; 33057
321; 233; 32925
322; 233; 32867
323; 233; 32855
324; 233; 32860
325; 233; 32830
326; 233; 32843
327; 233; 32887
328; 233; 32998
329; 233; 33159
330; 233; 33270
331; 233; 33233
332; 233; 33108
333; 233; 33004
334; 233; 32926
335; 233; 32986
336; 233; 33072
337; 233; 33012
338; 233; 33043
339; 233; 33111
340; 233; 33063
341; 233; 32900
342; 233; 32892
343; 233; 32980
344; 233; 33050
345; 233; 33041
346; 233; 33008
347; 233; 32982
348; 233; 33010
349; 233; 33129
350; 233; 33179
301; 234; 34930
302; 234; 34985
303; 234; 34950
304; 234; 34929
305; 234; 35068
306; 234; 35286
307; 234; 35379
308; 234; 35261
309; 234; 35099
310; 234; 35007
311; 234; 34822
312; 234; 34261
313; 234; 33777
314; 234; 34046
315; 234; 34097
316; 234; 33520
317; 234; 32977
318; 234; 32827
319; 234; 33071
320; 234; 33175
321; 234; 32957
322; 234; 32854
323; 234; 32835
324; 234; 32828
325; 234; 32824
326; 234; 32870
327; 234; 32964
328; 234; 33056
329; 234; 33149
330; 234; 33200
331; 234; 33117
332; 234; 32962
333; 234; 32882
334; 234; 32863
335; 234; 32950
336; 234; 33092
337; 234; 33111
338; 234; 33113
339; 234; 33137
340; 234; 33073
341; 234; 32931
342; 234; 32913
343; 234; 32996
344; 234; 33074
345; 234; 33044
346; 234; 32940
347; 234; 32855
348; 234; 32889
349; 234; 32995
350; 234; 33031
301; 235; 34889
302; 235; 34920
303; 235; 34938
304; 235; 34950
305; 235; 35065
306; 235; 35250
307; 235; 35335
308; 235; 35232
309; 235; 35095
310; 235; 35083
311; 235; 35028
312; 235; 34558
313; 235; 33754
314; 235; 33829
315; 235; 34117
316; 235; 33775
317; 235; 33077
318; 235; 32810
319; 235; 32993
320; 235; 33146
321; 235; 32920
322; 235; 32889
323; 235; 32862
324; 235; 32840
325; 235; 32876
326; 235; 32927
327; 235; 32987
328; 235; 33026
329; 235; 33098
330; 235; 33158
331; 235; 33088
332; 235; 32953
333; 235; 32871
334; 235; 32856
335; 235; 32902
336; 235; 33021
337; 235; 33074
338; 235; 33072
339; 235; 33051
340; 235; 32999
341; 235; 32923
342; 235; 32924
343; 235; 32986
344; 235; 33031
345; 235; 32969
346; 235; 32846
347; 235; 32798
348; 235; 32844
349; 235; 32914
350; 235; 32925
301; 236; 34861
302; 236; 34952
303; 236; 35061
304; 236; 35069
305; 236; 35074
306; 236; 35176
307; 236; 35267
308; 236; 35225
309; 236; 35143
310; 236; 35200
311; 236; 35248
312; 236; 34880
313; 236; 33972
314; 236; 33690
315; 236; 34037
316; 236; 33926
317; 236; 33197
318; 236; 32891
319; 236; 32877
320; 236; 33046
321; 236; 32905
322; 236; 32931
323; 236; 32916
324; 236; 32847
325; 236; 32901
326; 236; 32921
327; 236; 32918
328; 236; 32912
329; 236; 32999
330; 236; 33143
331; 236; 33168
332; 236; 33076
333; 236; 32986
334; 236; 32952
335; 236; 32961
336; 236; 32989
337; 236; 32990
338; 236; 32984
339; 236; 32950
340; 236; 32921
341; 236; 32941
342; 236; 32976
343; 236; 32998
344; 236; 33002
345; 236; 32960
346; 236; 32902
347; 236; 32897
348; 236; 32923
349; 236; 32932
350; 236; 32905
301; 237; 34885
302; 237; 35014
303; 237; 35182
304; 237; 35183
305; 237; 35100
306; 237; 35141
307; 237; 35258
308; 237; 35271
309; 237; 35218
310; 237; 35287
311; 237; 35389
312; 237; 35107
313; 237; 34265
314; 237; 33659
315; 237; 33887
316; 237; 33884
317; 237; 33196
318; 237; 32983
319; 237; 32878
320; 237; 33037
321; 237; 32969
322; 237; 32919
323; 237; 32917
324; 237; 32869
325; 237; 32917
326; 237; 32943
327; 237; 32962
328; 237; 32919
329; 237; 32968
330; 237; 33155
331; 237; 33253
332; 237; 33176
333; 237; 33107
334; 237; 33105
335; 237; 33069
336; 237; 33013
337; 237; 32956
338; 237; 32923
339; 237; 32917
340; 237; 32949
341; 237; 33024
342; 237; 33062
343; 237; 33038
344; 237; 33007
345; 237; 32991
346; 237; 33005
347; 237; 33037
348; 237; 33010
349; 237; 32941
350; 237; 32896
301; 238; 34972
302; 238; 35034
303; 238; 35178
304; 238; 35192
305; 238; 35096
306; 238; 35118
307; 238; 35261
308; 238; 35314
309; 238; 35254
310; 238; 35283
311; 238; 35394
312; 238; 35188
313; 238; 34444
314; 238; 33720
315; 238; 33818
316; 238; 33829
317; 238; 33201
318; 238; 32970
319; 238; 32875
320; 238; 33091
321; 238; 33089
322; 238; 32877
323; 238; 32831
324; 238; 32953
325; 238; 33082
326; 238; 33191
327; 238; 33259
328; 238; 33162
329; 238; 33116
330; 238; 33196
331; 238; 33257
332; 238; 33176
333; 238; 33130
334; 238; 33195
335; 238; 33139
336; 238; 33026
337; 238; 33016
338; 238; 33002
339; 238; 32997
340; 238; 33024
341; 238; 33076
342; 238; 33095
343; 238; 33058
344; 238; 33028
345; 238; 33018
346; 238; 33011
347; 238; 33006
348; 238; 32969
349; 238; 32922
350; 238; 32902
301; 239; 35070
302; 239; 35032
303; 239; 35123
304; 239; 35164
305; 239; 35088
306; 239; 35081
307; 239; 35222
308; 239; 35322
309; 239; 35275
310; 239; 35248
311; 239; 35305
312; 239; 35151
313; 239; 34528
314; 239; 33841
315; 239; 33890
316; 239; 33926
317; 239; 33369
318; 239; 32941
319; 239; 32832
320; 239; 33119
321; 239; 33138
322; 239; 32873
323; 239; 32842
324; 239; 33146
325; 239; 33399
326; 239; 33535
327; 239; 33593
328; 239; 33504
329; 239; 33362
330; 239; 33279
331; 239; 33267
332; 239; 33181
333; 239; 33051
334; 239; 33129
335; 239; 33160
336; 239; 33050
337; 239; 33062
338; 239; 33126
339; 239; 33118
340; 239; 33077
341; 239; 33058
342; 239; 33056
343; 239; 33055
344; 239; 33075
345; 239; 33067
346; 239; 32976
347; 239; 32884
348; 239; 32865
349; 239; 32909
350; 239; 32951
301; 240; 35097
302; 240; 35040
303; 240; 35130
304; 240; 35205
305; 240; 35127
306; 240; 35058
307; 240; 35169
308; 240; 35326
309; 240; 35333
310; 240; 35254
311; 240; 35211
312; 240; 35087
313; 240; 34626
314; 240; 33988
315; 240; 33997
316; 240; 34083
317; 240; 33542
318; 240; 32981
319; 240; 32874
320; 240; 33103
321; 240; 33097
322; 240; 32888
323; 240; 32951
324; 240; 33345
325; 240; 33608
326; 240; 33659
327; 240; 33680
328; 240; 33634
329; 240; 33484
330; 240; 33370
331; 240; 33343
332; 240; 33257
333; 240; 33020
334; 240; 32962
335; 240; 33091
336; 240; 33109
337; 240; 33093
338; 240; 33151
339; 240; 33158
340; 240; 33094
341; 240; 33037
342; 240; 33035
343; 240; 33074
344; 240; 33138
345; 240; 33136
346; 240; 33005
347; 240; 32875
348; 240; 32865
349; 240; 32951
350; 240; 33015
301; 241; 35049
302; 241; 35031
303; 241; 35156
304; 241; 35274
305; 241; 35195
306; 241; 35058
307; 241; 35115
308; 241; 35313
309; 241; 35392
310; 241; 35296
311; 241; 35181
312; 241; 35083
313; 241; 34766
314; 241; 34141
315; 241; 34057
316; 241; 34187
317; 241; 33663
318; 241; 33000
319; 241; 32893
320; 241; 33069
321; 241; 33090
322; 241; 32993
323; 241; 33140
324; 241; 33487
325; 241; 33635
326; 241; 33598
327; 241; 33633
328; 241; 33650
329; 241; 33525
330; 241; 33403
331; 241; 33394
332; 241; 33348
333; 241; 33058
334; 241; 32854
335; 241; 32964
336; 241; 33094
337; 241; 33082
338; 241; 33104
339; 241; 33157
340; 241; 33145
341; 241; 33094
342; 241; 33081
343; 241; 33114
344; 241; 33156
345; 241; 33147
346; 241; 33054
347; 241; 32961
348; 241; 32982
349; 241; 33045
350; 241; 33007
301; 242; 35045
302; 242; 35022
303; 242; 35131
304; 242; 35287
305; 242; 35249
306; 242; 35080
307; 242; 35068
308; 242; 35262
309; 242; 35404
310; 242; 35353
311; 242; 35247
312; 242; 35167
313; 242; 34908
314; 242; 34295
315; 242; 34102
316; 242; 34262
317; 242; 33839
318; 242; 33112
319; 242; 32909
320; 242; 33043
321; 242; 33146
322; 242; 33187
323; 242; 33373
324; 242; 33612
325; 242; 33665
326; 242; 33623
327; 242; 33701
328; 242; 33730
329; 242; 33541
330; 242; 33333
331; 242; 33370
332; 242; 33425
333; 242; 33122
334; 242; 32842
335; 242; 32896
336; 242; 33032
337; 242; 33030
338; 242; 33076
339; 242; 33188
340; 242; 33194
341; 242; 33106
342; 242; 33077
343; 242; 33105
344; 242; 33094
345; 242; 33059
346; 242; 33037
347; 242; 33045
348; 242; 33081
349; 242; 33062
350; 242; 32931
301; 243; 35162
302; 243; 35089
303; 243; 35109
304; 243; 35258
305; 243; 35295
306; 243; 35156
307; 243; 35091
308; 243; 35234
309; 243; 35410
310; 243; 35432
311; 243; 35377
312; 243; 35301
313; 243; 35042
314; 243; 34485
315; 243; 34156
316; 243; 34282
317; 243; 34064
318; 243; 33421
319; 243; 33013
320; 243; 32984
321; 243; 33151
322; 243; 33336
323; 243; 33520
324; 243; 33658
325; 243; 33678
326; 243; 33685
327; 243; 33790
328; 243; 33774
329; 243; 33467
330; 243; 33188
331; 243; 33259
332; 243; 33407
333; 243; 33208
334; 243; 32893
335; 243; 32914
336; 243; 33006
337; 243; 33034
338; 243; 33143
339; 243; 33253
340; 243; 33165
341; 243; 32992
342; 243; 32970
343; 243; 33043
344; 243; 33028
345; 243; 32977
346; 243; 33003
347; 243; 33080
348; 243; 33088
349; 243; 33010
350; 243; 32892
