190; 236; 33442
191; 236; 33427
192; 236; 33336
193; 236; 33304
194; 236; 33359
195; 236; 33434
190; 237; 33587
191; 237; 33507
192; 237; 33373
193; 237; 33320
194; 237; 33360
195; 237; 33437
189; 238; 33490
190; 238; 33566
191; 238; 33535
192; 238; 33454
193; 238; 33398
194; 238; 33389
195; 238; 33414
196; 238; 33461
197; 238; 33481
189; 239; 33414
190; 239; 33437
191; 239; 33483
192; 239; 33497
193; 239; 33458
194; 239; 33410
195; 239; 33417
196; 239; 33493
197; 239; 33561
198; 239; 33513
189; 240; 33408
190; 240; 33382
191; 240; 33438
192; 240; 33493
193; 240; 33483
194; 240; 33448
195; 240; 33464
196; 240; 33547
197; 240; 33627
198; 240; 33569
199; 240; 33388
189; 241; 33492
190; 241; 33454
191; 241; 33475
192; 241; 33500
193; 241; 33503
194; 241; 33500
195; 241; 33494
196; 241; 33515
197; 241; 33549
198; 241; 33499
199; 241; 33331
200; 241; 33157
189; 242; 33503
190; 242; 33523
191; 242; 33530
192; 242; 33506
193; 242; 33497
194; 242; 33500
195; 242; 33461
196; 242; 33425
197; 242; 33418
198; 242; 33386
199; 242; 33297
200; 242; 33166
189; 243; 33415
190; 243; 33497
191; 243; 33522
192; 243; 33484
193; 243; 33466
194; 243; 33438
195; 243; 33359
196; 243; 33307
197; 243; 33319
198; 243; 33317
199; 243; 33259
189; 244; 33361
190; 244; 33429
191; 244; 33449
192; 244; 33450
193; 244; 33466
194; 244; 33393
195; 244; 33257
196; 244; 33191
197; 244; 33248
198; 244; 33310
199; 244; 33254
189; 245; 33383
190; 245; 33417
191; 245; 33398
192; 245; 33426
193; 245; 33506
194; 245; 33441
195; 245; 33273
196; 245; 33181
197; 245; 33282
198; 245; 33407
199; 245; 33343
189; 246; 33376
190; 246; 33448
191; 246; 33440
192; 246; 33430
193; 246; 33506
194; 246; 33490
195; 246; 33366
196; 246; 33290
197; 246; 33396
198; 246; 33493
199; 246; 33378
189; 247; 33324
190; 247; 33472
191; 247; 33535
192; 247; 33484
193; 247; 33479
194; 247; 33453
195; 247; 33402
196; 247; 33433
197; 247; 33537
198; 247; 33530
199; 247; 33310
190; 248; 33443
191; 248; 33576
192; 248; 33588
193; 248; 33528
194; 248; 33431
195; 248; 33372
196; 248; 33472
197; 248; 33612
198; 248; 33573
199; 248; 33298
190; 249; 33320
191; 249; 33451
192; 249; 33598
193; 249; 33591
194; 249; 33454
195; 249; 33341
196; 249; 33426
197; 249; 33602
198; 249; 33612
199; 249; 33381
191; 250; 33256
192; 250; 33491
193; 250; 33562
194; 250; 33431
195; 250; 33315
196; 250; 33412
197; 250; 33580
198; 250; 33556
199; 250; 33352
192; 251; 33459
193; 251; 33521
194; 251; 33377
195; 251; 33311
196; 251; 33469
197; 251; 33594
198; 251; 33432
194; 252; 33420
195; 252; 33355
196; 252; 33567
197; 252; 33648
198; 252; 33336
