143; 159; 33662
144; 159; 33468
145; 159; 33299
146; 159; 33146
147; 159; 33013
148; 159; 32991
149; 159; 33068
150; 159; 33173
151; 159; 33180
152; 159; 33132
153; 159; 33129
154; 159; 33202
155; 159; 33360
156; 159; 33603
157; 159; 33792
158; 159; 33719
159; 159; 33440
160; 159; 33137
161; 159; 32979
162; 159; 33039
163; 159; 33199
164; 159; 33349
165; 159; 33525
166; 159; 33681
167; 159; 33617
168; 159; 33364
169; 159; 33215
170; 159; 33285
171; 159; 33394
172; 159; 33413
173; 159; 33412
174; 159; 33476
175; 159; 33578
176; 159; 33609
177; 159; 33506
178; 159; 33368
179; 159; 33338
180; 159; 33416
181; 159; 33482
182; 159; 33460
183; 159; 33379
184; 159; 33325
185; 159; 33346
186; 159; 33394
187; 159; 33429
188; 159; 33514
189; 159; 33609
190; 159; 33569
191; 159; 33410
192; 159; 33326
193; 159; 33463
194; 159; 33734
195; 159; 33936
196; 159; 33985
197; 159; 33895
198; 159; 33793
199; 159; 33886
200; 159; 34055
201; 159; 34031
202; 159; 33841
203; 159; 33716
204; 159; 33680
205; 159; 33657
206; 159; 33685
207; 159; 33700
143; 160; 33758
144; 160; 33750
145; 160; 33746
146; 160; 33565
147; 160; 33202
148; 160; 32955
149; 160; 32905
150; 160; 32953
151; 160; 32961
152; 160; 32968
153; 160; 33063
154; 160; 33184
155; 160; 33269
156; 160; 33397
157; 160; 33526
158; 160; 33493
159; 160; 33300
160; 160; 33076
161; 160; 32981
162; 160; 33086
163; 160; 33277
164; 160; 33372
165; 160; 33444
166; 160; 33578
167; 160; 33591
168; 160; 33372
169; 160; 33149
170; 160; 33123
171; 160; 33193
172; 160; 33228
173; 160; 33242
174; 160; 33290
175; 160; 33337
176; 160; 33341
177; 160; 33292
178; 160; 33225
179; 160; 33199
180; 160; 33202
181; 160; 33219
182; 160; 33245
183; 160; 33271
184; 160; 33328
185; 160; 33408
186; 160; 33434
187; 160; 33390
188; 160; 33401
189; 160; 33504
190; 160; 33596
191; 160; 33639
192; 160; 33661
193; 160; 33657
194; 160; 33684
195; 160; 33771
196; 160; 33847
197; 160; 33841
198; 160; 33801
199; 160; 33898
200; 160; 34052
201; 160; 34040
202; 160; 33892
203; 160; 33792
204; 160; 33728
205; 160; 33671
206; 160; 33678
207; 160; 33656
143; 161; 33681
144; 161; 33855
145; 161; 34078
146; 161; 33960
147; 161; 33516
148; 161; 33236
149; 161; 33260
150; 161; 33265
151; 161; 33086
152; 161; 32927
153; 161; 32989
154; 161; 33107
155; 161; 33120
156; 161; 33140
157; 161; 33209
158; 161; 33230
159; 161; 33184
160; 161; 33104
161; 161; 33039
162; 161; 33095
163; 161; 33258
164; 161; 33334
165; 161; 33330
166; 161; 33401
167; 161; 33507
168; 161; 33451
169; 161; 33261
170; 161; 33118
171; 161; 33047
172; 161; 33035
173; 161; 33031
174; 161; 33017
175; 161; 32981
176; 161; 32969
177; 161; 32998
178; 161; 33065
179; 161; 33088
180; 161; 33014
181; 161; 32984
182; 161; 33067
183; 161; 33162
184; 161; 33244
185; 161; 33319
186; 161; 33335
187; 161; 33286
188; 161; 33279
189; 161; 33403
190; 161; 33603
191; 161; 33808
192; 161; 33923
193; 161; 33815
194; 161; 33628
195; 161; 33599
196; 161; 33718
197; 161; 33799
198; 161; 33792
199; 161; 33851
200; 161; 33951
201; 161; 33926
202; 161; 33787
203; 161; 33660
204; 161; 33575
205; 161; 33544
206; 161; 33583
207; 161; 33593
143; 162; 33585
144; 162; 33807
145; 162; 34090
146; 162; 34015
147; 162; 33696
148; 162; 33659
149; 162; 33923
150; 162; 33965
151; 162; 33618
152; 162; 33264
153; 162; 33160
154; 162; 33112
155; 162; 33017
156; 162; 33016
157; 162; 33085
158; 162; 33141
159; 162; 33175
160; 162; 33183
161; 162; 33132
162; 162; 33078
163; 162; 33120
164; 162; 33186
165; 162; 33190
166; 162; 33243
167; 162; 33429
168; 162; 33564
169; 162; 33496
170; 162; 33287
171; 162; 33064
172; 162; 32933
173; 162; 32887
174; 162; 32867
175; 162; 32832
176; 162; 32807
177; 162; 32887
178; 162; 33050
179; 162; 33080
180; 162; 32977
181; 162; 32932
182; 162; 33004
183; 162; 33095
184; 162; 33141
185; 162; 33163
186; 162; 33180
187; 162; 33183
188; 162; 33210
189; 162; 33339
190; 162; 33551
191; 162; 33782
192; 162; 33919
193; 162; 33818
194; 162; 33586
195; 162; 33509
196; 162; 33635
197; 162; 33735
198; 162; 33729
199; 162; 33771
200; 162; 33867
201; 162; 33844
202; 162; 33667
203; 162; 33446
204; 162; 33339
205; 162; 33401
206; 162; 33503
207; 162; 33539
143; 163; 33604
144; 163; 33773
145; 163; 33948
146; 163; 33851
147; 163; 33660
148; 163; 33806
149; 163; 34219
150; 163; 34391
151; 163; 34195
152; 163; 33981
153; 163; 33862
154; 163; 33606
155; 163; 33246
156; 163; 33097
157; 163; 33153
158; 163; 33209
159; 163; 33210
160; 163; 33229
161; 163; 33240
162; 163; 33147
163; 163; 33032
164; 163; 33024
165; 163; 33048
166; 163; 33140
167; 163; 33383
168; 163; 33649
169; 163; 33722
170; 163; 33553
171; 163; 33270
172; 163; 33007
173; 163; 32876
174; 163; 32883
175; 163; 32935
176; 163; 32980
177; 163; 33063
178; 163; 33180
179; 163; 33188
180; 163; 33118
181; 163; 33077
182; 163; 33098
183; 163; 33149
184; 163; 33180
185; 163; 33187
186; 163; 33183
187; 163; 33190
188; 163; 33227
189; 163; 33325
190; 163; 33471
191; 163; 33620
192; 163; 33708
193; 163; 33665
194; 163; 33554
195; 163; 33536
196; 163; 33607
197; 163; 33615
198; 163; 33561
199; 163; 33588
200; 163; 33706
201; 163; 33720
202; 163; 33556
203; 163; 33352
204; 163; 33298
205; 163; 33373
206; 163; 33435
207; 163; 33451
143; 164; 33707
144; 164; 33805
145; 164; 33859
146; 164; 33750
147; 164; 33601
148; 164; 33685
149; 164; 33986
150; 164; 34207
151; 164; 34317
152; 164; 34492
153; 164; 34587
154; 164; 34269
155; 164; 33640
156; 164; 33204
157; 164; 33156
158; 164; 33200
159; 164; 33163
160; 164; 33165
161; 164; 33238
162; 164; 33224
163; 164; 33077
164; 164; 32969
165; 164; 32956
166; 164; 33063
167; 164; 33327
168; 164; 33631
169; 164; 33793
170; 164; 33732
171; 164; 33531
172; 164; 33246
173; 164; 33008
174; 164; 32981
175; 164; 33112
176; 164; 33223
177; 164; 33251
178; 164; 33274
179; 164; 33303
180; 164; 33306
181; 164; 33271
182; 164; 33254
183; 164; 33299
184; 164; 33362
185; 164; 33394
186; 164; 33379
187; 164; 33360
188; 164; 33363
189; 164; 33384
190; 164; 33413
191; 164; 33445
192; 164; 33474
193; 164; 33489
194; 164; 33539
195; 164; 33607
196; 164; 33605
197; 164; 33504
198; 164; 33397
199; 164; 33389
200; 164; 33459
201; 164; 33486
202; 164; 33446
203; 164; 33421
204; 164; 33433
205; 164; 33430
206; 164; 33414
207; 164; 33412
143; 165; 33776
144; 165; 33831
145; 165; 33825
146; 165; 33739
147; 165; 33629
148; 165; 33592
149; 165; 33676
150; 165; 33809
151; 165; 34004
152; 165; 34301
153; 165; 34504
154; 165; 34333
155; 165; 33814
156; 165; 33314
157; 165; 33119
158; 165; 33084
159; 165; 33042
160; 165; 33039
161; 165; 33112
162; 165; 33192
163; 165; 33144
164; 165; 33002
165; 165; 32911
166; 165; 32981
167; 165; 33202
168; 165; 33460
169; 165; 33640
170; 165; 33693
171; 165; 33641
172; 165; 33449
173; 165; 33180
174; 165; 33081
175; 165; 33181
176; 165; 33293
177; 165; 33310
178; 165; 33312
179; 165; 33368
180; 165; 33415
181; 165; 33391
182; 165; 33359
183; 165; 33405
184; 165; 33503
185; 165; 33562
186; 165; 33558
187; 165; 33536
188; 165; 33492
189; 165; 33418
190; 165; 33364
191; 165; 33361
192; 165; 33382
193; 165; 33425
194; 165; 33524
195; 165; 33607
196; 165; 33578
197; 165; 33458
198; 165; 33369
199; 165; 33353
200; 165; 33337
201; 165; 33289
202; 165; 33315
203; 165; 33448
204; 165; 33545
205; 165; 33525
206; 165; 33459
207; 165; 33432
143; 166; 33785
144; 166; 33800
145; 166; 33747
146; 166; 33690
147; 166; 33663
148; 166; 33627
149; 166; 33616
150; 166; 33653
151; 166; 33704
152; 166; 33724
153; 166; 33718
154; 166; 33720
155; 166; 33646
156; 166; 33435
157; 166; 33195
158; 166; 33044
159; 166; 32983
160; 166; 32938
161; 166; 32970
162; 166; 33105
163; 166; 33166
164; 166; 33051
165; 166; 32917
166; 166; 32935
167; 166; 33073
168; 166; 33214
169; 166; 33339
170; 166; 33464
171; 166; 33543
172; 166; 33479
173; 166; 33288
174; 166; 33165
175; 166; 33188
176; 166; 33284
177; 166; 33358
178; 166; 33391
179; 166; 33426
180; 166; 33450
181; 166; 33430
182; 166; 33414
183; 166; 33464
184; 166; 33551
185; 166; 33598
186; 166; 33592
187; 166; 33556
188; 166; 33479
189; 166; 33385
190; 166; 33363
191; 166; 33419
192; 166; 33460
193; 166; 33462
194; 166; 33479
195; 166; 33508
196; 166; 33492
197; 166; 33432
198; 166; 33391
199; 166; 33365
200; 166; 33261
201; 166; 33080
202; 166; 33114
203; 166; 33323
204; 166; 33478
205; 166; 33469
206; 166; 33426
207; 166; 33449
143; 167; 33745
144; 167; 33718
145; 167; 33618
146; 167; 33580
147; 167; 33634
148; 167; 33671
149; 167; 33684
150; 167; 33735
151; 167; 33725
152; 167; 33479
153; 167; 33148
154; 167; 33097
155; 167; 33330
156; 167; 33442
157; 167; 33261
158; 167; 33055
159; 167; 32986
160; 167; 32925
161; 167; 32942
162; 167; 33123
163; 167; 33247
164; 167; 33153
165; 167; 33013
166; 167; 33008
167; 167; 33058
168; 167; 33055
169; 167; 33093
170; 167; 33227
171; 167; 33342
172; 167; 33349
173; 167; 33286
174; 167; 33262
175; 167; 33296
176; 167; 33379
177; 167; 33478
178; 167; 33516
179; 167; 33493
180; 167; 33471
181; 167; 33466
182; 167; 33486
183; 167; 33530
184; 167; 33562
185; 167; 33558
186; 167; 33521
187; 167; 33458
188; 167; 33393
189; 167; 33373
190; 167; 33434
191; 167; 33535
192; 167; 33570
193; 167; 33513
194; 167; 33448
195; 167; 33433
196; 167; 33436
197; 167; 33410
198; 167; 33365
199; 167; 33352
200; 167; 33317
201; 167; 33187
202; 167; 33164
203; 167; 33225
204; 167; 33295
205; 167; 33311
206; 167; 33349
207; 167; 33427
143; 168; 33659
144; 168; 33629
145; 168; 33542
146; 168; 33522
147; 168; 33607
148; 168; 33669
149; 168; 33694
150; 168; 33799
151; 168; 33901
152; 168; 33698
153; 168; 33244
154; 168; 32983
155; 168; 33089
156; 168; 33221
157; 168; 33119
158; 168; 32975
159; 168; 32949
160; 168; 32925
161; 168; 32981
162; 168; 33221
163; 168; 33391
164; 168; 33306
165; 168; 33182
166; 168; 33186
167; 168; 33182
168; 168; 33094
169; 168; 33067
170; 168; 33148
171; 168; 33198
172; 168; 33194
173; 168; 33247
174; 168; 33372
175; 168; 33466
176; 168; 33520
177; 168; 33565
178; 168; 33556
179; 168; 33492
180; 168; 33468
181; 168; 33514
182; 168; 33559
183; 168; 33567
184; 168; 33562
185; 168; 33535
186; 168; 33464
187; 168; 33380
188; 168; 33353
189; 168; 33423
190; 168; 33537
191; 168; 33608
192; 168; 33593
193; 168; 33512
194; 168; 33447
195; 168; 33437
196; 168; 33431
197; 168; 33387
198; 168; 33301
199; 168; 33315
200; 168; 33416
201; 168; 33411
202; 168; 33363
203; 168; 33253
204; 168; 33145
205; 168; 33156
206; 168; 33278
207; 168; 33376
143; 169; 33611
144; 169; 33592
145; 169; 33556
146; 169; 33556
147; 169; 33633
148; 169; 33693
149; 169; 33689
150; 169; 33740
151; 169; 33898
152; 169; 33923
153; 169; 33653
154; 169; 33294
155; 169; 33090
156; 169; 32998
157; 169; 32925
158; 169; 32898
159; 169; 32905
160; 169; 32884
161; 169; 32961
162; 169; 33213
163; 169; 33394
164; 169; 33337
165; 169; 33296
166; 169; 33399
167; 169; 33428
168; 169; 33316
169; 169; 33222
170; 169; 33210
171; 169; 33178
172; 169; 33139
173; 169; 33226
174; 169; 33401
175; 169; 33512
176; 169; 33535
177; 169; 33513
178; 169; 33453
179; 169; 33402
180; 169; 33434
181; 169; 33520
182; 169; 33542
183; 169; 33515
184; 169; 33519
185; 169; 33521
186; 169; 33457
187; 169; 33376
188; 169; 33391
189; 169; 33502
190; 169; 33593
191; 169; 33607
192; 169; 33570
193; 169; 33506
194; 169; 33437
195; 169; 33382
196; 169; 33342
197; 169; 33306
198; 169; 33230
199; 169; 33233
200; 169; 33373
201; 169; 33470
202; 169; 33456
203; 169; 33310
204; 169; 33127
205; 169; 33082
206; 169; 33194
207; 169; 33272
143; 170; 33654
144; 170; 33629
145; 170; 33596
146; 170; 33591
147; 170; 33677
148; 170; 33779
149; 170; 33756
150; 170; 33673
151; 170; 33737
152; 170; 33893
153; 170; 33900
154; 170; 33674
155; 170; 33343
156; 170; 33056
157; 170; 32899
158; 170; 32865
159; 170; 32849
160; 170; 32831
161; 170; 32930
162; 170; 33125
163; 170; 33230
164; 170; 33186
165; 170; 33273
166; 170; 33563
167; 170; 33718
168; 170; 33600
169; 170; 33412
170; 170; 33318
171; 170; 33254
172; 170; 33191
173; 170; 33220
174; 170; 33330
175; 170; 33409
176; 170; 33423
177; 170; 33394
178; 170; 33345
179; 170; 33343
180; 170; 33431
181; 170; 33520
182; 170; 33498
183; 170; 33452
184; 170; 33469
185; 170; 33491
186; 170; 33457
187; 170; 33415
188; 170; 33447
189; 170; 33517
190; 170; 33555
191; 170; 33567
192; 170; 33571
193; 170; 33516
194; 170; 33371
195; 170; 33208
196; 170; 33146
197; 170; 33177
198; 170; 33181
199; 170; 33166
200; 170; 33227
201; 170; 33308
202; 170; 33315
203; 170; 33233
204; 170; 33112
205; 170; 33085
206; 170; 33155
207; 170; 33181
143; 171; 33715
144; 171; 33681
145; 171; 33626
146; 171; 33610
147; 171; 33706
148; 171; 33822
149; 171; 33806
150; 171; 33673
151; 171; 33616
152; 171; 33727
153; 171; 33864
154; 171; 33846
155; 171; 33636
156; 171; 33338
157; 171; 33083
158; 171; 32911
159; 171; 32819
160; 171; 32845
161; 171; 32959
162; 171; 33131
163; 171; 33141
164; 171; 33047
165; 171; 33185
166; 171; 33621
167; 171; 33942
168; 171; 33865
169; 171; 33619
170; 171; 33486
171; 171; 33430
172; 171; 33346
173; 171; 33272
174; 171; 33277
175; 171; 33327
176; 171; 33372
177; 171; 33376
178; 171; 33350
179; 171; 33368
180; 171; 33471
181; 171; 33554
182; 171; 33539
183; 171; 33499
184; 171; 33477
185; 171; 33462
186; 171; 33447
187; 171; 33466
188; 171; 33498
189; 171; 33489
190; 171; 33482
191; 171; 33523
192; 171; 33551
193; 171; 33465
194; 171; 33258
195; 171; 33058
196; 171; 33019
197; 171; 33116
198; 171; 33171
199; 171; 33108
200; 171; 33105
201; 171; 33164
202; 171; 33177
203; 171; 33134
204; 171; 33117
205; 171; 33129
206; 171; 33140
207; 171; 33123
143; 172; 33709
144; 172; 33693
145; 172; 33660
146; 172; 33654
147; 172; 33711
148; 172; 33745
149; 172; 33720
150; 172; 33659
151; 172; 33587
152; 172; 33605
153; 172; 33687
154; 172; 33759
155; 172; 33733
156; 172; 33557
157; 172; 33308
158; 172; 33055
159; 172; 32879
160; 172; 32865
161; 172; 32979
162; 172; 33185
163; 172; 33198
164; 172; 33035
165; 172; 33091
166; 172; 33543
167; 172; 33992
168; 172; 34045
169; 172; 33861
170; 172; 33749
171; 172; 33705
172; 172; 33588
173; 172; 33433
174; 172; 33359
175; 172; 33375
176; 172; 33443
177; 172; 33482
178; 172; 33452
179; 172; 33429
180; 172; 33483
181; 172; 33564
182; 172; 33614
183; 172; 33620
184; 172; 33560
185; 172; 33481
186; 172; 33474
187; 172; 33542
188; 172; 33565
189; 172; 33486
190; 172; 33420
191; 172; 33422
192; 172; 33411
193; 172; 33318
194; 172; 33176
195; 172; 33084
196; 172; 33055
197; 172; 33105
198; 172; 33171
199; 172; 33147
200; 172; 33146
201; 172; 33164
202; 172; 33163
203; 172; 33167
204; 172; 33195
205; 172; 33190
206; 172; 33150
207; 172; 33126
143; 173; 33667
144; 173; 33704
145; 173; 33738
146; 173; 33727
147; 173; 33680
148; 173; 33617
149; 173; 33580
150; 173; 33609
151; 173; 33609
152; 173; 33573
153; 173; 33575
154; 173; 33653
155; 173; 33708
156; 173; 33631
157; 173; 33470
158; 173; 33277
159; 173; 33068
160; 173; 32933
161; 173; 32977
162; 173; 33176
163; 173; 33283
164; 173; 33164
165; 173; 33091
166; 173; 33382
167; 173; 33840
168; 173; 34058
169; 173; 34028
170; 173; 33987
171; 173; 33953
172; 173; 33831
173; 173; 33672
174; 173; 33558
175; 173; 33509
176; 173; 33538
177; 173; 33584
178; 173; 33561
179; 173; 33484
180; 173; 33446
181; 173; 33507
182; 173; 33607
183; 173; 33641
184; 173; 33584
185; 173; 33514
186; 173; 33536
187; 173; 33619
188; 173; 33612
189; 173; 33492
190; 173; 33379
191; 173; 33329
192; 173; 33264
193; 173; 33187
194; 173; 33189
195; 173; 33183
196; 173; 33133
197; 173; 33090
198; 173; 33175
199; 173; 33244
200; 173; 33210
201; 173; 33153
202; 173; 33169
203; 173; 33251
204; 173; 33290
205; 173; 33232
206; 173; 33157
207; 173; 33155
143; 174; 33673
144; 174; 33725
145; 174; 33768
146; 174; 33746
147; 174; 33638
148; 174; 33533
149; 174; 33534
150; 174; 33615
151; 174; 33651
152; 174; 33620
153; 174; 33635
154; 174; 33711
155; 174; 33746
156; 174; 33695
157; 174; 33609
158; 174; 33517
159; 174; 33377
160; 174; 33201
161; 174; 33057
162; 174; 33095
163; 174; 33259
164; 174; 33280
165; 174; 33176
166; 174; 33265
167; 174; 33615
168; 174; 33933
169; 174; 34066
170; 174; 34110
171; 174; 34100
172; 174; 34005
173; 174; 33865
174; 174; 33735
175; 174; 33642
176; 174; 33628
177; 174; 33658
178; 174; 33628
179; 174; 33510
180; 174; 33408
181; 174; 33420
182; 174; 33499
183; 174; 33537
184; 174; 33518
185; 174; 33519
186; 174; 33601
187; 174; 33684
188; 174; 33641
189; 174; 33499
190; 174; 33386
191; 174; 33330
192; 174; 33237
193; 174; 33144
194; 174; 33169
195; 174; 33214
196; 174; 33164
197; 174; 33088
198; 174; 33153
199; 174; 33254
200; 174; 33224
201; 174; 33154
202; 174; 33150
203; 174; 33250
204; 174; 33269
205; 174; 33217
206; 174; 33180
207; 174; 33171
143; 175; 33687
144; 175; 33715
145; 175; 33706
146; 175; 33664
147; 175; 33611
148; 175; 33575
149; 175; 33616
150; 175; 33670
151; 175; 33665
152; 175; 33649
153; 175; 33715
154; 175; 33797
155; 175; 33801
156; 175; 33743
157; 175; 33688
158; 175; 33676
159; 175; 33638
160; 175; 33487
161; 175; 33210
162; 175; 33075
163; 175; 33211
164; 175; 33307
165; 175; 33221
166; 175; 33194
167; 175; 33455
168; 175; 33833
169; 175; 34082
170; 175; 34181
171; 175; 34189
172; 175; 34110
173; 175; 33976
174; 175; 33860
175; 175; 33783
176; 175; 33759
177; 175; 33751
178; 175; 33679
179; 175; 33529
180; 175; 33405
181; 175; 33375
182; 175; 33387
183; 175; 33397
184; 175; 33425
185; 175; 33519
186; 175; 33652
187; 175; 33710
188; 175; 33632
189; 175; 33487
190; 175; 33400
191; 175; 33360
192; 175; 33272
193; 175; 33203
194; 175; 33230
195; 175; 33263
196; 175; 33185
197; 175; 33131
198; 175; 33211
199; 175; 33280
200; 175; 33212
201; 175; 33110
202; 175; 33123
203; 175; 33175
204; 175; 33187
205; 175; 33177
206; 175; 33178
207; 175; 33173
143; 176; 33648
144; 176; 33660
145; 176; 33634
146; 176; 33590
147; 176; 33613
148; 176; 33682
149; 176; 33717
150; 176; 33680
151; 176; 33591
152; 176; 33561
153; 176; 33653
154; 176; 33747
155; 176; 33755
156; 176; 33722
157; 176; 33682
158; 176; 33660
159; 176; 33647
160; 176; 33569
161; 176; 33372
162; 176; 33186
163; 176; 33204
164; 176; 33257
165; 176; 33177
166; 176; 33117
167; 176; 33327
168; 176; 33739
169; 176; 34070
170; 176; 34219
171; 176; 34237
172; 176; 34155
173; 176; 34035
174; 176; 33955
175; 176; 33913
176; 176; 33887
177; 176; 33836
178; 176; 33725
179; 176; 33579
180; 176; 33479
181; 176; 33424
182; 176; 33358
183; 176; 33333
184; 176; 33403
185; 176; 33555
186; 176; 33688
187; 176; 33702
188; 176; 33609
189; 176; 33477
190; 176; 33395
191; 176; 33359
192; 176; 33302
193; 176; 33272
194; 176; 33321
195; 176; 33328
196; 176; 33201
197; 176; 33145
198; 176; 33239
199; 176; 33307
200; 176; 33270
201; 176; 33185
202; 176; 33188
203; 176; 33253
204; 176; 33295
205; 176; 33282
206; 176; 33210
207; 176; 33153
143; 177; 33613
144; 177; 33624
145; 177; 33602
146; 177; 33583
147; 177; 33627
148; 177; 33705
149; 177; 33707
150; 177; 33618
151; 177; 33493
152; 177; 33452
153; 177; 33540
154; 177; 33650
155; 177; 33696
156; 177; 33702
157; 177; 33653
158; 177; 33553
159; 177; 33498
160; 177; 33509
161; 177; 33477
162; 177; 33335
163; 177; 33235
164; 177; 33205
165; 177; 33138
166; 177; 33066
167; 177; 33186
168; 177; 33517
169; 177; 33869
170; 177; 34101
171; 177; 34168
172; 177; 34100
173; 177; 34018
174; 177; 33991
175; 177; 33968
176; 177; 33913
177; 177; 33832
178; 177; 33740
179; 177; 33652
180; 177; 33583
181; 177; 33498
182; 177; 33395
183; 177; 33372
184; 177; 33469
185; 177; 33621
186; 177; 33713
187; 177; 33700
188; 177; 33617
189; 177; 33493
190; 177; 33391
191; 177; 33342
192; 177; 33322
193; 177; 33338
194; 177; 33378
195; 177; 33372
196; 177; 33253
197; 177; 33177
198; 177; 33204
199; 177; 33270
200; 177; 33309
201; 177; 33308
202; 177; 33289
203; 177; 33286
204; 177; 33286
205; 177; 33260
206; 177; 33163
207; 177; 33079
143; 178; 33613
144; 178; 33612
145; 178; 33590
146; 178; 33581
147; 178; 33602
148; 178; 33632
149; 178; 33624
150; 178; 33582
151; 178; 33527
152; 178; 33514
153; 178; 33590
154; 178; 33668
155; 178; 33699
156; 178; 33696
157; 178; 33634
158; 178; 33488
159; 178; 33384
160; 178; 33423
161; 178; 33484
162; 178; 33406
163; 178; 33302
164; 178; 33281
165; 178; 33264
166; 178; 33165
167; 178; 33096
168; 178; 33204
169; 178; 33502
170; 178; 33810
171; 178; 33949
172; 178; 33921
173; 178; 33897
174; 178; 33951
175; 178; 33956
176; 178; 33867
177; 178; 33780
178; 178; 33736
179; 178; 33704
180; 178; 33656
181; 178; 33580
182; 178; 33508
183; 178; 33499
184; 178; 33582
185; 178; 33689
186; 178; 33725
187; 178; 33686
188; 178; 33604
189; 178; 33493
190; 178; 33408
191; 178; 33400
192; 178; 33404
193; 178; 33390
194; 178; 33389
195; 178; 33374
196; 178; 33308
197; 178; 33234
198; 178; 33189
199; 178; 33176
200; 178; 33218
201; 178; 33258
202; 178; 33197
203; 178; 33122
204; 178; 33099
205; 178; 33094
206; 178; 33097
207; 178; 33106
143; 179; 33639
144; 179; 33601
145; 179; 33562
146; 179; 33547
147; 179; 33557
148; 179; 33571
149; 179; 33592
150; 179; 33627
151; 179; 33659
152; 179; 33684
153; 179; 33725
154; 179; 33721
155; 179; 33672
156; 179; 33640
157; 179; 33599
158; 179; 33493
159; 179; 33398
160; 179; 33417
161; 179; 33468
162; 179; 33425
163; 179; 33400
164; 179; 33506
165; 179; 33582
166; 179; 33410
167; 179; 33114
168; 179; 33027
169; 179; 33258
170; 179; 33576
171; 179; 33744
172; 179; 33730
173; 179; 33745
174; 179; 33874
175; 179; 33933
176; 179; 33831
177; 179; 33728
178; 179; 33717
179; 179; 33729
180; 179; 33704
181; 179; 33659
182; 179; 33636
183; 179; 33649
184; 179; 33702
185; 179; 33757
186; 179; 33744
187; 179; 33661
188; 179; 33559
189; 179; 33476
190; 179; 33454
191; 179; 33493
192; 179; 33512
193; 179; 33454
194; 179; 33379
195; 179; 33376
196; 179; 33397
197; 179; 33346
198; 179; 33234
199; 179; 33140
200; 179; 33112
201; 179; 33092
202; 179; 33010
203; 179; 32937
204; 179; 32961
205; 179; 33009
206; 179; 33111
207; 179; 33209
143; 180; 33598
144; 180; 33562
145; 180; 33518
146; 180; 33505
147; 180; 33534
148; 180; 33578
149; 180; 33634
150; 180; 33694
151; 180; 33740
152; 180; 33767
153; 180; 33783
154; 180; 33727
155; 180; 33624
156; 180; 33572
157; 180; 33568
158; 180; 33551
159; 180; 33506
160; 180; 33502
161; 180; 33509
162; 180; 33476
163; 180; 33519
164; 180; 33707
165; 180; 33806
166; 180; 33580
167; 180; 33234
168; 180; 33122
169; 180; 33308
170; 180; 33583
171; 180; 33714
172; 180; 33681
173; 180; 33680
174; 180; 33804
175; 180; 33878
176; 180; 33763
177; 180; 33609
178; 180; 33594
179; 180; 33673
180; 180; 33712
181; 180; 33688
182; 180; 33667
183; 180; 33682
184; 180; 33733
185; 180; 33791
186; 180; 33781
187; 180; 33671
188; 180; 33533
189; 180; 33471
190; 180; 33503
191; 180; 33571
192; 180; 33586
193; 180; 33496
194; 180; 33389
195; 180; 33381
196; 180; 33432
197; 180; 33403
198; 180; 33273
199; 180; 33142
200; 180; 33087
201; 180; 33085
202; 180; 33047
203; 180; 32960
204; 180; 32905
205; 180; 32963
206; 180; 33103
207; 180; 33251
143; 181; 33567
144; 181; 33574
145; 181; 33527
146; 181; 33507
147; 181; 33547
148; 181; 33623
149; 181; 33700
150; 181; 33733
151; 181; 33721
152; 181; 33720
153; 181; 33734
154; 181; 33702
155; 181; 33615
156; 181; 33571
157; 181; 33619
158; 181; 33651
159; 181; 33613
160; 181; 33605
161; 181; 33604
162; 181; 33560
163; 181; 33578
164; 181; 33712
165; 181; 33764
166; 181; 33568
167; 181; 33350
168; 181; 33353
169; 181; 33563
170; 181; 33751
171; 181; 33789
172; 181; 33747
173; 181; 33729
174; 181; 33784
175; 181; 33793
176; 181; 33620
177; 181; 33381
178; 181; 33319
179; 181; 33453
180; 181; 33577
181; 181; 33578
182; 181; 33537
183; 181; 33550
184; 181; 33634
185; 181; 33752
186; 181; 33808
187; 181; 33726
188; 181; 33582
189; 181; 33535
190; 181; 33585
191; 181; 33639
192; 181; 33623
193; 181; 33523
194; 181; 33423
195; 181; 33378
196; 181; 33378
197; 181; 33347
198; 181; 33267
199; 181; 33194
200; 181; 33177
201; 181; 33219
202; 181; 33185
203; 181; 33062
204; 181; 32957
205; 181; 32962
206; 181; 33037
207; 181; 33171
143; 182; 33594
144; 182; 33631
145; 182; 33578
146; 182; 33530
147; 182; 33550
148; 182; 33645
149; 182; 33749
150; 182; 33767
151; 182; 33692
152; 182; 33624
153; 182; 33636
154; 182; 33662
155; 182; 33639
156; 182; 33636
157; 182; 33693
158; 182; 33697
159; 182; 33652
160; 182; 33672
161; 182; 33702
162; 182; 33638
163; 182; 33574
164; 182; 33611
165; 182; 33614
166; 182; 33481
167; 182; 33422
168; 182; 33586
169; 182; 33843
170; 182; 33906
171; 182; 33824
172; 182; 33782
173; 182; 33799
174; 182; 33819
175; 182; 33771
176; 182; 33573
177; 182; 33288
178; 182; 33134
179; 182; 33182
180; 182; 33284
181; 182; 33320
182; 182; 33325
183; 182; 33361
184; 182; 33460
185; 182; 33620
186; 182; 33760
187; 182; 33766
188; 182; 33664
189; 182; 33616
190; 182; 33668
191; 182; 33720
192; 182; 33686
193; 182; 33583
194; 182; 33482
195; 182; 33382
196; 182; 33284
197; 182; 33215
198; 182; 33240
199; 182; 33284
200; 182; 33281
201; 182; 33294
202; 182; 33242
203; 182; 33114
204; 182; 33015
205; 182; 33010
206; 182; 33019
207; 182; 33069
143; 183; 33638
144; 183; 33644
145; 183; 33590
146; 183; 33521
147; 183; 33534
148; 183; 33650
149; 183; 33766
150; 183; 33793
151; 183; 33697
152; 183; 33596
153; 183; 33602
154; 183; 33648
155; 183; 33655
156; 183; 33661
157; 183; 33678
158; 183; 33646
159; 183; 33630
160; 183; 33703
161; 183; 33781
162; 183; 33707
163; 183; 33582
164; 183; 33586
165; 183; 33580
166; 183; 33460
167; 183; 33429
168; 183; 33663
169; 183; 33970
170; 183; 34002
171; 183; 33862
172; 183; 33814
173; 183; 33869
174; 183; 33890
175; 183; 33836
176; 183; 33713
177; 183; 33505
178; 183; 33268
179; 183; 33105
180; 183; 33030
181; 183; 33048
182; 183; 33169
183; 183; 33290
184; 183; 33361
185; 183; 33469
186; 183; 33628
187; 183; 33703
188; 183; 33653
189; 183; 33619
190; 183; 33693
191; 183; 33790
192; 183; 33786
193; 183; 33694
194; 183; 33574
195; 183; 33427
196; 183; 33262
197; 183; 33165
198; 183; 33196
199; 183; 33253
200; 183; 33262
201; 183; 33256
202; 183; 33207
203; 183; 33119
204; 183; 33043
205; 183; 33058
206; 183; 33092
207; 183; 33094
143; 184; 33628
144; 184; 33610
145; 184; 33578
146; 184; 33534
147; 184; 33538
148; 184; 33602
149; 184; 33684
150; 184; 33729
151; 184; 33677
152; 184; 33606
153; 184; 33614
154; 184; 33658
155; 184; 33676
156; 184; 33671
157; 184; 33649
158; 184; 33606
159; 184; 33613
160; 184; 33723
161; 184; 33822
162; 184; 33753
163; 184; 33638
164; 184; 33656
165; 184; 33669
166; 184; 33520
167; 184; 33389
168; 184; 33561
169; 184; 33906
170; 184; 34048
171; 184; 33978
172; 184; 33929
173; 184; 33965
174; 184; 33957
175; 184; 33896
176; 184; 33877
177; 184; 33858
178; 184; 33671
179; 184; 33308
180; 184; 32986
181; 184; 32903
182; 184; 33093
183; 184; 33300
184; 184; 33356
185; 184; 33409
186; 184; 33535
187; 184; 33622
188; 184; 33600
189; 184; 33583
190; 184; 33676
191; 184; 33807
192; 184; 33848
193; 184; 33794
194; 184; 33689
195; 184; 33542
196; 184; 33356
197; 184; 33212
198; 184; 33160
199; 184; 33139
200; 184; 33137
201; 184; 33170
202; 184; 33182
203; 184; 33130
204; 184; 33076
205; 184; 33088
206; 184; 33120
207; 184; 33178
143; 185; 33582
144; 185; 33555
145; 185; 33555
146; 185; 33554
147; 185; 33527
148; 185; 33515
149; 185; 33542
150; 185; 33571
151; 185; 33575
152; 185; 33563
153; 185; 33563
154; 185; 33606
155; 185; 33668
156; 185; 33700
157; 185; 33670
158; 185; 33618
159; 185; 33627
160; 185; 33720
161; 185; 33792
162; 185; 33743
163; 185; 33672
164; 185; 33703
165; 185; 33736
166; 185; 33593
167; 185; 33388
168; 185; 33429
169; 185; 33735
170; 185; 34002
171; 185; 34066
172; 185; 34046
173; 185; 34039
174; 185; 33993
175; 185; 33913
176; 185; 33924
177; 185; 34037
178; 185; 34008
179; 185; 33658
180; 185; 33183
181; 185; 32952
182; 185; 33088
183; 185; 33304
184; 185; 33387
185; 185; 33452
186; 185; 33583
187; 185; 33681
188; 185; 33672
189; 185; 33645
190; 185; 33690
191; 185; 33765
192; 185; 33803
193; 185; 33803
194; 185; 33774
195; 185; 33692
196; 185; 33552
197; 185; 33407
198; 185; 33255
199; 185; 33130
200; 185; 33091
201; 185; 33126
202; 185; 33132
203; 185; 33102
204; 185; 33129
205; 185; 33134
206; 185; 33165
207; 185; 33254
143; 186; 33494
144; 186; 33473
145; 186; 33500
146; 186; 33523
147; 186; 33483
148; 186; 33432
149; 186; 33408
150; 186; 33410
151; 186; 33465
152; 186; 33500
153; 186; 33469
154; 186; 33484
155; 186; 33573
156; 186; 33656
157; 186; 33662
158; 186; 33632
159; 186; 33640
160; 186; 33689
161; 186; 33720
162; 186; 33697
163; 186; 33650
164; 186; 33656
165; 186; 33689
166; 186; 33600
167; 186; 33418
168; 186; 33377
169; 186; 33593
170; 186; 33879
171; 186; 34020
172; 186; 34022
173; 186; 34005
174; 186; 33992
175; 186; 33955
176; 186; 33949
177; 186; 34032
178; 186; 34083
179; 186; 33908
180; 186; 33529
181; 186; 33215
182; 186; 33180
183; 186; 33325
184; 186; 33451
185; 186; 33562
186; 186; 33701
187; 186; 33796
188; 186; 33805
189; 186; 33779
190; 186; 33764
191; 186; 33752
192; 186; 33736
193; 186; 33752
194; 186; 33793
195; 186; 33796
196; 186; 33709
197; 186; 33532
198; 186; 33315
199; 186; 33203
200; 186; 33189
201; 186; 33178
202; 186; 33117
203; 186; 33090
204; 186; 33114
205; 186; 33141
206; 186; 33197
207; 186; 33244
143; 187; 33410
144; 187; 33399
145; 187; 33435
146; 187; 33450
147; 187; 33438
148; 187; 33403
149; 187; 33360
150; 187; 33355
151; 187; 33434
152; 187; 33489
153; 187; 33438
154; 187; 33420
155; 187; 33491
156; 187; 33560
157; 187; 33588
158; 187; 33617
159; 187; 33647
160; 187; 33677
161; 187; 33692
162; 187; 33689
163; 187; 33645
164; 187; 33614
165; 187; 33621
166; 187; 33547
167; 187; 33398
168; 187; 33361
169; 187; 33518
170; 187; 33767
171; 187; 33923
172; 187; 33934
173; 187; 33917
174; 187; 33953
175; 187; 34011
176; 187; 34029
177; 187; 34021
178; 187; 34027
179; 187; 33984
180; 187; 33795
181; 187; 33527
182; 187; 33382
183; 187; 33433
184; 187; 33567
185; 187; 33697
186; 187; 33792
187; 187; 33830
188; 187; 33830
189; 187; 33836
190; 187; 33845
191; 187; 33816
192; 187; 33750
193; 187; 33718
194; 187; 33752
195; 187; 33791
196; 187; 33718
197; 187; 33504
198; 187; 33295
199; 187; 33257
200; 187; 33268
201; 187; 33217
202; 187; 33088
203; 187; 32986
204; 187; 33004
205; 187; 33142
206; 187; 33222
207; 187; 33191
143; 188; 33419
144; 188; 33402
145; 188; 33394
146; 188; 33395
147; 188; 33444
148; 188; 33466
149; 188; 33426
150; 188; 33403
151; 188; 33444
152; 188; 33489
153; 188; 33478
154; 188; 33481
155; 188; 33531
156; 188; 33559
157; 188; 33576
158; 188; 33612
159; 188; 33643
160; 188; 33678
161; 188; 33707
162; 188; 33706
163; 188; 33659
164; 188; 33629
165; 188; 33620
166; 188; 33509
167; 188; 33334
168; 188; 33295
169; 188; 33455
170; 188; 33694
171; 188; 33869
172; 188; 33939
173; 188; 33911
174; 188; 33895
175; 188; 33979
176; 188; 34067
177; 188; 34036
178; 188; 33955
179; 188; 33924
180; 188; 33872
181; 188; 33730
182; 188; 33610
183; 188; 33632
184; 188; 33752
185; 188; 33853
186; 188; 33871
187; 188; 33824
188; 188; 33789
189; 188; 33827
190; 188; 33908
191; 188; 33922
192; 188; 33834
193; 188; 33739
194; 188; 33722
195; 188; 33747
196; 188; 33685
197; 188; 33508
198; 188; 33354
199; 188; 33284
200; 188; 33230
201; 188; 33181
202; 188; 33044
203; 188; 32920
204; 188; 32997
205; 188; 33188
206; 188; 33244
207; 188; 33167
143; 189; 33445
144; 189; 33432
145; 189; 33394
146; 189; 33405
147; 189; 33487
148; 189; 33538
149; 189; 33511
150; 189; 33465
151; 189; 33449
152; 189; 33455
153; 189; 33478
154; 189; 33552
155; 189; 33628
156; 189; 33639
157; 189; 33624
158; 189; 33605
159; 189; 33599
160; 189; 33634
161; 189; 33700
162; 189; 33697
163; 189; 33633
164; 189; 33648
165; 189; 33673
166; 189; 33523
167; 189; 33297
168; 189; 33261
169; 189; 33432
170; 189; 33628
171; 189; 33809
172; 189; 33973
173; 189; 33966
174; 189; 33855
175; 189; 33879
176; 189; 34012
177; 189; 34008
178; 189; 33878
179; 189; 33821
180; 189; 33840
181; 189; 33806
182; 189; 33759
183; 189; 33794
184; 189; 33886
185; 189; 33961
186; 189; 33967
187; 189; 33914
188; 189; 33873
189; 189; 33905
190; 189; 33987
191; 189; 34006
192; 189; 33922
193; 189; 33797
194; 189; 33719
195; 189; 33705
196; 189; 33694
197; 189; 33643
198; 189; 33546
199; 189; 33450
200; 189; 33377
201; 189; 33287
202; 189; 33109
203; 189; 32954
204; 189; 33025
205; 189; 33191
206; 189; 33238
207; 189; 33208
143; 190; 33426
144; 190; 33429
145; 190; 33414
146; 190; 33436
147; 190; 33498
148; 190; 33539
149; 190; 33527
150; 190; 33476
151; 190; 33422
152; 190; 33405
153; 190; 33433
154; 190; 33525
155; 190; 33610
156; 190; 33629
157; 190; 33620
158; 190; 33584
159; 190; 33551
160; 190; 33582
161; 190; 33674
162; 190; 33692
163; 190; 33639
164; 190; 33683
165; 190; 33728
166; 190; 33549
167; 190; 33292
168; 190; 33275
169; 190; 33441
170; 190; 33568
171; 190; 33695
172; 190; 33882
173; 190; 33934
174; 190; 33831
175; 190; 33822
176; 190; 33931
177; 190; 33955
178; 190; 33863
179; 190; 33827
180; 190; 33863
181; 190; 33848
182; 190; 33824
183; 190; 33857
184; 190; 33909
185; 190; 33961
186; 190; 34028
187; 190; 34070
188; 190; 34054
189; 190; 34028
190; 190; 34026
191; 190; 34002
192; 190; 33934
193; 190; 33834
194; 190; 33716
195; 190; 33625
196; 190; 33635
197; 190; 33717
198; 190; 33727
199; 190; 33646
200; 190; 33570
201; 190; 33495
202; 190; 33328
203; 190; 33124
204; 190; 33117
205; 190; 33186
206; 190; 33203
207; 190; 33240
143; 191; 33396
144; 191; 33406
145; 191; 33427
146; 191; 33443
147; 191; 33467
148; 191; 33474
149; 191; 33483
150; 191; 33490
151; 191; 33455
152; 191; 33450
153; 191; 33468
154; 191; 33494
155; 191; 33516
156; 191; 33528
157; 191; 33544
158; 191; 33558
159; 191; 33555
160; 191; 33596
161; 191; 33685
162; 191; 33711
163; 191; 33679
164; 191; 33719
165; 191; 33736
166; 191; 33532
167; 191; 33279
168; 191; 33298
169; 191; 33469
170; 191; 33538
171; 191; 33564
172; 191; 33671
173; 191; 33756
174; 191; 33750
175; 191; 33788
176; 191; 33889
177; 191; 33957
178; 191; 33954
179; 191; 33967
180; 191; 33970
181; 191; 33886
182; 191; 33826
183; 191; 33849
184; 191; 33876
185; 191; 33899
186; 191; 33985
187; 191; 34076
188; 191; 34076
189; 191; 34020
190; 191; 33976
191; 191; 33949
192; 191; 33936
193; 191; 33901
194; 191; 33761
195; 191; 33572
196; 191; 33523
197; 191; 33660
198; 191; 33771
199; 191; 33743
200; 191; 33693
201; 191; 33674
202; 191; 33568
203; 191; 33406
204; 191; 33352
205; 191; 33324
206; 191; 33287
207; 191; 33320
143; 192; 33421
144; 192; 33400
145; 192; 33424
146; 192; 33445
147; 192; 33447
148; 192; 33418
149; 192; 33446
150; 192; 33529
151; 192; 33578
152; 192; 33593
153; 192; 33575
154; 192; 33539
155; 192; 33514
156; 192; 33507
157; 192; 33517
158; 192; 33558
159; 192; 33595
160; 192; 33636
161; 192; 33693
162; 192; 33721
163; 192; 33716
164; 192; 33715
165; 192; 33664
166; 192; 33477
167; 192; 33297
168; 192; 33338
169; 192; 33500
170; 192; 33537
171; 192; 33474
172; 192; 33474
173; 192; 33535
174; 192; 33613
175; 192; 33720
176; 192; 33837
177; 192; 33942
178; 192; 34020
179; 192; 34060
180; 192; 34003
181; 192; 33867
182; 192; 33806
183; 192; 33836
184; 192; 33846
185; 192; 33831
186; 192; 33851
187; 192; 33897
188; 192; 33914
189; 192; 33920
190; 192; 33951
191; 192; 33981
192; 192; 34009
193; 192; 34004
194; 192; 33871
195; 192; 33648
196; 192; 33540
197; 192; 33631
198; 192; 33726
199; 192; 33703
200; 192; 33667
201; 192; 33688
202; 192; 33676
203; 192; 33620
204; 192; 33572
205; 192; 33517
206; 192; 33455
207; 192; 33424
143; 193; 33469
144; 193; 33396
145; 193; 33389
146; 193; 33420
147; 193; 33432
148; 193; 33422
149; 193; 33468
150; 193; 33574
151; 193; 33642
152; 193; 33642
153; 193; 33597
154; 193; 33579
155; 193; 33587
156; 193; 33571
157; 193; 33540
158; 193; 33561
159; 193; 33595
160; 193; 33612
161; 193; 33625
162; 193; 33639
163; 193; 33631
164; 193; 33581
165; 193; 33502
166; 193; 33406
167; 193; 33348
168; 193; 33388
169; 193; 33481
170; 193; 33498
171; 193; 33434
172; 193; 33398
173; 193; 33440
174; 193; 33526
175; 193; 33627
176; 193; 33725
177; 193; 33830
178; 193; 33929
179; 193; 33953
180; 193; 33870
181; 193; 33781
182; 193; 33792
183; 193; 33840
184; 193; 33828
185; 193; 33787
186; 193; 33766
187; 193; 33773
188; 193; 33808
189; 193; 33904
190; 193; 34036
191; 193; 34096
192; 193; 34070
193; 193; 34023
194; 193; 33934
195; 193; 33777
196; 193; 33663
197; 193; 33679
198; 193; 33696
199; 193; 33623
200; 193; 33582
201; 193; 33623
202; 193; 33645
203; 193; 33631
204; 193; 33627
205; 193; 33627
206; 193; 33568
207; 193; 33497
143; 194; 33449
144; 194; 33353
145; 194; 33320
146; 194; 33371
147; 194; 33420
148; 194; 33453
149; 194; 33527
150; 194; 33612
151; 194; 33620
152; 194; 33556
153; 194; 33511
154; 194; 33557
155; 194; 33623
156; 194; 33621
157; 194; 33567
158; 194; 33559
159; 194; 33563
160; 194; 33551
161; 194; 33536
162; 194; 33514
163; 194; 33471
164; 194; 33407
165; 194; 33355
166; 194; 33348
167; 194; 33380
168; 194; 33428
169; 194; 33464
170; 194; 33468
171; 194; 33445
172; 194; 33451
173; 194; 33511
174; 194; 33553
175; 194; 33556
176; 194; 33589
177; 194; 33660
178; 194; 33708
179; 194; 33698
180; 194; 33663
181; 194; 33695
182; 194; 33798
183; 194; 33861
184; 194; 33834
185; 194; 33792
186; 194; 33811
187; 194; 33859
188; 194; 33897
189; 194; 33975
190; 194; 34093
191; 194; 34117
192; 194; 34003
193; 194; 33898
194; 194; 33869
195; 194; 33824
196; 194; 33729
197; 194; 33677
198; 194; 33649
199; 194; 33581
200; 194; 33555
201; 194; 33579
202; 194; 33569
203; 194; 33543
204; 194; 33555
205; 194; 33571
206; 194; 33526
207; 194; 33494
143; 195; 33395
144; 195; 33323
145; 195; 33299
146; 195; 33369
147; 195; 33446
148; 195; 33488
149; 195; 33550
150; 195; 33607
151; 195; 33586
152; 195; 33498
153; 195; 33451
154; 195; 33510
155; 195; 33610
156; 195; 33648
157; 195; 33613
158; 195; 33579
159; 195; 33560
160; 195; 33550
161; 195; 33509
162; 195; 33438
163; 195; 33378
164; 195; 33346
165; 195; 33331
166; 195; 33339
167; 195; 33403
168; 195; 33494
169; 195; 33527
170; 195; 33516
171; 195; 33520
172; 195; 33578
173; 195; 33639
174; 195; 33607
175; 195; 33508
176; 195; 33470
177; 195; 33495
178; 195; 33480
179; 195; 33457
180; 195; 33508
181; 195; 33631
182; 195; 33776
183; 195; 33885
184; 195; 33905
185; 195; 33871
186; 195; 33918
187; 195; 34028
188; 195; 34043
189; 195; 33994
190; 195; 33991
191; 195; 33974
192; 195; 33862
193; 195; 33766
194; 195; 33785
195; 195; 33801
196; 195; 33681
197; 195; 33555
198; 195; 33511
199; 195; 33501
200; 195; 33512
201; 195; 33519
202; 195; 33487
203; 195; 33456
204; 195; 33471
205; 195; 33481
206; 195; 33475
207; 195; 33492
143; 196; 33416
144; 196; 33382
145; 196; 33368
146; 196; 33405
147; 196; 33467
148; 196; 33498
149; 196; 33523
150; 196; 33569
151; 196; 33592
152; 196; 33540
153; 196; 33472
154; 196; 33490
155; 196; 33578
156; 196; 33645
157; 196; 33626
158; 196; 33574
159; 196; 33526
160; 196; 33519
161; 196; 33472
162; 196; 33392
163; 196; 33376
164; 196; 33399
165; 196; 33395
166; 196; 33389
167; 196; 33457
168; 196; 33551
169; 196; 33578
170; 196; 33557
171; 196; 33567
172; 196; 33632
173; 196; 33662
174; 196; 33590
175; 196; 33480
176; 196; 33422
177; 196; 33388
178; 196; 33315
179; 196; 33312
180; 196; 33425
181; 196; 33553
182; 196; 33695
183; 196; 33893
184; 196; 34025
185; 196; 33994
186; 196; 33971
187; 196; 34054
188; 196; 34070
189; 196; 33955
190; 196; 33860
191; 196; 33849
192; 196; 33825
193; 196; 33788
194; 196; 33819
195; 196; 33826
196; 196; 33645
197; 196; 33411
198; 196; 33304
199; 196; 33320
200; 196; 33403
201; 196; 33473
202; 196; 33473
203; 196; 33444
204; 196; 33461
205; 196; 33477
206; 196; 33497
207; 196; 33534
143; 197; 33496
144; 197; 33497
145; 197; 33479
146; 197; 33474
147; 197; 33493
148; 197; 33493
149; 197; 33482
150; 197; 33525
151; 197; 33602
152; 197; 33593
153; 197; 33497
154; 197; 33454
155; 197; 33509
156; 197; 33575
157; 197; 33563
158; 197; 33502
159; 197; 33446
160; 197; 33427
161; 197; 33392
162; 197; 33356
163; 197; 33394
164; 197; 33439
165; 197; 33431
166; 197; 33432
167; 197; 33518
168; 197; 33597
169; 197; 33577
170; 197; 33523
171; 197; 33524
172; 197; 33575
173; 197; 33593
174; 197; 33544
175; 197; 33492
176; 197; 33454
177; 197; 33347
178; 197; 33214
179; 197; 33244
180; 197; 33415
181; 197; 33547
182; 197; 33664
183; 197; 33896
184; 197; 34122
185; 197; 34099
186; 197; 33955
187; 197; 33971
188; 197; 34046
189; 197; 33979
190; 197; 33871
191; 197; 33880
192; 197; 33918
193; 197; 33895
194; 197; 33893
195; 197; 33886
196; 197; 33695
197; 197; 33345
198; 197; 33106
199; 197; 33111
200; 197; 33292
201; 197; 33473
202; 197; 33538
203; 197; 33517
204; 197; 33497
205; 197; 33479
206; 197; 33490
207; 197; 33538
143; 198; 33502
144; 198; 33523
145; 198; 33525
146; 198; 33520
147; 198; 33530
148; 198; 33523
149; 198; 33482
150; 198; 33492
151; 198; 33574
152; 198; 33591
153; 198; 33477
154; 198; 33375
155; 198; 33387
156; 198; 33449
157; 198; 33468
158; 198; 33441
159; 198; 33412
160; 198; 33384
161; 198; 33375
162; 198; 33381
163; 198; 33404
164; 198; 33417
165; 198; 33412
166; 198; 33446
167; 198; 33550
168; 198; 33613
169; 198; 33556
170; 198; 33472
171; 198; 33463
172; 198; 33504
173; 198; 33537
174; 198; 33549
175; 198; 33547
176; 198; 33488
177; 198; 33318
178; 198; 33165
179; 198; 33246
180; 198; 33501
181; 198; 33693
182; 198; 33784
183; 198; 33927
184; 198; 34114
185; 198; 34099
186; 198; 33928
187; 198; 33918
188; 198; 34046
189; 198; 34065
190; 198; 33987
191; 198; 33975
192; 198; 33998
193; 198; 33945
194; 198; 33903
195; 198; 33915
196; 198; 33782
197; 198; 33414
198; 198; 33083
199; 198; 33022
200; 198; 33214
201; 198; 33470
202; 198; 33622
203; 198; 33630
204; 198; 33550
205; 198; 33456
206; 198; 33433
207; 198; 33475
143; 199; 33447
144; 199; 33479
145; 199; 33512
146; 199; 33516
147; 199; 33535
148; 199; 33550
149; 199; 33500
150; 199; 33454
151; 199; 33479
152; 199; 33485
153; 199; 33383
154; 199; 33269
155; 199; 33243
156; 199; 33322
157; 199; 33424
158; 199; 33471
159; 199; 33466
160; 199; 33443
161; 199; 33426
162; 199; 33420
163; 199; 33398
164; 199; 33370
165; 199; 33377
166; 199; 33447
167; 199; 33540
168; 199; 33585
169; 199; 33545
170; 199; 33471
171; 199; 33441
172; 199; 33451
173; 199; 33497
174; 199; 33571
175; 199; 33596
176; 199; 33502
177; 199; 33327
178; 199; 33190
179; 199; 33271
180; 199; 33556
181; 199; 33821
182; 199; 33951
183; 199; 34004
184; 199; 34052
185; 199; 34023
186; 199; 33907
187; 199; 33890
188; 199; 34005
189; 199; 34067
190; 199; 34021
191; 199; 33976
192; 199; 33957
193; 199; 33902
194; 199; 33875
195; 199; 33925
196; 199; 33867
197; 199; 33565
198; 199; 33221
199; 199; 33078
200; 199; 33175
201; 199; 33422
202; 199; 33647
203; 199; 33699
204; 199; 33583
205; 199; 33444
206; 199; 33395
207; 199; 33417
143; 200; 33455
144; 200; 33488
145; 200; 33517
146; 200; 33497
147; 200; 33486
148; 200; 33531
149; 200; 33524
150; 200; 33440
151; 200; 33359
152; 200; 33287
153; 200; 33193
154; 200; 33119
155; 200; 33125
156; 200; 33245
157; 200; 33406
158; 200; 33510
159; 200; 33521
160; 200; 33490
161; 200; 33426
162; 200; 33404
163; 200; 33383
164; 200; 33342
165; 200; 33338
166; 200; 33391
167; 200; 33464
168; 200; 33508
169; 200; 33512
170; 200; 33489
171; 200; 33445
172; 200; 33429
173; 200; 33496
174; 200; 33590
175; 200; 33616
176; 200; 33535
177; 200; 33406
178; 200; 33280
179; 200; 33266
180; 200; 33445
181; 200; 33725
182; 200; 33952
183; 200; 34047
184; 200; 34034
185; 200; 33973
186; 200; 33890
187; 200; 33840
188; 200; 33886
189; 200; 33948
190; 200; 33944
191; 200; 33910
192; 200; 33878
193; 200; 33853
194; 200; 33879
195; 200; 33950
196; 200; 33922
197; 200; 33694
198; 200; 33394
199; 200; 33181
200; 200; 33173
201; 200; 33364
202; 200; 33595
203; 200; 33667
204; 200; 33555
205; 200; 33422
206; 200; 33380
207; 200; 33408
143; 201; 33519
144; 201; 33520
145; 201; 33515
146; 201; 33475
147; 201; 33420
148; 201; 33460
149; 201; 33516
150; 201; 33454
151; 201; 33295
152; 201; 33145
153; 201; 33063
154; 201; 33034
155; 201; 33066
156; 201; 33159
157; 201; 33286
158; 201; 33400
159; 201; 33443
160; 201; 33436
161; 201; 33376
162; 201; 33357
163; 201; 33381
164; 201; 33366
165; 201; 33337
166; 201; 33332
167; 201; 33368
168; 201; 33422
169; 201; 33455
170; 201; 33461
171; 201; 33428
172; 201; 33425
173; 201; 33501
174; 201; 33589
175; 201; 33613
176; 201; 33555
177; 201; 33471
178; 201; 33373
179; 201; 33279
180; 201; 33286
181; 201; 33465
182; 201; 33730
183; 201; 33937
184; 201; 34005
185; 201; 33968
186; 201; 33908
187; 201; 33848
188; 201; 33834
189; 201; 33859
190; 201; 33878
191; 201; 33888
192; 201; 33883
193; 201; 33886
194; 201; 33929
195; 201; 33969
196; 201; 33907
197; 201; 33718
198; 201; 33490
199; 201; 33267
200; 201; 33236
201; 201; 33413
202; 201; 33589
203; 201; 33609
204; 201; 33486
205; 201; 33373
206; 201; 33351
207; 201; 33385
143; 202; 33512
144; 202; 33482
145; 202; 33464
146; 202; 33448
147; 202; 33393
148; 202; 33396
149; 202; 33456
150; 202; 33444
151; 202; 33310
152; 202; 33164
153; 202; 33104
154; 202; 33092
155; 202; 33100
156; 202; 33098
157; 202; 33130
158; 202; 33201
159; 202; 33286
160; 202; 33345
161; 202; 33341
162; 202; 33338
163; 202; 33384
164; 202; 33388
165; 202; 33348
166; 202; 33324
167; 202; 33350
168; 202; 33413
169; 202; 33455
170; 202; 33441
171; 202; 33414
172; 202; 33449
173; 202; 33529
174; 202; 33578
175; 202; 33567
176; 202; 33511
177; 202; 33446
178; 202; 33394
179; 202; 33321
180; 202; 33241
181; 202; 33267
182; 202; 33437
183; 202; 33676
184; 202; 33877
185; 202; 33967
186; 202; 33994
187; 202; 33996
188; 202; 33969
189; 202; 33923
190; 202; 33906
191; 202; 33933
192; 202; 33954
193; 202; 33960
194; 202; 33971
195; 202; 33956
196; 202; 33845
197; 202; 33656
198; 202; 33479
199; 202; 33341
200; 202; 33379
201; 202; 33580
202; 202; 33719
203; 202; 33660
204; 202; 33475
205; 202; 33351
206; 202; 33332
207; 202; 33330
143; 203; 33452
144; 203; 33438
145; 203; 33434
146; 203; 33445
147; 203; 33405
148; 203; 33373
149; 203; 33400
150; 203; 33415
151; 203; 33353
152; 203; 33266
153; 203; 33220
154; 203; 33208
155; 203; 33190
156; 203; 33103
157; 203; 33059
158; 203; 33066
159; 203; 33149
160; 203; 33241
161; 203; 33279
162; 203; 33285
163; 203; 33300
164; 203; 33304
165; 203; 33308
166; 203; 33344
167; 203; 33401
168; 203; 33467
169; 203; 33495
170; 203; 33456
171; 203; 33432
172; 203; 33475
173; 203; 33519
174; 203; 33492
175; 203; 33446
176; 203; 33415
177; 203; 33389
178; 203; 33381
179; 203; 33377
180; 203; 33313
181; 203; 33216
182; 203; 33228
183; 203; 33399
184; 203; 33681
185; 203; 33931
186; 203; 34089
187; 203; 34178
188; 203; 34164
189; 203; 34059
190; 203; 33970
191; 203; 33968
192; 203; 34003
193; 203; 34016
194; 203; 34000
195; 203; 33946
196; 203; 33818
197; 203; 33653
198; 203; 33518
199; 203; 33447
200; 203; 33508
201; 203; 33703
202; 203; 33853
203; 203; 33780
204; 203; 33548
205; 203; 33384
206; 203; 33344
207; 203; 33294
143; 204; 33458
144; 204; 33460
145; 204; 33438
146; 204; 33438
147; 204; 33428
148; 204; 33404
149; 204; 33379
150; 204; 33375
151; 204; 33357
152; 204; 33324
153; 204; 33289
154; 204; 33258
155; 204; 33222
156; 204; 33140
157; 204; 33048
158; 204; 33005
159; 204; 33062
160; 204; 33137
161; 204; 33178
162; 204; 33184
163; 204; 33147
164; 204; 33126
165; 204; 33193
166; 204; 33329
167; 204; 33441
168; 204; 33489
169; 204; 33476
170; 204; 33433
171; 204; 33428
172; 204; 33450
173; 204; 33440
174; 204; 33395
175; 204; 33387
176; 204; 33402
177; 204; 33396
178; 204; 33377
179; 204; 33417
180; 204; 33426
181; 204; 33274
182; 204; 33157
183; 204; 33247
184; 204; 33532
185; 204; 33856
186; 204; 34077
187; 204; 34191
188; 204; 34197
189; 204; 34103
190; 204; 34008
191; 204; 33991
192; 204; 34012
193; 204; 34018
194; 204; 34012
195; 204; 33965
196; 204; 33847
197; 204; 33719
198; 204; 33632
199; 204; 33563
200; 204; 33544
201; 204; 33669
202; 204; 33841
203; 204; 33813
204; 204; 33583
205; 204; 33399
206; 204; 33355
207; 204; 33290
143; 205; 33501
144; 205; 33505
145; 205; 33448
146; 205; 33402
147; 205; 33395
148; 205; 33421
149; 205; 33412
150; 205; 33381
151; 205; 33357
152; 205; 33340
153; 205; 33297
154; 205; 33227
155; 205; 33171
156; 205; 33109
157; 205; 33040
158; 205; 33010
159; 205; 33062
160; 205; 33090
161; 205; 33077
162; 205; 33082
163; 205; 33053
164; 205; 33049
165; 205; 33146
166; 205; 33316
167; 205; 33435
168; 205; 33441
169; 205; 33395
170; 205; 33370
171; 205; 33388
172; 205; 33403
173; 205; 33362
174; 205; 33346
175; 205; 33427
176; 205; 33492
177; 205; 33445
178; 205; 33365
179; 205; 33412
180; 205; 33487
181; 205; 33380
182; 205; 33205
183; 205; 33205
184; 205; 33448
185; 205; 33761
186; 205; 33966
187; 205; 34052
188; 205; 34062
189; 205; 34040
190; 205; 34033
191; 205; 34036
192; 205; 34010
193; 205; 33992
194; 205; 34025
195; 205; 34020
196; 205; 33903
197; 205; 33765
198; 205; 33676
199; 205; 33574
200; 205; 33478
201; 205; 33561
202; 205; 33784
203; 205; 33794
204; 205; 33535
205; 205; 33322
206; 205; 33295
207; 205; 33265
143; 206; 33460
144; 206; 33488
145; 206; 33442
146; 206; 33363
147; 206; 33331
148; 206; 33377
149; 206; 33414
150; 206; 33417
151; 206; 33410
152; 206; 33370
153; 206; 33282
154; 206; 33184
155; 206; 33113
156; 206; 33061
157; 206; 33047
158; 206; 33073
159; 206; 33107
160; 206; 33078
161; 206; 33025
162; 206; 33020
163; 206; 33054
164; 206; 33113
165; 206; 33214
166; 206; 33351
167; 206; 33442
168; 206; 33411
169; 206; 33342
170; 206; 33333
171; 206; 33381
172; 206; 33408
173; 206; 33359
174; 206; 33359
175; 206; 33468
176; 206; 33528
177; 206; 33434
178; 206; 33329
179; 206; 33391
180; 206; 33542
181; 206; 33543
182; 206; 33362
183; 206; 33241
184; 206; 33366
185; 206; 33634
186; 206; 33851
187; 206; 33945
188; 206; 33950
189; 206; 33972
190; 206; 34047
191; 206; 34078
192; 206; 34017
193; 206; 33959
194; 206; 34003
195; 206; 34045
196; 206; 33938
197; 206; 33759
198; 206; 33630
199; 206; 33510
200; 206; 33411
201; 206; 33512
202; 206; 33746
203; 206; 33734
204; 206; 33441
205; 206; 33219
206; 206; 33239
207; 206; 33287
143; 207; 33375
144; 207; 33440
145; 207; 33447
146; 207; 33384
147; 207; 33352
148; 207; 33379
149; 207; 33401
150; 207; 33417
151; 207; 33432
152; 207; 33370
153; 207; 33253
154; 207; 33158
155; 207; 33071
156; 207; 33040
157; 207; 33061
158; 207; 33085
159; 207; 33078
160; 207; 33040
161; 207; 33014
162; 207; 33028
163; 207; 33060
164; 207; 33148
165; 207; 33243
166; 207; 33361
167; 207; 33465
168; 207; 33464
169; 207; 33386
170; 207; 33360
171; 207; 33415
172; 207; 33452
173; 207; 33408
174; 207; 33390
175; 207; 33440
176; 207; 33457
177; 207; 33387
178; 207; 33336
179; 207; 33420
180; 207; 33609
181; 207; 33707
182; 207; 33564
183; 207; 33337
184; 207; 33292
185; 207; 33477
186; 207; 33745
187; 207; 33927
188; 207; 33966
189; 207; 33967
190; 207; 34030
191; 207; 34070
192; 207; 33996
193; 207; 33892
194; 207; 33912
195; 207; 33987
196; 207; 33928
197; 207; 33767
198; 207; 33647
199; 207; 33549
200; 207; 33472
201; 207; 33537
202; 207; 33664
203; 207; 33585
204; 207; 33325
205; 207; 33191
206; 207; 33317
207; 207; 33455
143; 208; 33357
144; 208; 33408
145; 208; 33422
146; 208; 33400
147; 208; 33408
148; 208; 33430
149; 208; 33423
150; 208; 33418
151; 208; 33388
152; 208; 33299
153; 208; 33212
154; 208; 33165
155; 208; 33143
156; 208; 33152
157; 208; 33101
158; 208; 33078
159; 208; 33068
160; 208; 33052
161; 208; 33031
162; 208; 33037
163; 208; 33066
164; 208; 33099
165; 208; 33142
166; 208; 33258
167; 208; 33415
168; 208; 33494
169; 208; 33450
170; 208; 33398
171; 208; 33428
172; 208; 33480
173; 208; 33478
174; 208; 33462
175; 208; 33459
176; 208; 33440
177; 208; 33397
178; 208; 33384
179; 208; 33444
180; 208; 33600
181; 208; 33757
182; 208; 33698
183; 208; 33443
184; 208; 33298
185; 208; 33385
186; 208; 33653
187; 208; 33922
188; 208; 34027
189; 208; 33994
190; 208; 33960
191; 208; 33960
192; 208; 33906
193; 208; 33813
194; 208; 33814
195; 208; 33893
196; 208; 33901
197; 208; 33826
198; 208; 33765
199; 208; 33713
200; 208; 33639
201; 208; 33585
202; 208; 33538
203; 208; 33398
204; 208; 33189
205; 208; 33144
206; 208; 33378
207; 208; 33619
143; 209; 33363
144; 209; 33374
145; 209; 33334
146; 209; 33313
147; 209; 33366
148; 209; 33423
149; 209; 33406
150; 209; 33381
151; 209; 33325
152; 209; 33259
153; 209; 33237
154; 209; 33239
155; 209; 33294
156; 209; 33267
157; 209; 33146
158; 209; 33086
159; 209; 33110
160; 209; 33160
161; 209; 33198
162; 209; 33211
163; 209; 33153
164; 209; 33101
165; 209; 33085
166; 209; 33158
167; 209; 33306
168; 209; 33403
169; 209; 33395
170; 209; 33378
171; 209; 33407
172; 209; 33477
173; 209; 33558
174; 209; 33590
175; 209; 33557
176; 209; 33494
177; 209; 33446
178; 209; 33430
179; 209; 33428
180; 209; 33517
181; 209; 33668
182; 209; 33672
183; 209; 33492
184; 209; 33383
185; 209; 33481
186; 209; 33706
187; 209; 33922
188; 209; 34021
189; 209; 33981
190; 209; 33878
191; 209; 33811
192; 209; 33789
193; 209; 33779
194; 209; 33813
195; 209; 33900
196; 209; 33951
197; 209; 33937
198; 209; 33907
199; 209; 33878
200; 209; 33823
201; 209; 33679
202; 209; 33467
203; 209; 33238
204; 209; 33042
205; 209; 33038
206; 209; 33332
207; 209; 33626
143; 210; 33316
144; 210; 33387
145; 210; 33357
146; 210; 33305
147; 210; 33323
148; 210; 33355
149; 210; 33331
150; 210; 33306
151; 210; 33271
152; 210; 33254
153; 210; 33276
154; 210; 33332
155; 210; 33372
156; 210; 33282
157; 210; 33170
158; 210; 33163
159; 210; 33207
160; 210; 33284
161; 210; 33368
162; 210; 33398
163; 210; 33314
164; 210; 33219
165; 210; 33182
166; 210; 33204
167; 210; 33244
168; 210; 33256
169; 210; 33268
170; 210; 33324
171; 210; 33379
172; 210; 33461
173; 210; 33590
174; 210; 33664
175; 210; 33617
176; 210; 33530
177; 210; 33488
178; 210; 33467
179; 210; 33440
180; 210; 33491
181; 210; 33578
182; 210; 33533
183; 210; 33414
184; 210; 33478
185; 210; 33729
186; 210; 33916
187; 210; 33946
188; 210; 33946
189; 210; 33949
190; 210; 33882
191; 210; 33787
192; 210; 33777
193; 210; 33827
194; 210; 33909
195; 210; 34037
196; 210; 34132
197; 210; 34110
198; 210; 34008
199; 210; 33959
200; 210; 33958
201; 210; 33834
202; 210; 33538
203; 210; 33215
204; 210; 33005
205; 210; 32999
206; 210; 33236
207; 210; 33495
143; 211; 33227
144; 211; 33426
145; 211; 33507
146; 211; 33475
147; 211; 33408
148; 211; 33344
149; 211; 33289
150; 211; 33260
151; 211; 33266
152; 211; 33289
153; 211; 33307
154; 211; 33350
155; 211; 33345
156; 211; 33255
157; 211; 33218
158; 211; 33289
159; 211; 33342
160; 211; 33387
161; 211; 33426
162; 211; 33419
163; 211; 33366
164; 211; 33347
165; 211; 33377
166; 211; 33377
167; 211; 33280
168; 211; 33196
169; 211; 33233
170; 211; 33336
171; 211; 33400
172; 211; 33454
173; 211; 33535
174; 211; 33597
175; 211; 33580
176; 211; 33534
177; 211; 33527
178; 211; 33520
179; 211; 33522
180; 211; 33581
181; 211; 33595
182; 211; 33435
183; 211; 33305
184; 211; 33514
185; 211; 33912
186; 211; 34083
187; 211; 33978
188; 211; 33909
189; 211; 33977
190; 211; 33991
191; 211; 33919
192; 211; 33895
193; 211; 33927
194; 211; 34014
195; 211; 34188
196; 211; 34342
197; 211; 34291
198; 211; 34098
199; 211; 34024
200; 211; 34080
201; 211; 34007
202; 211; 33680
203; 211; 33273
204; 211; 33028
205; 211; 32999
206; 211; 33174
207; 211; 33383
143; 212; 33131
144; 212; 33421
145; 212; 33602
146; 212; 33610
147; 212; 33512
148; 212; 33382
149; 212; 33290
150; 212; 33251
151; 212; 33265
152; 212; 33302
153; 212; 33325
154; 212; 33337
155; 212; 33316
156; 212; 33279
157; 212; 33296
158; 212; 33381
159; 212; 33440
160; 212; 33454
161; 212; 33437
162; 212; 33391
163; 212; 33351
164; 212; 33369
165; 212; 33427
166; 212; 33432
167; 212; 33338
168; 212; 33260
169; 212; 33317
170; 212; 33439
171; 212; 33496
172; 212; 33475
173; 212; 33445
174; 212; 33452
175; 212; 33483
176; 212; 33534
177; 212; 33581
178; 212; 33569
179; 212; 33564
180; 212; 33631
181; 212; 33625
182; 212; 33428
183; 212; 33283
184; 212; 33514
185; 212; 33940
186; 212; 34120
187; 212; 34029
188; 212; 33984
189; 212; 34071
190; 212; 34121
191; 212; 34089
192; 212; 34044
193; 212; 34021
194; 212; 34070
195; 212; 34245
196; 212; 34421
197; 212; 34370
198; 212; 34162
199; 212; 34097
200; 212; 34202
201; 212; 34175
202; 212; 33834
203; 212; 33355
204; 212; 33043
205; 212; 32992
206; 212; 33139
207; 212; 33311
