204; 306; 33090
205; 306; 33617
206; 306; 33691
207; 306; 33556
208; 306; 33660
209; 306; 33564
210; 306; 33219
211; 306; 33243
212; 306; 33643
213; 306; 33964
214; 306; 33987
215; 306; 33904
216; 306; 34050
217; 306; 34285
218; 306; 34253
219; 306; 33783
220; 306; 33535
221; 306; 33774
222; 306; 34092
223; 306; 34077
224; 306; 33946
225; 306; 33968
226; 306; 34022
227; 306; 33977
228; 306; 33911
229; 306; 33969
230; 306; 34086
231; 306; 34086
232; 306; 33985
233; 306; 33925
234; 306; 33922
235; 306; 33932
236; 306; 33990
237; 306; 34083
238; 306; 34116
239; 306; 34077
240; 306; 34019
241; 306; 33964
242; 306; 33930
243; 306; 33946
244; 306; 34008
245; 306; 34051
246; 306; 34033
247; 306; 34005
248; 306; 34032
249; 306; 34059
250; 306; 33989
251; 306; 33892
252; 306; 33892
253; 306; 33943
254; 306; 33979
255; 306; 34085
256; 306; 34204
257; 306; 34006
258; 306; 33425
259; 306; 33058
260; 306; 33136
204; 307; 33081
205; 307; 33813
206; 307; 34069
207; 307; 33907
208; 307; 33756
209; 307; 33434
210; 307; 33062
211; 307; 33262
212; 307; 33815
213; 307; 34163
214; 307; 34159
215; 307; 33949
216; 307; 33964
217; 307; 34120
218; 307; 34099
219; 307; 33721
220; 307; 33544
221; 307; 33705
222; 307; 34108
223; 307; 34165
224; 307; 34026
225; 307; 33892
226; 307; 33900
227; 307; 33952
228; 307; 33985
229; 307; 34058
230; 307; 34137
231; 307; 34096
232; 307; 33946
233; 307; 33838
234; 307; 33863
235; 307; 33970
236; 307; 34063
237; 307; 34090
238; 307; 34070
239; 307; 34042
240; 307; 34007
241; 307; 33977
242; 307; 33980
243; 307; 34016
244; 307; 34066
245; 307; 34101
246; 307; 34095
247; 307; 34085
248; 307; 34117
249; 307; 34118
250; 307; 34002
251; 307; 33869
252; 307; 33811
253; 307; 33803
254; 307; 33892
255; 307; 34208
256; 307; 34232
257; 307; 33685
258; 307; 33048
259; 307; 33054
260; 307; 33435
204; 308; 33083
205; 308; 33851
206; 308; 34263
207; 308; 34144
208; 308; 33786
209; 308; 33317
210; 308; 32923
211; 308; 33119
212; 308; 33664
213; 308; 34135
214; 308; 34347
215; 308; 34248
216; 308; 33955
217; 308; 33802
218; 308; 33756
219; 308; 33672
220; 308; 33629
221; 308; 33702
222; 308; 33977
223; 308; 34127
224; 308; 34035
225; 308; 33899
226; 308; 33895
227; 308; 33989
228; 308; 34060
229; 308; 34103
230; 308; 34140
231; 308; 34113
232; 308; 33987
233; 308; 33851
234; 308; 33845
235; 308; 33982
236; 308; 34111
237; 308; 34124
238; 308; 34079
239; 308; 34044
240; 308; 34019
241; 308; 34015
242; 308; 34047
243; 308; 34079
244; 308; 34094
245; 308; 34118
246; 308; 34142
247; 308; 34143
248; 308; 34114
249; 308; 34043
250; 308; 33963
251; 308; 33931
252; 308; 33891
253; 308; 33823
254; 308; 33961
255; 308; 34183
256; 308; 33977
257; 308; 33274
258; 308; 33005
259; 308; 33222
260; 308; 33574
204; 309; 33086
205; 309; 33611
206; 309; 34171
207; 309; 34183
208; 309; 33747
209; 309; 33215
210; 309; 32845
211; 309; 32909
212; 309; 33300
213; 309; 33926
214; 309; 34426
215; 309; 34486
216; 309; 34133
217; 309; 33748
218; 309; 33648
219; 309; 33668
220; 309; 33680
221; 309; 33686
222; 309; 33803
223; 309; 33967
224; 309; 34007
225; 309; 33970
226; 309; 33971
227; 309; 34043
228; 309; 34103
229; 309; 34108
230; 309; 34099
231; 309; 34089
232; 309; 34033
233; 309; 33940
234; 309; 33907
235; 309; 33987
236; 309; 34090
237; 309; 34120
238; 309; 34087
239; 309; 34034
240; 309; 34003
241; 309; 34029
242; 309; 34083
243; 309; 34103
244; 309; 34092
245; 309; 34100
246; 309; 34120
247; 309; 34100
248; 309; 34013
249; 309; 33929
250; 309; 33965
251; 309; 34083
252; 309; 34077
253; 309; 33951
254; 309; 33945
255; 309; 33893
256; 309; 33493
257; 309; 33126
258; 309; 33195
259; 309; 33526
260; 309; 33575
204; 310; 33249
205; 310; 33560
206; 310; 34030
207; 310; 34046
208; 310; 33588
209; 310; 33087
210; 310; 32831
211; 310; 32846
212; 310; 33127
213; 310; 33705
214; 310; 34246
215; 310; 34350
216; 310; 34115
217; 310; 33827
218; 310; 33711
219; 310; 33635
220; 310; 33633
221; 310; 33685
222; 310; 33789
223; 310; 33916
224; 310; 34008
225; 310; 34033
226; 310; 34026
227; 310; 34060
228; 310; 34113
229; 310; 34108
230; 310; 34061
231; 310; 34032
232; 310; 34026
233; 310; 34021
234; 310; 34010
235; 310; 33998
236; 310; 34013
237; 310; 34060
238; 310; 34072
239; 310; 34016
240; 310; 33971
241; 310; 34001
242; 310; 34043
243; 310; 34041
244; 310; 34020
245; 310; 34002
246; 310; 33975
247; 310; 33928
248; 310; 33876
249; 310; 33901
250; 310; 34036
251; 310; 34137
252; 310; 34096
253; 310; 33916
254; 310; 33726
255; 310; 33399
256; 310; 33151
257; 310; 33252
258; 310; 33588
259; 310; 33657
260; 310; 33540
204; 311; 33685
205; 311; 33844
206; 311; 33993
207; 311; 33825
208; 311; 33308
209; 311; 32920
210; 311; 32973
211; 311; 33090
212; 311; 33159
213; 311; 33445
214; 311; 33848
215; 311; 33952
216; 311; 33888
217; 311; 33907
218; 311; 33855
219; 311; 33623
220; 311; 33605
221; 311; 33770
222; 311; 33952
223; 311; 33998
224; 311; 34032
225; 311; 34059
226; 311; 34046
227; 311; 34061
228; 311; 34112
229; 311; 34120
230; 311; 34068
231; 311; 34006
232; 311; 33989
233; 311; 34032
234; 311; 34060
235; 311; 34005
236; 311; 33955
237; 311; 33996
238; 311; 34035
239; 311; 33994
240; 311; 33959
241; 311; 33984
242; 311; 33993
243; 311; 33958
244; 311; 33922
245; 311; 33879
246; 311; 33821
247; 311; 33779
248; 311; 33813
249; 311; 33952
250; 311; 34082
251; 311; 34061
252; 311; 33872
253; 311; 33705
254; 311; 33480
255; 311; 33172
256; 311; 33152
257; 311; 33433
258; 311; 33647
259; 311; 33580
260; 311; 33272
204; 312; 34074
205; 312; 33909
206; 312; 33838
207; 312; 33455
208; 312; 32966
209; 312; 32980
210; 312; 33523
211; 312; 33706
212; 312; 33366
213; 312; 33254
214; 312; 33472
215; 312; 33790
216; 312; 33947
217; 312; 34045
218; 312; 34037
219; 312; 33791
220; 312; 33713
221; 312; 33933
222; 312; 34048
223; 312; 34016
224; 312; 34001
225; 312; 34034
226; 312; 34059
227; 312; 34086
228; 312; 34128
229; 312; 34152
230; 312; 34132
231; 312; 34065
232; 312; 34005
233; 312; 34019
234; 312; 34053
235; 312; 34017
236; 312; 33966
237; 312; 33974
238; 312; 33978
239; 312; 33958
240; 312; 33985
241; 312; 34038
242; 312; 34029
243; 312; 33968
244; 312; 33914
245; 312; 33880
246; 312; 33850
247; 312; 33823
248; 312; 33857
249; 312; 33975
250; 312; 34031
251; 312; 33922
252; 312; 33784
253; 312; 33703
254; 312; 33538
255; 312; 33308
256; 312; 33312
257; 312; 33496
258; 312; 33501
259; 312; 33233
260; 312; 33040
204; 313; 33969
205; 313; 33509
206; 313; 33325
207; 313; 33054
208; 313; 32855
209; 313; 33207
210; 313; 34080
211; 313; 34435
212; 313; 33841
213; 313; 33210
214; 313; 33291
215; 313; 33891
216; 313; 34232
217; 313; 34297
218; 313; 34225
219; 313; 34045
220; 313; 33904
221; 313; 33973
222; 313; 34011
223; 313; 33971
224; 313; 33952
225; 313; 34003
226; 313; 34066
227; 313; 34106
228; 313; 34135
229; 313; 34173
230; 313; 34198
231; 313; 34159
232; 313; 34084
233; 313; 34052
234; 313; 34049
235; 313; 34027
236; 313; 34003
237; 313; 33971
238; 313; 33916
239; 313; 33918
240; 313; 34024
241; 313; 34117
242; 313; 34104
243; 313; 34033
244; 313; 33985
245; 313; 33996
246; 313; 34027
247; 313; 33999
248; 313; 33945
249; 313; 33951
250; 313; 33939
251; 313; 33841
252; 313; 33826
253; 313; 33871
254; 313; 33750
255; 313; 33492
256; 313; 33509
257; 313; 33536
258; 313; 33297
259; 313; 33039
260; 313; 32987
204; 314; 33674
205; 314; 33104
206; 314; 32969
207; 314; 32901
208; 314; 32857
209; 314; 33126
210; 314; 34034
211; 314; 34670
212; 314; 34374
213; 314; 33594
214; 314; 33326
215; 314; 33729
216; 314; 34240
217; 314; 34364
218; 314; 34296
219; 314; 34161
220; 314; 34011
221; 314; 33992
222; 314; 34019
223; 314; 34002
224; 314; 33990
225; 314; 34029
226; 314; 34074
227; 314; 34079
228; 314; 34081
229; 314; 34133
230; 314; 34196
231; 314; 34196
232; 314; 34156
233; 314; 34128
234; 314; 34081
235; 314; 34027
236; 314; 34010
237; 314; 33977
238; 314; 33908
239; 314; 33923
240; 314; 34053
241; 314; 34153
242; 314; 34144
243; 314; 34079
244; 314; 34036
245; 314; 34075
246; 314; 34148
247; 314; 34128
248; 314; 34036
249; 314; 33976
250; 314; 33911
251; 314; 33781
252; 314; 33832
253; 314; 33908
254; 314; 33786
255; 314; 33504
256; 314; 33519
257; 314; 33503
258; 314; 33138
259; 314; 32957
260; 314; 32928
204; 315; 33632
205; 315; 33145
206; 315; 33042
207; 315; 33097
208; 315; 32964
209; 315; 32875
210; 315; 33349
211; 315; 34174
212; 315; 34457
213; 315; 34034
214; 315; 33454
215; 315; 33386
216; 315; 33803
217; 315; 34208
218; 315; 34266
219; 315; 34101
220; 315; 34015
221; 315; 34064
222; 315; 34104
223; 315; 34057
224; 315; 34019
225; 315; 34058
226; 315; 34094
227; 315; 34051
228; 315; 34010
229; 315; 34065
230; 315; 34149
231; 315; 34175
232; 315; 34181
233; 315; 34190
234; 315; 34125
235; 315; 34022
236; 315; 33999
237; 315; 34021
238; 315; 34003
239; 315; 34000
240; 315; 34062
241; 315; 34131
242; 315; 34160
243; 315; 34134
244; 315; 34074
245; 315; 34071
246; 315; 34133
247; 315; 34128
248; 315; 34095
249; 315; 34077
250; 315; 33907
251; 315; 33691
252; 315; 33762
253; 315; 33887
254; 315; 33756
255; 315; 33457
256; 315; 33474
257; 315; 33424
258; 315; 33075
259; 315; 32934
260; 315; 32879
204; 316; 33648
205; 316; 33438
206; 316; 33328
207; 316; 33378
208; 316; 33285
209; 316; 32929
210; 316; 32913
211; 316; 33497
212; 316; 34127
213; 316; 34151
214; 316; 33710
215; 316; 33342
216; 316; 33515
217; 316; 34005
218; 316; 34130
219; 316; 34011
220; 316; 34013
221; 316; 34131
222; 316; 34120
223; 316; 33981
224; 316; 33921
225; 316; 34019
226; 316; 34127
227; 316; 34104
228; 316; 34028
229; 316; 34049
230; 316; 34124
231; 316; 34147
232; 316; 34158
233; 316; 34187
234; 316; 34134
235; 316; 34019
236; 316; 34004
237; 316; 34093
238; 316; 34141
239; 316; 34099
240; 316; 34042
241; 316; 34058
242; 316; 34150
243; 316; 34200
244; 316; 34137
245; 316; 34043
246; 316; 34026
247; 316; 34026
248; 316; 34077
249; 316; 34088
250; 316; 33902
251; 316; 33630
252; 316; 33703
253; 316; 33872
254; 316; 33734
255; 316; 33465
256; 316; 33508
257; 316; 33443
258; 316; 33103
259; 316; 32978
260; 316; 32889
204; 317; 33433
205; 317; 33422
206; 317; 33313
207; 317; 33340
208; 317; 33371
209; 317; 33272
210; 317; 33145
211; 317; 33369
212; 317; 33819
213; 317; 33982
214; 317; 33909
215; 317; 33640
216; 317; 33686
217; 317; 34005
218; 317; 34076
219; 317; 34008
220; 317; 34041
221; 317; 34109
222; 317; 34020
223; 317; 33874
224; 317; 33866
225; 317; 34005
226; 317; 34171
227; 317; 34225
228; 317; 34151
229; 317; 34101
230; 317; 34128
231; 317; 34134
232; 317; 34118
233; 317; 34135
234; 317; 34119
235; 317; 34045
236; 317; 34038
237; 317; 34136
238; 317; 34208
239; 317; 34159
240; 317; 34037
241; 317; 33999
242; 317; 34099
243; 317; 34189
244; 317; 34152
245; 317; 34029
246; 317; 33842
247; 317; 33759
248; 317; 33901
249; 317; 34042
250; 317; 33959
251; 317; 33714
252; 317; 33778
253; 317; 33882
254; 317; 33647
255; 317; 33496
256; 317; 33593
257; 317; 33549
258; 317; 33163
259; 317; 33025
260; 317; 32913
204; 318; 33133
205; 318; 33243
206; 318; 33232
207; 318; 33270
208; 318; 33372
209; 318; 33476
210; 318; 33677
211; 318; 33891
212; 318; 33933
213; 318; 33915
214; 318; 33896
215; 318; 33832
216; 318; 33928
217; 318; 34124
218; 318; 34136
219; 318; 34059
220; 318; 34060
221; 318; 34037
222; 318; 33939
223; 318; 33931
224; 318; 34023
225; 318; 34099
226; 318; 34197
227; 318; 34306
228; 318; 34286
229; 318; 34183
230; 318; 34148
231; 318; 34144
232; 318; 34120
233; 318; 34131
234; 318; 34153
235; 318; 34120
236; 318; 34093
237; 318; 34132
238; 318; 34187
239; 318; 34186
240; 318; 34112
241; 318; 34042
242; 318; 34044
243; 318; 34077
244; 318; 34074
245; 318; 34014
246; 318; 33770
247; 318; 33539
248; 318; 33596
249; 318; 33913
250; 318; 33995
251; 318; 33928
252; 318; 33982
253; 318; 33901
254; 318; 33536
255; 318; 33450
256; 318; 33632
257; 318; 33611
258; 318; 33169
259; 318; 32969
260; 318; 32904
204; 319; 33140
205; 319; 33236
206; 319; 33248
207; 319; 33274
208; 319; 33398
209; 319; 33643
210; 319; 34076
211; 319; 34352
212; 319; 34272
213; 319; 33986
214; 319; 33738
215; 319; 33694
216; 319; 33943
217; 319; 34212
218; 319; 34189
219; 319; 34077
220; 319; 34072
221; 319; 34035
222; 319; 33963
223; 319; 34060
224; 319; 34222
225; 319; 34215
226; 319; 34186
227; 319; 34286
228; 319; 34333
229; 319; 34242
230; 319; 34166
231; 319; 34154
232; 319; 34155
233; 319; 34183
234; 319; 34206
235; 319; 34165
236; 319; 34112
237; 319; 34113
238; 319; 34154
239; 319; 34204
240; 319; 34214
241; 319; 34144
242; 319; 34031
243; 319; 33969
244; 319; 34013
245; 319; 34065
246; 319; 33896
247; 319; 33495
248; 319; 33416
249; 319; 33670
250; 319; 33970
251; 319; 34034
252; 319; 34071
253; 319; 33924
254; 319; 33517
255; 319; 33427
256; 319; 33561
257; 319; 33483
258; 319; 33054
259; 319; 32909
260; 319; 32878
204; 320; 33243
205; 320; 33319
206; 320; 33336
207; 320; 33389
208; 320; 33620
209; 320; 34015
210; 320; 34321
211; 320; 34334
212; 320; 34053
213; 320; 33713
214; 320; 33635
215; 320; 33723
216; 320; 34062
217; 320; 34311
218; 320; 34220
219; 320; 33997
220; 320; 34036
221; 320; 34090
222; 320; 34022
223; 320; 34070
224; 320; 34250
225; 320; 34281
226; 320; 34196
227; 320; 34219
228; 320; 34281
229; 320; 34239
230; 320; 34161
231; 320; 34137
232; 320; 34161
233; 320; 34192
234; 320; 34168
235; 320; 34095
236; 320; 34075
237; 320; 34130
238; 320; 34181
239; 320; 34215
240; 320; 34231
241; 320; 34175
242; 320; 34039
243; 320; 33954
244; 320; 34029
245; 320; 34161
246; 320; 34075
247; 320; 33735
248; 320; 33587
249; 320; 33726
250; 320; 33903
251; 320; 33996
252; 320; 34055
253; 320; 33936
254; 320; 33574
255; 320; 33442
256; 320; 33441
257; 320; 33239
258; 320; 32974
259; 320; 32952
260; 320; 32874
204; 321; 33228
205; 321; 33307
206; 321; 33353
207; 321; 33536
208; 321; 33997
209; 321; 34572
210; 321; 34653
211; 321; 34029
212; 321; 33269
213; 321; 33284
214; 321; 33760
215; 321; 34131
216; 321; 34323
217; 321; 34381
218; 321; 34229
219; 321; 33867
220; 321; 33907
221; 321; 34089
222; 321; 34042
223; 321; 34005
224; 321; 34173
225; 321; 34314
226; 321; 34259
227; 321; 34185
228; 321; 34206
229; 321; 34222
230; 321; 34182
231; 321; 34143
232; 321; 34146
233; 321; 34139
234; 321; 34065
235; 321; 34004
236; 321; 34066
237; 321; 34184
238; 321; 34225
239; 321; 34199
240; 321; 34172
241; 321; 34132
242; 321; 34054
243; 321; 33994
244; 321; 34025
245; 321; 34136
246; 321; 34205
247; 321; 34172
248; 321; 34180
249; 321; 34199
250; 321; 34101
251; 321; 33987
252; 321; 33993
253; 321; 33893
254; 321; 33582
255; 321; 33460
256; 321; 33406
257; 321; 33113
258; 321; 32970
259; 321; 32962
260; 321; 32857
204; 322; 33121
205; 322; 33212
206; 322; 33304
207; 322; 33547
208; 322; 34127
209; 322; 34789
210; 322; 34765
211; 322; 33780
212; 322; 32929
213; 322; 33269
214; 322; 34125
215; 322; 34455
216; 322; 34352
217; 322; 34275
218; 322; 34141
219; 322; 33830
220; 322; 33811
221; 322; 33997
222; 322; 34038
223; 322; 34005
224; 322; 34138
225; 322; 34309
226; 322; 34285
227; 322; 34170
228; 322; 34162
229; 322; 34227
230; 322; 34242
231; 322; 34204
232; 322; 34157
233; 322; 34093
234; 322; 34020
235; 322; 34021
236; 322; 34105
237; 322; 34164
238; 322; 34156
239; 322; 34140
240; 322; 34137
241; 322; 34119
242; 322; 34074
243; 322; 33998
244; 322; 33965
245; 322; 34038
246; 322; 34284
247; 322; 34467
248; 322; 34562
249; 322; 34515
250; 322; 34291
251; 322; 34034
252; 322; 33987
253; 322; 33812
254; 322; 33513
255; 322; 33459
256; 322; 33482
257; 322; 33228
258; 322; 33004
259; 322; 32967
260; 322; 32850
204; 323; 33075
205; 323; 33191
206; 323; 33245
207; 323; 33311
208; 323; 33659
209; 323; 34217
210; 323; 34345
211; 323; 33915
212; 323; 33564
213; 323; 33984
214; 323; 34537
215; 323; 34484
216; 323; 33992
217; 323; 33723
218; 323; 33781
219; 323; 33862
220; 323; 33894
221; 323; 33998
222; 323; 34049
223; 323; 34030
224; 323; 34110
225; 323; 34247
226; 323; 34229
227; 323; 34139
228; 323; 34134
229; 323; 34215
230; 323; 34264
231; 323; 34240
232; 323; 34167
233; 323; 34083
234; 323; 34052
235; 323; 34101
236; 323; 34127
237; 323; 34058
238; 323; 34019
239; 323; 34091
240; 323; 34156
241; 323; 34143
242; 323; 34103
243; 323; 34028
244; 323; 33949
245; 323; 34119
246; 323; 34385
247; 323; 34484
248; 323; 34432
249; 323; 34317
250; 323; 34195
251; 323; 34083
252; 323; 34040
253; 323; 33817
254; 323; 33470
255; 323; 33453
256; 323; 33562
257; 323; 33397
258; 323; 33063
259; 323; 33032
260; 323; 32850
204; 324; 33122
205; 324; 33233
206; 324; 33264
207; 324; 33171
208; 324; 33143
209; 324; 33337
210; 324; 33762
211; 324; 34199
212; 324; 34531
213; 324; 34717
214; 324; 34713
215; 324; 34426
216; 324; 33805
217; 324; 33323
218; 324; 33389
219; 324; 33804
220; 324; 34153
221; 324; 34220
222; 324; 34121
223; 324; 33994
224; 324; 34009
225; 324; 34146
226; 324; 34189
227; 324; 34157
228; 324; 34163
229; 324; 34236
230; 324; 34272
231; 324; 34225
232; 324; 34133
233; 324; 34081
234; 324; 34102
235; 324; 34171
236; 324; 34147
237; 324; 34039
238; 324; 34008
239; 324; 34094
240; 324; 34141
241; 324; 34127
242; 324; 34161
243; 324; 34197
244; 324; 34128
245; 324; 34222
246; 324; 34412
247; 324; 34382
248; 324; 34062
249; 324; 33867
250; 324; 33904
251; 324; 34093
252; 324; 34181
253; 324; 33979
254; 324; 33541
255; 324; 33454
256; 324; 33549
257; 324; 33418
258; 324; 33059
259; 324; 33078
260; 324; 32850
204; 325; 33132
205; 325; 33196
206; 325; 33214
207; 325; 33210
208; 325; 33040
209; 325; 32960
210; 325; 33321
211; 325; 34039
212; 325; 34610
213; 325; 34672
214; 325; 34535
215; 325; 34459
216; 325; 34132
217; 325; 33479
218; 325; 33245
219; 325; 33627
220; 325; 34177
221; 325; 34301
222; 325; 34207
223; 325; 33938
224; 325; 33897
225; 325; 34058
226; 325; 34248
227; 325; 34324
228; 325; 34311
229; 325; 34334
230; 325; 34334
231; 325; 34169
232; 325; 34017
233; 325; 34034
234; 325; 34186
235; 325; 34228
236; 325; 34200
237; 325; 34135
238; 325; 34099
239; 325; 34091
240; 325; 34051
241; 325; 34044
242; 325; 34193
243; 325; 34301
244; 325; 34129
245; 325; 33976
246; 325; 34089
247; 325; 34193
248; 325; 33949
249; 325; 33684
250; 325; 33716
251; 325; 34037
252; 325; 34288
253; 325; 34199
254; 325; 33702
255; 325; 33433
256; 325; 33509
257; 325; 33396
258; 325; 33033
259; 325; 33067
260; 325; 32830
204; 326; 33028
205; 326; 33086
206; 326; 33113
207; 326; 33175
208; 326; 33182
209; 326; 32918
210; 326; 32939
211; 326; 33419
212; 326; 33936
213; 326; 34066
214; 326; 34169
215; 326; 34470
216; 326; 34461
217; 326; 33934
218; 326; 33435
219; 326; 33493
220; 326; 33901
221; 326; 34229
222; 326; 34224
223; 326; 33986
224; 326; 33895
225; 326; 34123
226; 326; 34366
227; 326; 34377
228; 326; 34286
229; 326; 34261
230; 326; 34151
231; 326; 33869
232; 326; 33766
233; 326; 34008
234; 326; 34248
235; 326; 34264
236; 326; 34218
237; 326; 34172
238; 326; 34129
239; 326; 34084
240; 326; 34023
241; 326; 33983
242; 326; 34077
243; 326; 34071
244; 326; 33678
245; 326; 33235
246; 326; 33399
247; 326; 33932
248; 326; 34072
249; 326; 33808
250; 326; 33701
251; 326; 33901
252; 326; 34281
253; 326; 34324
254; 326; 33888
255; 326; 33497
256; 326; 33471
257; 326; 33399
258; 326; 33071
259; 326; 33054
260; 326; 32851
204; 327; 32949
205; 327; 33019
206; 327; 33070
207; 327; 33127
208; 327; 33189
209; 327; 33113
210; 327; 32959
211; 327; 32975
212; 327; 33235
213; 327; 33508
214; 327; 33943
215; 327; 34365
216; 327; 34418
217; 327; 34088
218; 327; 33719
219; 327; 33580
220; 327; 33640
221; 327; 33987
222; 327; 34183
223; 327; 34110
224; 327; 34057
225; 327; 34297
226; 327; 34349
227; 327; 34055
228; 327; 33753
229; 327; 33625
230; 327; 33532
231; 327; 33415
232; 327; 33542
233; 327; 33971
234; 327; 34271
235; 327; 34268
236; 327; 34206
237; 327; 34170
238; 327; 34162
239; 327; 34190
240; 327; 34155
241; 327; 33936
242; 327; 33753
243; 327; 33625
244; 327; 33268
245; 327; 32887
246; 327; 32976
247; 327; 33715
248; 327; 34241
249; 327; 34117
250; 327; 33851
251; 327; 33876
252; 327; 34142
253; 327; 34272
254; 327; 34116
255; 327; 33657
256; 327; 33442
257; 327; 33368
258; 327; 33098
259; 327; 33004
260; 327; 32933
204; 328; 33003
205; 328; 33019
206; 328; 33042
207; 328; 33072
208; 328; 33141
209; 328; 33182
210; 328; 33156
211; 328; 33039
212; 328; 32934
213; 328; 33163
214; 328; 33700
215; 328; 34184
216; 328; 34206
217; 328; 34023
218; 328; 33857
219; 328; 33684
220; 328; 33605
221; 328; 33830
222; 328; 34139
223; 328; 34183
224; 328; 34278
225; 328; 34377
226; 328; 34126
227; 328; 33470
228; 328; 33078
229; 328; 32979
230; 328; 33007
231; 328; 33145
232; 328; 33468
233; 328; 33927
234; 328; 34195
235; 328; 34232
236; 328; 34229
237; 328; 34253
238; 328; 34290
239; 328; 34308
240; 328; 34100
241; 328; 33627
242; 328; 33339
243; 328; 33415
244; 328; 33364
245; 328; 33029
246; 328; 33058
247; 328; 33705
248; 328; 34280
249; 328; 34327
250; 328; 34182
251; 328; 34026
252; 328; 34026
253; 328; 34199
254; 328; 34267
255; 328; 33935
256; 328; 33515
257; 328; 33323
258; 328; 33106
259; 328; 32966
260; 328; 32966
204; 329; 33059
205; 329; 33019
206; 329; 33006
207; 329; 33037
208; 329; 33121
209; 329; 33208
210; 329; 33272
211; 329; 33208
212; 329; 32895
213; 329; 32871
214; 329; 33341
215; 329; 33947
216; 329; 34167
217; 329; 34122
218; 329; 33995
219; 329; 33667
220; 329; 33486
221; 329; 33694
222; 329; 34058
223; 329; 34227
224; 329; 34356
225; 329; 34356
226; 329; 33810
227; 329; 33134
228; 329; 32896
229; 329; 32947
230; 329; 33025
231; 329; 33148
232; 329; 33418
233; 329; 33742
234; 329; 34017
235; 329; 34123
236; 329; 34199
237; 329; 34274
238; 329; 34316
239; 329; 34210
240; 329; 33767
241; 329; 33274
242; 329; 33279
243; 329; 33792
244; 329; 34157
245; 329; 33952
246; 329; 33750
247; 329; 33986
248; 329; 34279
249; 329; 34354
250; 329; 34406
251; 329; 34254
252; 329; 33978
253; 329; 34016
254; 329; 34282
255; 329; 34170
256; 329; 33678
257; 329; 33372
258; 329; 33180
259; 329; 33018
260; 329; 32981
204; 330; 33056
205; 330; 33001
206; 330; 32991
207; 330; 33037
208; 330; 33115
209; 330; 33181
210; 330; 33240
211; 330; 33242
212; 330; 33074
213; 330; 32865
214; 330; 32952
215; 330; 33525
216; 330; 34127
217; 330; 34403
218; 330; 34251
219; 330; 33680
220; 330; 33250
221; 330; 33412
222; 330; 33905
223; 330; 34234
224; 330; 34362
225; 330; 34187
226; 330; 33571
227; 330; 33172
228; 330; 33272
229; 330; 33498
230; 330; 33413
231; 330; 33245
232; 330; 33293
233; 330; 33561
234; 330; 33873
235; 330; 34050
236; 330; 34112
237; 330; 34156
238; 330; 34246
239; 330; 34165
240; 330; 33706
241; 330; 33371
242; 330; 33645
243; 330; 34393
244; 330; 34772
245; 330; 34542
246; 330; 34216
247; 330; 34185
248; 330; 34269
249; 330; 34324
250; 330; 34401
251; 330; 34369
252; 330; 34009
253; 330; 33902
254; 330; 34253
255; 330; 34362
256; 330; 33995
257; 330; 33534
258; 330; 33289
259; 330; 33104
260; 330; 32982
204; 331; 33076
205; 331; 33023
206; 331; 33006
207; 331; 33039
208; 331; 33091
209; 331; 33130
210; 331; 33172
211; 331; 33217
212; 331; 33208
213; 331; 33074
214; 331; 32887
215; 331; 33029
216; 331; 33713
217; 331; 34392
218; 331; 34542
219; 331; 33964
220; 331; 33260
221; 331; 33215
222; 331; 33732
223; 331; 34218
224; 331; 34282
225; 331; 33932
226; 331; 33522
227; 331; 33490
228; 331; 33817
229; 331; 33979
230; 331; 33757
231; 331; 33341
232; 331; 33223
233; 331; 33552
234; 331; 33994
235; 331; 34219
236; 331; 34130
237; 331; 34117
238; 331; 34266
239; 331; 34368
240; 331; 34205
241; 331; 33979
242; 331; 34180
243; 331; 34589
244; 331; 34676
245; 331; 34372
246; 331; 34081
247; 331; 34094
248; 331; 34164
249; 331; 34220
250; 331; 34306
251; 331; 34321
252; 331; 34069
253; 331; 33965
254; 331; 34151
255; 331; 34439
256; 331; 34343
257; 331; 33869
258; 331; 33438
259; 331; 33149
260; 331; 32969
204; 332; 33118
205; 332; 33070
206; 332; 33028
207; 332; 33029
208; 332; 33058
209; 332; 33088
210; 332; 33115
211; 332; 33151
212; 332; 33206
213; 332; 33226
214; 332; 33104
215; 332; 32887
216; 332; 33029
217; 332; 33827
218; 332; 34428
219; 332; 34283
220; 332; 33721
221; 332; 33485
222; 332; 33793
223; 332; 34141
224; 332; 34096
225; 332; 33795
226; 332; 33649
227; 332; 33736
228; 332; 33932
229; 332; 33958
230; 332; 33714
231; 332; 33411
232; 332; 33393
233; 332; 33774
234; 332; 34229
235; 332; 34343
236; 332; 34260
237; 332; 34202
238; 332; 34321
239; 332; 34492
240; 332; 34578
241; 332; 34490
242; 332; 34388
243; 332; 34414
244; 332; 34271
245; 332; 34124
246; 332; 34103
247; 332; 34147
248; 332; 34126
249; 332; 34155
250; 332; 34204
251; 332; 34225
252; 332; 34140
253; 332; 34029
254; 332; 34061
255; 332; 34380
256; 332; 34568
257; 332; 34319
258; 332; 33715
259; 332; 33256
260; 332; 33029
204; 333; 33111
205; 333; 33091
206; 333; 33045
207; 333; 33021
208; 333; 33027
209; 333; 33053
210; 333; 33077
211; 333; 33082
212; 333; 33121
213; 333; 33223
214; 333; 33277
215; 333; 33081
216; 333; 32818
217; 333; 33087
218; 333; 33811
219; 333; 34231
220; 333; 34226
221; 333; 34077
222; 333; 34061
223; 333; 34037
224; 333; 33986
225; 333; 34027
226; 333; 34120
227; 333; 34059
228; 333; 33848
229; 333; 33714
230; 333; 33660
231; 333; 33685
232; 333; 33845
233; 333; 34151
234; 333; 34282
235; 333; 34232
236; 333; 34207
237; 333; 34237
238; 333; 34251
239; 333; 34308
240; 333; 34386
241; 333; 34402
242; 333; 34293
243; 333; 34151
244; 333; 34218
245; 333; 34538
246; 333; 34867
247; 333; 34770
248; 333; 34351
249; 333; 34156
250; 333; 34200
251; 333; 34228
252; 333; 34199
253; 333; 34117
254; 333; 34048
255; 333; 34165
256; 333; 34547
257; 333; 34591
258; 333; 34103
259; 333; 33487
260; 333; 33192
204; 334; 33089
205; 334; 33093
206; 334; 33057
207; 334; 33020
208; 334; 33001
209; 334; 33015
210; 334; 33052
211; 334; 33069
212; 334; 33063
213; 334; 33116
214; 334; 33237
215; 334; 33256
216; 334; 32980
217; 334; 32826
218; 334; 33103
219; 334; 33709
220; 334; 34197
221; 334; 34335
222; 334; 34213
223; 334; 34109
224; 334; 34204
225; 334; 34572
226; 334; 34785
227; 334; 34560
228; 334; 34054
229; 334; 33866
230; 334; 34071
231; 334; 34354
232; 334; 34444
233; 334; 34418
234; 334; 34249
235; 334; 34101
236; 334; 34126
237; 334; 34254
238; 334; 34196
239; 334; 33955
240; 334; 33906
241; 334; 34070
242; 334; 34168
243; 334; 34104
244; 334; 34329
245; 334; 34995
246; 334; 35459
247; 334; 35216
248; 334; 34496
249; 334; 34090
250; 334; 34149
251; 334; 34233
252; 334; 34242
253; 334; 34215
254; 334; 34089
255; 334; 34026
256; 334; 34311
257; 334; 34561
258; 334; 34399
259; 334; 33881
260; 334; 33405
204; 335; 33077
205; 335; 33070
206; 335; 33047
207; 335; 33027
208; 335; 33015
209; 335; 33013
210; 335; 33040
211; 335; 33082
212; 335; 33085
213; 335; 33061
214; 335; 33088
215; 335; 33184
216; 335; 33218
217; 335; 32994
218; 335; 32850
219; 335; 33077
220; 335; 33630
221; 335; 34060
222; 335; 34198
223; 335; 34253
224; 335; 34449
225; 335; 34776
226; 335; 34979
227; 335; 34898
228; 335; 34647
229; 335; 34645
230; 335; 34895
231; 335; 34984
232; 335; 34759
233; 335; 34468
234; 335; 34241
235; 335; 34171
236; 335; 34278
237; 335; 34323
238; 335; 34069
239; 335; 33688
240; 335; 33714
241; 335; 34111
242; 335; 34350
243; 335; 34277
244; 335; 34338
245; 335; 34777
246; 335; 35162
247; 335; 34933
248; 335; 34314
249; 335; 33960
250; 335; 34022
251; 335; 34172
252; 335; 34267
253; 335; 34303
254; 335; 34203
255; 335; 34002
256; 335; 34007
257; 335; 34332
258; 335; 34506
259; 335; 34344
260; 335; 33800
204; 336; 33072
205; 336; 33051
206; 336; 33043
207; 336; 33062
208; 336; 33090
209; 336; 33082
210; 336; 33053
211; 336; 33064
212; 336; 33094
213; 336; 33077
214; 336; 33037
215; 336; 33077
216; 336; 33189
217; 336; 33217
218; 336; 33035
219; 336; 32883
220; 336; 33039
221; 336; 33438
222; 336; 33876
223; 336; 34203
224; 336; 34421
225; 336; 34562
226; 336; 34725
227; 336; 34877
228; 336; 34995
229; 336; 35102
230; 336; 35163
231; 336; 35030
232; 336; 34665
233; 336; 34354
234; 336; 34325
235; 336; 34425
236; 336; 34474
237; 336; 34307
238; 336; 33909
239; 336; 33664
240; 336; 33868
241; 336; 34347
242; 336; 34571
243; 336; 34461
244; 336; 34362
245; 336; 34440
246; 336; 34527
247; 336; 34445
248; 336; 34233
249; 336; 34097
250; 336; 34087
251; 336; 34147
252; 336; 34248
253; 336; 34305
254; 336; 34247
255; 336; 34056
256; 336; 33930
257; 336; 34082
258; 336; 34451
259; 336; 34599
260; 336; 34293
204; 337; 33065
205; 337; 33069
206; 337; 33070
207; 337; 33088
208; 337; 33131
209; 337; 33144
210; 337; 33091
211; 337; 33035
212; 337; 33040
213; 337; 33058
214; 337; 33034
215; 337; 33031
216; 337; 33112
217; 337; 33180
218; 337; 33150
219; 337; 33046
220; 337; 32955
221; 337; 33010
222; 337; 33384
223; 337; 33890
224; 337; 34215
225; 337; 34353
226; 337; 34463
227; 337; 34722
228; 337; 34860
229; 337; 34819
230; 337; 34644
231; 337; 34509
232; 337; 34416
233; 337; 34366
234; 337; 34379
235; 337; 34470
236; 337; 34472
237; 337; 34282
238; 337; 34040
239; 337; 33993
240; 337; 34011
241; 337; 33941
242; 337; 33916
243; 337; 34148
244; 337; 34413
245; 337; 34453
246; 337; 34407
247; 337; 34399
248; 337; 34493
249; 337; 34529
250; 337; 34431
251; 337; 34291
252; 337; 34230
253; 337; 34228
254; 337; 34227
255; 337; 34154
256; 337; 34075
257; 337; 34114
258; 337; 34212
259; 337; 34382
260; 337; 34392
204; 338; 33061
205; 338; 33086
206; 338; 33079
207; 338; 33054
208; 338; 33068
209; 338; 33113
210; 338; 33114
211; 338; 33064
212; 338; 33034
213; 338; 33037
214; 338; 33039
215; 338; 33046
216; 338; 33083
217; 338; 33131
218; 338; 33176
219; 338; 33199
220; 338; 33127
221; 338; 33012
222; 338; 33069
223; 338; 33466
224; 338; 33955
225; 338; 34286
226; 338; 34523
227; 338; 34695
228; 338; 34676
229; 338; 34424
230; 338; 34173
231; 338; 34154
232; 338; 34324
233; 338; 34399
234; 338; 34380
235; 338; 34393
236; 338; 34375
237; 338; 34290
238; 338; 34249
239; 338; 34226
240; 338; 33788
241; 338; 33099
242; 338; 32894
243; 338; 33560
244; 338; 34344
245; 338; 34572
246; 338; 34499
247; 338; 34512
248; 338; 34626
249; 338; 34681
250; 338; 34670
251; 338; 34458
252; 338; 34206
253; 338; 34170
254; 338; 34197
255; 338; 34214
256; 338; 34237
257; 338; 34208
258; 338; 33997
259; 338; 33846
260; 338; 34104
204; 339; 33080
205; 339; 33074
206; 339; 33073
207; 339; 33045
208; 339; 33030
209; 339; 33074
210; 339; 33121
211; 339; 33116
212; 339; 33093
213; 339; 33081
214; 339; 33067
215; 339; 33056
216; 339; 33070
217; 339; 33111
218; 339; 33174
219; 339; 33240
220; 339; 33244
221; 339; 33163
222; 339; 33074
223; 339; 33145
224; 339; 33536
225; 339; 34055
226; 339; 34474
227; 339; 34754
228; 339; 34815
229; 339; 34618
230; 339; 34320
231; 339; 34256
232; 339; 34364
233; 339; 34408
234; 339; 34376
235; 339; 34347
236; 339; 34291
237; 339; 34153
238; 339; 34128
239; 339; 34001
240; 339; 33473
241; 339; 33026
242; 339; 33021
243; 339; 33731
244; 339; 34383
245; 339; 34503
246; 339; 34472
247; 339; 34485
248; 339; 34523
249; 339; 34560
250; 339; 34561
251; 339; 34442
252; 339; 34240
253; 339; 34187
254; 339; 34222
255; 339; 34259
256; 339; 34303
257; 339; 34273
258; 339; 33941
259; 339; 33671
260; 339; 33903
204; 340; 33150
205; 340; 33123
206; 340; 33143
207; 340; 33134
208; 340; 33103
209; 340; 33115
210; 340; 33139
211; 340; 33125
212; 340; 33100
213; 340; 33095
214; 340; 33087
215; 340; 33068
216; 340; 33078
217; 340; 33121
218; 340; 33162
219; 340; 33195
220; 340; 33230
221; 340; 33248
222; 340; 33171
223; 340; 33031
224; 340; 33173
225; 340; 33644
226; 340; 34219
227; 340; 34653
228; 340; 34855
229; 340; 34782
230; 340; 34616
231; 340; 34593
232; 340; 34659
233; 340; 34601
234; 340; 34433
235; 340; 34372
236; 340; 34230
237; 340; 34006
238; 340; 33838
239; 340; 33750
240; 340; 33652
241; 340; 33703
242; 340; 34108
243; 340; 34521
244; 340; 34521
245; 340; 34361
246; 340; 34340
247; 340; 34323
248; 340; 34241
249; 340; 34215
250; 340; 34293
251; 340; 34351
252; 340; 34325
253; 340; 34337
254; 340; 34403
255; 340; 34393
256; 340; 34357
257; 340; 34300
258; 340; 34146
259; 340; 34084
260; 340; 34183
204; 341; 33214
205; 341; 33234
206; 341; 33265
207; 341; 33244
208; 341; 33184
209; 341; 33160
210; 341; 33166
211; 341; 33141
212; 341; 33084
213; 341; 33060
214; 341; 33064
215; 341; 33102
216; 341; 33157
217; 341; 33178
218; 341; 33157
219; 341; 33144
220; 341; 33195
221; 341; 33267
222; 341; 33229
223; 341; 33069
224; 341; 33058
225; 341; 33390
226; 341; 33894
227; 341; 34361
228; 341; 34586
229; 341; 34563
230; 341; 34512
231; 341; 34733
232; 341; 34900
233; 341; 34793
234; 341; 34528
235; 341; 34412
236; 341; 34425
237; 341; 34265
238; 341; 34139
239; 341; 34214
240; 341; 34530
241; 341; 34891
242; 341; 35070
243; 341; 34858
244; 341; 34451
245; 341; 34359
246; 341; 34388
247; 341; 34207
248; 341; 33949
249; 341; 33951
250; 341; 34174
251; 341; 34341
252; 341; 34374
253; 341; 34388
254; 341; 34411
255; 341; 34394
256; 341; 34315
257; 341; 34236
258; 341; 34362
259; 341; 34625
260; 341; 34671
204; 342; 33123
205; 342; 33244
206; 342; 33338
207; 342; 33325
208; 342; 33233
209; 342; 33172
210; 342; 33187
211; 342; 33249
212; 342; 33220
213; 342; 33117
214; 342; 33067
215; 342; 33137
216; 342; 33253
217; 342; 33257
218; 342; 33182
219; 342; 33142
220; 342; 33192
221; 342; 33267
222; 342; 33265
223; 342; 33170
224; 342; 33112
225; 342; 33241
226; 342; 33595
227; 342; 34044
228; 342; 34307
229; 342; 34313
230; 342; 34318
231; 342; 34561
232; 342; 34810
233; 342; 34694
234; 342; 34405
235; 342; 34427
236; 342; 34634
237; 342; 34745
238; 342; 34790
239; 342; 34923
240; 342; 35125
241; 342; 35189
242; 342; 34981
243; 342; 34522
244; 342; 34329
245; 342; 34464
246; 342; 34507
247; 342; 34139
248; 342; 33874
249; 342; 34042
250; 342; 34362
251; 342; 34411
252; 342; 34375
253; 342; 34347
254; 342; 34268
255; 342; 34202
256; 342; 34158
257; 342; 34115
258; 342; 34241
259; 342; 34650
260; 342; 34784
204; 343; 33016
205; 343; 33074
206; 343; 33283
207; 343; 33398
208; 343; 33359
209; 343; 33255
210; 343; 33220
211; 343; 33320
212; 343; 33455
213; 343; 33452
214; 343; 33319
215; 343; 33255
216; 343; 33264
217; 343; 33292
218; 343; 33300
219; 343; 33292
220; 343; 33275
221; 343; 33263
222; 343; 33267
223; 343; 33234
224; 343; 33159
225; 343; 33128
226; 343; 33331
227; 343; 33740
228; 343; 34139
229; 343; 34304
230; 343; 34292
231; 343; 34364
232; 343; 34429
233; 343; 34369
234; 343; 34310
235; 343; 34399
236; 343; 34618
237; 343; 34851
238; 343; 35051
239; 343; 35211
240; 343; 35201
241; 343; 35008
242; 343; 34604
243; 343; 34291
244; 343; 34316
245; 343; 34529
246; 343; 34523
247; 343; 34229
248; 343; 34231
249; 343; 34562
250; 343; 34640
251; 343; 34394
252; 343; 34342
253; 343; 34369
254; 343; 34293
255; 343; 34190
256; 343; 34177
257; 343; 34134
258; 343; 34124
259; 343; 34280
260; 343; 34524
204; 344; 33198
205; 344; 33017
206; 344; 33112
207; 344; 33385
208; 344; 33469
209; 344; 33414
210; 344; 33307
211; 344; 33306
212; 344; 33504
213; 344; 33708
214; 344; 33739
215; 344; 33537
216; 344; 33370
217; 344; 33386
218; 344; 33536
219; 344; 33620
220; 344; 33556
221; 344; 33444
222; 344; 33375
223; 344; 33318
224; 344; 33233
225; 344; 33152
226; 344; 33165
227; 344; 33423
228; 344; 33863
229; 344; 34216
230; 344; 34394
231; 344; 34407
232; 344; 34343
233; 344; 34275
234; 344; 34308
235; 344; 34375
236; 344; 34501
237; 344; 34734
238; 344; 34990
239; 344; 35107
240; 344; 34981
241; 344; 34773
242; 344; 34567
243; 344; 34429
244; 344; 34413
245; 344; 34453
246; 344; 34416
247; 344; 34415
248; 344; 34651
249; 344; 34797
250; 344; 34665
251; 344; 34269
252; 344; 34273
253; 344; 34544
254; 344; 34603
255; 344; 34521
256; 344; 34458
257; 344; 34345
258; 344; 34155
259; 344; 34115
260; 344; 34156
204; 345; 33621
205; 345; 33298
206; 345; 33134
207; 345; 33211
208; 345; 33390
209; 345; 33475
210; 345; 33400
211; 345; 33312
212; 345; 33361
213; 345; 33683
214; 345; 33943
215; 345; 33932
216; 345; 33736
217; 345; 33607
218; 345; 33689
219; 345; 33710
220; 345; 33742
221; 345; 33741
222; 345; 33713
223; 345; 33571
224; 345; 33424
225; 345; 33287
226; 345; 33185
227; 345; 33187
228; 345; 33455
229; 345; 33928
230; 345; 34343
231; 345; 34574
232; 345; 34559
233; 345; 34391
234; 345; 34339
235; 345; 34376
236; 345; 34487
237; 345; 34693
238; 345; 34870
239; 345; 34842
240; 345; 34643
241; 345; 34549
242; 345; 34585
243; 345; 34539
244; 345; 34424
245; 345; 34337
246; 345; 34311
247; 345; 34391
248; 345; 34532
249; 345; 34590
250; 345; 34435
251; 345; 34235
252; 345; 34277
253; 345; 34430
254; 345; 34553
255; 345; 34585
256; 345; 34514
257; 345; 34405
258; 345; 34376
259; 345; 34258
260; 345; 34123
204; 346; 34065
205; 346; 33786
206; 346; 33418
207; 346; 33159
208; 346; 33137
209; 346; 33257
210; 346; 33386
211; 346; 33359
212; 346; 33328
213; 346; 33442
214; 346; 33803
215; 346; 34085
216; 346; 34096
217; 346; 33895
218; 346; 33657
219; 346; 33616
220; 346; 33684
221; 346; 33868
222; 346; 33977
223; 346; 33905
224; 346; 33704
225; 346; 33495
226; 346; 33342
227; 346; 33218
228; 346; 33247
229; 346; 33552
230; 346; 34076
231; 346; 34514
232; 346; 34670
233; 346; 34545
234; 346; 34361
235; 346; 34350
236; 346; 34487
237; 346; 34581
238; 346; 34558
239; 346; 34436
240; 346; 34311
241; 346; 34294
242; 346; 34339
243; 346; 34352
244; 346; 34332
245; 346; 34314
246; 346; 34310
247; 346; 34235
248; 346; 34001
249; 346; 33914
250; 346; 34094
251; 346; 34317
252; 346; 34215
253; 346; 33904
254; 346; 33895
255; 346; 34132
256; 346; 34218
257; 346; 34237
258; 346; 34421
259; 346; 34495
260; 346; 34376
204; 347; 34275
205; 347; 34128
206; 347; 33869
207; 347; 33452
208; 347; 33138
209; 347; 33052
210; 347; 33167
211; 347; 33401
212; 347; 33418
213; 347; 33366
214; 347; 33548
215; 347; 33953
216; 347; 34128
217; 347; 34000
218; 347; 33747
219; 347; 33617
220; 347; 33701
221; 347; 33905
222; 347; 34034
223; 347; 34052
224; 347; 33928
225; 347; 33750
226; 347; 33637
227; 347; 33500
228; 347; 33323
229; 347; 33321
230; 347; 33619
231; 347; 34096
232; 347; 34408
233; 347; 34446
234; 347; 34326
235; 347; 34257
236; 347; 34254
237; 347; 34128
238; 347; 33872
239; 347; 33824
240; 347; 34002
241; 347; 34019
242; 347; 33835
243; 347; 33844
244; 347; 34105
245; 347; 34390
246; 347; 34417
247; 347; 34126
248; 347; 33519
249; 347; 33149
250; 347; 33482
251; 347; 34077
252; 347; 34011
253; 347; 33399
254; 347; 33170
255; 347; 33447
256; 347; 33628
257; 347; 33652
258; 347; 33902
259; 347; 34301
260; 347; 34365
204; 348; 34376
205; 348; 34286
206; 348; 34241
207; 348; 34051
208; 348; 33652
209; 348; 33271
210; 348; 33147
211; 348; 33338
212; 348; 33487
213; 348; 33460
214; 348; 33479
215; 348; 33752
216; 348; 33949
217; 348; 33937
218; 348; 33898
219; 348; 33957
220; 348; 33975
221; 348; 33908
222; 348; 33901
223; 348; 33930
224; 348; 33928
225; 348; 33852
226; 348; 33791
227; 348; 33707
228; 348; 33500
229; 348; 33314
230; 348; 33295
231; 348; 33508
232; 348; 33869
233; 348; 34119
234; 348; 34145
235; 348; 34032
236; 348; 33861
237; 348; 33513
238; 348; 33209
239; 348; 33349
240; 348; 33778
241; 348; 33793
242; 348; 33390
243; 348; 33384
244; 348; 33931
245; 348; 34451
246; 348; 34478
247; 348; 34086
248; 348; 33360
249; 348; 32798
250; 348; 32862
251; 348; 33515
252; 348; 33759
253; 348; 33313
254; 348; 33023
255; 348; 33148
256; 348; 33131
257; 348; 32928
258; 348; 33018
259; 348; 33527
260; 348; 33985
204; 349; 34666
205; 349; 34447
206; 349; 34421
207; 349; 34503
208; 349; 34353
209; 349; 33899
210; 349; 33463
211; 349; 33394
212; 349; 33417
213; 349; 33378
214; 349; 33378
215; 349; 33548
216; 349; 33708
217; 349; 33804
218; 349; 33926
219; 349; 34036
220; 349; 33976
221; 349; 33740
222; 349; 33503
223; 349; 33494
224; 349; 33665
225; 349; 33780
226; 349; 33761
227; 349; 33704
228; 349; 33577
229; 349; 33418
230; 349; 33277
231; 349; 33203
232; 349; 33388
233; 349; 33711
234; 349; 33842
235; 349; 33725
236; 349; 33503
237; 349; 33213
238; 349; 32983
239; 349; 33175
240; 349; 33650
241; 349; 33736
242; 349; 33356
243; 349; 33268
244; 349; 33776
245; 349; 34335
246; 349; 34386
247; 349; 34124
248; 349; 33739
249; 349; 33395
250; 349; 33243
251; 349; 33511
252; 349; 33750
253; 349; 33654
254; 349; 33571
255; 349; 33508
256; 349; 33220
257; 349; 32859
258; 349; 32888
259; 349; 33407
260; 349; 33969
204; 350; 34826
205; 350; 34593
206; 350; 34295
207; 350; 34346
208; 350; 34444
209; 350; 34193
210; 350; 33778
211; 350; 33488
212; 350; 33267
213; 350; 33147
214; 350; 33152
215; 350; 33270
216; 350; 33424
217; 350; 33587
218; 350; 33692
219; 350; 33641
220; 350; 33516
221; 350; 33329
222; 350; 33173
223; 350; 33222
224; 350; 33453
225; 350; 33682
226; 350; 33715
227; 350; 33693
228; 350; 33682
229; 350; 33624
230; 350; 33454
231; 350; 33268
232; 350; 33258
233; 350; 33411
234; 350; 33506
235; 350; 33461
236; 350; 33366
237; 350; 33265
238; 350; 33172
239; 350; 33244
240; 350; 33523
241; 350; 33806
242; 350; 33732
243; 350; 33517
244; 350; 33587
245; 350; 33844
246; 350; 34062
247; 350; 34225
248; 350; 34504
249; 350; 34714
250; 350; 34553
251; 350; 34108
252; 350; 33830
253; 350; 34083
254; 350; 34383
255; 350; 34357
256; 350; 34030
257; 350; 33804
258; 350; 33965
259; 350; 34223
260; 350; 34332
204; 351; 34715
205; 351; 34531
206; 351; 33994
207; 351; 33769
208; 351; 33818
209; 351; 33836
210; 351; 33644
211; 351; 33374
212; 351; 33192
213; 351; 33128
214; 351; 33144
215; 351; 33175
216; 351; 33286
217; 351; 33455
218; 351; 33520
219; 351; 33347
220; 351; 33186
221; 351; 33184
222; 351; 33190
223; 351; 33328
224; 351; 33520
225; 351; 33603
226; 351; 33656
227; 351; 33721
228; 351; 33752
229; 351; 33730
230; 351; 33626
231; 351; 33448
232; 351; 33334
233; 351; 33310
234; 351; 33371
235; 351; 33484
236; 351; 33559
237; 351; 33613
238; 351; 33643
239; 351; 33590
240; 351; 33590
241; 351; 33828
242; 351; 34061
243; 351; 33915
244; 351; 33598
245; 351; 33450
246; 351; 33508
247; 351; 33986
248; 351; 34676
249; 351; 35263
250; 351; 35150
251; 351; 34393
252; 351; 33788
253; 351; 34096
254; 351; 34618
255; 351; 34641
256; 351; 34631
257; 351; 34783
258; 351; 34984
259; 351; 34799
260; 351; 34336
204; 352; 34240
205; 352; 34306
206; 352; 34073
207; 352; 33723
208; 352; 33434
209; 352; 33303
210; 352; 33286
211; 352; 33223
212; 352; 33221
213; 352; 33360
214; 352; 33510
215; 352; 33420
216; 352; 33418
217; 352; 33593
218; 352; 33633
219; 352; 33471
220; 352; 33336
221; 352; 33349
222; 352; 33479
223; 352; 33593
224; 352; 33577
225; 352; 33499
226; 352; 33490
227; 352; 33579
228; 352; 33660
229; 352; 33657
230; 352; 33600
231; 352; 33556
232; 352; 33438
233; 352; 33353
234; 352; 33451
235; 352; 33703
236; 352; 33933
237; 352; 34055
238; 352; 34178
239; 352; 34139
240; 352; 33882
241; 352; 33870
242; 352; 34186
243; 352; 34227
244; 352; 33893
245; 352; 33492
246; 352; 33195
247; 352; 33474
248; 352; 34056
249; 352; 34567
250; 352; 34488
251; 352; 33910
252; 352; 33527
253; 352; 33743
254; 352; 34138
255; 352; 34257
256; 352; 34411
257; 352; 34725
258; 352; 34811
259; 352; 34429
260; 352; 33853
204; 353; 33879
205; 353; 34165
206; 353; 34431
207; 353; 34319
208; 353; 33713
209; 353; 33181
210; 353; 33039
211; 353; 33107
212; 353; 33204
213; 353; 33504
214; 353; 33722
215; 353; 33704
216; 353; 33670
217; 353; 33760
218; 353; 33794
219; 353; 33731
220; 353; 33696
221; 353; 33697
222; 353; 33698
223; 353; 33686
224; 353; 33592
225; 353; 33458
226; 353; 33393
227; 353; 33443
228; 353; 33517
229; 353; 33573
230; 353; 33620
231; 353; 33669
232; 353; 33642
233; 353; 33576
234; 353; 33636
235; 353; 33873
236; 353; 34052
237; 353; 34188
238; 353; 34384
239; 353; 34431
240; 353; 34139
241; 353; 33850
242; 353; 33988
243; 353; 34247
244; 353; 34086
245; 353; 33662
246; 353; 33248
247; 353; 33306
248; 353; 33647
249; 353; 33854
250; 353; 33751
251; 353; 33518
252; 353; 33463
253; 353; 33485
254; 353; 33486
255; 353; 33567
256; 353; 33844
257; 353; 34098
258; 353; 34049
259; 353; 33757
260; 353; 33498
204; 354; 33768
205; 354; 33950
206; 354; 34474
207; 354; 34676
208; 354; 34105
209; 354; 33290
210; 354; 32965
211; 354; 33041
212; 354; 33247
213; 354; 33478
214; 354; 33651
215; 354; 33707
216; 354; 33712
217; 354; 33748
218; 354; 33765
219; 354; 33797
220; 354; 33882
221; 354; 33890
222; 354; 33817
223; 354; 33728
224; 354; 33677
225; 354; 33628
226; 354; 33606
227; 354; 33590
228; 354; 33572
229; 354; 33628
230; 354; 33763
231; 354; 33880
232; 354; 33877
233; 354; 33825
234; 354; 33804
235; 354; 33863
236; 354; 33952
237; 354; 34024
238; 354; 34188
239; 354; 34237
240; 354; 34022
241; 354; 33766
242; 354; 33729
243; 354; 33862
244; 354; 33873
245; 354; 33622
246; 354; 33381
247; 354; 33442
248; 354; 33669
249; 354; 33718
250; 354; 33644
251; 354; 33608
252; 354; 33597
253; 354; 33420
254; 354; 33242
255; 354; 33268
256; 354; 33475
257; 354; 33600
258; 354; 33602
259; 354; 33602
260; 354; 33583
204; 355; 33681
205; 355; 33706
206; 355; 34008
207; 355; 34368
208; 355; 34105
209; 355; 33369
210; 355; 32914
211; 355; 33001
212; 355; 33406
213; 355; 33702
214; 355; 33826
215; 355; 33775
216; 355; 33724
217; 355; 33701
218; 355; 33692
219; 355; 33782
220; 355; 33932
221; 355; 33958
222; 355; 33933
223; 355; 33905
224; 355; 33880
225; 355; 33857
226; 355; 33878
227; 355; 33876
228; 355; 33793
229; 355; 33761
230; 355; 33869
231; 355; 33935
232; 355; 33956
233; 355; 33977
234; 355; 33974
235; 355; 33934
236; 355; 33923
237; 355; 33912
238; 355; 33889
239; 355; 33916
240; 355; 33983
241; 355; 33942
242; 355; 33799
243; 355; 33646
244; 355; 33567
245; 355; 33469
246; 355; 33396
247; 355; 33443
248; 355; 33617
249; 355; 33685
250; 355; 33667
251; 355; 33663
252; 355; 33622
253; 355; 33442
254; 355; 33348
255; 355; 33422
256; 355; 33478
257; 355; 33484
258; 355; 33527
259; 355; 33672
260; 355; 33781
204; 356; 33613
205; 356; 33702
206; 356; 33795
207; 356; 33957
208; 356; 33919
209; 356; 33408
210; 356; 32883
211; 356; 32877
212; 356; 33406
213; 356; 33897
214; 356; 34101
215; 356; 34049
216; 356; 33893
217; 356; 33727
218; 356; 33680
219; 356; 33754
220; 356; 33884
221; 356; 33927
222; 356; 33940
223; 356; 33968
224; 356; 33928
225; 356; 33807
226; 356; 33809
227; 356; 33878
228; 356; 33894
229; 356; 33864
230; 356; 33887
231; 356; 33926
232; 356; 33948
233; 356; 33978
234; 356; 33994
235; 356; 33970
236; 356; 33954
237; 356; 33922
238; 356; 33862
239; 356; 33895
240; 356; 34113
241; 356; 34264
242; 356; 34075
243; 356; 33770
244; 356; 33649
245; 356; 33616
246; 356; 33515
247; 356; 33463
248; 356; 33536
249; 356; 33616
250; 356; 33613
251; 356; 33592
252; 356; 33583
253; 356; 33570
254; 356; 33647
255; 356; 33723
256; 356; 33680
257; 356; 33609
258; 356; 33671
259; 356; 33797
260; 356; 33820
204; 357; 33582
205; 357; 33901
206; 357; 34069
207; 357; 34073
208; 357; 33896
209; 357; 33440
210; 357; 32973
211; 357; 32847
212; 357; 33164
213; 357; 33746
214; 357; 34080
215; 357; 34076
216; 357; 33978
217; 357; 33842
218; 357; 33782
219; 357; 33818
220; 357; 33846
221; 357; 33801
222; 357; 33818
223; 357; 33920
224; 357; 33894
225; 357; 33696
226; 357; 33607
227; 357; 33759
228; 357; 33898
229; 357; 33922
230; 357; 33901
231; 357; 33879
232; 357; 33884
233; 357; 33917
234; 357; 33936
235; 357; 33935
236; 357; 33996
237; 357; 34109
238; 357; 34139
239; 357; 34119
240; 357; 34147
241; 357; 34064
242; 357; 33792
243; 357; 33593
244; 357; 33776
245; 357; 34034
246; 357; 34121
247; 357; 34008
248; 357; 33843
249; 357; 33726
250; 357; 33630
251; 357; 33581
252; 357; 33628
253; 357; 33761
254; 357; 33823
255; 357; 33763
256; 357; 33704
257; 357; 33783
258; 357; 33884
259; 357; 33889
260; 357; 33881
204; 358; 33468
205; 358; 33764
206; 358; 34136
207; 358; 34241
208; 358; 34061
209; 358; 33532
210; 358; 33062
211; 358; 32914
212; 358; 32968
213; 358; 33428
214; 358; 33805
215; 358; 33894
216; 358; 33893
217; 358; 33867
218; 358; 33869
219; 358; 33898
220; 358; 33862
221; 358; 33706
222; 358; 33646
223; 358; 33745
224; 358; 33816
225; 358; 33712
226; 358; 33610
227; 358; 33631
228; 358; 33790
229; 358; 33872
230; 358; 33833
231; 358; 33819
232; 358; 33865
233; 358; 33943
234; 358; 33969
235; 358; 34016
236; 358; 34188
237; 358; 34400
238; 358; 34522
239; 358; 34449
240; 358; 34161
241; 358; 33735
242; 358; 33270
243; 358; 33199
244; 358; 33617
245; 358; 34208
246; 358; 34598
247; 358; 34624
248; 358; 34368
249; 358; 34048
250; 358; 33869
251; 358; 33791
252; 358; 33796
253; 358; 33845
254; 358; 33796
255; 358; 33650
256; 358; 33635
257; 358; 33853
258; 358; 33947
259; 358; 33948
260; 358; 34023
204; 359; 33332
205; 359; 33333
206; 359; 33701
207; 359; 34139
208; 359; 34136
209; 359; 33607
210; 359; 33054
211; 359; 32854
212; 359; 32927
213; 359; 33344
214; 359; 33633
215; 359; 33703
216; 359; 33748
217; 359; 33808
218; 359; 33856
219; 359; 33890
220; 359; 33886
221; 359; 33770
222; 359; 33669
223; 359; 33731
224; 359; 33830
225; 359; 33808
226; 359; 33675
227; 359; 33639
228; 359; 33703
229; 359; 33752
230; 359; 33772
231; 359; 33869
232; 359; 33989
233; 359; 34026
234; 359; 34042
235; 359; 34098
236; 359; 34196
237; 359; 34330
238; 359; 34481
239; 359; 34511
240; 359; 34254
241; 359; 33793
242; 359; 33391
243; 359; 33266
244; 359; 33479
245; 359; 33900
246; 359; 34382
247; 359; 34625
248; 359; 34566
249; 359; 34380
250; 359; 34241
251; 359; 34149
252; 359; 34040
253; 359; 33909
254; 359; 33725
255; 359; 33632
256; 359; 33718
257; 359; 33953
258; 359; 33951
259; 359; 33960
260; 359; 34044
204; 360; 33398
205; 360; 33159
206; 360; 33156
207; 360; 33569
208; 360; 33859
209; 360; 33570
210; 360; 33017
211; 360; 32883
212; 360; 33042
213; 360; 33484
214; 360; 33655
215; 360; 33626
216; 360; 33641
217; 360; 33639
218; 360; 33652
219; 360; 33775
220; 360; 33881
221; 360; 33919
222; 360; 33899
223; 360; 33888
224; 360; 33912
225; 360; 33917
226; 360; 33827
227; 360; 33742
228; 360; 33726
229; 360; 33726
230; 360; 33801
231; 360; 33923
232; 360; 33956
233; 360; 33855
234; 360; 33811
235; 360; 33874
236; 360; 33841
237; 360; 33765
238; 360; 33891
239; 360; 34173
240; 360; 34258
241; 360; 34232
242; 360; 34111
243; 360; 33913
244; 360; 33716
245; 360; 33699
246; 360; 33991
247; 360; 34431
248; 360; 34701
249; 360; 34756
250; 360; 34665
251; 360; 34524
252; 360; 34363
253; 360; 34074
254; 360; 33739
255; 360; 33626
256; 360; 33859
257; 360; 34113
258; 360; 34056
259; 360; 33998
260; 360; 34024
