275; 215; 33001
276; 215; 32972
277; 215; 32868
278; 215; 32831
279; 215; 32870
280; 215; 32971
281; 215; 33021
282; 215; 33009
283; 215; 32991
284; 215; 32972
285; 215; 32937
286; 215; 32928
287; 215; 32956
288; 215; 32949
289; 215; 32910
290; 215; 32876
291; 215; 32860
292; 215; 32876
293; 215; 32902
294; 215; 32949
295; 215; 33063
296; 215; 33208
297; 215; 33271
298; 215; 33180
299; 215; 33019
300; 215; 32924
301; 215; 32887
302; 215; 32858
303; 215; 32874
304; 215; 32991
305; 215; 33140
306; 215; 33166
307; 215; 33061
308; 215; 32925
309; 215; 32840
310; 215; 32808
311; 215; 32809
312; 215; 32845
313; 215; 32897
314; 215; 32950
315; 215; 32955
316; 215; 32912
317; 215; 32877
318; 215; 32879
319; 215; 32889
320; 215; 32914
321; 215; 32997
322; 215; 33095
323; 215; 33161
324; 215; 33162
325; 215; 33168
326; 215; 33198
327; 215; 33220
328; 215; 33224
329; 215; 33214
330; 215; 33174
275; 216; 32998
276; 216; 33001
277; 216; 32948
278; 216; 32892
279; 216; 32902
280; 216; 32957
281; 216; 32963
282; 216; 32952
283; 216; 32962
284; 216; 32948
285; 216; 32926
286; 216; 32906
287; 216; 32909
288; 216; 32891
289; 216; 32872
290; 216; 32871
291; 216; 32854
292; 216; 32909
293; 216; 32987
294; 216; 33026
295; 216; 33120
296; 216; 33227
297; 216; 33214
298; 216; 33040
299; 216; 32864
300; 216; 32822
301; 216; 32864
302; 216; 32934
303; 216; 33020
304; 216; 33132
305; 216; 33198
306; 216; 33139
307; 216; 32997
308; 216; 32867
309; 216; 32814
310; 216; 32805
311; 216; 32814
312; 216; 32857
313; 216; 32903
314; 216; 32933
315; 216; 32926
316; 216; 32895
317; 216; 32866
318; 216; 32843
319; 216; 32829
320; 216; 32872
321; 216; 32987
322; 216; 33123
323; 216; 33163
324; 216; 33144
325; 216; 33170
326; 216; 33198
327; 216; 33175
328; 216; 33135
329; 216; 33139
330; 216; 33157
275; 217; 32980
276; 217; 32993
277; 217; 32990
278; 217; 32978
279; 217; 32955
280; 217; 32941
281; 217; 32898
282; 217; 32889
283; 217; 32906
284; 217; 32880
285; 217; 32911
286; 217; 32925
287; 217; 32931
288; 217; 32927
289; 217; 32844
290; 217; 32813
291; 217; 32870
292; 217; 32991
293; 217; 33096
294; 217; 33101
295; 217; 33122
296; 217; 33170
297; 217; 33118
298; 217; 32947
299; 217; 32824
300; 217; 32836
301; 217; 32929
302; 217; 33058
303; 217; 33134
304; 217; 33138
305; 217; 33079
306; 217; 32979
307; 217; 32899
308; 217; 32848
309; 217; 32808
310; 217; 32806
311; 217; 32841
312; 217; 32905
313; 217; 32969
314; 217; 32987
315; 217; 32948
316; 217; 32890
317; 217; 32863
318; 217; 32839
319; 217; 32843
320; 217; 32883
321; 217; 32982
322; 217; 33104
323; 217; 33131
324; 217; 33102
325; 217; 33123
326; 217; 33143
327; 217; 33109
328; 217; 33041
329; 217; 33045
330; 217; 33126
275; 218; 32891
276; 218; 32888
277; 218; 32941
278; 218; 32996
279; 218; 33031
280; 218; 33019
281; 218; 32949
282; 218; 32886
283; 218; 32875
284; 218; 32859
285; 218; 32911
286; 218; 32942
287; 218; 32963
288; 218; 32987
289; 218; 32925
290; 218; 32861
291; 218; 32924
292; 218; 33096
293; 218; 33224
294; 218; 33216
295; 218; 33163
296; 218; 33124
297; 218; 33043
298; 218; 32937
299; 218; 32892
300; 218; 32953
301; 218; 33091
302; 218; 33197
303; 218; 33168
304; 218; 33033
305; 218; 32893
306; 218; 32846
307; 218; 32872
308; 218; 32868
309; 218; 32816
310; 218; 32836
311; 218; 32841
312; 218; 32917
313; 218; 32994
314; 218; 33011
315; 218; 32964
316; 218; 32888
317; 218; 32852
318; 218; 32857
319; 218; 32896
320; 218; 32957
321; 218; 33031
322; 218; 33118
323; 218; 33148
324; 218; 33133
325; 218; 33132
326; 218; 33125
327; 218; 33099
328; 218; 33038
329; 218; 33045
330; 218; 33139
275; 219; 32849
276; 219; 32882
277; 219; 32900
278; 219; 32947
279; 219; 33050
280; 219; 33095
281; 219; 33040
282; 219; 32960
283; 219; 32937
284; 219; 32935
285; 219; 32943
286; 219; 32952
287; 219; 32969
288; 219; 32990
289; 219; 32983
290; 219; 32979
291; 219; 33057
292; 219; 33215
293; 219; 33334
294; 219; 33321
295; 219; 33200
296; 219; 33055
297; 219; 32971
298; 219; 32959
299; 219; 32987
300; 219; 33067
301; 219; 33183
302; 219; 33214
303; 219; 33109
304; 219; 32947
305; 219; 32836
306; 219; 32822
307; 219; 32865
308; 219; 32875
309; 219; 32822
310; 219; 32821
311; 219; 32815
312; 219; 32891
313; 219; 32928
314; 219; 32936
315; 219; 32914
316; 219; 32873
317; 219; 32864
318; 219; 32907
319; 219; 32988
320; 219; 33071
321; 219; 33126
322; 219; 33175
323; 219; 33207
324; 219; 33204
325; 219; 33181
326; 219; 33151
327; 219; 33132
328; 219; 33124
329; 219; 33157
330; 219; 33218
275; 220; 32878
276; 220; 32878
277; 220; 32882
278; 220; 32931
279; 220; 33016
280; 220; 33068
281; 220; 33055
282; 220; 33008
283; 220; 32977
284; 220; 32962
285; 220; 32956
286; 220; 32960
287; 220; 32955
288; 220; 32968
289; 220; 33031
290; 220; 33126
291; 220; 33223
292; 220; 33314
293; 220; 33363
294; 220; 33303
295; 220; 33120
296; 220; 32936
297; 220; 32916
298; 220; 33014
299; 220; 33079
300; 220; 33110
301; 220; 33142
302; 220; 33119
303; 220; 33026
304; 220; 32901
305; 220; 32839
306; 220; 32839
307; 220; 32828
308; 220; 32816
309; 220; 32806
310; 220; 32834
311; 220; 32900
312; 220; 32920
313; 220; 32871
314; 220; 32835
315; 220; 32833
316; 220; 32847
317; 220; 32895
318; 220; 32980
319; 220; 33050
320; 220; 33099
321; 220; 33149
322; 220; 33177
323; 220; 33189
324; 220; 33193
325; 220; 33181
326; 220; 33159
327; 220; 33171
328; 220; 33232
329; 220; 33280
330; 220; 33280
275; 221; 32985
276; 221; 32967
277; 221; 32952
278; 221; 32948
279; 221; 32943
280; 221; 32953
281; 221; 32976
282; 221; 32975
283; 221; 32944
284; 221; 32926
285; 221; 32936
286; 221; 32959
287; 221; 32968
288; 221; 32997
289; 221; 33102
290; 221; 33252
291; 221; 33337
292; 221; 33326
293; 221; 33257
294; 221; 33132
295; 221; 32961
296; 221; 32852
297; 221; 32922
298; 221; 33089
299; 221; 33164
300; 221; 33113
301; 221; 33029
302; 221; 32992
303; 221; 32981
304; 221; 32916
305; 221; 32847
306; 221; 32841
307; 221; 32851
308; 221; 32847
309; 221; 32832
310; 221; 32895
311; 221; 32992
312; 221; 32982
313; 221; 32883
314; 221; 32815
315; 221; 32808
316; 221; 32832
317; 221; 32908
318; 221; 33006
319; 221; 33042
320; 221; 33041
321; 221; 33061
322; 221; 33080
323; 221; 33100
324; 221; 33138
325; 221; 33163
326; 221; 33159
327; 221; 33184
328; 221; 33268
329; 221; 33318
330; 221; 33273
275; 222; 33080
276; 222; 33044
277; 222; 32971
278; 222; 32903
279; 222; 32842
280; 222; 32849
281; 222; 32905
282; 222; 32926
283; 222; 32931
284; 222; 32927
285; 222; 32932
286; 222; 32979
287; 222; 33024
288; 222; 33061
289; 222; 33156
290; 222; 33290
291; 222; 33338
292; 222; 33247
293; 222; 33097
294; 222; 32970
295; 222; 32890
296; 222; 32895
297; 222; 33025
298; 222; 33179
299; 222; 33191
300; 222; 33047
301; 222; 32895
302; 222; 32852
303; 222; 32887
304; 222; 32895
305; 222; 32845
306; 222; 32840
307; 222; 32874
308; 222; 32876
309; 222; 32871
310; 222; 32923
311; 222; 32982
312; 222; 32983
313; 222; 32914
314; 222; 32857
315; 222; 32825
316; 222; 32833
317; 222; 32927
318; 222; 33013
319; 222; 33023
320; 222; 33001
321; 222; 33001
322; 222; 33038
323; 222; 33096
324; 222; 33164
325; 222; 33199
326; 222; 33186
327; 222; 33191
328; 222; 33246
329; 222; 33278
330; 222; 33217
275; 223; 33046
276; 223; 33001
277; 223; 32912
278; 223; 32869
279; 223; 32852
280; 223; 32849
281; 223; 32874
282; 223; 32917
283; 223; 32956
284; 223; 32968
285; 223; 32995
286; 223; 33044
287; 223; 33086
288; 223; 33116
289; 223; 33166
290; 223; 33226
291; 223; 33218
292; 223; 33114
293; 223; 32988
294; 223; 32915
295; 223; 32920
296; 223; 32998
297; 223; 33110
298; 223; 33162
299; 223; 33073
300; 223; 32907
301; 223; 32824
302; 223; 32841
303; 223; 32827
304; 223; 32825
305; 223; 32835
306; 223; 32833
307; 223; 32838
308; 223; 32833
309; 223; 32850
310; 223; 32877
311; 223; 32879
312; 223; 32891
313; 223; 32902
314; 223; 32891
315; 223; 32863
316; 223; 32876
317; 223; 32973
318; 223; 33050
319; 223; 33055
320; 223; 33037
321; 223; 33051
322; 223; 33107
323; 223; 33181
324; 223; 33241
325; 223; 33248
326; 223; 33208
327; 223; 33199
328; 223; 33234
329; 223; 33236
330; 223; 33168
275; 224; 32973
276; 224; 32933
277; 224; 32872
278; 224; 32851
279; 224; 32862
280; 224; 32857
281; 224; 32871
282; 224; 32935
283; 224; 32989
284; 224; 33001
285; 224; 33043
286; 224; 33106
287; 224; 33163
288; 224; 33184
289; 224; 33165
290; 224; 33126
291; 224; 33065
292; 224; 32989
293; 224; 32922
294; 224; 32901
295; 224; 32955
296; 224; 33040
297; 224; 33062
298; 224; 32978
299; 224; 32861
300; 224; 32806
301; 224; 32809
302; 224; 32855
303; 224; 32826
304; 224; 32819
305; 224; 32843
306; 224; 32868
307; 224; 32885
308; 224; 32871
309; 224; 32846
310; 224; 32839
311; 224; 32841
312; 224; 32814
313; 224; 32859
314; 224; 32889
315; 224; 32871
316; 224; 32895
317; 224; 33007
318; 224; 33102
319; 224; 33118
320; 224; 33101
321; 224; 33119
322; 224; 33162
323; 224; 33214
324; 224; 33257
325; 224; 33245
326; 224; 33188
327; 224; 33183
328; 224; 33227
329; 224; 33221
330; 224; 33159
275; 225; 32964
276; 225; 32925
277; 225; 32877
278; 225; 32847
279; 225; 32850
280; 225; 32877
281; 225; 32913
282; 225; 32968
283; 225; 33024
284; 225; 33052
285; 225; 33094
286; 225; 33184
287; 225; 33262
288; 225; 33249
289; 225; 33150
290; 225; 33028
291; 225; 32935
292; 225; 32880
293; 225; 32858
294; 225; 32892
295; 225; 32968
296; 225; 33000
297; 225; 32937
298; 225; 32865
299; 225; 32853
300; 225; 32815
301; 225; 32811
302; 225; 32844
303; 225; 32827
304; 225; 32827
305; 225; 32857
306; 225; 32904
307; 225; 32931
308; 225; 32910
309; 225; 32857
310; 225; 32828
311; 225; 32846
312; 225; 32803
313; 225; 32841
314; 225; 32863
315; 225; 32847
316; 225; 32861
317; 225; 32985
318; 225; 33121
319; 225; 33168
320; 225; 33151
321; 225; 33156
322; 225; 33166
323; 225; 33185
324; 225; 33211
325; 225; 33208
326; 225; 33168
327; 225; 33161
328; 225; 33221
329; 225; 33246
330; 225; 33209
275; 226; 33003
276; 226; 32955
277; 226; 32902
278; 226; 32888
279; 226; 32905
280; 226; 32954
281; 226; 33027
282; 226; 33077
283; 226; 33082
284; 226; 33091
285; 226; 33151
286; 226; 33253
287; 226; 33292
288; 226; 33215
289; 226; 33084
290; 226; 32955
291; 226; 32866
292; 226; 32828
293; 226; 32829
294; 226; 32895
295; 226; 32974
296; 226; 32935
297; 226; 32859
298; 226; 32874
299; 226; 32881
300; 226; 32837
301; 226; 32845
302; 226; 32843
303; 226; 32845
304; 226; 32848
305; 226; 32848
306; 226; 32879
307; 226; 32895
308; 226; 32879
309; 226; 32836
310; 226; 32815
311; 226; 32818
312; 226; 32826
313; 226; 32861
314; 226; 32843
315; 226; 32814
316; 226; 32838
317; 226; 32959
318; 226; 33113
319; 226; 33196
320; 226; 33201
321; 226; 33197
322; 226; 33191
323; 226; 33191
324; 226; 33184
325; 226; 33183
326; 226; 33185
327; 226; 33166
328; 226; 33228
329; 226; 33289
330; 226; 33282
275; 227; 33004
276; 227; 32959
277; 227; 32908
278; 227; 32875
279; 227; 32925
280; 227; 33058
281; 227; 33212
282; 227; 33273
283; 227; 33205
284; 227; 33143
285; 227; 33182
286; 227; 33239
287; 227; 33199
288; 227; 33089
289; 227; 32991
290; 227; 32907
291; 227; 32840
292; 227; 32809
293; 227; 32845
294; 227; 32941
295; 227; 32968
296; 227; 32870
297; 227; 32801
298; 227; 32848
299; 227; 32900
300; 227; 32912
301; 227; 32868
302; 227; 32840
303; 227; 32864
304; 227; 32865
305; 227; 32863
306; 227; 32869
307; 227; 32897
308; 227; 32884
309; 227; 32828
310; 227; 32820
311; 227; 32830
312; 227; 32874
313; 227; 32884
314; 227; 32860
315; 227; 32836
316; 227; 32886
317; 227; 33007
318; 227; 33139
319; 227; 33217
320; 227; 33238
321; 227; 33230
322; 227; 33233
323; 227; 33239
324; 227; 33208
325; 227; 33200
326; 227; 33213
327; 227; 33202
328; 227; 33242
329; 227; 33291
330; 227; 33296
275; 228; 32967
276; 228; 32940
277; 228; 32917
278; 228; 32883
279; 228; 32966
280; 228; 33159
281; 228; 33343
282; 228; 33404
283; 228; 33324
284; 228; 33231
285; 228; 33203
286; 228; 33159
287; 228; 33056
288; 228; 32963
289; 228; 32919
290; 228; 32876
291; 228; 32815
292; 228; 32804
293; 228; 32900
294; 228; 32987
295; 228; 32914
296; 228; 32805
297; 228; 32800
298; 228; 32874
299; 228; 32990
300; 228; 32966
301; 228; 32847
302; 228; 32822
303; 228; 32809
304; 228; 32890
305; 228; 32965
306; 228; 33017
307; 228; 33076
308; 228; 33034
309; 228; 32881
310; 228; 32805
311; 228; 32829
312; 228; 32878
313; 228; 32874
314; 228; 32873
315; 228; 32908
316; 228; 32995
317; 228; 33110
318; 228; 33203
319; 228; 33234
320; 228; 33223
321; 228; 33199
322; 228; 33217
323; 228; 33258
324; 228; 33255
325; 228; 33243
326; 228; 33245
327; 228; 33244
328; 228; 33250
329; 228; 33266
330; 228; 33249
275; 229; 32960
276; 229; 33025
277; 229; 33060
278; 229; 33053
279; 229; 33094
280; 229; 33210
281; 229; 33324
282; 229; 33376
283; 229; 33351
284; 229; 33283
285; 229; 33185
286; 229; 33053
287; 229; 32937
288; 229; 32888
289; 229; 32885
290; 229; 32861
291; 229; 32807
292; 229; 32815
293; 229; 32922
294; 229; 32963
295; 229; 32864
296; 229; 32793
297; 229; 32840
298; 229; 32978
299; 229; 33042
300; 229; 32916
301; 229; 32801
302; 229; 32831
303; 229; 32912
304; 229; 33070
305; 229; 33183
306; 229; 33293
307; 229; 33378
308; 229; 33305
309; 229; 33053
310; 229; 32838
311; 229; 32812
312; 229; 32863
313; 229; 32873
314; 229; 32878
315; 229; 32952
316; 229; 33056
317; 229; 33151
318; 229; 33216
319; 229; 33218
320; 229; 33171
321; 229; 33140
322; 229; 33180
323; 229; 33266
324; 229; 33304
325; 229; 33277
326; 229; 33264
327; 229; 33277
328; 229; 33276
329; 229; 33264
330; 229; 33218
275; 230; 33027
276; 230; 33164
277; 230; 33268
278; 230; 33285
279; 230; 33235
280; 230; 33199
281; 230; 33214
282; 230; 33263
283; 230; 33288
284; 230; 33226
285; 230; 33079
286; 230; 32939
287; 230; 32866
288; 230; 32859
289; 230; 32881
290; 230; 32893
291; 230; 32880
292; 230; 32884
293; 230; 32921
294; 230; 32900
295; 230; 32828
296; 230; 32819
297; 230; 32911
298; 230; 33039
299; 230; 33000
300; 230; 32871
301; 230; 32869
302; 230; 33000
303; 230; 33202
304; 230; 33326
305; 230; 33384
306; 230; 33489
307; 230; 33600
308; 230; 33577
309; 230; 33360
310; 230; 33062
311; 230; 32889
312; 230; 32877
313; 230; 32903
314; 230; 32927
315; 230; 32983
316; 230; 33040
317; 230; 33093
318; 230; 33147
319; 230; 33180
320; 230; 33157
321; 230; 33144
322; 230; 33199
323; 230; 33282
324; 230; 33326
325; 230; 33300
326; 230; 33266
327; 230; 33287
328; 230; 33297
329; 230; 33265
330; 230; 33220
275; 231; 33111
276; 231; 33228
277; 231; 33345
278; 231; 33379
279; 231; 33315
280; 231; 33211
281; 231; 33154
282; 231; 33170
283; 231; 33176
284; 231; 33081
285; 231; 32937
286; 231; 32853
287; 231; 32827
288; 231; 32823
289; 231; 32868
290; 231; 32966
291; 231; 33037
292; 231; 33024
293; 231; 32967
294; 231; 32894
295; 231; 32828
296; 231; 32839
297; 231; 32929
298; 231; 32979
299; 231; 32915
300; 231; 32900
301; 231; 33050
302; 231; 33284
303; 231; 33464
304; 231; 33489
305; 231; 33466
306; 231; 33522
307; 231; 33640
308; 231; 33718
309; 231; 33644
310; 231; 33371
311; 231; 33059
312; 231; 32922
313; 231; 32957
314; 231; 33035
315; 231; 33061
316; 231; 33049
317; 231; 33050
318; 231; 33097
319; 231; 33170
320; 231; 33198
321; 231; 33200
322; 231; 33225
323; 231; 33247
324; 231; 33274
325; 231; 33294
326; 231; 33282
327; 231; 33286
328; 231; 33274
329; 231; 33226
330; 231; 33199
275; 232; 33195
276; 232; 33237
277; 232; 33280
278; 232; 33307
279; 232; 33321
280; 232; 33286
281; 232; 33219
282; 232; 33165
283; 232; 33097
284; 232; 32976
285; 232; 32869
286; 232; 32830
287; 232; 32815
288; 232; 32807
289; 232; 32866
290; 232; 33028
291; 232; 33162
292; 232; 33133
293; 232; 33025
294; 232; 32943
295; 232; 32879
296; 232; 32848
297; 232; 32861
298; 232; 32859
299; 232; 32840
300; 232; 32930
301; 232; 33208
302; 232; 33493
303; 232; 33598
304; 232; 33560
305; 232; 33515
306; 232; 33521
307; 232; 33582
308; 232; 33687
309; 232; 33718
310; 232; 33520
311; 232; 33191
312; 232; 33005
313; 232; 33059
314; 232; 33170
315; 232; 33171
316; 232; 33125
317; 232; 33105
318; 232; 33134
319; 232; 33196
320; 232; 33242
321; 232; 33246
322; 232; 33205
323; 232; 33164
324; 232; 33179
325; 232; 33257
326; 232; 33309
327; 232; 33303
328; 232; 33248
329; 232; 33186
330; 232; 33171
275; 233; 33286
276; 233; 33265
277; 233; 33217
278; 233; 33200
279; 233; 33260
280; 233; 33324
281; 233; 33302
282; 233; 33211
283; 233; 33105
284; 233; 33005
285; 233; 32916
286; 233; 32851
287; 233; 32839
288; 233; 32842
289; 233; 32883
290; 233; 33023
291; 233; 33141
292; 233; 33113
293; 233; 33018
294; 233; 32955
295; 233; 32911
296; 233; 32865
297; 233; 32820
298; 233; 32808
299; 233; 32833
300; 233; 32943
301; 233; 33284
302; 233; 33543
303; 233; 33592
304; 233; 33564
305; 233; 33568
306; 233; 33556
307; 233; 33526
308; 233; 33558
309; 233; 33592
310; 233; 33470
311; 233; 33237
312; 233; 33137
313; 233; 33223
314; 233; 33299
315; 233; 33256
316; 233; 33196
317; 233; 33184
318; 233; 33183
319; 233; 33193
320; 233; 33232
321; 233; 33261
322; 233; 33205
323; 233; 33125
324; 233; 33128
325; 233; 33223
326; 233; 33299
327; 233; 33284
328; 233; 33221
329; 233; 33189
330; 233; 33209
275; 234; 33333
276; 234; 33290
277; 234; 33182
278; 234; 33095
279; 234; 33124
280; 234; 33228
281; 234; 33274
282; 234; 33226
283; 234; 33154
284; 234; 33096
285; 234; 32998
286; 234; 32890
287; 234; 32874
288; 234; 32863
289; 234; 32875
290; 234; 32967
291; 234; 33025
292; 234; 33011
293; 234; 32973
294; 234; 32946
295; 234; 32958
296; 234; 32961
297; 234; 32878
298; 234; 32802
299; 234; 32835
300; 234; 32986
301; 234; 33327
302; 234; 33494
303; 234; 33482
304; 234; 33486
305; 234; 33540
306; 234; 33530
307; 234; 33451
308; 234; 33427
309; 234; 33445
310; 234; 33383
311; 234; 33292
312; 234; 33328
313; 234; 33439
314; 234; 33451
315; 234; 33350
316; 234; 33262
317; 234; 33231
318; 234; 33184
319; 234; 33137
320; 234; 33173
321; 234; 33248
322; 234; 33248
323; 234; 33179
324; 234; 33154
325; 234; 33196
326; 234; 33216
327; 234; 33182
328; 234; 33164
329; 234; 33219
330; 234; 33298
275; 235; 33280
276; 235; 33212
277; 235; 33094
278; 235; 32988
279; 235; 32967
280; 235; 33047
281; 235; 33129
282; 235; 33131
283; 235; 33107
284; 235; 33089
285; 235; 33019
286; 235; 32919
287; 235; 32856
288; 235; 32836
289; 235; 32878
290; 235; 32923
291; 235; 32927
292; 235; 32950
293; 235; 32979
294; 235; 33014
295; 235; 33116
296; 235; 33168
297; 235; 33027
298; 235; 32841
299; 235; 32861
300; 235; 33111
301; 235; 33399
302; 235; 33438
303; 235; 33359
304; 235; 33387
305; 235; 33454
306; 235; 33426
307; 235; 33349
308; 235; 33360
309; 235; 33411
310; 235; 33384
311; 235; 33389
312; 235; 33528
313; 235; 33683
314; 235; 33688
315; 235; 33566
316; 235; 33435
317; 235; 33333
318; 235; 33220
319; 235; 33132
320; 235; 33158
321; 235; 33231
322; 235; 33270
323; 235; 33251
324; 235; 33221
325; 235; 33194
326; 235; 33135
327; 235; 33088
328; 235; 33134
329; 235; 33270
330; 235; 33376
275; 236; 33113
276; 236; 33015
277; 236; 32942
278; 236; 32893
279; 236; 32868
280; 236; 32904
281; 236; 32958
282; 236; 32950
283; 236; 32930
284; 236; 32950
285; 236; 32971
286; 236; 32937
287; 236; 32874
288; 236; 32880
289; 236; 32916
290; 236; 32886
291; 236; 32877
292; 236; 32959
293; 236; 33050
294; 236; 33172
295; 236; 33351
296; 236; 33366
297; 236; 33143
298; 236; 32915
299; 236; 32957
300; 236; 33254
301; 236; 33445
302; 236; 33390
303; 236; 33325
304; 236; 33404
305; 236; 33451
306; 236; 33355
307; 236; 33287
308; 236; 33377
309; 236; 33480
310; 236; 33474
311; 236; 33519
312; 236; 33724
313; 236; 33941
314; 236; 33996
315; 236; 33895
316; 236; 33723
317; 236; 33524
318; 236; 33333
319; 236; 33223
320; 236; 33219
321; 236; 33241
322; 236; 33252
323; 236; 33269
324; 236; 33282
325; 236; 33247
326; 236; 33161
327; 236; 33113
328; 236; 33189
329; 236; 33337
330; 236; 33397
275; 237; 32915
276; 237; 32890
277; 237; 32874
278; 237; 32838
279; 237; 32844
280; 237; 32879
281; 237; 32887
282; 237; 32845
283; 237; 32803
284; 237; 32831
285; 237; 32937
286; 237; 32985
287; 237; 32963
288; 237; 32955
289; 237; 32928
290; 237; 32869
291; 237; 32885
292; 237; 32997
293; 237; 33146
294; 237; 33366
295; 237; 33530
296; 237; 33401
297; 237; 33093
298; 237; 32908
299; 237; 33015
300; 237; 33288
301; 237; 33411
302; 237; 33361
303; 237; 33398
304; 237; 33533
305; 237; 33519
306; 237; 33345
307; 237; 33295
308; 237; 33441
309; 237; 33579
310; 237; 33613
311; 237; 33716
312; 237; 33972
313; 237; 34203
314; 237; 34258
315; 237; 34154
316; 237; 33950
317; 237; 33675
318; 237; 33422
319; 237; 33291
320; 237; 33272
321; 237; 33263
322; 237; 33234
323; 237; 33256
324; 237; 33301
325; 237; 33292
326; 237; 33237
327; 237; 33205
328; 237; 33258
329; 237; 33346
330; 237; 33336
275; 238; 32848
276; 238; 32901
277; 238; 32900
278; 238; 32834
279; 238; 32875
280; 238; 32940
281; 238; 32933
282; 238; 32868
283; 238; 32814
284; 238; 32843
285; 238; 32967
286; 238; 33009
287; 238; 32961
288; 238; 32942
289; 238; 32939
290; 238; 32947
291; 238; 32989
292; 238; 33077
293; 238; 33269
294; 238; 33505
295; 238; 33525
296; 238; 33253
297; 238; 32948
298; 238; 32870
299; 238; 33035
300; 238; 33263
301; 238; 33361
302; 238; 33391
303; 238; 33511
304; 238; 33615
305; 238; 33514
306; 238; 33336
307; 238; 33347
308; 238; 33536
309; 238; 33702
310; 238; 33794
311; 238; 33970
312; 238; 34234
313; 238; 34389
314; 238; 34341
315; 238; 34178
316; 238; 33971
317; 238; 33710
318; 238; 33456
319; 238; 33316
320; 238; 33283
321; 238; 33261
322; 238; 33227
323; 238; 33230
324; 238; 33243
325; 238; 33237
326; 238; 33225
327; 238; 33226
328; 238; 33250
329; 238; 33258
330; 238; 33233
275; 239; 32861
276; 239; 32866
277; 239; 32851
278; 239; 32851
279; 239; 32927
280; 239; 32991
281; 239; 32999
282; 239; 32938
283; 239; 32884
284; 239; 32906
285; 239; 32975
286; 239; 32965
287; 239; 32917
288; 239; 32925
289; 239; 32986
290; 239; 33083
291; 239; 33149
292; 239; 33218
293; 239; 33388
294; 239; 33495
295; 239; 33335
296; 239; 33040
297; 239; 32869
298; 239; 32929
299; 239; 33124
300; 239; 33287
301; 239; 33364
302; 239; 33454
303; 239; 33559
304; 239; 33558
305; 239; 33426
306; 239; 33355
307; 239; 33483
308; 239; 33728
309; 239; 33903
310; 239; 34014
311; 239; 34192
312; 239; 34386
313; 239; 34413
314; 239; 34244
315; 239; 34040
316; 239; 33899
317; 239; 33753
318; 239; 33560
319; 239; 33395
320; 239; 33302
321; 239; 33249
322; 239; 33220
323; 239; 33184
324; 239; 33149
325; 239; 33144
326; 239; 33170
327; 239; 33216
328; 239; 33224
329; 239; 33171
330; 239; 33180
275; 240; 32912
276; 240; 32887
277; 240; 32899
278; 240; 32966
279; 240; 33022
280; 240; 33039
281; 240; 33035
282; 240; 32986
283; 240; 32923
284; 240; 32903
285; 240; 32936
286; 240; 32953
287; 240; 32937
288; 240; 32917
289; 240; 32976
290; 240; 33128
291; 240; 33239
292; 240; 33305
293; 240; 33379
294; 240; 33322
295; 240; 33093
296; 240; 32894
297; 240; 32897
298; 240; 33091
299; 240; 33302
300; 240; 33376
301; 240; 33394
302; 240; 33445
303; 240; 33466
304; 240; 33424
305; 240; 33412
306; 240; 33533
307; 240; 33772
308; 240; 34022
309; 240; 34166
310; 240; 34231
311; 240; 34303
312; 240; 34367
313; 240; 34311
314; 240; 34130
315; 240; 33977
316; 240; 33938
317; 240; 33912
318; 240; 33770
319; 240; 33551
320; 240; 33373
321; 240; 33274
322; 240; 33216
323; 240; 33135
324; 240; 33092
325; 240; 33118
326; 240; 33201
327; 240; 33298
328; 240; 33295
329; 240; 33211
330; 240; 33213
275; 241; 33097
276; 241; 33081
277; 241; 33131
278; 241; 33179
279; 241; 33167
280; 241; 33114
281; 241; 33052
282; 241; 32980
283; 241; 32901
284; 241; 32864
285; 241; 32923
286; 241; 33005
287; 241; 32987
288; 241; 32892
289; 241; 32898
290; 241; 33047
291; 241; 33176
292; 241; 33208
293; 241; 33194
294; 241; 33104
295; 241; 32939
296; 241; 32835
297; 241; 32915
298; 241; 33188
299; 241; 33431
300; 241; 33483
301; 241; 33435
302; 241; 33358
303; 241; 33281
304; 241; 33331
305; 241; 33557
306; 241; 33842
307; 241; 34064
308; 241; 34226
309; 241; 34335
310; 241; 34354
311; 241; 34300
312; 241; 34243
313; 241; 34181
314; 241; 34091
315; 241; 34036
316; 241; 34064
317; 241; 34085
318; 241; 33959
319; 241; 33705
320; 241; 33462
321; 241; 33312
322; 241; 33222
323; 241; 33130
324; 241; 33074
325; 241; 33109
326; 241; 33249
327; 241; 33381
328; 241; 33384
329; 241; 33307
330; 241; 33282
275; 242; 33177
276; 242; 33189
277; 242; 33249
278; 242; 33275
279; 242; 33222
280; 242; 33130
281; 242; 33051
282; 242; 32985
283; 242; 32915
284; 242; 32874
285; 242; 32931
286; 242; 33014
287; 242; 32982
288; 242; 32874
289; 242; 32853
290; 242; 32959
291; 242; 33042
292; 242; 33017
293; 242; 33000
294; 242; 33010
295; 242; 32939
296; 242; 32833
297; 242; 32866
298; 242; 33142
299; 242; 33469
300; 242; 33614
301; 242; 33543
302; 242; 33324
303; 242; 33180
304; 242; 33380
305; 242; 33793
306; 242; 34087
307; 242; 34160
308; 242; 34196
309; 242; 34295
310; 242; 34324
311; 242; 34221
312; 242; 34113
313; 242; 34074
314; 242; 34065
315; 242; 34074
316; 242; 34120
317; 242; 34151
318; 242; 34061
319; 242; 33831
320; 242; 33551
321; 242; 33340
322; 242; 33241
323; 242; 33181
324; 242; 33124
325; 242; 33122
326; 242; 33214
327; 242; 33310
328; 242; 33337
329; 242; 33318
330; 242; 33314
275; 243; 33066
276; 243; 33110
277; 243; 33186
278; 243; 33188
279; 243; 33107
280; 243; 33031
281; 243; 33003
282; 243; 32991
283; 243; 32961
284; 243; 32923
285; 243; 32926
286; 243; 32942
287; 243; 32909
288; 243; 32868
289; 243; 32902
290; 243; 32971
291; 243; 32961
292; 243; 32891
293; 243; 32932
294; 243; 33061
295; 243; 33036
296; 243; 32874
297; 243; 32840
298; 243; 33099
299; 243; 33509
300; 243; 33756
301; 243; 33684
302; 243; 33398
303; 243; 33269
304; 243; 33582
305; 243; 34025
306; 243; 34179
307; 243; 34078
308; 243; 34040
309; 243; 34162
310; 243; 34232
311; 243; 34144
312; 243; 34040
313; 243; 34017
314; 243; 34042
315; 243; 34073
316; 243; 34115
317; 243; 34161
318; 243; 34145
319; 243; 33974
320; 243; 33653
321; 243; 33349
322; 243; 33232
323; 243; 33234
324; 243; 33227
325; 243; 33182
326; 243; 33168
327; 243; 33199
328; 243; 33248
329; 243; 33283
330; 243; 33296
275; 244; 32910
276; 244; 33006
277; 244; 33090
278; 244; 33049
279; 244; 32952
280; 244; 32918
281; 244; 32945
282; 244; 32963
283; 244; 32958
284; 244; 32940
285; 244; 32911
286; 244; 32873
287; 244; 32850
288; 244; 32895
289; 244; 32998
290; 244; 33023
291; 244; 32916
292; 244; 32825
293; 244; 32917
294; 244; 33099
295; 244; 33085
296; 244; 32907
297; 244; 32878
298; 244; 33154
299; 244; 33578
300; 244; 33818
301; 244; 33717
302; 244; 33449
303; 244; 33422
304; 244; 33798
305; 244; 34159
306; 244; 34150
307; 244; 33970
308; 244; 33971
309; 244; 34142
310; 244; 34227
311; 244; 34154
312; 244; 34065
313; 244; 34046
314; 244; 34085
315; 244; 34135
316; 244; 34171
317; 244; 34217
318; 244; 34241
319; 244; 34099
320; 244; 33727
321; 244; 33335
322; 244; 33191
323; 244; 33257
324; 244; 33316
325; 244; 33278
326; 244; 33239
327; 244; 33257
328; 244; 33305
329; 244; 33319
330; 244; 33291
275; 245; 32884
276; 245; 32981
277; 245; 33032
278; 245; 32968
279; 245; 32894
280; 245; 32899
281; 245; 32941
282; 245; 32925
283; 245; 32908
284; 245; 32918
285; 245; 32901
286; 245; 32856
287; 245; 32861
288; 245; 32954
289; 245; 33053
290; 245; 33028
291; 245; 32893
292; 245; 32812
293; 245; 32903
294; 245; 33037
295; 245; 32996
296; 245; 32877
297; 245; 32949
298; 245; 33288
299; 245; 33678
300; 245; 33809
301; 245; 33628
302; 245; 33405
303; 245; 33504
304; 245; 33899
305; 245; 34148
306; 245; 34055
307; 245; 33934
308; 245; 34052
309; 245; 34246
310; 245; 34292
311; 245; 34215
312; 245; 34148
313; 245; 34133
314; 245; 34174
315; 245; 34244
316; 245; 34283
317; 245; 34299
318; 245; 34286
319; 245; 34109
320; 245; 33711
321; 245; 33315
322; 245; 33185
323; 245; 33290
324; 245; 33375
325; 245; 33370
326; 245; 33368
327; 245; 33405
328; 245; 33423
329; 245; 33381
330; 245; 33314
275; 246; 32952
276; 246; 32985
277; 246; 32980
278; 246; 32933
279; 246; 32933
280; 246; 32992
281; 246; 33007
282; 246; 32919
283; 246; 32871
284; 246; 32894
285; 246; 32887
286; 246; 32846
287; 246; 32868
288; 246; 32965
289; 246; 33038
290; 246; 33009
291; 246; 32905
292; 246; 32850
293; 246; 32906
294; 246; 32940
295; 246; 32873
296; 246; 32849
297; 246; 33028
298; 246; 33436
299; 246; 33799
300; 246; 33838
301; 246; 33590
302; 246; 33382
303; 246; 33534
304; 246; 33912
305; 246; 34094
306; 246; 34010
307; 246; 33994
308; 246; 34172
309; 246; 34305
310; 246; 34274
311; 246; 34209
312; 246; 34194
313; 246; 34187
314; 246; 34201
315; 246; 34280
316; 246; 34358
317; 246; 34365
318; 246; 34263
319; 246; 33988
320; 246; 33591
321; 246; 33284
322; 246; 33233
323; 246; 33350
324; 246; 33398
325; 246; 33381
326; 246; 33405
327; 246; 33452
328; 246; 33447
329; 246; 33384
330; 246; 33324
275; 247; 32969
276; 247; 32952
277; 247; 32920
278; 247; 32918
279; 247; 32993
280; 247; 33070
281; 247; 33034
282; 247; 32915
283; 247; 32887
284; 247; 32929
285; 247; 32905
286; 247; 32850
287; 247; 32861
288; 247; 32936
289; 247; 32994
290; 247; 32976
291; 247; 32920
292; 247; 32903
293; 247; 32928
294; 247; 32912
295; 247; 32857
296; 247; 32902
297; 247; 33156
298; 247; 33581
299; 247; 33918
300; 247; 33926
301; 247; 33670
302; 247; 33467
303; 247; 33591
304; 247; 33916
305; 247; 34089
306; 247; 34066
307; 247; 34104
308; 247; 34236
309; 247; 34256
310; 247; 34166
311; 247; 34146
312; 247; 34200
313; 247; 34195
314; 247; 34160
315; 247; 34235
316; 247; 34375
317; 247; 34414
318; 247; 34239
319; 247; 33855
320; 247; 33456
321; 247; 33265
322; 247; 33308
323; 247; 33407
324; 247; 33393
325; 247; 33338
326; 247; 33355
327; 247; 33394
328; 247; 33391
329; 247; 33358
330; 247; 33327
275; 248; 32932
276; 248; 32914
277; 248; 32899
278; 248; 32922
279; 248; 32997
280; 248; 33029
281; 248; 32963
282; 248; 32898
283; 248; 32948
284; 248; 32997
285; 248; 32932
286; 248; 32864
287; 248; 32877
288; 248; 32919
289; 248; 32923
290; 248; 32890
291; 248; 32882
292; 248; 32910
293; 248; 32926
294; 248; 32912
295; 248; 32906
296; 248; 33023
297; 248; 33327
298; 248; 33704
299; 248; 33977
300; 248; 33977
301; 248; 33762
302; 248; 33580
303; 248; 33648
304; 248; 33901
305; 248; 34090
306; 248; 34135
307; 248; 34180
308; 248; 34242
309; 248; 34202
310; 248; 34123
311; 248; 34162
312; 248; 34250
313; 248; 34230
314; 248; 34164
315; 248; 34231
316; 248; 34393
317; 248; 34436
318; 248; 34210
319; 248; 33774
320; 248; 33394
321; 248; 33282
322; 248; 33356
323; 248; 33413
324; 248; 33361
325; 248; 33296
326; 248; 33312
327; 248; 33354
328; 248; 33372
329; 248; 33373
330; 248; 33367
275; 249; 32922
276; 249; 32932
277; 249; 32972
278; 249; 32988
279; 249; 32975
280; 249; 32936
281; 249; 32886
282; 249; 32892
283; 249; 32968
284; 249; 32987
285; 249; 32920
286; 249; 32875
287; 249; 32905
288; 249; 32913
289; 249; 32845
290; 249; 32806
291; 249; 32844
292; 249; 32898
293; 249; 32912
294; 249; 32901
295; 249; 32961
296; 249; 33164
297; 249; 33481
298; 249; 33785
299; 249; 33976
300; 249; 33977
301; 249; 33825
302; 249; 33670
303; 249; 33679
304; 249; 33856
305; 249; 34056
306; 249; 34158
307; 249; 34209
308; 249; 34245
309; 249; 34228
310; 249; 34205
311; 249; 34265
312; 249; 34330
313; 249; 34298
314; 249; 34252
315; 249; 34317
316; 249; 34429
317; 249; 34385
318; 249; 34099
319; 249; 33694
320; 249; 33400
321; 249; 33338
322; 249; 33380
323; 249; 33379
324; 249; 33321
325; 249; 33274
326; 249; 33294
327; 249; 33340
328; 249; 33383
329; 249; 33405
330; 249; 33393
275; 250; 32950
276; 250; 32979
277; 250; 33035
278; 250; 33029
279; 250; 32947
280; 250; 32887
281; 250; 32879
282; 250; 32912
283; 250; 32963
284; 250; 32954
285; 250; 32892
286; 250; 32878
287; 250; 32939
288; 250; 32915
289; 250; 32834
290; 250; 32826
291; 250; 32849
292; 250; 32886
293; 250; 32903
294; 250; 32896
295; 250; 32999
296; 250; 33253
297; 250; 33578
298; 250; 33844
299; 250; 33992
300; 250; 34020
301; 250; 33931
302; 250; 33785
303; 250; 33727
304; 250; 33834
305; 250; 34021
306; 250; 34157
307; 250; 34238
308; 250; 34296
309; 250; 34315
310; 250; 34309
311; 250; 34335
312; 250; 34360
313; 250; 34345
314; 250; 34353
315; 250; 34425
316; 250; 34438
317; 250; 34250
318; 250; 33900
319; 250; 33577
320; 250; 33414
321; 250; 33404
322; 250; 33417
323; 250; 33377
324; 250; 33319
325; 250; 33284
326; 250; 33294
327; 250; 33313
328; 250; 33346
329; 250; 33385
330; 250; 33381
275; 251; 33000
276; 251; 33022
277; 251; 33056
278; 251; 33032
279; 251; 32930
280; 251; 32870
281; 251; 32880
282; 251; 32915
283; 251; 32930
284; 251; 32898
285; 251; 32859
286; 251; 32894
287; 251; 32996
288; 251; 33001
289; 251; 32880
290; 251; 32817
291; 251; 32855
292; 251; 32895
293; 251; 32915
294; 251; 32965
295; 251; 33109
296; 251; 33352
297; 251; 33646
298; 251; 33888
299; 251; 34026
300; 251; 34081
301; 251; 34035
302; 251; 33882
303; 251; 33765
304; 251; 33819
305; 251; 33974
306; 251; 34114
307; 251; 34239
308; 251; 34349
309; 251; 34390
310; 251; 34365
311; 251; 34353
312; 251; 34374
313; 251; 34398
314; 251; 34431
315; 251; 34468
316; 251; 34370
317; 251; 34065
318; 251; 33691
319; 251; 33451
320; 251; 33395
321; 251; 33431
322; 251; 33443
323; 251; 33409
324; 251; 33365
325; 251; 33333
326; 251; 33321
327; 251; 33301
328; 251; 33311
329; 251; 33357
330; 251; 33366
275; 252; 33067
276; 252; 33081
277; 252; 33087
278; 252; 33056
279; 252; 32969
280; 252; 32876
281; 252; 32858
282; 252; 32873
283; 252; 32869
284; 252; 32854
285; 252; 32888
286; 252; 33017
287; 252; 33171
288; 252; 33227
289; 252; 33171
290; 252; 33087
291; 252; 33009
292; 252; 32945
293; 252; 32944
294; 252; 33053
295; 252; 33247
296; 252; 33476
297; 252; 33726
298; 252; 33923
299; 252; 34019
300; 252; 34051
301; 252; 34012
302; 252; 33869
303; 252; 33730
304; 252; 33733
305; 252; 33837
306; 252; 33967
307; 252; 34134
308; 252; 34309
309; 252; 34392
310; 252; 34384
311; 252; 34389
312; 252; 34444
313; 252; 34482
314; 252; 34455
315; 252; 34369
316; 252; 34156
317; 252; 33822
318; 252; 33513
319; 252; 33363
320; 252; 33361
321; 252; 33405
322; 252; 33417
323; 252; 33395
324; 252; 33379
325; 252; 33381
326; 252; 33372
327; 252; 33345
328; 252; 33351
329; 252; 33378
330; 252; 33378
275; 253; 33096
276; 253; 33107
277; 253; 33098
278; 253; 33071
279; 253; 33009
280; 253; 32928
281; 253; 32879
282; 253; 32879
283; 253; 32900
284; 253; 32953
285; 253; 33091
286; 253; 33299
287; 253; 33477
288; 253; 33566
289; 253; 33591
290; 253; 33548
291; 253; 33383
292; 253; 33152
293; 253; 33026
294; 253; 33105
295; 253; 33328
296; 253; 33576
297; 253; 33793
298; 253; 33928
299; 253; 33961
300; 253; 33957
301; 253; 33930
302; 253; 33830
303; 253; 33714
304; 253; 33678
305; 253; 33719
306; 253; 33805
307; 253; 33970
308; 253; 34169
309; 253; 34284
310; 253; 34311
311; 253; 34357
312; 253; 34440
313; 253; 34453
314; 253; 34322
315; 253; 34092
316; 253; 33810
317; 253; 33540
318; 253; 33363
319; 253; 33330
320; 253; 33365
321; 253; 33380
322; 253; 33365
323; 253; 33338
324; 253; 33349
325; 253; 33377
326; 253; 33382
327; 253; 33368
328; 253; 33373
329; 253; 33385
330; 253; 33378
275; 254; 33031
276; 254; 33030
277; 254; 33037
278; 254; 33039
279; 254; 33014
280; 254; 32973
281; 254; 32952
282; 254; 32962
283; 254; 33013
284; 254; 33150
285; 254; 33382
286; 254; 33624
287; 254; 33784
288; 254; 33869
289; 254; 33941
290; 254; 33969
291; 254; 33819
292; 254; 33494
293; 254; 33213
294; 254; 33174
295; 254; 33365
296; 254; 33636
297; 254; 33832
298; 254; 33911
299; 254; 33929
300; 254; 33960
301; 254; 33985
302; 254; 33936
303; 254; 33842
304; 254; 33788
305; 254; 33781
306; 254; 33796
307; 254; 33884
308; 254; 34012
309; 254; 34077
310; 254; 34072
311; 254; 34088
312; 254; 34148
313; 254; 34148
314; 254; 34002
315; 254; 33751
316; 254; 33506
317; 254; 33350
318; 254; 33302
319; 254; 33355
320; 254; 33415
321; 254; 33405
322; 254; 33340
323; 254; 33282
324; 254; 33299
325; 254; 33335
326; 254; 33340
327; 254; 33324
328; 254; 33335
329; 254; 33375
330; 254; 33395
275; 255; 32950
276; 255; 32926
277; 255; 32934
278; 255; 32964
279; 255; 32991
280; 255; 32999
281; 255; 33016
282; 255; 33071
283; 255; 33186
284; 255; 33377
285; 255; 33619
286; 255; 33827
287; 255; 33942
288; 255; 34012
289; 255; 34116
290; 255; 34214
291; 255; 34147
292; 255; 33858
293; 255; 33511
294; 255; 33340
295; 255; 33428
296; 255; 33658
297; 255; 33839
298; 255; 33915
299; 255; 33986
300; 255; 34105
301; 255; 34172
302; 255; 34115
303; 255; 34000
304; 255; 33932
305; 255; 33910
306; 255; 33896
307; 255; 33903
308; 255; 33911
309; 255; 33850
310; 255; 33722
311; 255; 33626
312; 255; 33634
313; 255; 33678
314; 255; 33631
315; 255; 33495
316; 255; 33364
317; 255; 33304
318; 255; 33332
319; 255; 33409
320; 255; 33463
321; 255; 33428
322; 255; 33320
323; 255; 33233
324; 255; 33248
325; 255; 33316
326; 255; 33338
327; 255; 33308
328; 255; 33311
329; 255; 33390
330; 255; 33468
275; 256; 32957
276; 256; 32913
277; 256; 32883
278; 256; 32945
279; 256; 33012
280; 256; 33020
281; 256; 33047
282; 256; 33164
283; 256; 33346
284; 256; 33528
285; 256; 33694
286; 256; 33834
287; 256; 33942
288; 256; 34061
289; 256; 34221
290; 256; 34359
291; 256; 34370
292; 256; 34197
293; 256; 33882
294; 256; 33590
295; 256; 33496
296; 256; 33610
297; 256; 33793
298; 256; 33945
299; 256; 34094
300; 256; 34244
301; 256; 34283
302; 256; 34170
303; 256; 34034
304; 256; 33989
305; 256; 34007
306; 256; 34011
307; 256; 33969
308; 256; 33864
309; 256; 33669
310; 256; 33426
311; 256; 33234
312; 256; 33195
313; 256; 33295
314; 256; 33379
315; 256; 33382
316; 256; 33356
317; 256; 33356
318; 256; 33417
319; 256; 33473
320; 256; 33483
321; 256; 33428
322; 256; 33316
323; 256; 33224
324; 256; 33242
325; 256; 33343
326; 256; 33400
327; 256; 33362
328; 256; 33330
329; 256; 33406
330; 256; 33511
275; 257; 32995
276; 257; 32933
277; 257; 32890
278; 257; 32989
279; 257; 33070
280; 257; 33040
281; 257; 33051
282; 257; 33215
283; 257; 33426
284; 257; 33542
285; 257; 33604
286; 257; 33725
287; 257; 33928
288; 257; 34173
289; 257; 34395
290; 257; 34532
291; 257; 34574
292; 257; 34511
293; 257; 34281
294; 257; 33904
295; 257; 33589
296; 257; 33526
297; 257; 33694
298; 257; 33940
299; 257; 34145
300; 257; 34260
301; 257; 34245
302; 257; 34138
303; 257; 34083
304; 257; 34136
305; 257; 34201
306; 257; 34175
307; 257; 34036
308; 257; 33807
309; 257; 33527
310; 257; 33251
311; 257; 33038
312; 257; 32975
313; 257; 33081
314; 257; 33226
315; 257; 33296
316; 257; 33318
317; 257; 33370
318; 257; 33460
319; 257; 33498
320; 257; 33474
321; 257; 33441
322; 257; 33377
323; 257; 33292
324; 257; 33278
325; 257; 33359
326; 257; 33438
327; 257; 33417
328; 257; 33343
329; 257; 33354
330; 257; 33442
275; 258; 32934
276; 258; 32905
277; 258; 32906
278; 258; 33023
279; 258; 33114
280; 258; 33054
281; 258; 33038
282; 258; 33227
283; 258; 33428
284; 258; 33464
285; 258; 33478
286; 258; 33681
287; 258; 34043
288; 258; 34385
289; 258; 34601
290; 258; 34686
291; 258; 34708
292; 258; 34716
293; 258; 34604
294; 258; 34246
295; 258; 33778
296; 258; 33506
297; 258; 33561
298; 258; 33809
299; 258; 34035
300; 258; 34147
301; 258; 34166
302; 258; 34173
303; 258; 34260
304; 258; 34391
305; 258; 34414
306; 258; 34253
307; 258; 33964
308; 258; 33634
309; 258; 33325
310; 258; 33074
311; 258; 32916
312; 258; 32875
313; 258; 32956
314; 258; 33088
315; 258; 33155
316; 258; 33189
317; 258; 33247
318; 258; 33338
319; 258; 33406
320; 258; 33438
321; 258; 33475
322; 258; 33463
323; 258; 33377
324; 258; 33310
325; 258; 33340
326; 258; 33420
327; 258; 33435
328; 258; 33376
329; 258; 33337
330; 258; 33370
275; 259; 32881
276; 259; 32907
277; 259; 32926
278; 259; 33018
279; 259; 33096
280; 259; 33036
281; 259; 33034
282; 259; 33251
283; 259; 33435
284; 259; 33424
285; 259; 33453
286; 259; 33780
287; 259; 34254
288; 259; 34578
289; 259; 34690
290; 259; 34695
291; 259; 34689
292; 259; 34731
293; 259; 34739
294; 259; 34512
295; 259; 34034
296; 259; 33570
297; 259; 33393
298; 259; 33518
299; 259; 33747
300; 259; 33930
301; 259; 34056
302; 259; 34173
303; 259; 34300
304; 259; 34354
305; 259; 34227
306; 259; 33934
307; 259; 33594
308; 259; 33282
309; 259; 33029
310; 259; 32868
311; 259; 32873
312; 259; 32866
313; 259; 32878
314; 259; 32962
315; 259; 32995
316; 259; 33008
317; 259; 33024
318; 259; 33075
319; 259; 33174
320; 259; 33298
321; 259; 33404
322; 259; 33416
323; 259; 33330
324; 259; 33250
325; 259; 33281
326; 259; 33397
327; 259; 33465
328; 259; 33450
329; 259; 33408
330; 259; 33390
275; 260; 32932
276; 260; 32998
277; 260; 32982
278; 260; 32980
279; 260; 32994
280; 260; 32969
281; 260; 33056
282; 260; 33308
283; 260; 33472
284; 260; 33463
285; 260; 33538
286; 260; 33928
287; 260; 34415
288; 260; 34651
289; 260; 34651
290; 260; 34615
291; 260; 34612
292; 260; 34649
293; 260; 34707
294; 260; 34620
295; 260; 34230
296; 260; 33650
297; 260; 33227
298; 260; 33179
299; 260; 33384
300; 260; 33618
301; 260; 33779
302; 260; 33873
303; 260; 33895
304; 260; 33797
305; 260; 33572
306; 260; 33304
307; 260; 33082
308; 260; 32917
309; 260; 32831
310; 260; 32833
311; 260; 32858
312; 260; 32863
313; 260; 32842
314; 260; 32855
315; 260; 32858
316; 260; 32869
317; 260; 32871
318; 260; 32879
319; 260; 32958
320; 260; 33089
321; 260; 33187
322; 260; 33200
323; 260; 33147
324; 260; 33121
325; 260; 33207
326; 260; 33378
327; 260; 33503
328; 260; 33515
329; 260; 33469
330; 260; 33412
275; 261; 33023
276; 261; 33100
277; 261; 33055
278; 261; 32950
279; 261; 32899
280; 261; 32926
281; 261; 33079
282; 261; 33307
283; 261; 33445
284; 261; 33509
285; 261; 33659
286; 261; 34048
287; 261; 34482
288; 261; 34640
289; 261; 34588
290; 261; 34574
291; 261; 34615
292; 261; 34643
293; 261; 34673
294; 261; 34627
295; 261; 34295
296; 261; 33680
297; 261; 33142
298; 261; 32988
299; 261; 33129
300; 261; 33301
301; 261; 33358
302; 261; 33333
303; 261; 33260
304; 261; 33141
305; 261; 33007
306; 261; 32898
307; 261; 32840
308; 261; 32804
309; 261; 32805
310; 261; 32819
311; 261; 32842
312; 261; 32840
313; 261; 32820
314; 261; 32838
315; 261; 32845
316; 261; 32850
317; 261; 32849
318; 261; 32863
319; 261; 32904
320; 261; 32951
321; 261; 32981
322; 261; 32979
323; 261; 32976
324; 261; 33041
325; 261; 33171
326; 261; 33316
327; 261; 33421
328; 261; 33442
329; 261; 33431
330; 261; 33402
275; 262; 32971
276; 262; 33078
277; 262; 33085
278; 262; 32972
279; 262; 32912
280; 262; 32978
281; 262; 33096
282; 262; 33206
283; 262; 33320
284; 262; 33499
285; 262; 33750
286; 262; 34129
287; 262; 34509
288; 262; 34629
289; 262; 34554
290; 262; 34543
291; 262; 34633
292; 262; 34714
293; 262; 34744
294; 262; 34665
295; 262; 34309
296; 262; 33687
297; 262; 33148
298; 262; 32972
299; 262; 33050
300; 262; 33113
301; 262; 33061
302; 262; 32981
303; 262; 32922
304; 262; 32887
305; 262; 32903
306; 262; 32943
307; 262; 32941
308; 262; 32893
309; 262; 32876
310; 262; 32869
311; 262; 32869
312; 262; 32842
313; 262; 32804
314; 262; 32812
315; 262; 32830
316; 262; 32850
317; 262; 32889
318; 262; 32938
319; 262; 32922
320; 262; 32884
321; 262; 32877
322; 262; 32872
323; 262; 32926
324; 262; 33039
325; 262; 33166
326; 262; 33246
327; 262; 33276
328; 262; 33292
329; 262; 33368
330; 262; 33462
275; 263; 32844
276; 263; 32966
277; 263; 33056
278; 263; 33001
279; 263; 32982
280; 263; 33078
281; 263; 33133
282; 263; 33116
283; 263; 33200
284; 263; 33466
285; 263; 33798
286; 263; 34152
287; 263; 34489
288; 263; 34620
289; 263; 34537
290; 263; 34474
291; 263; 34572
292; 263; 34749
293; 263; 34834
294; 263; 34690
295; 263; 34244
296; 263; 33627
297; 263; 33165
298; 263; 33023
299; 263; 33059
300; 263; 33067
301; 263; 33025
302; 263; 32993
303; 263; 32959
304; 263; 32937
305; 263; 32998
306; 263; 33094
307; 263; 33082
308; 263; 32967
309; 263; 32885
310; 263; 32846
311; 263; 32831
312; 263; 32830
313; 263; 32835
314; 263; 32841
315; 263; 32836
316; 263; 32858
317; 263; 32910
318; 263; 32951
319; 263; 32898
320; 263; 32830
321; 263; 32800
322; 263; 32848
323; 263; 32931
324; 263; 33013
325; 263; 33133
326; 263; 33243
327; 263; 33281
328; 263; 33312
329; 263; 33447
330; 263; 33611
275; 264; 32811
276; 264; 32892
277; 264; 32995
278; 264; 32969
279; 264; 32986
280; 264; 33112
281; 264; 33155
282; 264; 33089
283; 264; 33170
284; 264; 33473
285; 264; 33801
286; 264; 34063
287; 264; 34342
288; 264; 34551
289; 264; 34549
290; 264; 34470
291; 264; 34542
292; 264; 34744
293; 264; 34815
294; 264; 34547
295; 264; 33989
296; 264; 33421
297; 264; 33108
298; 264; 33054
299; 264; 33078
300; 264; 33074
301; 264; 33097
302; 264; 33126
303; 264; 33056
304; 264; 32926
305; 264; 32880
306; 264; 32934
307; 264; 32988
308; 264; 32920
309; 264; 32845
310; 264; 32822
311; 264; 32821
312; 264; 32822
313; 264; 32872
314; 264; 32903
315; 264; 32879
316; 264; 32868
317; 264; 32905
318; 264; 32965
319; 264; 32933
320; 264; 32837
321; 264; 32802
322; 264; 32847
323; 264; 32870
324; 264; 32902
325; 264; 33053
326; 264; 33280
327; 264; 33412
328; 264; 33445
329; 264; 33504
330; 264; 33576
275; 265; 32882
276; 265; 32887
277; 265; 32920
278; 265; 32886
279; 265; 32930
280; 265; 33088
281; 265; 33149
282; 265; 33109
283; 265; 33233
284; 265; 33533
285; 265; 33771
286; 265; 33883
287; 265; 34066
288; 265; 34358
289; 265; 34532
290; 265; 34549
291; 265; 34603
292; 265; 34714
293; 265; 34635
294; 265; 34203
295; 265; 33595
296; 265; 33157
297; 265; 33023
298; 265; 33041
299; 265; 33043
300; 265; 33025
301; 265; 33070
302; 265; 33106
303; 265; 33001
304; 265; 32860
305; 265; 32883
306; 265; 32869
307; 265; 32832
308; 265; 32922
309; 265; 32938
310; 265; 32908
311; 265; 32848
312; 265; 32819
313; 265; 32887
314; 265; 32932
315; 265; 32915
316; 265; 32903
317; 265; 32954
318; 265; 33043
319; 265; 33027
320; 265; 32923
321; 265; 32868
322; 265; 32821
323; 265; 32825
324; 265; 32808
325; 265; 32966
326; 265; 33269
327; 265; 33450
328; 265; 33434
329; 265; 33362
330; 265; 33333
275; 266; 32931
276; 266; 32918
277; 266; 32881
278; 266; 32831
279; 266; 32912
280; 266; 33110
281; 266; 33205
282; 266; 33200
283; 266; 33345
284; 266; 33625
285; 266; 33772
286; 266; 33748
287; 266; 33801
288; 266; 34061
289; 266; 34334
290; 266; 34466
291; 266; 34524
292; 266; 34508
293; 266; 34253
294; 266; 33735
295; 266; 33227
296; 266; 32996
297; 266; 32988
298; 266; 32991
299; 266; 32951
300; 266; 32926
301; 266; 32960
302; 266; 32984
303; 266; 32915
304; 266; 32831
305; 266; 32865
306; 266; 32869
307; 266; 32872
308; 266; 33068
309; 266; 33145
310; 266; 33065
311; 266; 32899
312; 266; 32829
313; 266; 32888
314; 266; 32932
315; 266; 32934
316; 266; 32927
317; 266; 32949
318; 266; 32990
319; 266; 32993
320; 266; 32976
321; 266; 32940
322; 266; 32808
323; 266; 32846
324; 266; 32811
325; 266; 32919
326; 266; 33209
327; 266; 33359
328; 266; 33287
329; 266; 33165
330; 266; 33153
275; 267; 32893
276; 267; 32927
277; 267; 32888
278; 267; 32838
279; 267; 32944
280; 267; 33198
281; 267; 33367
282; 267; 33414
283; 267; 33552
284; 267; 33798
285; 267; 33892
286; 267; 33781
287; 267; 33712
288; 267; 33801
289; 267; 33945
290; 267; 34048
291; 267; 34091
292; 267; 34007
293; 267; 33693
294; 267; 33248
295; 267; 32967
296; 267; 32958
297; 267; 33018
298; 267; 32975
299; 267; 32890
300; 267; 32874
301; 267; 32912
302; 267; 32935
303; 267; 32933
304; 267; 32923
305; 267; 32899
306; 267; 32890
307; 267; 32973
308; 267; 33168
309; 267; 33268
310; 267; 33179
311; 267; 32972
312; 267; 32839
313; 267; 32849
314; 267; 32902
315; 267; 32937
316; 267; 32908
317; 267; 32878
318; 267; 32856
319; 267; 32838
320; 267; 32887
321; 267; 32914
322; 267; 32845
323; 267; 32827
324; 267; 32806
325; 267; 32924
326; 267; 33179
327; 267; 33296
328; 267; 33207
329; 267; 33109
330; 267; 33168
275; 268; 32854
276; 268; 32930
277; 268; 32914
278; 268; 32855
279; 268; 32959
280; 268; 33275
281; 268; 33572
282; 268; 33727
283; 268; 33881
284; 268; 34071
285; 268; 34112
286; 268; 33955
287; 268; 33787
288; 268; 33681
289; 268; 33579
290; 268; 33502
291; 268; 33485
292; 268; 33425
293; 268; 33196
294; 268; 32908
295; 268; 32834
296; 268; 33002
297; 268; 33148
298; 268; 33092
299; 268; 32960
300; 268; 32914
301; 268; 32927
302; 268; 32930
303; 268; 32962
304; 268; 32999
305; 268; 32971
306; 268; 32898
307; 268; 32900
308; 268; 33047
309; 268; 33196
310; 268; 33193
311; 268; 33026
312; 268; 32851
313; 268; 32805
314; 268; 32842
315; 268; 32869
316; 268; 32839
317; 268; 32816
318; 268; 32839
319; 268; 32847
320; 268; 32853
321; 268; 32868
322; 268; 32882
323; 268; 32849
324; 268; 32844
325; 268; 32977
326; 268; 33191
327; 268; 33286
328; 268; 33211
329; 268; 33134
330; 268; 33174
275; 269; 32854
276; 269; 32942
277; 269; 32930
278; 269; 32868
279; 269; 32989
280; 269; 33357
281; 269; 33746
282; 269; 33984
283; 269; 34146
284; 269; 34274
285; 269; 34268
286; 269; 34106
287; 269; 33905
288; 269; 33706
289; 269; 33449
290; 269; 33198
291; 269; 33087
292; 269; 33066
293; 269; 32962
294; 269; 32816
295; 269; 32844
296; 269; 33088
297; 269; 33313
298; 269; 33276
299; 269; 33089
300; 269; 32952
301; 269; 32888
302; 269; 32882
303; 269; 32932
304; 269; 32946
305; 269; 32912
306; 269; 32857
307; 269; 32844
308; 269; 32861
309; 269; 33029
310; 269; 33133
311; 269; 33050
312; 269; 32883
313; 269; 32796
314; 269; 32791
315; 269; 32810
316; 269; 32872
317; 269; 33029
318; 269; 33260
319; 269; 33315
320; 269; 33112
321; 269; 32912
322; 269; 32885
323; 269; 32917
324; 269; 32936
325; 269; 33017
326; 269; 33146
327; 269; 33193
328; 269; 33125
329; 269; 33059
330; 269; 33041
