290; 226; 33802
291; 226; 33829
292; 226; 33697
293; 226; 33502
294; 226; 33407
295; 226; 33493
290; 227; 33860
291; 227; 33712
292; 227; 33443
293; 227; 33200
294; 227; 33115
295; 227; 33236
296; 227; 33574
289; 228; 33738
290; 228; 33759
291; 228; 33539
292; 228; 33258
293; 228; 33117
294; 228; 33074
295; 228; 33088
296; 228; 33320
297; 228; 33749
288; 229; 33479
289; 229; 33482
290; 229; 33519
291; 229; 33358
292; 229; 33182
293; 229; 33201
294; 229; 33234
295; 229; 33125
296; 229; 33128
297; 229; 33443
298; 229; 33867
299; 229; 34079
288; 230; 33408
289; 230; 33314
290; 230; 33307
291; 230; 33220
292; 230; 33144
293; 230; 33241
294; 230; 33349
295; 230; 33254
296; 230; 33121
297; 230; 33244
298; 230; 33619
299; 230; 33936
289; 231; 33365
290; 231; 33220
291; 231; 33145
292; 231; 33135
293; 231; 33229
294; 231; 33355
295; 231; 33349
296; 231; 33234
297; 231; 33228
298; 231; 33475
299; 231; 33805
289; 232; 33483
290; 232; 33219
291; 232; 33151
292; 232; 33203
293; 232; 33289
294; 232; 33387
295; 232; 33415
296; 232; 33327
297; 232; 33263
298; 232; 33427
299; 232; 33746
289; 233; 33477
290; 233; 33238
291; 233; 33248
292; 233; 33341
293; 233; 33415
294; 233; 33474
295; 233; 33464
296; 233; 33347
297; 233; 33269
298; 233; 33433
299; 233; 33742
289; 234; 33347
290; 234; 33263
291; 234; 33364
292; 234; 33439
293; 234; 33467
294; 234; 33493
295; 234; 33440
296; 234; 33316
297; 234; 33312
298; 234; 33526
289; 235; 33235
290; 235; 33314
291; 235; 33442
292; 235; 33453
293; 235; 33426
294; 235; 33420
295; 235; 33363
296; 235; 33328
297; 235; 33477
290; 236; 33388
291; 236; 33499
292; 236; 33479
293; 236; 33435
294; 236; 33411
295; 236; 33391
290; 237; 33465
291; 237; 33537
292; 237; 33541
293; 237; 33543
294; 237; 33556
295; 237; 33603
290; 238; 33552
291; 238; 33546
292; 238; 33569
