157; 213; 33290
158; 213; 33331
159; 213; 33263
160; 213; 33032
161; 213; 33005
162; 213; 33196
163; 213; 33366
164; 213; 33799
165; 213; 33984
166; 213; 33728
167; 213; 33376
168; 213; 33221
169; 213; 33186
170; 213; 33151
171; 213; 33129
172; 213; 33167
173; 213; 33223
174; 213; 33202
175; 213; 33136
176; 213; 33105
177; 213; 33123
178; 213; 33173
179; 213; 33211
180; 213; 33235
181; 213; 33287
182; 213; 33306
183; 213; 33203
184; 213; 32930
185; 213; 32894
186; 213; 32912
187; 213; 32906
188; 213; 32936
189; 213; 32909
190; 213; 32887
191; 213; 32905
192; 213; 32943
193; 213; 32977
194; 213; 32977
195; 213; 32988
196; 213; 33054
197; 213; 33131
198; 213; 33204
199; 213; 33278
200; 213; 33401
201; 213; 33565
202; 213; 33659
203; 213; 33635
204; 213; 33589
205; 213; 33563
206; 213; 33494
207; 213; 33397
208; 213; 33364
209; 213; 33432
210; 213; 33549
211; 213; 33677
212; 213; 33785
157; 214; 33288
158; 214; 33299
159; 214; 33284
160; 214; 33147
161; 214; 32948
162; 214; 33053
163; 214; 33184
164; 214; 33561
165; 214; 33895
166; 214; 33819
167; 214; 33500
168; 214; 33254
169; 214; 33138
170; 214; 33117
171; 214; 33147
172; 214; 33204
173; 214; 33271
174; 214; 33246
175; 214; 33157
176; 214; 33108
177; 214; 33103
178; 214; 33130
179; 214; 33166
180; 214; 33208
181; 214; 33286
182; 214; 33337
183; 214; 33270
184; 214; 32924
185; 214; 32897
186; 214; 32952
187; 214; 32938
188; 214; 32925
189; 214; 32918
190; 214; 32938
191; 214; 32931
192; 214; 32916
193; 214; 32933
194; 214; 32935
195; 214; 32932
196; 214; 32982
197; 214; 33094
198; 214; 33187
199; 214; 33224
200; 214; 33291
201; 214; 33430
202; 214; 33558
203; 214; 33581
204; 214; 33536
205; 214; 33514
206; 214; 33520
207; 214; 33529
208; 214; 33526
209; 214; 33506
210; 214; 33516
211; 214; 33623
212; 214; 33797
157; 215; 33214
158; 215; 33169
159; 215; 33185
160; 215; 33189
161; 215; 33079
162; 215; 32941
163; 215; 33048
164; 215; 33323
165; 215; 33633
166; 215; 33672
167; 215; 33451
168; 215; 33235
169; 215; 33114
170; 215; 33078
171; 215; 33115
172; 215; 33192
173; 215; 33274
174; 215; 33255
175; 215; 33170
176; 215; 33123
177; 215; 33116
178; 215; 33130
179; 215; 33155
180; 215; 33189
181; 215; 33259
182; 215; 33334
183; 215; 33328
184; 215; 32987
185; 215; 32926
186; 215; 32993
187; 215; 32977
188; 215; 32932
189; 215; 32905
190; 215; 32917
191; 215; 32948
192; 215; 32982
193; 215; 32996
194; 215; 32974
195; 215; 32953
196; 215; 32974
197; 215; 33056
198; 215; 33162
199; 215; 33213
200; 215; 33260
201; 215; 33380
202; 215; 33522
203; 215; 33560
204; 215; 33487
205; 215; 33437
206; 215; 33512
207; 215; 33677
208; 215; 33770
209; 215; 33686
210; 215; 33585
211; 215; 33638
212; 215; 33833
157; 216; 33162
158; 216; 33091
159; 216; 33111
160; 216; 33175
161; 216; 33174
162; 216; 33022
163; 216; 32970
164; 216; 33156
165; 216; 33404
166; 216; 33512
167; 216; 33380
168; 216; 33208
169; 216; 33118
170; 216; 33068
171; 216; 33074
172; 216; 33148
173; 216; 33231
174; 216; 33226
175; 216; 33166
176; 216; 33139
177; 216; 33150
178; 216; 33180
179; 216; 33216
180; 216; 33234
181; 216; 33255
182; 216; 33305
183; 216; 33309
184; 216; 33081
185; 216; 32943
186; 216; 32958
187; 216; 32971
188; 216; 32980
189; 216; 32972
190; 216; 32939
191; 216; 32966
192; 216; 33029
193; 216; 33049
194; 216; 33017
195; 216; 32971
196; 216; 32985
197; 216; 33027
198; 216; 33126
199; 216; 33242
200; 216; 33310
201; 216; 33401
202; 216; 33535
203; 216; 33591
204; 216; 33497
205; 216; 33375
206; 216; 33409
207; 216; 33678
208; 216; 33866
209; 216; 33856
210; 216; 33713
211; 216; 33694
212; 216; 33832
157; 217; 33183
158; 217; 33141
159; 217; 33144
160; 217; 33173
161; 217; 33159
162; 217; 33022
163; 217; 32918
164; 217; 33053
165; 217; 33283
166; 217; 33461
167; 217; 33413
168; 217; 33260
169; 217; 33147
170; 217; 33082
171; 217; 33076
172; 217; 33134
173; 217; 33198
174; 217; 33189
175; 217; 33144
176; 217; 33125
177; 217; 33135
178; 217; 33194
179; 217; 33287
180; 217; 33328
181; 217; 33301
182; 217; 33287
183; 217; 33289
184; 217; 33132
185; 217; 32914
186; 217; 32895
187; 217; 32952
188; 217; 32998
189; 217; 33011
190; 217; 32975
191; 217; 32971
192; 217; 32993
193; 217; 32988
194; 217; 32973
195; 217; 32967
196; 217; 33005
197; 217; 33048
198; 217; 33126
199; 217; 33269
200; 217; 33358
201; 217; 33429
202; 217; 33546
203; 217; 33624
204; 217; 33546
205; 217; 33368
206; 217; 33312
207; 217; 33465
208; 217; 33824
209; 217; 33905
210; 217; 33844
211; 217; 33772
212; 217; 33798
157; 218; 33210
158; 218; 33224
159; 218; 33225
160; 218; 33205
161; 218; 33151
162; 218; 33021
163; 218; 32899
164; 218; 33002
165; 218; 33192
166; 218; 33400
167; 218; 33452
168; 218; 33344
169; 218; 33195
170; 218; 33092
171; 218; 33075
172; 218; 33143
173; 218; 33210
174; 218; 33191
175; 218; 33132
176; 218; 33096
177; 218; 33096
178; 218; 33182
179; 218; 33322
180; 218; 33389
181; 218; 33347
182; 218; 33296
183; 218; 33277
184; 218; 33186
185; 218; 32940
186; 218; 32877
187; 218; 32920
188; 218; 32945
189; 218; 32961
190; 218; 32968
191; 218; 32986
192; 218; 32976
193; 218; 32929
194; 218; 32898
195; 218; 32909
196; 218; 32977
197; 218; 33046
198; 218; 33135
199; 218; 33271
200; 218; 33367
201; 218; 33435
202; 218; 33526
203; 218; 33601
204; 218; 33559
205; 218; 33404
206; 218; 33293
207; 218; 33333
208; 218; 33642
209; 218; 33896
210; 218; 33926
211; 218; 33849
212; 218; 33771
157; 219; 33209
158; 219; 33251
159; 219; 33252
160; 219; 33215
161; 219; 33183
162; 219; 33134
163; 219; 32993
164; 219; 32962
165; 219; 33081
166; 219; 33230
167; 219; 33365
168; 219; 33371
169; 219; 33252
170; 219; 33116
171; 219; 33065
172; 219; 33135
173; 219; 33214
174; 219; 33213
175; 219; 33171
176; 219; 33124
177; 219; 33106
178; 219; 33178
179; 219; 33304
180; 219; 33369
181; 219; 33339
182; 219; 33310
183; 219; 33308
184; 219; 33242
185; 219; 32938
186; 219; 32870
187; 219; 32889
188; 219; 32906
189; 219; 32922
190; 219; 32945
191; 219; 32976
192; 219; 32980
193; 219; 32958
194; 219; 32945
195; 219; 32899
196; 219; 32964
197; 219; 33076
198; 219; 33157
199; 219; 33269
200; 219; 33376
201; 219; 33450
202; 219; 33494
203; 219; 33515
204; 219; 33492
205; 219; 33411
206; 219; 33333
207; 219; 33358
208; 219; 33550
209; 219; 33853
210; 219; 33936
211; 219; 33911
212; 219; 33802
157; 220; 33224
158; 220; 33249
159; 220; 33238
160; 220; 33207
161; 220; 33211
162; 220; 33260
163; 220; 33203
164; 220; 33003
165; 220; 33021
166; 220; 33092
167; 220; 33217
168; 220; 33341
169; 220; 33323
170; 220; 33190
171; 220; 33099
172; 220; 33131
173; 220; 33187
174; 220; 33211
175; 220; 33207
176; 220; 33183
177; 220; 33175
178; 220; 33215
179; 220; 33281
180; 220; 33307
181; 220; 33284
182; 220; 33300
183; 220; 33340
184; 220; 33282
185; 220; 32971
186; 220; 32912
187; 220; 32931
188; 220; 32934
189; 220; 32930
190; 220; 32946
191; 220; 32989
192; 220; 32994
193; 220; 32928
194; 220; 32921
195; 220; 32924
196; 220; 33017
197; 220; 33127
198; 220; 33177
199; 220; 33268
200; 220; 33405
201; 220; 33492
202; 220; 33487
203; 220; 33438
204; 220; 33402
205; 220; 33386
206; 220; 33380
207; 220; 33396
208; 220; 33453
209; 220; 33681
210; 220; 33889
211; 220; 33948
212; 220; 33876
157; 221; 33235
158; 221; 33229
159; 221; 33202
160; 221; 33181
161; 221; 33196
162; 221; 33272
163; 221; 33321
164; 221; 33186
165; 221; 33021
166; 221; 33047
167; 221; 33120
168; 221; 33291
169; 221; 33364
170; 221; 33286
171; 221; 33218
172; 221; 33185
173; 221; 33154
174; 221; 33173
175; 221; 33200
176; 221; 33208
177; 221; 33224
178; 221; 33253
179; 221; 33270
180; 221; 33247
181; 221; 33221
182; 221; 33286
183; 221; 33386
184; 221; 33341
185; 221; 33009
186; 221; 32934
187; 221; 32956
188; 221; 32968
189; 221; 32960
190; 221; 32994
191; 221; 33052
192; 221; 33055
193; 221; 32957
194; 221; 32900
195; 221; 32929
196; 221; 33007
197; 221; 33099
198; 221; 33151
199; 221; 33252
200; 221; 33416
201; 221; 33521
202; 221; 33510
203; 221; 33437
204; 221; 33378
205; 221; 33368
206; 221; 33374
207; 221; 33346
208; 221; 33350
209; 221; 33506
210; 221; 33841
211; 221; 33957
212; 221; 33920
157; 222; 33215
158; 222; 33209
159; 222; 33186
160; 222; 33154
161; 222; 33155
162; 222; 33213
163; 222; 33316
164; 222; 33329
165; 222; 33182
166; 222; 33034
167; 222; 33027
168; 222; 33209
169; 222; 33354
170; 222; 33353
171; 222; 33305
172; 222; 33225
173; 222; 33128
174; 222; 33104
175; 222; 33126
176; 222; 33151
177; 222; 33180
178; 222; 33222
179; 222; 33248
180; 222; 33214
181; 222; 33186
182; 222; 33256
183; 222; 33477
184; 222; 33447
185; 222; 33074
186; 222; 32935
187; 222; 32951
188; 222; 32963
189; 222; 32962
190; 222; 33013
191; 222; 33042
192; 222; 33036
193; 222; 32952
194; 222; 32885
195; 222; 32892
196; 222; 32943
197; 222; 33025
198; 222; 33100
199; 222; 33231
200; 222; 33396
201; 222; 33508
202; 222; 33534
203; 222; 33494
204; 222; 33419
205; 222; 33358
206; 222; 33305
207; 222; 33242
208; 222; 33230
209; 222; 33400
210; 222; 33812
211; 222; 33962
212; 222; 33904
157; 223; 33190
158; 223; 33177
159; 223; 33183
160; 223; 33170
161; 223; 33145
162; 223; 33183
163; 223; 33274
164; 223; 33351
165; 223; 33293
166; 223; 33091
167; 223; 32959
168; 223; 33107
169; 223; 33292
170; 223; 33355
171; 223; 33319
172; 223; 33229
173; 223; 33145
174; 223; 33095
175; 223; 33075
176; 223; 33081
177; 223; 33110
178; 223; 33174
179; 223; 33218
180; 223; 33177
181; 223; 33137
182; 223; 33246
183; 223; 33621
184; 223; 33609
185; 223; 33135
186; 223; 32915
187; 223; 32949
188; 223; 32949
189; 223; 32942
190; 223; 32992
191; 223; 32989
192; 223; 32976
193; 223; 32921
194; 223; 32877
195; 223; 32880
196; 223; 32925
197; 223; 33004
198; 223; 33111
199; 223; 33264
200; 223; 33403
201; 223; 33499
202; 223; 33549
203; 223; 33537
204; 223; 33457
205; 223; 33349
206; 223; 33250
207; 223; 33187
208; 223; 33207
209; 223; 33405
210; 223; 33825
211; 223; 33965
212; 223; 33881
157; 224; 33173
158; 224; 33110
159; 224; 33136
160; 224; 33174
161; 224; 33187
162; 224; 33202
163; 224; 33252
164; 224; 33312
165; 224; 33294
166; 224; 33106
167; 224; 32932
168; 224; 33036
169; 224; 33220
170; 224; 33307
171; 224; 33273
172; 224; 33206
173; 224; 33161
174; 224; 33115
175; 224; 33094
176; 224; 33097
177; 224; 33100
178; 224; 33148
179; 224; 33183
180; 224; 33103
181; 224; 33041
182; 224; 33214
183; 224; 33758
184; 224; 33835
185; 224; 33233
186; 224; 32945
187; 224; 33018
188; 224; 32939
189; 224; 32906
190; 224; 32946
191; 224; 32955
192; 224; 32944
193; 224; 32909
194; 224; 32888
195; 224; 32922
196; 224; 32990
197; 224; 33090
198; 224; 33238
199; 224; 33390
200; 224; 33491
201; 224; 33548
202; 224; 33566
203; 224; 33534
204; 224; 33452
205; 224; 33348
206; 224; 33260
207; 224; 33208
208; 224; 33234
209; 224; 33396
210; 224; 33769
211; 224; 33950
212; 224; 33912
157; 225; 33170
158; 225; 33046
159; 225; 33070
160; 225; 33130
161; 225; 33224
162; 225; 33269
163; 225; 33284
164; 225; 33309
165; 225; 33291
166; 225; 33124
167; 225; 32968
168; 225; 33042
169; 225; 33188
170; 225; 33239
171; 225; 33185
172; 225; 33148
173; 225; 33152
174; 225; 33144
175; 225; 33150
176; 225; 33159
177; 225; 33126
178; 225; 33127
179; 225; 33155
180; 225; 33078
181; 225; 32971
182; 225; 33217
183; 225; 33913
184; 225; 34112
185; 225; 33428
186; 225; 32967
187; 225; 33043
188; 225; 32920
189; 225; 32915
190; 225; 32960
191; 225; 32926
192; 225; 32915
193; 225; 32926
194; 225; 32939
195; 225; 33006
196; 225; 33072
197; 225; 33186
198; 225; 33365
199; 225; 33514
200; 225; 33591
201; 225; 33617
202; 225; 33584
203; 225; 33510
204; 225; 33428
205; 225; 33358
206; 225; 33299
207; 225; 33249
208; 225; 33242
209; 225; 33301
210; 225; 33579
211; 225; 33879
212; 225; 33930
157; 226; 33199
158; 226; 33059
159; 226; 33044
160; 226; 33091
161; 226; 33219
162; 226; 33305
163; 226; 33322
164; 226; 33333
165; 226; 33313
166; 226; 33170
167; 226; 33039
168; 226; 33086
169; 226; 33176
170; 226; 33188
171; 226; 33127
172; 226; 33095
173; 226; 33125
174; 226; 33166
175; 226; 33189
176; 226; 33184
177; 226; 33136
178; 226; 33107
179; 226; 33130
180; 226; 33089
181; 226; 33024
182; 226; 33296
183; 226; 34063
184; 226; 34408
185; 226; 33861
186; 226; 33044
187; 226; 32912
188; 226; 32947
189; 226; 32939
190; 226; 32981
191; 226; 32933
192; 226; 32912
193; 226; 32929
194; 226; 32979
195; 226; 33074
196; 226; 33124
197; 226; 33232
198; 226; 33397
199; 226; 33519
200; 226; 33586
201; 226; 33618
202; 226; 33588
203; 226; 33511
204; 226; 33430
205; 226; 33370
206; 226; 33323
207; 226; 33269
208; 226; 33218
209; 226; 33221
210; 226; 33365
211; 226; 33754
212; 226; 33923
157; 227; 33274
158; 227; 33158
159; 227; 33078
160; 227; 33077
161; 227; 33173
162; 227; 33257
163; 227; 33292
164; 227; 33324
165; 227; 33313
166; 227; 33193
167; 227; 33074
168; 227; 33091
169; 227; 33150
170; 227; 33171
171; 227; 33121
172; 227; 33075
173; 227; 33098
174; 227; 33147
175; 227; 33171
176; 227; 33155
177; 227; 33111
178; 227; 33098
179; 227; 33126
180; 227; 33113
181; 227; 33071
182; 227; 33395
183; 227; 34175
184; 227; 34657
185; 227; 34304
186; 227; 33385
187; 227; 32879
188; 227; 32901
189; 227; 32903
190; 227; 32925
191; 227; 32937
192; 227; 32937
193; 227; 32951
194; 227; 33022
195; 227; 33113
196; 227; 33166
197; 227; 33259
198; 227; 33372
199; 227; 33447
200; 227; 33506
201; 227; 33566
202; 227; 33587
203; 227; 33543
204; 227; 33459
205; 227; 33386
206; 227; 33330
207; 227; 33276
208; 227; 33212
209; 227; 33186
210; 227; 33275
211; 227; 33678
212; 227; 33912
157; 228; 33367
158; 228; 33277
159; 228; 33168
160; 228; 33109
161; 228; 33132
162; 228; 33168
163; 228; 33197
164; 228; 33249
165; 228; 33249
166; 228; 33151
167; 228; 33064
168; 228; 33073
169; 228; 33100
170; 228; 33136
171; 228; 33116
172; 228; 33078
173; 228; 33099
174; 228; 33122
175; 228; 33117
176; 228; 33102
177; 228; 33084
178; 228; 33105
179; 228; 33144
180; 228; 33147
181; 228; 33148
182; 228; 33492
183; 228; 34245
184; 228; 34724
185; 228; 34593
186; 228; 33920
187; 228; 33202
188; 228; 32883
189; 228; 32842
190; 228; 32897
191; 228; 32919
192; 228; 32925
193; 228; 32973
194; 228; 33052
195; 228; 33128
196; 228; 33196
197; 228; 33282
198; 228; 33374
199; 228; 33442
200; 228; 33498
201; 228; 33562
202; 228; 33596
203; 228; 33561
204; 228; 33476
205; 228; 33393
206; 228; 33327
207; 228; 33282
208; 228; 33227
209; 228; 33183
210; 228; 33247
211; 228; 33617
212; 228; 33922
157; 229; 33388
158; 229; 33311
159; 229; 33217
160; 229; 33159
161; 229; 33128
162; 229; 33104
163; 229; 33093
164; 229; 33136
165; 229; 33147
166; 229; 33104
167; 229; 33071
168; 229; 33071
169; 229; 33055
170; 229; 33074
171; 229; 33093
172; 229; 33104
173; 229; 33138
174; 229; 33136
175; 229; 33072
176; 229; 33026
177; 229; 33045
178; 229; 33115
179; 229; 33167
180; 229; 33180
181; 229; 33238
182; 229; 33643
183; 229; 34310
184; 229; 34636
185; 229; 34570
186; 229; 34218
187; 229; 33805
188; 229; 33332
189; 229; 33026
190; 229; 32889
191; 229; 32862
192; 229; 32893
193; 229; 32969
194; 229; 33063
195; 229; 33162
196; 229; 33241
197; 229; 33324
198; 229; 33440
199; 229; 33551
200; 229; 33639
201; 229; 33638
202; 229; 33592
203; 229; 33515
204; 229; 33430
205; 229; 33361
206; 229; 33319
207; 229; 33302
208; 229; 33252
209; 229; 33178
210; 229; 33196
211; 229; 33510
212; 229; 33868
157; 230; 33293
158; 230; 33230
159; 230; 33185
160; 230; 33177
161; 230; 33137
162; 230; 33060
163; 230; 33023
164; 230; 33051
165; 230; 33073
166; 230; 33096
167; 230; 33106
168; 230; 33089
169; 230; 33053
170; 230; 33037
171; 230; 33080
172; 230; 33147
173; 230; 33189
174; 230; 33169
175; 230; 33074
176; 230; 32989
177; 230; 33015
178; 230; 33108
179; 230; 33162
180; 230; 33199
181; 230; 33399
182; 230; 33961
183; 230; 34416
184; 230; 34447
185; 230; 34291
186; 230; 34247
187; 230; 34303
188; 230; 34085
189; 230; 33592
190; 230; 33252
191; 230; 33157
192; 230; 33223
193; 230; 33322
194; 230; 33432
195; 230; 33526
196; 230; 33558
197; 230; 33581
198; 230; 33700
199; 230; 33846
200; 230; 33870
201; 230; 33716
202; 230; 33546
203; 230; 33409
204; 230; 33344
205; 230; 33319
206; 230; 33328
207; 230; 33348
208; 230; 33305
209; 230; 33192
210; 230; 33177
211; 230; 33380
212; 230; 33769
157; 231; 33192
158; 231; 33124
159; 231; 33132
160; 231; 33169
161; 231; 33148
162; 231; 33069
163; 231; 33032
164; 231; 33036
165; 231; 33034
166; 231; 33075
167; 231; 33132
168; 231; 33148
169; 231; 33112
170; 231; 33064
171; 231; 33088
172; 231; 33154
173; 231; 33186
174; 231; 33168
175; 231; 33102
176; 231; 33040
177; 231; 33066
178; 231; 33128
179; 231; 33157
180; 231; 33222
181; 231; 33624
182; 231; 34263
183; 231; 34497
184; 231; 34308
185; 231; 34129
186; 231; 34215
187; 231; 34591
188; 231; 34580
189; 231; 34246
190; 231; 33888
191; 231; 33780
192; 231; 33855
193; 231; 33974
194; 231; 34103
195; 231; 34186
196; 231; 34166
197; 231; 34103
198; 231; 34097
199; 231; 34111
200; 231; 34002
201; 231; 33740
202; 231; 33440
203; 231; 33328
204; 231; 33307
205; 231; 33324
206; 231; 33354
207; 231; 33383
208; 231; 33358
209; 231; 33255
210; 231; 33207
211; 231; 33338
212; 231; 33682
157; 232; 33170
158; 232; 33100
159; 232; 33101
160; 232; 33136
161; 232; 33139
162; 232; 33112
163; 232; 33086
164; 232; 33051
165; 232; 33012
166; 232; 33037
167; 232; 33127
168; 232; 33199
169; 232; 33196
170; 232; 33143
171; 232; 33107
172; 232; 33105
173; 232; 33113
174; 232; 33124
175; 232; 33125
176; 232; 33120
177; 232; 33144
178; 232; 33163
179; 232; 33167
180; 232; 33324
181; 232; 33871
182; 232; 34442
183; 232; 34508
184; 232; 34299
185; 232; 34155
186; 232; 34405
187; 232; 34647
188; 232; 34684
189; 232; 34554
190; 232; 34391
191; 232; 34308
192; 232; 34278
193; 232; 34321
194; 232; 34446
195; 232; 34554
196; 232; 34557
197; 232; 34485
198; 232; 34407
199; 232; 34294
200; 232; 34049
201; 232; 33652
202; 232; 33369
203; 232; 33343
204; 232; 33372
205; 232; 33399
206; 232; 33396
207; 232; 33384
208; 232; 33363
209; 232; 33316
210; 232; 33306
211; 232; 33375
212; 232; 33635
157; 233; 33149
158; 233; 33110
159; 233; 33085
160; 233; 33090
161; 233; 33114
162; 233; 33137
163; 233; 33132
164; 233; 33091
165; 233; 33053
166; 233; 33061
167; 233; 33123
168; 233; 33199
169; 233; 33231
170; 233; 33206
171; 233; 33145
172; 233; 33078
173; 233; 33042
174; 233; 33070
175; 233; 33122
176; 233; 33152
177; 233; 33158
178; 233; 33161
179; 233; 33180
180; 233; 33481
181; 233; 34076
182; 233; 34476
183; 233; 34471
184; 233; 34375
185; 233; 34403
186; 233; 34565
187; 233; 34607
188; 233; 34565
189; 233; 34498
190; 233; 34491
191; 233; 34447
192; 233; 34318
193; 233; 34263
194; 233; 34331
195; 233; 34462
196; 233; 34503
197; 233; 34497
198; 233; 34428
199; 233; 34338
200; 233; 34051
201; 233; 33603
202; 233; 33392
203; 233; 33398
204; 233; 33475
205; 233; 33496
206; 233; 33441
207; 233; 33368
208; 233; 33329
209; 233; 33321
210; 233; 33347
211; 233; 33438
212; 233; 33605
157; 234; 33116
158; 234; 33097
159; 234; 33077
160; 234; 33063
161; 234; 33090
162; 234; 33125
163; 234; 33139
164; 234; 33144
165; 234; 33161
166; 234; 33168
167; 234; 33161
168; 234; 33176
169; 234; 33207
170; 234; 33214
171; 234; 33185
172; 234; 33119
173; 234; 33050
174; 234; 33046
175; 234; 33098
176; 234; 33136
177; 234; 33132
178; 234; 33143
179; 234; 33296
180; 234; 33744
181; 234; 34261
182; 234; 34447
183; 234; 34454
184; 234; 34484
185; 234; 34595
186; 234; 34603
187; 234; 34393
188; 234; 34115
189; 234; 34254
190; 234; 34423
191; 234; 34413
192; 234; 34319
193; 234; 34226
194; 234; 34186
195; 234; 34108
196; 234; 34076
197; 234; 34133
198; 234; 34220
199; 234; 34211
200; 234; 34012
201; 234; 33618
202; 234; 33420
203; 234; 33433
204; 234; 33516
205; 234; 33522
206; 234; 33444
207; 234; 33350
208; 234; 33297
209; 234; 33293
210; 234; 33326
211; 234; 33406
212; 234; 33552
157; 235; 33158
158; 235; 33103
159; 235; 33074
160; 235; 33051
161; 235; 33067
162; 235; 33098
163; 235; 33136
164; 235; 33199
165; 235; 33266
166; 235; 33271
167; 235; 33212
168; 235; 33173
169; 235; 33179
170; 235; 33193
171; 235; 33185
172; 235; 33146
173; 235; 33093
174; 235; 33071
175; 235; 33089
176; 235; 33108
177; 235; 33127
178; 235; 33171
179; 235; 33505
180; 235; 34095
181; 235; 34465
182; 235; 34522
183; 235; 34539
184; 235; 34607
185; 235; 34647
186; 235; 34340
187; 235; 33814
188; 235; 33600
189; 235; 33769
190; 235; 34139
191; 235; 34374
192; 235; 34432
193; 235; 34447
194; 235; 34287
195; 235; 34010
196; 235; 33772
197; 235; 33668
198; 235; 33807
199; 235; 33956
200; 235; 33896
201; 235; 33609
202; 235; 33445
203; 235; 33430
204; 235; 33477
205; 235; 33463
206; 235; 33398
207; 235; 33334
208; 235; 33294
209; 235; 33286
210; 235; 33309
211; 235; 33380
212; 235; 33540
157; 236; 33245
158; 236; 33161
159; 236; 33110
160; 236; 33072
161; 236; 33066
162; 236; 33099
163; 236; 33166
164; 236; 33255
165; 236; 33317
166; 236; 33293
167; 236; 33223
168; 236; 33192
169; 236; 33194
170; 236; 33186
171; 236; 33160
172; 236; 33126
173; 236; 33102
174; 236; 33100
175; 236; 33099
176; 236; 33096
177; 236; 33143
178; 236; 33313
179; 236; 33789
180; 236; 34351
181; 236; 34556
182; 236; 34593
183; 236; 34672
184; 236; 34713
185; 236; 34456
186; 236; 33798
187; 236; 33285
188; 236; 33216
189; 236; 33441
190; 236; 33736
191; 236; 34196
192; 236; 34558
193; 236; 34665
194; 236; 34544
195; 236; 34129
196; 236; 33658
197; 236; 33385
198; 236; 33453
199; 236; 33703
200; 236; 33709
201; 236; 33589
202; 236; 33451
203; 236; 33413
204; 236; 33422
205; 236; 33401
206; 236; 33358
207; 236; 33325
208; 236; 33305
209; 236; 33299
210; 236; 33328
211; 236; 33397
212; 236; 33618
157; 237; 33298
158; 237; 33249
159; 237; 33196
160; 237; 33130
161; 237; 33097
162; 237; 33127
163; 237; 33201
164; 237; 33285
165; 237; 33310
166; 237; 33245
167; 237; 33191
168; 237; 33206
169; 237; 33237
170; 237; 33222
171; 237; 33177
172; 237; 33139
173; 237; 33112
174; 237; 33107
175; 237; 33108
176; 237; 33116
177; 237; 33179
178; 237; 33526
179; 237; 34124
180; 237; 34509
181; 237; 34537
182; 237; 34569
183; 237; 34726
184; 237; 34762
185; 237; 34262
186; 237; 33460
187; 237; 33125
188; 237; 33216
189; 237; 33346
190; 237; 33498
191; 237; 33893
192; 237; 34439
193; 237; 34667
194; 237; 34587
195; 237; 34202
196; 237; 33626
197; 237; 33259
198; 237; 33335
199; 237; 33575
200; 237; 33636
201; 237; 33567
202; 237; 33456
203; 237; 33394
204; 237; 33384
205; 237; 33384
206; 237; 33366
207; 237; 33337
208; 237; 33304
209; 237; 33283
210; 237; 33317
211; 237; 33464
212; 237; 33682
157; 238; 33269
158; 238; 33288
159; 238; 33245
160; 238; 33163
161; 238; 33135
162; 238; 33151
163; 238; 33194
164; 238; 33261
165; 238; 33268
166; 238; 33201
167; 238; 33167
168; 238; 33213
169; 238; 33274
170; 238; 33279
171; 238; 33239
172; 238; 33204
173; 238; 33172
174; 238; 33128
175; 238; 33108
176; 238; 33137
177; 238; 33325
178; 238; 33836
179; 238; 34403
180; 238; 34576
181; 238; 34491
182; 238; 34482
183; 238; 34656
184; 238; 34684
185; 238; 34130
186; 238; 33448
187; 238; 33284
188; 238; 33460
189; 238; 33521
190; 238; 33532
191; 238; 33727
192; 238; 34197
193; 238; 34498
194; 238; 34439
195; 238; 34139
196; 238; 33620
197; 238; 33257
198; 238; 33327
199; 238; 33600
200; 238; 33678
201; 238; 33601
202; 238; 33461
203; 238; 33376
204; 238; 33359
205; 238; 33380
206; 238; 33391
207; 238; 33361
208; 238; 33301
209; 238; 33239
210; 238; 33233
211; 238; 33337
212; 238; 33650
157; 239; 33106
158; 239; 33194
159; 239; 33190
160; 239; 33141
161; 239; 33164
162; 239; 33176
163; 239; 33179
164; 239; 33226
165; 239; 33236
166; 239; 33205
167; 239; 33194
168; 239; 33242
169; 239; 33293
170; 239; 33290
171; 239; 33258
172; 239; 33241
173; 239; 33220
174; 239; 33149
175; 239; 33100
176; 239; 33157
177; 239; 33555
178; 239; 34208
179; 239; 34638
180; 239; 34667
181; 239; 34503
182; 239; 34441
183; 239; 34549
184; 239; 34580
185; 239; 34149
186; 239; 33645
187; 239; 33609
188; 239; 33867
189; 239; 33918
190; 239; 33798
191; 239; 33874
192; 239; 34126
193; 239; 34311
194; 239; 34298
195; 239; 34160
196; 239; 33763
197; 239; 33400
198; 239; 33420
199; 239; 33673
200; 239; 33733
201; 239; 33624
202; 239; 33453
203; 239; 33358
204; 239; 33340
205; 239; 33350
206; 239; 33364
207; 239; 33362
208; 239; 33326
209; 239; 33249
210; 239; 33177
211; 239; 33186
212; 239; 33467
157; 240; 32980
158; 240; 32984
159; 240; 33078
160; 240; 33107
161; 240; 33192
162; 240; 33219
163; 240; 33207
164; 240; 33248
165; 240; 33258
166; 240; 33251
167; 240; 33271
168; 240; 33320
169; 240; 33326
170; 240; 33271
171; 240; 33202
172; 240; 33176
173; 240; 33158
174; 240; 33111
175; 240; 33098
176; 240; 33319
177; 240; 33892
178; 240; 34478
179; 240; 34719
180; 240; 34693
181; 240; 34560
182; 240; 34480
183; 240; 34521
184; 240; 34528
185; 240; 34344
186; 240; 33971
187; 240; 33886
188; 240; 34023
189; 240; 34175
190; 240; 34222
191; 240; 34289
192; 240; 34340
193; 240; 34301
194; 240; 34299
195; 240; 34291
196; 240; 34047
197; 240; 33661
198; 240; 33586
199; 240; 33701
200; 240; 33717
201; 240; 33573
202; 240; 33415
203; 240; 33365
204; 240; 33355
205; 240; 33314
206; 240; 33290
207; 240; 33335
208; 240; 33391
209; 240; 33344
210; 240; 33194
211; 240; 33146
212; 240; 33362
157; 241; 33090
158; 241; 32925
159; 241; 32977
160; 241; 33053
161; 241; 33175
162; 241; 33230
163; 241; 33239
164; 241; 33300
165; 241; 33328
166; 241; 33332
167; 241; 33389
168; 241; 33454
169; 241; 33425
170; 241; 33304
171; 241; 33162
172; 241; 33107
173; 241; 33071
174; 241; 33061
175; 241; 33149
176; 241; 33599
177; 241; 34264
178; 241; 34639
179; 241; 34660
180; 241; 34624
181; 241; 34577
182; 241; 34539
183; 241; 34559
184; 241; 34633
185; 241; 34642
186; 241; 34418
187; 241; 34126
188; 241; 34071
189; 241; 34264
190; 241; 34478
191; 241; 34549
192; 241; 34407
193; 241; 34278
194; 241; 34273
195; 241; 34303
196; 241; 34167
197; 241; 33874
198; 241; 33682
199; 241; 33681
200; 241; 33624
201; 241; 33464
202; 241; 33361
203; 241; 33390
204; 241; 33400
205; 241; 33312
206; 241; 33251
207; 241; 33323
208; 241; 33435
209; 241; 33414
210; 241; 33260
211; 241; 33189
212; 241; 33341
157; 242; 33459
158; 242; 33097
159; 242; 32971
160; 242; 32980
161; 242; 33064
162; 242; 33135
163; 242; 33192
164; 242; 33291
165; 242; 33344
166; 242; 33389
167; 242; 33493
168; 242; 33640
169; 242; 33736
170; 242; 33621
171; 242; 33472
172; 242; 33340
173; 242; 33165
174; 242; 33079
175; 242; 33320
176; 242; 33944
177; 242; 34532
178; 242; 34638
179; 242; 34550
180; 242; 34501
181; 242; 34546
182; 242; 34569
183; 242; 34593
184; 242; 34719
185; 242; 34837
186; 242; 34758
187; 242; 34439
188; 242; 34237
189; 242; 34376
190; 242; 34660
191; 242; 34628
192; 242; 34402
193; 242; 34197
194; 242; 34182
195; 242; 34178
196; 242; 34025
197; 242; 33681
198; 242; 33581
199; 242; 33575
200; 242; 33509
201; 242; 33368
202; 242; 33308
203; 242; 33385
204; 242; 33427
205; 242; 33359
206; 242; 33307
207; 242; 33359
208; 242; 33436
209; 242; 33415
210; 242; 33299
211; 242; 33238
212; 242; 33336
157; 243; 33631
158; 243; 33373
159; 243; 33105
160; 243; 33013
161; 243; 32981
162; 243; 32984
163; 243; 33057
164; 243; 33170
165; 243; 33251
166; 243; 33306
167; 243; 33523
168; 243; 33769
169; 243; 33914
170; 243; 34028
171; 243; 34062
172; 243; 34001
173; 243; 33668
174; 243; 33417
175; 243; 33578
176; 243; 34201
177; 243; 34664
178; 243; 34643
179; 243; 34481
180; 243; 34439
181; 243; 34524
182; 243; 34568
183; 243; 34574
184; 243; 34662
185; 243; 34807
186; 243; 34804
187; 243; 34640
188; 243; 34578
189; 243; 34648
190; 243; 34759
191; 243; 34719
192; 243; 34502
193; 243; 34220
194; 243; 34168
195; 243; 34086
196; 243; 33750
197; 243; 33410
198; 243; 33320
199; 243; 33432
200; 243; 33445
201; 243; 33353
202; 243; 33302
203; 243; 33360
204; 243; 33421
205; 243; 33426
206; 243; 33426
207; 243; 33436
208; 243; 33418
209; 243; 33357
210; 243; 33279
211; 243; 33246
212; 243; 33294
157; 244; 33622
158; 244; 33444
159; 244; 33346
160; 244; 33207
161; 244; 33048
162; 244; 32978
163; 244; 32955
164; 244; 33001
165; 244; 33022
166; 244; 33091
167; 244; 33316
168; 244; 33638
169; 244; 33872
170; 244; 34061
171; 244; 34277
172; 244; 34413
173; 244; 34257
174; 244; 33892
175; 244; 33886
176; 244; 34327
177; 244; 34668
178; 244; 34624
179; 244; 34476
180; 244; 34453
181; 244; 34525
182; 244; 34554
183; 244; 34532
184; 244; 34543
185; 244; 34614
186; 244; 34684
187; 244; 34676
188; 244; 34649
189; 244; 34632
190; 244; 34694
191; 244; 34746
192; 244; 34641
193; 244; 34496
194; 244; 34288
195; 244; 34022
196; 244; 33629
197; 244; 33325
198; 244; 33283
199; 244; 33391
200; 244; 33446
201; 244; 33396
202; 244; 33335
203; 244; 33339
204; 244; 33386
205; 244; 33444
206; 244; 33490
207; 244; 33477
208; 244; 33394
209; 244; 33304
210; 244; 33250
211; 244; 33231
212; 244; 33276
157; 245; 33599
158; 245; 33532
159; 245; 33462
160; 245; 33375
161; 245; 33307
162; 245; 33200
163; 245; 33032
164; 245; 32938
165; 245; 32940
166; 245; 32973
167; 245; 33067
168; 245; 33281
169; 245; 33455
170; 245; 33629
171; 245; 33943
172; 245; 34281
173; 245; 34339
174; 245; 34299
175; 245; 34203
176; 245; 34445
177; 245; 34585
178; 245; 34554
179; 245; 34464
180; 245; 34462
181; 245; 34516
182; 245; 34546
183; 245; 34533
184; 245; 34502
185; 245; 34508
186; 245; 34558
187; 245; 34550
188; 245; 34284
189; 245; 33941
190; 245; 33952
191; 245; 34398
192; 245; 34680
193; 245; 34585
194; 245; 34222
195; 245; 33818
196; 245; 33660
197; 245; 33522
198; 245; 33478
199; 245; 33499
200; 245; 33503
201; 245; 33453
202; 245; 33356
203; 245; 33326
204; 245; 33357
205; 245; 33425
206; 245; 33472
207; 245; 33443
208; 245; 33363
209; 245; 33303
210; 245; 33275
211; 245; 33252
212; 245; 33277
157; 246; 33697
158; 246; 33675
159; 246; 33585
160; 246; 33455
161; 246; 33374
162; 246; 33353
163; 246; 33271
164; 246; 33009
165; 246; 32934
166; 246; 32926
167; 246; 32969
168; 246; 33045
169; 246; 33137
170; 246; 33203
171; 246; 33383
172; 246; 33781
173; 246; 34163
174; 246; 34361
175; 246; 34476
176; 246; 34561
177; 246; 34582
178; 246; 34497
179; 246; 34424
180; 246; 34443
181; 246; 34507
182; 246; 34560
183; 246; 34577
184; 246; 34546
185; 246; 34520
186; 246; 34520
187; 246; 34353
188; 246; 33711
189; 246; 33096
190; 246; 33117
191; 246; 33763
192; 246; 34462
193; 246; 34449
194; 246; 33895
195; 246; 33544
196; 246; 33649
197; 246; 33845
198; 246; 33971
199; 246; 33902
200; 246; 33720
201; 246; 33438
202; 246; 33335
203; 246; 33322
204; 246; 33361
205; 246; 33411
206; 246; 33428
207; 246; 33390
208; 246; 33348
209; 246; 33347
210; 246; 33343
211; 246; 33306
212; 246; 33326
157; 247; 33820
158; 247; 33810
159; 247; 33670
160; 247; 33476
161; 247; 33390
162; 247; 33411
163; 247; 33398
164; 247; 33235
165; 247; 33000
166; 247; 32936
167; 247; 32942
168; 247; 33020
169; 247; 33091
170; 247; 33136
171; 247; 33176
172; 247; 33358
173; 247; 33670
174; 247; 34121
175; 247; 34479
176; 247; 34698
177; 247; 34649
178; 247; 34512
179; 247; 34418
180; 247; 34447
181; 247; 34527
182; 247; 34589
183; 247; 34608
184; 247; 34569
185; 247; 34520
186; 247; 34493
187; 247; 34304
188; 247; 33620
189; 247; 32951
190; 247; 32983
191; 247; 33518
192; 247; 34305
193; 247; 34362
194; 247; 33812
195; 247; 33479
196; 247; 33653
197; 247; 34076
198; 247; 34198
199; 247; 34092
200; 247; 33758
201; 247; 33384
202; 247; 33273
203; 247; 33295
204; 247; 33373
205; 247; 33418
206; 247; 33410
207; 247; 33368
208; 247; 33352
209; 247; 33380
210; 247; 33383
211; 247; 33349
212; 247; 33359
157; 248; 33872
158; 248; 33856
159; 248; 33691
160; 248; 33484
161; 248; 33403
162; 248; 33455
163; 248; 33509
164; 248; 33443
165; 248; 33182
166; 248; 32998
167; 248; 32934
168; 248; 32997
169; 248; 33100
170; 248; 33198
171; 248; 33281
172; 248; 33297
173; 248; 33330
174; 248; 33643
175; 248; 34221
176; 248; 34648
177; 248; 34702
178; 248; 34586
179; 248; 34460
180; 248; 34462
181; 248; 34535
182; 248; 34596
183; 248; 34606
184; 248; 34543
185; 248; 34446
186; 248; 34407
187; 248; 34396
188; 248; 34119
189; 248; 33594
190; 248; 33406
191; 248; 33801
192; 248; 34341
193; 248; 34442
194; 248; 34185
195; 248; 33847
196; 248; 33932
197; 248; 34092
198; 248; 34150
199; 248; 33949
200; 248; 33572
201; 248; 33310
202; 248; 33233
203; 248; 33261
204; 248; 33349
205; 248; 33405
206; 248; 33411
207; 248; 33387
208; 248; 33374
209; 248; 33383
210; 248; 33380
211; 248; 33379
212; 248; 33454
157; 249; 33844
158; 249; 33831
159; 249; 33687
160; 249; 33519
161; 249; 33443
162; 249; 33479
163; 249; 33559
164; 249; 33565
165; 249; 33450
166; 249; 33179
167; 249; 32984
168; 249; 32970
169; 249; 33045
170; 249; 33221
171; 249; 33367
172; 249; 33377
173; 249; 33314
174; 249; 33382
175; 249; 33879
176; 249; 34498
177; 249; 34688
178; 249; 34660
179; 249; 34446
180; 249; 34382
181; 249; 34456
182; 249; 34569
183; 249; 34616
184; 249; 34558
185; 249; 34373
186; 249; 34276
187; 249; 34336
188; 249; 34520
189; 249; 34505
190; 249; 34322
191; 249; 34200
192; 249; 34264
193; 249; 34453
194; 249; 34418
195; 249; 34303
196; 249; 34164
197; 249; 34038
198; 249; 33827
199; 249; 33571
200; 249; 33407
201; 249; 33333
202; 249; 33283
203; 249; 33302
204; 249; 33342
205; 249; 33382
206; 249; 33419
207; 249; 33434
208; 249; 33408
209; 249; 33363
210; 249; 33357
211; 249; 33411
212; 249; 33634
157; 250; 33815
158; 250; 33825
159; 250; 33728
160; 250; 33587
161; 250; 33477
162; 250; 33445
163; 250; 33525
164; 250; 33616
165; 250; 33594
166; 250; 33473
167; 250; 33214
168; 250; 33028
169; 250; 32996
170; 250; 33120
171; 250; 33391
172; 250; 33471
173; 250; 33456
174; 250; 33498
175; 250; 33851
176; 250; 34404
177; 250; 34636
178; 250; 34591
179; 250; 34281
180; 250; 34193
181; 250; 34291
182; 250; 34556
183; 250; 34653
184; 250; 34636
185; 250; 34419
186; 250; 34080
187; 250; 34040
188; 250; 34440
189; 250; 34795
190; 250; 34767
191; 250; 34379
192; 250; 33985
193; 250; 33978
194; 250; 34184
195; 250; 34241
196; 250; 34115
197; 250; 33784
198; 250; 33492
199; 250; 33414
200; 250; 33397
201; 250; 33380
202; 250; 33379
203; 250; 33388
204; 250; 33396
205; 250; 33412
206; 250; 33451
207; 250; 33476
208; 250; 33426
209; 250; 33346
210; 250; 33331
211; 250; 33559
212; 250; 33910
157; 251; 33827
158; 251; 33869
159; 251; 33818
160; 251; 33673
161; 251; 33488
162; 251; 33388
163; 251; 33456
164; 251; 33609
165; 251; 33666
166; 251; 33593
167; 251; 33477
168; 251; 33164
169; 251; 33009
170; 251; 33041
171; 251; 33336
172; 251; 33539
173; 251; 33699
174; 251; 33871
175; 251; 34123
176; 251; 34423
177; 251; 34543
178; 251; 34494
179; 251; 34181
180; 251; 34130
181; 251; 34207
182; 251; 34533
183; 251; 34647
184; 251; 34647
185; 251; 34456
186; 251; 34000
187; 251; 33811
188; 251; 34047
189; 251; 34625
190; 251; 34756
191; 251; 34481
192; 251; 33876
193; 251; 33565
194; 251; 33555
195; 251; 33638
196; 251; 33663
197; 251; 33600
198; 251; 33465
199; 251; 33399
200; 251; 33374
201; 251; 33358
202; 251; 33378
203; 251; 33417
204; 251; 33434
205; 251; 33440
206; 251; 33463
207; 251; 33482
208; 251; 33447
209; 251; 33398
210; 251; 33482
211; 251; 33839
212; 251; 34059
157; 252; 33838
158; 252; 33907
159; 252; 33892
160; 252; 33744
161; 252; 33514
162; 252; 33382
163; 252; 33446
164; 252; 33601
165; 252; 33676
166; 252; 33633
167; 252; 33553
168; 252; 33314
169; 252; 32995
170; 252; 33007
171; 252; 33237
172; 252; 33464
173; 252; 33708
174; 252; 33949
175; 252; 34211
176; 252; 34451
177; 252; 34532
178; 252; 34493
179; 252; 34317
180; 252; 34260
181; 252; 34383
182; 252; 34514
183; 252; 34557
184; 252; 34520
185; 252; 34426
186; 252; 34095
187; 252; 33859
188; 252; 33989
189; 252; 34508
190; 252; 34777
191; 252; 34697
192; 252; 34154
193; 252; 33572
194; 252; 33302
195; 252; 33309
196; 252; 33458
197; 252; 33583
198; 252; 33577
199; 252; 33466
200; 252; 33329
201; 252; 33263
202; 252; 33307
203; 252; 33408
204; 252; 33460
205; 252; 33446
206; 252; 33441
207; 252; 33475
208; 252; 33507
209; 252; 33532
210; 252; 33760
211; 252; 34068
212; 252; 34118
157; 253; 33815
158; 253; 33891
159; 253; 33900
160; 253; 33767
161; 253; 33548
162; 253; 33424
163; 253; 33491
164; 253; 33620
165; 253; 33661
166; 253; 33611
167; 253; 33535
168; 253; 33326
169; 253; 32938
170; 253; 32952
171; 253; 33155
172; 253; 33369
173; 253; 33465
174; 253; 33617
175; 253; 34018
176; 253; 34407
177; 253; 34632
178; 253; 34687
179; 253; 34698
180; 253; 34706
181; 253; 34675
182; 253; 34551
183; 253; 34432
184; 253; 34377
185; 253; 34377
186; 253; 34385
187; 253; 34249
188; 253; 34273
189; 253; 34576
190; 253; 34786
191; 253; 34776
192; 253; 34391
193; 253; 33789
194; 253; 33403
195; 253; 33359
196; 253; 33570
197; 253; 33710
198; 253; 33683
199; 253; 33504
200; 253; 33291
201; 253; 33218
202; 253; 33286
203; 253; 33401
204; 253; 33438
205; 253; 33395
206; 253; 33382
207; 253; 33459
208; 253; 33566
209; 253; 33746
210; 253; 34022
211; 253; 34186
212; 253; 34136
157; 254; 33802
158; 254; 33848
159; 254; 33866
160; 254; 33753
161; 254; 33557
162; 254; 33455
163; 254; 33525
164; 254; 33640
165; 254; 33672
166; 254; 33628
167; 254; 33567
168; 254; 33335
169; 254; 32939
170; 254; 32950
171; 254; 33143
172; 254; 33301
173; 254; 33301
174; 254; 33293
175; 254; 33694
176; 254; 34358
177; 254; 34713
178; 254; 34783
179; 254; 34864
180; 254; 34907
181; 254; 34820
182; 254; 34567
183; 254; 34390
184; 254; 34357
185; 254; 34425
186; 254; 34581
187; 254; 34645
188; 254; 34632
189; 254; 34561
190; 254; 34574
191; 254; 34460
192; 254; 34171
193; 254; 33818
194; 254; 33621
195; 254; 33686
196; 254; 33793
197; 254; 33803
198; 254; 33675
199; 254; 33388
200; 254; 33302
201; 254; 33296
202; 254; 33363
203; 254; 33408
204; 254; 33378
205; 254; 33326
206; 254; 33336
207; 254; 33438
208; 254; 33657
209; 254; 33882
210; 254; 34128
211; 254; 34181
212; 254; 34076
157; 255; 33832
158; 255; 33813
159; 255; 33814
160; 255; 33736
161; 255; 33588
162; 255; 33502
163; 255; 33545
164; 255; 33647
165; 255; 33711
166; 255; 33710
167; 255; 33644
168; 255; 33449
169; 255; 32987
170; 255; 32971
171; 255; 33145
172; 255; 33325
173; 255; 33285
174; 255; 33178
175; 255; 33587
176; 255; 34372
177; 255; 34777
178; 255; 34771
179; 255; 34796
180; 255; 34847
181; 255; 34742
182; 255; 34495
183; 255; 34444
184; 255; 34446
185; 255; 34493
186; 255; 34599
187; 255; 34681
188; 255; 34655
189; 255; 34483
190; 255; 34185
191; 255; 33967
192; 255; 33805
193; 255; 33747
194; 255; 33762
195; 255; 33816
196; 255; 33818
197; 255; 33730
198; 255; 33424
199; 255; 33300
200; 255; 33325
201; 255; 33429
202; 255; 33499
203; 255; 33462
204; 255; 33368
205; 255; 33335
206; 255; 33403
207; 255; 33552
208; 255; 33705
209; 255; 33889
210; 255; 34083
211; 255; 34110
212; 255; 34035
157; 256; 33863
158; 256; 33778
159; 256; 33739
160; 256; 33717
161; 256; 33667
162; 256; 33604
163; 256; 33578
164; 256; 33633
165; 256; 33716
166; 256; 33757
167; 256; 33755
168; 256; 33628
169; 256; 33100
170; 256; 32959
171; 256; 33092
172; 256; 33343
173; 256; 33369
174; 256; 33259
175; 256; 33625
176; 256; 34417
177; 256; 34818
178; 256; 34718
179; 256; 34646
180; 256; 34669
181; 256; 34607
182; 256; 34493
183; 256; 34495
184; 256; 34529
185; 256; 34520
186; 256; 34540
187; 256; 34599
188; 256; 34564
189; 256; 34320
190; 256; 34065
191; 256; 33923
192; 256; 33809
193; 256; 33785
194; 256; 33797
195; 256; 33761
196; 256; 33661
197; 256; 33441
198; 256; 33298
199; 256; 33261
200; 256; 33350
201; 256; 33494
202; 256; 33559
203; 256; 33491
204; 256; 33384
205; 256; 33379
206; 256; 33485
207; 256; 33587
208; 256; 33657
209; 256; 33783
210; 256; 33997
211; 256; 34055
212; 256; 34025
157; 257; 33867
158; 257; 33750
159; 257; 33675
160; 257; 33700
161; 257; 33744
162; 257; 33708
163; 257; 33622
164; 257; 33606
165; 257; 33666
166; 257; 33727
167; 257; 33774
168; 257; 33762
169; 257; 33261
170; 257; 32959
171; 257; 33027
172; 257; 33362
173; 257; 33438
174; 257; 33391
175; 257; 33640
176; 257; 34394
177; 257; 34820
178; 257; 34705
179; 257; 34570
180; 257; 34571
181; 257; 34553
182; 257; 34492
183; 257; 34506
184; 257; 34539
185; 257; 34498
186; 257; 34460
187; 257; 34483
188; 257; 34479
189; 257; 34392
190; 257; 34266
191; 257; 34257
192; 257; 34224
193; 257; 34087
194; 257; 33857
195; 257; 33578
196; 257; 33383
197; 257; 33353
198; 257; 33332
199; 257; 33344
200; 257; 33396
201; 257; 33462
202; 257; 33481
203; 257; 33421
204; 257; 33350
205; 257; 33371
206; 257; 33461
207; 257; 33520
208; 257; 33543
209; 257; 33671
210; 257; 33942
211; 257; 34029
212; 257; 33991
157; 258; 33881
158; 258; 33785
159; 258; 33690
160; 258; 33702
161; 258; 33759
162; 258; 33747
163; 258; 33655
164; 258; 33587
165; 258; 33590
166; 258; 33637
167; 258; 33732
168; 258; 33801
169; 258; 33411
170; 258; 32981
171; 258; 32999
172; 258; 33330
173; 258; 33473
174; 258; 33436
175; 258; 33541
176; 258; 34240
177; 258; 34748
178; 258; 34701
179; 258; 34576
180; 258; 34573
181; 258; 34570
182; 258; 34506
183; 258; 34490
184; 258; 34516
185; 258; 34489
186; 258; 34442
187; 258; 34437
188; 258; 34454
189; 258; 34481
190; 258; 34557
191; 258; 34538
192; 258; 34437
193; 258; 34126
194; 258; 33685
195; 258; 33376
196; 258; 33311
197; 258; 33359
198; 258; 33447
199; 258; 33473
200; 258; 33444
201; 258; 33400
202; 258; 33360
203; 258; 33324
204; 258; 33301
205; 258; 33327
206; 258; 33371
207; 258; 33371
208; 258; 33365
209; 258; 33556
210; 258; 33867
211; 258; 33971
212; 258; 33896
157; 259; 33906
158; 259; 33875
159; 259; 33786
160; 259; 33735
161; 259; 33726
162; 259; 33707
163; 259; 33642
164; 259; 33555
165; 259; 33492
166; 259; 33493
167; 259; 33599
168; 259; 33718
169; 259; 33468
170; 259; 32999
171; 259; 32984
172; 259; 33276
173; 259; 33488
174; 259; 33407
175; 259; 33395
176; 259; 33999
177; 259; 34622
178; 259; 34682
179; 259; 34597
180; 259; 34601
181; 259; 34601
182; 259; 34515
183; 259; 34471
184; 259; 34514
185; 259; 34541
186; 259; 34519
187; 259; 34487
188; 259; 34478
189; 259; 34521
190; 259; 34571
191; 259; 34552
192; 259; 34271
193; 259; 33804
194; 259; 33453
195; 259; 33307
196; 259; 33299
197; 259; 33388
198; 259; 33476
199; 259; 33478
200; 259; 33409
201; 259; 33339
202; 259; 33310
203; 259; 33312
204; 259; 33313
205; 259; 33315
206; 259; 33311
207; 259; 33285
208; 259; 33282
209; 259; 33392
210; 259; 33687
211; 259; 33854
212; 259; 33795
157; 260; 33849
158; 260; 33896
159; 260; 33845
160; 260; 33752
161; 260; 33655
162; 260; 33599
163; 260; 33590
164; 260; 33566
165; 260; 33492
166; 260; 33433
167; 260; 33517
168; 260; 33644
169; 260; 33478
170; 260; 32984
171; 260; 32934
172; 260; 33260
173; 260; 33497
174; 260; 33386
175; 260; 33307
176; 260; 33833
177; 260; 34529
178; 260; 34666
179; 260; 34613
180; 260; 34618
181; 260; 34611
182; 260; 34502
183; 260; 34440
184; 260; 34511
185; 260; 34601
186; 260; 34620
187; 260; 34580
188; 260; 34528
189; 260; 34513
190; 260; 34494
191; 260; 34337
192; 260; 33913
193; 260; 33513
194; 260; 33323
195; 260; 33320
196; 260; 33328
197; 260; 33359
198; 260; 33371
199; 260; 33345
200; 260; 33308
201; 260; 33310
202; 260; 33350
203; 260; 33376
204; 260; 33358
205; 260; 33334
206; 260; 33329
207; 260; 33307
208; 260; 33266
209; 260; 33278
210; 260; 33419
211; 260; 33698
212; 260; 33784
157; 261; 33695
158; 261; 33795
159; 261; 33795
160; 261; 33709
161; 261; 33579
162; 261; 33486
163; 261; 33521
164; 261; 33605
165; 261; 33600
166; 261; 33526
167; 261; 33556
168; 261; 33653
169; 261; 33475
170; 261; 32973
171; 261; 32965
172; 261; 33309
173; 261; 33479
174; 261; 33373
175; 261; 33266
176; 261; 33769
177; 261; 34496
178; 261; 34690
179; 261; 34623
180; 261; 34612
181; 261; 34595
182; 261; 34479
183; 261; 34400
184; 261; 34469
185; 261; 34592
186; 261; 34645
187; 261; 34607
188; 261; 34525
189; 261; 34458
190; 261; 34376
191; 261; 34196
192; 261; 33786
193; 261; 33502
194; 261; 33430
195; 261; 33410
196; 261; 33375
197; 261; 33327
198; 261; 33282
199; 261; 33261
200; 261; 33280
201; 261; 33339
202; 261; 33397
203; 261; 33400
204; 261; 33350
205; 261; 33332
206; 261; 33382
207; 261; 33396
208; 261; 33300
209; 261; 33208
210; 261; 33243
211; 261; 33562
212; 261; 33860
157; 262; 33552
158; 262; 33651
159; 262; 33688
160; 262; 33640
161; 262; 33535
162; 262; 33421
163; 262; 33423
164; 262; 33560
165; 262; 33664
166; 262; 33647
167; 262; 33652
168; 262; 33718
169; 262; 33482
170; 262; 32989
171; 262; 32991
172; 262; 33348
173; 262; 33460
174; 262; 33329
175; 262; 33199
176; 262; 33696
177; 262; 34453
178; 262; 34686
179; 262; 34614
180; 262; 34580
181; 262; 34564
182; 262; 34463
183; 262; 34374
184; 262; 34412
185; 262; 34528
186; 262; 34593
187; 262; 34547
188; 262; 34440
189; 262; 34366
190; 262; 34328
191; 262; 34240
192; 262; 33981
193; 262; 33687
194; 262; 33573
195; 262; 33482
196; 262; 33400
197; 262; 33352
198; 262; 33331
199; 262; 33333
200; 262; 33353
201; 262; 33375
202; 262; 33380
203; 262; 33344
204; 262; 33288
205; 262; 33309
206; 262; 33426
207; 262; 33486
208; 262; 33377
209; 262; 33205
210; 262; 33201
211; 262; 33416
212; 262; 33812
157; 263; 33501
158; 263; 33561
159; 263; 33615
160; 263; 33631
161; 263; 33581
162; 263; 33457
163; 263; 33376
164; 263; 33467
165; 263; 33622
166; 263; 33676
167; 263; 33699
168; 263; 33747
169; 263; 33530
170; 263; 33007
171; 263; 32988
172; 263; 33319
173; 263; 33426
174; 263; 33323
175; 263; 33120
176; 263; 33556
177; 263; 34336
178; 263; 34672
179; 263; 34599
180; 263; 34566
181; 263; 34573
182; 263; 34498
183; 263; 34389
184; 263; 34379
185; 263; 34475
186; 263; 34548
187; 263; 34494
188; 263; 34363
189; 263; 34302
190; 263; 34342
191; 263; 34335
192; 263; 34160
193; 263; 33855
194; 263; 33553
195; 263; 33421
196; 263; 33375
197; 263; 33400
198; 263; 33440
199; 263; 33456
200; 263; 33440
201; 263; 33394
202; 263; 33343
203; 263; 33294
204; 263; 33263
205; 263; 33315
206; 263; 33444
207; 263; 33518
208; 263; 33448
209; 263; 33293
210; 263; 33217
211; 263; 33294
212; 263; 33584
157; 264; 33534
158; 264; 33557
159; 264; 33618
160; 264; 33691
161; 264; 33708
162; 264; 33611
163; 264; 33465
164; 264; 33440
165; 264; 33538
166; 264; 33616
167; 264; 33672
168; 264; 33723
169; 264; 33597
170; 264; 33057
171; 264; 32945
172; 264; 33203
173; 264; 33390
174; 264; 33320
175; 264; 33148
176; 264; 33441
177; 264; 34187
178; 264; 34614
179; 264; 34614
180; 264; 34602
181; 264; 34624
182; 264; 34559
183; 264; 34415
184; 264; 34350
185; 264; 34431
186; 264; 34537
187; 264; 34512
188; 264; 34379
189; 264; 34325
190; 264; 34411
191; 264; 34435
192; 264; 34221
193; 264; 33768
194; 264; 33416
195; 264; 33336
196; 264; 33360
197; 264; 33434
198; 264; 33485
199; 264; 33491
200; 264; 33459
201; 264; 33393
202; 264; 33335
203; 264; 33315
204; 264; 33327
205; 264; 33368
206; 264; 33430
207; 264; 33471
208; 264; 33450
209; 264; 33351
210; 264; 33232
211; 264; 33203
212; 264; 33354
