157; 289; 33654
158; 289; 33502
159; 289; 33492
160; 289; 33575
161; 289; 33398
162; 289; 33240
163; 289; 33533
164; 289; 34281
165; 289; 34400
166; 289; 33749
167; 289; 33441
168; 289; 33527
169; 289; 33478
170; 289; 33042
171; 289; 32905
172; 289; 32956
173; 289; 32921
174; 289; 32846
175; 289; 32866
176; 289; 32943
177; 289; 32943
178; 289; 32970
179; 289; 33092
180; 289; 33166
181; 289; 33296
182; 289; 33645
183; 289; 33924
184; 289; 33949
185; 289; 33690
186; 289; 33190
187; 289; 32982
188; 289; 33031
189; 289; 33116
190; 289; 33103
191; 289; 33043
192; 289; 33039
193; 289; 33070
194; 289; 33028
195; 289; 32966
196; 289; 32982
197; 289; 33032
198; 289; 33058
199; 289; 33045
200; 289; 32987
201; 289; 32905
202; 289; 32913
203; 289; 33205
204; 289; 33726
205; 289; 33862
206; 289; 33556
207; 289; 33149
208; 289; 33073
209; 289; 33200
210; 289; 33362
211; 289; 33584
212; 289; 33974
157; 290; 33568
158; 290; 33497
159; 290; 33525
160; 290; 33537
161; 290; 33249
162; 290; 33058
163; 290; 33628
164; 290; 34450
165; 290; 34369
166; 290; 33572
167; 290; 33345
168; 290; 33530
169; 290; 33446
170; 290; 32964
171; 290; 32868
172; 290; 32952
173; 290; 32919
174; 290; 32829
175; 290; 32848
176; 290; 32929
177; 290; 32907
178; 290; 32934
179; 290; 33219
180; 290; 33524
181; 290; 33764
182; 290; 33999
183; 290; 34199
184; 290; 34234
185; 290; 34162
186; 290; 33705
187; 290; 33275
188; 290; 33088
189; 290; 33080
190; 290; 33072
191; 290; 33025
192; 290; 33016
193; 290; 33033
194; 290; 32990
195; 290; 32915
196; 290; 32913
197; 290; 32957
198; 290; 33005
199; 290; 33038
200; 290; 33030
201; 290; 32961
202; 290; 32958
203; 290; 33186
204; 290; 33607
205; 290; 33719
206; 290; 33426
207; 290; 33058
208; 290; 33016
209; 290; 33074
210; 290; 33193
211; 290; 33353
212; 290; 33627
157; 291; 33481
158; 291; 33450
159; 291; 33528
160; 291; 33532
161; 291; 33237
162; 291; 32925
163; 291; 33506
164; 291; 34161
165; 291; 33957
166; 291; 33299
167; 291; 33259
168; 291; 33529
169; 291; 33424
170; 291; 32937
171; 291; 32859
172; 291; 32919
173; 291; 32903
174; 291; 32850
175; 291; 32913
176; 291; 32969
177; 291; 32895
178; 291; 32857
179; 291; 33117
180; 291; 33589
181; 291; 33995
182; 291; 34139
183; 291; 34087
184; 291; 33958
185; 291; 33752
186; 291; 33383
187; 291; 32953
188; 291; 32879
189; 291; 32878
190; 291; 32915
191; 291; 32949
192; 291; 32970
193; 291; 32993
194; 291; 32973
195; 291; 32915
196; 291; 32902
197; 291; 32940
198; 291; 32991
199; 291; 33039
200; 291; 33052
201; 291; 32974
202; 291; 32921
203; 291; 33042
204; 291; 33399
205; 291; 33538
206; 291; 33324
207; 291; 33052
208; 291; 33046
209; 291; 33153
210; 291; 33279
211; 291; 33337
212; 291; 33399
157; 292; 33468
158; 292; 33391
159; 292; 33493
160; 292; 33500
161; 292; 33208
162; 292; 32836
163; 292; 33408
164; 292; 33821
165; 292; 33547
166; 292; 33244
167; 292; 33408
168; 292; 33645
169; 292; 33469
170; 292; 33011
171; 292; 32915
172; 292; 32961
173; 292; 32951
174; 292; 32919
175; 292; 32966
176; 292; 32999
177; 292; 32914
178; 292; 32840
179; 292; 32875
180; 292; 33241
181; 292; 33644
182; 292; 33681
183; 292; 33380
184; 292; 33110
185; 292; 32946
186; 292; 32820
187; 292; 32950
188; 292; 32957
189; 292; 32867
190; 292; 32888
191; 292; 32950
192; 292; 32940
193; 292; 32932
194; 292; 32944
195; 292; 32960
196; 292; 33001
197; 292; 33023
198; 292; 33003
199; 292; 32988
200; 292; 32987
201; 292; 32947
202; 292; 32894
203; 292; 32960
204; 292; 33251
205; 292; 33369
206; 292; 33212
207; 292; 33048
208; 292; 33099
209; 292; 33308
210; 292; 33445
211; 292; 33455
212; 292; 33400
157; 293; 33488
158; 293; 33381
159; 293; 33454
160; 293; 33410
161; 293; 33119
162; 293; 32869
163; 293; 33412
164; 293; 33628
165; 293; 33465
166; 293; 33381
167; 293; 33649
168; 293; 33754
169; 293; 33463
170; 293; 33044
171; 293; 33004
172; 293; 33069
173; 293; 33068
174; 293; 33008
175; 293; 32990
176; 293; 32999
177; 293; 32951
178; 293; 32850
179; 293; 32821
180; 293; 32920
181; 293; 33058
182; 293; 33020
183; 293; 32900
184; 293; 32920
185; 293; 32853
186; 293; 32946
187; 293; 33066
188; 293; 33204
189; 293; 33299
190; 293; 33291
191; 293; 33144
192; 293; 32967
193; 293; 32895
194; 293; 32928
195; 293; 33030
196; 293; 33108
197; 293; 33091
198; 293; 32976
199; 293; 32890
200; 293; 32892
201; 293; 32936
202; 293; 32973
203; 293; 33068
204; 293; 33239
205; 293; 33273
206; 293; 33126
207; 293; 33014
208; 293; 33048
209; 293; 33278
210; 293; 33444
211; 293; 33480
212; 293; 33432
157; 294; 33511
158; 294; 33428
159; 294; 33448
160; 294; 33345
161; 294; 33079
162; 294; 33063
163; 294; 33460
164; 294; 33617
165; 294; 33520
166; 294; 33548
167; 294; 33821
168; 294; 33793
169; 294; 33287
170; 294; 32987
171; 294; 33024
172; 294; 33181
173; 294; 33211
174; 294; 33101
175; 294; 33028
176; 294; 33038
177; 294; 33018
178; 294; 32928
179; 294; 32866
180; 294; 32895
181; 294; 32922
182; 294; 32933
183; 294; 32954
184; 294; 32953
185; 294; 33358
186; 294; 33694
187; 294; 33866
188; 294; 33954
189; 294; 33910
190; 294; 33713
191; 294; 33402
192; 294; 33044
193; 294; 32922
194; 294; 33003
195; 294; 33173
196; 294; 33229
197; 294; 33077
198; 294; 32914
199; 294; 32859
200; 294; 32858
201; 294; 32918
202; 294; 33017
203; 294; 33158
204; 294; 33250
205; 294; 33240
206; 294; 33105
207; 294; 33004
208; 294; 33021
209; 294; 33120
210; 294; 33280
211; 294; 33392
212; 294; 33412
157; 295; 33626
158; 295; 33571
159; 295; 33511
160; 295; 33331
161; 295; 33034
162; 295; 32986
163; 295; 33358
164; 295; 33593
165; 295; 33547
166; 295; 33623
167; 295; 33844
168; 295; 33743
169; 295; 33170
170; 295; 32928
171; 295; 33032
172; 295; 33226
173; 295; 33258
174; 295; 33143
175; 295; 33105
176; 295; 33158
177; 295; 33140
178; 295; 33016
179; 295; 32950
180; 295; 32968
181; 295; 32952
182; 295; 32888
183; 295; 32907
184; 295; 33072
185; 295; 33557
186; 295; 33885
187; 295; 34004
188; 295; 33954
189; 295; 33782
190; 295; 33576
191; 295; 33377
192; 295; 33166
193; 295; 33046
194; 295; 33145
195; 295; 33389
196; 295; 33424
197; 295; 33236
198; 295; 33021
199; 295; 32921
200; 295; 32893
201; 295; 32914
202; 295; 32957
203; 295; 33084
204; 295; 33201
205; 295; 33151
206; 295; 33041
207; 295; 32992
208; 295; 33011
209; 295; 33038
210; 295; 33105
211; 295; 33220
212; 295; 33304
157; 296; 33797
158; 296; 33784
159; 296; 33636
160; 296; 33312
161; 296; 32965
162; 296; 32892
163; 296; 33111
164; 296; 33426
165; 296; 33498
166; 296; 33639
167; 296; 33840
168; 296; 33752
169; 296; 33244
170; 296; 32999
171; 296; 33078
172; 296; 33217
173; 296; 33214
174; 296; 33145
175; 296; 33198
176; 296; 33304
177; 296; 33280
178; 296; 33091
179; 296; 32961
180; 296; 32995
181; 296; 33059
182; 296; 33019
183; 296; 32980
184; 296; 33058
185; 296; 33253
186; 296; 33357
187; 296; 33330
188; 296; 33225
189; 296; 33112
190; 296; 33085
191; 296; 33182
192; 296; 33244
193; 296; 33229
194; 296; 33300
195; 296; 33647
196; 296; 33874
197; 296; 33749
198; 296; 33446
199; 296; 33264
200; 296; 33130
201; 296; 32977
202; 296; 32920
203; 296; 33025
204; 296; 33129
205; 296; 33052
206; 296; 32928
207; 296; 32937
208; 296; 32989
209; 296; 33007
210; 296; 33047
211; 296; 33116
212; 296; 33180
157; 297; 33842
158; 297; 33790
159; 297; 33602
160; 297; 33204
161; 297; 33066
162; 297; 33098
163; 297; 33084
164; 297; 33305
165; 297; 33484
166; 297; 33642
167; 297; 33811
168; 297; 33779
169; 297; 33386
170; 297; 33147
171; 297; 33114
172; 297; 33157
173; 297; 33153
174; 297; 33145
175; 297; 33236
176; 297; 33349
177; 297; 33328
178; 297; 33106
179; 297; 32866
180; 297; 32883
181; 297; 33045
182; 297; 33078
183; 297; 33015
184; 297; 33065
185; 297; 33164
186; 297; 33129
187; 297; 33011
188; 297; 32974
189; 297; 32986
190; 297; 32991
191; 297; 33085
192; 297; 33282
193; 297; 33351
194; 297; 33421
195; 297; 33864
196; 297; 34303
197; 297; 34291
198; 297; 33958
199; 297; 33686
200; 297; 33563
201; 297; 33371
202; 297; 33212
203; 297; 33187
204; 297; 33186
205; 297; 33050
206; 297; 32928
207; 297; 32926
208; 297; 32949
209; 297; 32957
210; 297; 33013
211; 297; 33069
212; 297; 33074
157; 298; 33818
158; 298; 33665
159; 298; 33444
160; 298; 33070
161; 298; 32986
162; 298; 33050
163; 298; 33231
164; 298; 33466
165; 298; 33673
166; 298; 33745
167; 298; 33761
168; 298; 33660
169; 298; 33306
170; 298; 33110
171; 298; 33073
172; 298; 33110
173; 298; 33150
174; 298; 33195
175; 298; 33256
176; 298; 33287
177; 298; 33240
178; 298; 32996
179; 298; 32814
180; 298; 32823
181; 298; 33024
182; 298; 33041
183; 298; 32905
184; 298; 32986
185; 298; 33203
186; 298; 33245
187; 298; 33154
188; 298; 33242
189; 298; 33299
190; 298; 33155
191; 298; 33081
192; 298; 33189
193; 298; 33391
194; 298; 33483
195; 298; 33945
196; 298; 34499
197; 298; 34541
198; 298; 34106
199; 298; 33769
200; 298; 33848
201; 298; 33920
202; 298; 33805
203; 298; 33641
204; 298; 33457
205; 298; 33272
206; 298; 33108
207; 298; 33017
208; 298; 32912
209; 298; 32878
210; 298; 32956
211; 298; 33039
212; 298; 33008
157; 299; 33782
158; 299; 33642
159; 299; 33431
160; 299; 32997
161; 299; 32846
162; 299; 33044
163; 299; 33463
164; 299; 33814
165; 299; 34061
166; 299; 34025
167; 299; 33776
168; 299; 33370
169; 299; 33019
170; 299; 32958
171; 299; 33058
172; 299; 33321
173; 299; 33539
174; 299; 33521
175; 299; 33368
176; 299; 33268
177; 299; 33196
178; 299; 33015
179; 299; 32837
180; 299; 32911
181; 299; 33201
182; 299; 33149
183; 299; 32860
184; 299; 32892
185; 299; 33170
186; 299; 33307
187; 299; 33387
188; 299; 33611
189; 299; 33715
190; 299; 33417
191; 299; 33061
192; 299; 33064
193; 299; 33276
194; 299; 33466
195; 299; 33827
196; 299; 34361
197; 299; 34371
198; 299; 33871
199; 299; 33687
200; 299; 33930
201; 299; 34268
202; 299; 34260
203; 299; 34033
204; 299; 33791
205; 299; 33591
206; 299; 33400
207; 299; 33132
208; 299; 32862
209; 299; 32885
210; 299; 32907
211; 299; 33027
212; 299; 33010
157; 300; 33677
158; 300; 33622
159; 300; 33488
160; 300; 33025
161; 300; 32847
162; 300; 32969
163; 300; 33426
164; 300; 33948
165; 300; 34371
166; 300; 34348
167; 300; 33887
168; 300; 33232
169; 300; 32866
170; 300; 32886
171; 300; 33345
172; 300; 34009
173; 300; 34324
174; 300; 34093
175; 300; 33666
176; 300; 33447
177; 300; 33397
178; 300; 33317
179; 300; 33243
180; 300; 33390
181; 300; 33755
182; 300; 33703
183; 300; 33189
184; 300; 32981
185; 300; 33134
186; 300; 33168
187; 300; 33252
188; 300; 33620
189; 300; 33888
190; 300; 33735
191; 300; 33211
192; 300; 33056
193; 300; 33217
194; 300; 33437
195; 300; 33652
196; 300; 34025
197; 300; 34049
198; 300; 33711
199; 300; 33653
200; 300; 34058
201; 300; 34466
202; 300; 34529
203; 300; 34281
204; 300; 34004
205; 300; 33808
206; 300; 33593
207; 300; 33238
208; 300; 32842
209; 300; 32916
210; 300; 32861
211; 300; 33061
212; 300; 33148
157; 301; 33446
158; 301; 33507
159; 301; 33497
160; 301; 33132
161; 301; 32927
162; 301; 32917
163; 301; 33401
164; 301; 33960
165; 301; 34521
166; 301; 34576
167; 301; 34073
168; 301; 33290
169; 301; 32885
170; 301; 33136
171; 301; 34022
172; 301; 34787
173; 301; 34938
174; 301; 34509
175; 301; 33967
176; 301; 33788
177; 301; 33815
178; 301; 33801
179; 301; 33834
180; 301; 34077
181; 301; 34413
182; 301; 34363
183; 301; 33869
184; 301; 33363
185; 301; 33189
186; 301; 33032
187; 301; 33034
188; 301; 33394
189; 301; 33864
190; 301; 33895
191; 301; 33475
192; 301; 33144
193; 301; 33249
194; 301; 33514
195; 301; 33587
196; 301; 33687
197; 301; 33769
198; 301; 33724
199; 301; 33856
200; 301; 34185
201; 301; 34520
202; 301; 34591
203; 301; 34434
204; 301; 34168
205; 301; 33973
206; 301; 33728
207; 301; 33359
208; 301; 32903
209; 301; 32847
210; 301; 32827
211; 301; 33151
212; 301; 33332
157; 302; 33210
158; 302; 33355
159; 302; 33419
160; 302; 33334
161; 302; 33085
162; 302; 33343
163; 302; 33955
164; 302; 34370
165; 302; 34593
166; 302; 34631
167; 302; 34188
168; 302; 33407
169; 302; 33045
170; 302; 33566
171; 302; 34610
172; 302; 35165
173; 302; 35051
174; 302; 34519
175; 302; 34108
176; 302; 34123
177; 302; 34112
178; 302; 34108
179; 302; 34267
180; 302; 34604
181; 302; 34851
182; 302; 34725
183; 302; 34286
184; 302; 33814
185; 302; 33439
186; 302; 33151
187; 302; 33052
188; 302; 33206
189; 302; 33570
190; 302; 33784
191; 302; 33590
192; 302; 33294
193; 302; 33296
194; 302; 33546
195; 302; 33663
196; 302; 33610
197; 302; 33522
198; 302; 33568
199; 302; 33814
200; 302; 34132
201; 302; 34401
202; 302; 34555
203; 302; 34491
204; 302; 34279
205; 302; 34068
206; 302; 33808
207; 302; 33484
208; 302; 33087
209; 302; 32835
210; 302; 32871
211; 302; 33214
212; 302; 33515
157; 303; 33146
158; 303; 33223
159; 303; 33234
160; 303; 33285
161; 303; 33618
162; 303; 34361
163; 303; 34878
164; 303; 34873
165; 303; 34641
166; 303; 34488
167; 303; 34118
168; 303; 33466
169; 303; 33232
170; 303; 33792
171; 303; 34699
172; 303; 34992
173; 303; 34701
174; 303; 34302
175; 303; 34244
176; 303; 34350
177; 303; 34186
178; 303; 34106
179; 303; 34435
180; 303; 34872
181; 303; 34911
182; 303; 34680
183; 303; 34308
184; 303; 33977
185; 303; 33788
186; 303; 33685
187; 303; 33572
188; 303; 33388
189; 303; 33421
190; 303; 33521
191; 303; 33505
192; 303; 33353
193; 303; 33306
194; 303; 33487
195; 303; 33634
196; 303; 33613
197; 303; 33354
198; 303; 33238
199; 303; 33414
200; 303; 33817
201; 303; 34136
202; 303; 34347
203; 303; 34396
204; 303; 34255
205; 303; 34059
206; 303; 33853
207; 303; 33604
208; 303; 33293
209; 303; 32950
210; 303; 32882
211; 303; 33186
212; 303; 33671
157; 304; 33224
158; 304; 33170
159; 304; 33094
160; 304; 33173
161; 304; 33825
162; 304; 34791
163; 304; 35188
164; 304; 34902
165; 304; 34428
166; 304; 34168
167; 304; 33910
168; 304; 33457
169; 304; 33315
170; 304; 33723
171; 304; 34329
172; 304; 34371
173; 304; 34065
174; 304; 33981
175; 304; 34369
176; 304; 34521
177; 304; 34199
178; 304; 34009
179; 304; 34396
180; 304; 34823
181; 304; 34786
182; 304; 34411
183; 304; 34217
184; 304; 34189
185; 304; 34228
186; 304; 34214
187; 304; 34188
188; 304; 33973
189; 304; 33605
190; 304; 33321
191; 304; 33222
192; 304; 33205
193; 304; 33282
194; 304; 33422
195; 304; 33570
196; 304; 33504
197; 304; 33173
198; 304; 32942
199; 304; 32978
200; 304; 33338
201; 304; 33732
202; 304; 33952
203; 304; 34016
204; 304; 33978
205; 304; 33918
206; 304; 33828
207; 304; 33643
208; 304; 33360
209; 304; 33031
210; 304; 32944
211; 304; 33211
212; 304; 33793
157; 305; 33235
158; 305; 33133
159; 305; 33110
160; 305; 33185
161; 305; 33697
162; 305; 34349
163; 305; 34557
164; 305; 34268
165; 305; 33895
166; 305; 33744
167; 305; 33681
168; 305; 33464
169; 305; 33375
170; 305; 33599
171; 305; 33911
172; 305; 33772
173; 305; 33533
174; 305; 33667
175; 305; 34369
176; 305; 34519
177; 305; 34215
178; 305; 34022
179; 305; 34384
180; 305; 34641
181; 305; 34460
182; 305; 34233
183; 305; 34282
184; 305; 34484
185; 305; 34483
186; 305; 34397
187; 305; 34309
188; 305; 34200
189; 305; 33846
190; 305; 33251
191; 305; 32935
192; 305; 32919
193; 305; 33030
194; 305; 33198
195; 305; 33322
196; 305; 33226
197; 305; 32966
198; 305; 32949
199; 305; 32907
200; 305; 32992
201; 305; 33276
202; 305; 33394
203; 305; 33479
204; 305; 33588
205; 305; 33693
206; 305; 33673
207; 305; 33544
208; 305; 33305
209; 305; 33018
210; 305; 32970
211; 305; 33239
212; 305; 33823
157; 306; 33166
158; 306; 33134
159; 306; 33228
160; 306; 33447
161; 306; 33736
162; 306; 33865
163; 306; 33771
164; 306; 33568
165; 306; 33457
166; 306; 33453
167; 306; 33504
168; 306; 33415
169; 306; 33352
170; 306; 33479
171; 306; 33627
172; 306; 33508
173; 306; 33336
174; 306; 33485
175; 306; 34156
176; 306; 34382
177; 306; 34201
178; 306; 34168
179; 306; 34483
180; 306; 34542
181; 306; 34305
182; 306; 34229
183; 306; 34420
184; 306; 34547
185; 306; 34431
186; 306; 34137
187; 306; 33987
188; 306; 33947
189; 306; 33811
190; 306; 33243
191; 306; 32871
192; 306; 32907
193; 306; 32919
194; 306; 33007
195; 306; 33009
196; 306; 32987
197; 306; 32880
198; 306; 32875
199; 306; 32844
200; 306; 32921
201; 306; 33050
202; 306; 33152
203; 306; 33338
204; 306; 33537
205; 306; 33526
206; 306; 33411
207; 306; 33337
208; 306; 33238
209; 306; 32977
210; 306; 32908
211; 306; 33144
212; 306; 33678
157; 307; 33039
158; 307; 33065
159; 307; 33422
160; 307; 33839
161; 307; 33929
162; 307; 33774
163; 307; 33399
164; 307; 33191
165; 307; 33167
166; 307; 33241
167; 307; 33332
168; 307; 33293
169; 307; 33145
170; 307; 33124
171; 307; 33278
172; 307; 33420
173; 307; 33412
174; 307; 33520
175; 307; 33970
176; 307; 34209
177; 307; 34153
178; 307; 34181
179; 307; 34424
180; 307; 34465
181; 307; 34300
182; 307; 34249
183; 307; 34407
184; 307; 34473
185; 307; 34180
186; 307; 33825
187; 307; 33679
188; 307; 33705
189; 307; 33676
190; 307; 33455
191; 307; 33020
192; 307; 32927
193; 307; 32954
194; 307; 32974
195; 307; 32949
196; 307; 32964
197; 307; 32958
198; 307; 32907
199; 307; 32936
200; 307; 33036
201; 307; 33238
202; 307; 33552
203; 307; 33769
204; 307; 33780
205; 307; 33499
206; 307; 33249
207; 307; 33229
208; 307; 33224
209; 307; 32956
210; 307; 32834
211; 307; 32961
212; 307; 33334
157; 308; 32996
158; 308; 33221
159; 308; 33684
160; 308; 33956
161; 308; 33970
162; 308; 33747
163; 308; 33383
164; 308; 33042
165; 308; 32935
166; 308; 33011
167; 308; 33180
168; 308; 33209
169; 308; 33051
170; 308; 32920
171; 308; 33029
172; 308; 33352
173; 308; 33551
174; 308; 33704
175; 308; 33973
176; 308; 34189
177; 308; 34165
178; 308; 34117
179; 308; 34189
180; 308; 34218
181; 308; 34161
182; 308; 34142
183; 308; 34206
184; 308; 34243
185; 308; 34131
186; 308; 33909
187; 308; 33789
188; 308; 33811
189; 308; 33863
190; 308; 33746
191; 308; 33342
192; 308; 33052
193; 308; 32991
194; 308; 32968
195; 308; 32953
196; 308; 33014
197; 308; 33087
198; 308; 33060
199; 308; 33039
200; 308; 33173
201; 308; 33601
202; 308; 33997
203; 308; 34129
204; 308; 33947
205; 308; 33486
206; 308; 33227
207; 308; 33229
208; 308; 33248
209; 308; 32956
210; 308; 32830
211; 308; 32833
212; 308; 33018
157; 309; 33296
158; 309; 33681
159; 309; 33804
160; 309; 33789
161; 309; 33611
162; 309; 33432
163; 309; 33156
164; 309; 32867
165; 309; 32843
166; 309; 32858
167; 309; 33057
168; 309; 33191
169; 309; 33102
170; 309; 32954
171; 309; 32962
172; 309; 33274
173; 309; 33536
174; 309; 33700
175; 309; 33910
176; 309; 34161
177; 309; 34231
178; 309; 34206
179; 309; 34169
180; 309; 34116
181; 309; 34018
182; 309; 33979
183; 309; 34014
184; 309; 34046
185; 309; 34060
186; 309; 34045
187; 309; 34026
188; 309; 34031
189; 309; 34037
190; 309; 33857
191; 309; 33390
192; 309; 33042
193; 309; 32976
194; 309; 32947
195; 309; 32930
196; 309; 32973
197; 309; 33058
198; 309; 33048
199; 309; 32990
200; 309; 33129
201; 309; 33599
202; 309; 34001
203; 309; 34039
204; 309; 33744
205; 309; 33340
206; 309; 33222
207; 309; 33278
208; 309; 33292
209; 309; 33013
210; 309; 32818
211; 309; 32822
212; 309; 32902
157; 310; 33841
158; 310; 33989
159; 310; 33826
160; 310; 33380
161; 310; 33106
162; 310; 33101
163; 310; 33049
164; 310; 32898
165; 310; 32881
166; 310; 32851
167; 310; 33000
168; 310; 33146
169; 310; 33121
170; 310; 33007
171; 310; 33003
172; 310; 33195
173; 310; 33422
174; 310; 33535
175; 310; 33638
176; 310; 33918
177; 310; 34198
178; 310; 34362
179; 310; 34347
180; 310; 34209
181; 310; 34006
182; 310; 33951
183; 310; 33983
184; 310; 33988
185; 310; 33969
186; 310; 33979
187; 310; 34020
188; 310; 34069
189; 310; 34060
190; 310; 33754
191; 310; 33259
192; 310; 33025
193; 310; 33077
194; 310; 33130
195; 310; 33005
196; 310; 32899
197; 310; 32956
198; 310; 32962
199; 310; 32930
200; 310; 32971
201; 310; 33259
202; 310; 33578
203; 310; 33604
204; 310; 33365
205; 310; 33154
206; 310; 33146
207; 310; 33252
208; 310; 33254
209; 310; 33096
210; 310; 32921
211; 310; 32891
212; 310; 32979
157; 311; 33954
158; 311; 33903
159; 311; 33514
160; 311; 33092
161; 311; 33020
162; 311; 33158
163; 311; 33306
164; 311; 33106
165; 311; 32896
166; 311; 32913
167; 311; 33006
168; 311; 33047
169; 311; 33008
170; 311; 32944
171; 311; 32960
172; 311; 33084
173; 311; 33233
174; 311; 33259
175; 311; 33322
176; 311; 33490
177; 311; 33804
178; 311; 34122
179; 311; 34284
180; 311; 34197
181; 311; 34022
182; 311; 34000
183; 311; 34042
184; 311; 33989
185; 311; 33897
186; 311; 33926
187; 311; 34071
188; 311; 34171
189; 311; 34097
190; 311; 33714
191; 311; 33299
192; 311; 33266
193; 311; 33612
194; 311; 33855
195; 311; 33585
196; 311; 33203
197; 311; 33024
198; 311; 32970
199; 311; 32940
200; 311; 32966
201; 311; 33095
202; 311; 33272
203; 311; 33351
204; 311; 33279
205; 311; 33187
206; 311; 33146
207; 311; 33121
208; 311; 33100
209; 311; 33049
210; 311; 32997
211; 311; 32968
212; 311; 33017
157; 312; 33784
158; 312; 33515
159; 312; 33223
160; 312; 33046
161; 312; 33125
162; 312; 33591
163; 312; 33688
164; 312; 33341
165; 312; 33024
166; 312; 32990
167; 312; 33016
168; 312; 32965
169; 312; 32898
170; 312; 32885
171; 312; 32931
172; 312; 32995
173; 312; 33062
174; 312; 33049
175; 312; 33021
176; 312; 33109
177; 312; 33285
178; 312; 33518
179; 312; 33710
180; 312; 33795
181; 312; 33841
182; 312; 33971
183; 312; 34041
184; 312; 33956
185; 312; 33848
186; 312; 33919
187; 312; 34138
188; 312; 34256
189; 312; 34026
190; 312; 33630
191; 312; 33365
192; 312; 33495
193; 312; 34156
194; 312; 34627
195; 312; 34509
196; 312; 33994
197; 312; 33472
198; 312; 33168
199; 312; 33030
200; 312; 33049
201; 312; 33151
202; 312; 33268
203; 312; 33357
204; 312; 33397
205; 312; 33402
206; 312; 33266
207; 312; 33038
208; 312; 32940
209; 312; 32992
210; 312; 33047
211; 312; 33017
212; 312; 33000
157; 313; 33388
158; 313; 33228
159; 313; 33062
160; 313; 32977
161; 313; 33373
162; 313; 33952
163; 313; 33915
164; 313; 33308
165; 313; 32998
166; 313; 33030
167; 313; 33081
168; 313; 32995
169; 313; 32931
170; 313; 32962
171; 313; 33032
172; 313; 33085
173; 313; 33095
174; 313; 33009
175; 313; 32901
176; 313; 32900
177; 313; 33017
178; 313; 33192
179; 313; 33374
180; 313; 33525
181; 313; 33695
182; 313; 33883
183; 313; 34014
184; 313; 33943
185; 313; 33818
186; 313; 33831
187; 313; 33915
188; 313; 33863
189; 313; 33597
190; 313; 33316
191; 313; 33168
192; 313; 33388
193; 313; 34030
194; 313; 34767
195; 313; 34952
196; 313; 34603
197; 313; 33999
198; 313; 33465
199; 313; 33198
200; 313; 33154
201; 313; 33187
202; 313; 33223
203; 313; 33293
204; 313; 33399
205; 313; 33491
206; 313; 33366
207; 313; 33051
208; 313; 32899
209; 313; 33008
210; 313; 33147
211; 313; 33126
212; 313; 33039
157; 314; 33206
158; 314; 33091
159; 314; 32939
160; 314; 32977
161; 314; 33588
162; 314; 34218
163; 314; 34095
164; 314; 33400
165; 314; 33059
166; 314; 33147
167; 314; 33253
168; 314; 33117
169; 314; 33098
170; 314; 33211
171; 314; 33343
172; 314; 33447
173; 314; 33447
174; 314; 33183
175; 314; 32915
176; 314; 32891
177; 314; 33098
178; 314; 33346
179; 314; 33556
180; 314; 33757
181; 314; 33933
182; 314; 34086
183; 314; 34181
184; 314; 34153
185; 314; 34003
186; 314; 33831
187; 314; 33703
188; 314; 33522
189; 314; 33314
190; 314; 33115
191; 314; 33054
192; 314; 33239
193; 314; 33700
194; 314; 34344
195; 314; 34715
196; 314; 34575
197; 314; 34138
198; 314; 33666
199; 314; 33395
200; 314; 33286
201; 314; 33226
202; 314; 33174
203; 314; 33201
204; 314; 33278
205; 314; 33388
206; 314; 33342
207; 314; 33124
208; 314; 33006
209; 314; 33132
210; 314; 33295
211; 314; 33278
212; 314; 33196
157; 315; 33188
158; 315; 33057
159; 315; 32905
160; 315; 33023
161; 315; 33764
162; 315; 34409
163; 315; 34346
164; 315; 33758
165; 315; 33369
166; 315; 33375
167; 315; 33384
168; 315; 33300
169; 315; 33340
170; 315; 33505
171; 315; 33602
172; 315; 33662
173; 315; 33663
174; 315; 33457
175; 315; 33129
176; 315; 33135
177; 315; 33430
178; 315; 33775
179; 315; 34064
180; 315; 34326
181; 315; 34530
182; 315; 34622
183; 315; 34654
184; 315; 34651
185; 315; 34536
186; 315; 34273
187; 315; 34021
188; 315; 33828
189; 315; 33696
190; 315; 33636
191; 315; 33626
192; 315; 33709
193; 315; 33931
194; 315; 34235
195; 315; 34387
196; 315; 34187
197; 315; 33902
198; 315; 33673
199; 315; 33574
200; 315; 33552
201; 315; 33510
202; 315; 33417
203; 315; 33326
204; 315; 33300
205; 315; 33323
206; 315; 33288
207; 315; 33193
208; 315; 33170
209; 315; 33288
210; 315; 33378
211; 315; 33321
212; 315; 33256
157; 316; 33266
158; 316; 33121
159; 316; 32970
160; 316; 33111
161; 316; 33846
162; 316; 34493
163; 316; 34536
164; 316; 34143
165; 316; 33764
166; 316; 33584
167; 316; 33433
168; 316; 33385
169; 316; 33529
170; 316; 33646
171; 316; 33665
172; 316; 33694
173; 316; 33680
174; 316; 33572
175; 316; 33421
176; 316; 33550
177; 316; 33925
178; 316; 34185
179; 316; 34372
180; 316; 34630
181; 316; 34883
182; 316; 35004
183; 316; 35017
184; 316; 35014
185; 316; 34970
186; 316; 34861
187; 316; 34730
188; 316; 34649
189; 316; 34631
190; 316; 34653
191; 316; 34681
192; 316; 34702
193; 316; 34727
194; 316; 34737
195; 316; 34576
196; 316; 34170
197; 316; 33825
198; 316; 33662
199; 316; 33707
200; 316; 33897
201; 316; 34033
202; 316; 34070
203; 316; 33938
204; 316; 33714
205; 316; 33497
206; 316; 33322
207; 316; 33234
208; 316; 33278
209; 316; 33371
210; 316; 33343
211; 316; 33216
212; 316; 33179
157; 317; 33274
158; 317; 33147
159; 317; 33018
160; 317; 33187
161; 317; 33886
162; 317; 34478
163; 317; 34539
164; 317; 34357
165; 317; 34071
166; 317; 33739
167; 317; 33461
168; 317; 33448
169; 317; 33624
170; 317; 33693
171; 317; 33683
172; 317; 33657
173; 317; 33642
174; 317; 33624
175; 317; 33735
176; 317; 34003
177; 317; 34344
178; 317; 34544
179; 317; 34616
180; 317; 34731
181; 317; 34918
182; 317; 35052
183; 317; 35094
184; 317; 35081
185; 317; 35037
186; 317; 35003
187; 317; 35024
188; 317; 35060
189; 317; 35072
190; 317; 35098
191; 317; 35148
192; 317; 35176
193; 317; 35156
194; 317; 35110
195; 317; 34981
196; 317; 34669
197; 317; 34213
198; 317; 33917
199; 317; 33896
200; 317; 34159
201; 317; 34480
202; 317; 34694
203; 317; 34656
204; 317; 34365
205; 317; 33929
206; 317; 33526
207; 317; 33267
208; 317; 33293
209; 317; 33395
210; 317; 33323
211; 317; 33136
212; 317; 33119
157; 318; 33138
158; 318; 33044
159; 318; 32950
160; 318; 33186
161; 318; 33894
162; 318; 34455
163; 318; 34535
164; 318; 34437
165; 318; 34280
166; 318; 33965
167; 318; 33609
168; 318; 33537
169; 318; 33681
170; 318; 33747
171; 318; 33684
172; 318; 33567
173; 318; 33536
174; 318; 33597
175; 318; 33751
176; 318; 34040
177; 318; 34423
178; 318; 34735
179; 318; 34881
180; 318; 34910
181; 318; 34936
182; 318; 35015
183; 318; 35062
184; 318; 35041
185; 318; 34974
186; 318; 34929
187; 318; 34940
188; 318; 34974
189; 318; 35008
190; 318; 35071
191; 318; 35135
192; 318; 35119
193; 318; 35045
194; 318; 35039
195; 318; 35120
196; 318; 35095
197; 318; 34793
198; 318; 34343
199; 318; 34128
200; 318; 34229
201; 318; 34646
202; 318; 35026
203; 318; 35100
204; 318; 34848
205; 318; 34380
206; 318; 33752
207; 318; 33299
208; 318; 33247
209; 318; 33466
210; 318; 33489
211; 318; 33233
212; 318; 33158
157; 319; 33000
158; 319; 32922
159; 319; 32879
160; 319; 33121
161; 319; 33835
162; 319; 34436
163; 319; 34485
164; 319; 34379
165; 319; 34346
166; 319; 34208
167; 319; 33806
168; 319; 33615
169; 319; 33684
170; 319; 33773
171; 319; 33705
172; 319; 33588
173; 319; 33567
174; 319; 33569
175; 319; 33578
176; 319; 33677
177; 319; 34043
178; 319; 34513
179; 319; 34917
180; 319; 35124
181; 319; 35166
182; 319; 35103
183; 319; 35044
184; 319; 34972
185; 319; 34899
186; 319; 34841
187; 319; 34837
188; 319; 34873
189; 319; 34960
190; 319; 35089
191; 319; 35157
192; 319; 35063
193; 319; 34914
194; 319; 34889
195; 319; 35061
196; 319; 35130
197; 319; 34924
198; 319; 34498
199; 319; 34095
200; 319; 34009
201; 319; 34417
202; 319; 35010
203; 319; 35254
204; 319; 35100
205; 319; 34644
206; 319; 33955
207; 319; 33331
208; 319; 33235
209; 319; 33510
210; 319; 33664
211; 319; 33444
212; 319; 33230
157; 320; 32920
158; 320; 32881
159; 320; 32873
160; 320; 33064
161; 320; 33726
162; 320; 34424
163; 320; 34449
164; 320; 34201
165; 320; 34143
166; 320; 34177
167; 320; 33942
168; 320; 33592
169; 320; 33563
170; 320; 33666
171; 320; 33734
172; 320; 33793
173; 320; 33843
174; 320; 33790
175; 320; 33615
176; 320; 33504
177; 320; 33506
178; 320; 33833
179; 320; 34404
180; 320; 34957
181; 320; 35305
182; 320; 35303
183; 320; 35173
184; 320; 35002
185; 320; 34897
186; 320; 34822
187; 320; 34793
188; 320; 34835
189; 320; 34936
190; 320; 35118
191; 320; 35196
192; 320; 35121
193; 320; 34970
194; 320; 34980
195; 320; 35062
196; 320; 34981
197; 320; 34651
198; 320; 34192
199; 320; 33810
200; 320; 33631
201; 320; 33937
202; 320; 34737
203; 320; 35201
204; 320; 35122
205; 320; 34732
206; 320; 34115
207; 320; 33428
208; 320; 33229
209; 320; 33415
210; 320; 33666
211; 320; 33511
212; 320; 33246
157; 321; 32961
158; 321; 32934
159; 321; 32903
160; 321; 33002
161; 321; 33648
162; 321; 34491
163; 321; 34576
164; 321; 34135
165; 321; 33882
166; 321; 33944
167; 321; 33943
168; 321; 33694
169; 321; 33496
170; 321; 33483
171; 321; 33624
172; 321; 33865
173; 321; 34019
174; 321; 34003
175; 321; 33897
176; 321; 33685
177; 321; 33503
178; 321; 33444
179; 321; 33693
180; 321; 34292
181; 321; 34975
182; 321; 35323
183; 321; 35296
184; 321; 35247
185; 321; 35129
186; 321; 35017
187; 321; 34924
188; 321; 34918
189; 321; 34991
190; 321; 35112
191; 321; 35191
192; 321; 35205
193; 321; 35223
194; 321; 35248
195; 321; 35162
196; 321; 34861
197; 321; 34407
198; 321; 33991
199; 321; 33629
200; 321; 33516
201; 321; 33662
202; 321; 34376
203; 321; 34907
204; 321; 34854
205; 321; 34569
206; 321; 34143
207; 321; 33559
208; 321; 33212
209; 321; 33268
210; 321; 33495
211; 321; 33415
212; 321; 33261
157; 322; 33209
158; 322; 33332
159; 322; 33159
160; 322; 33078
161; 322; 33605
162; 322; 34554
163; 322; 34836
164; 322; 34309
165; 322; 33799
166; 322; 33726
167; 322; 33878
168; 322; 33873
169; 322; 33644
170; 322; 33431
171; 322; 33383
172; 322; 33512
173; 322; 33705
174; 322; 33830
175; 322; 33889
176; 322; 33864
177; 322; 33757
178; 322; 33562
179; 322; 33457
180; 322; 33679
181; 322; 34230
182; 322; 34810
183; 322; 35159
184; 322; 35355
185; 322; 35390
186; 322; 35422
187; 322; 35334
188; 322; 35313
189; 322; 35348
190; 322; 35357
191; 322; 35331
192; 322; 35318
193; 322; 35310
194; 322; 35294
195; 322; 35167
196; 322; 34873
197; 322; 34587
198; 322; 34295
199; 322; 33956
200; 322; 33729
201; 322; 33842
202; 322; 34278
203; 322; 34496
204; 322; 34318
205; 322; 34120
206; 322; 33911
207; 322; 33530
208; 322; 33207
209; 322; 33162
210; 322; 33300
211; 322; 33347
212; 322; 33331
157; 323; 33635
158; 323; 34072
159; 323; 33902
160; 323; 33540
161; 323; 33716
162; 323; 34473
163; 323; 34837
164; 323; 34506
165; 323; 33895
166; 323; 33614
167; 323; 33723
168; 323; 33861
169; 323; 33787
170; 323; 33568
171; 323; 33339
172; 323; 33264
173; 323; 33184
174; 323; 33185
175; 323; 33273
176; 323; 33509
177; 323; 33703
178; 323; 33688
179; 323; 33587
180; 323; 33516
181; 323; 33681
182; 323; 34069
183; 323; 34530
184; 323; 34913
185; 323; 35196
186; 323; 35331
187; 323; 35387
188; 323; 35478
189; 323; 35561
190; 323; 35536
191; 323; 35430
192; 323; 35298
193; 323; 35150
194; 323; 35034
195; 323; 35024
196; 323; 35086
197; 323; 35096
198; 323; 34973
199; 323; 34749
200; 323; 34523
201; 323; 34531
202; 323; 34609
203; 323; 34446
204; 323; 33999
205; 323; 33658
206; 323; 33487
207; 323; 33290
208; 323; 33107
209; 323; 33081
210; 323; 33249
211; 323; 33390
212; 323; 33445
157; 324; 33851
158; 324; 34622
159; 324; 34740
160; 324; 34370
161; 324; 34125
162; 324; 34397
163; 324; 34659
164; 324; 34491
165; 324; 34017
166; 324; 33622
167; 324; 33535
168; 324; 33645
169; 324; 33723
170; 324; 33677
171; 324; 33552
172; 324; 33419
173; 324; 33252
174; 324; 33053
175; 324; 33017
176; 324; 33063
177; 324; 33296
178; 324; 33552
179; 324; 33615
180; 324; 33594
181; 324; 33602
182; 324; 33718
183; 324; 33883
184; 324; 34079
185; 324; 34286
186; 324; 34464
187; 324; 34607
188; 324; 34777
189; 324; 34902
190; 324; 34895
191; 324; 34802
192; 324; 34660
193; 324; 34472
194; 324; 34429
195; 324; 34787
196; 324; 35247
197; 324; 35455
198; 324; 35391
199; 324; 35294
200; 324; 35259
201; 324; 35244
202; 324; 35149
203; 324; 34843
204; 324; 34284
205; 324; 33744
206; 324; 33356
207; 324; 33102
208; 324; 33002
209; 324; 33027
210; 324; 33254
211; 324; 33454
212; 324; 33520
157; 325; 33826
158; 325; 34621
159; 325; 35029
160; 325; 34985
161; 325; 34742
162; 325; 34498
163; 325; 34437
164; 325; 34341
165; 325; 34089
166; 325; 33757
167; 325; 33519
168; 325; 33464
169; 325; 33545
170; 325; 33686
171; 325; 33868
172; 325; 33899
173; 325; 33763
174; 325; 33546
175; 325; 33335
176; 325; 33282
177; 325; 33298
178; 325; 33356
179; 325; 33397
180; 325; 33576
181; 325; 33730
182; 325; 33772
183; 325; 33699
184; 325; 33598
185; 325; 33570
186; 325; 33548
187; 325; 33556
188; 325; 33606
189; 325; 33626
190; 325; 33598
191; 325; 33612
192; 325; 33660
193; 325; 33679
194; 325; 33865
195; 325; 34514
196; 325; 35274
197; 325; 35477
198; 325; 35339
199; 325; 35304
200; 325; 35412
201; 325; 35434
202; 325; 35425
203; 325; 35275
204; 325; 34967
205; 325; 34494
206; 325; 33869
207; 325; 33313
208; 325; 33022
209; 325; 33021
210; 325; 33215
211; 325; 33427
212; 325; 33489
157; 326; 33904
158; 326; 34289
159; 326; 34741
160; 326; 34998
161; 326; 34988
162; 326; 34692
163; 326; 34392
164; 326; 34243
165; 326; 34141
166; 326; 33966
167; 326; 33765
168; 326; 33636
169; 326; 33636
170; 326; 33751
171; 326; 33958
172; 326; 34087
173; 326; 34094
174; 326; 34028
175; 326; 34004
176; 326; 33970
177; 326; 33753
178; 326; 33449
179; 326; 33283
180; 326; 33376
181; 326; 33668
182; 326; 33777
183; 326; 33734
184; 326; 33687
185; 326; 33632
186; 326; 33476
187; 326; 33317
188; 326; 33174
189; 326; 33013
190; 326; 32905
191; 326; 32957
192; 326; 33127
193; 326; 33268
194; 326; 33526
195; 326; 34284
196; 326; 35164
197; 326; 35351
198; 326; 35095
199; 326; 35062
200; 326; 35239
201; 326; 35336
202; 326; 35350
203; 326; 35388
204; 326; 35430
205; 326; 35234
206; 326; 34763
207; 326; 33989
208; 326; 33333
209; 326; 33045
210; 326; 33126
211; 326; 33314
212; 326; 33379
157; 327; 34264
158; 327; 34261
159; 327; 34407
160; 327; 34694
161; 327; 34711
162; 327; 34506
163; 327; 34313
164; 327; 34251
165; 327; 34200
166; 327; 34104
167; 327; 34018
168; 327; 33994
169; 327; 34008
170; 327; 34031
171; 327; 34050
172; 327; 34049
173; 327; 34043
174; 327; 34113
175; 327; 34285
176; 327; 34440
177; 327; 34295
178; 327; 33848
179; 327; 33463
180; 327; 33380
181; 327; 33504
182; 327; 33575
183; 327; 33666
184; 327; 33940
185; 327; 34102
186; 327; 33974
187; 327; 33741
188; 327; 33549
189; 327; 33330
190; 327; 33126
191; 327; 33066
192; 327; 33112
193; 327; 33164
194; 327; 33312
195; 327; 33967
196; 327; 34932
197; 327; 35259
198; 327; 35075
199; 327; 35028
200; 327; 35139
201; 327; 35202
202; 327; 35180
203; 327; 35287
204; 327; 35457
205; 327; 35544
206; 327; 35377
207; 327; 34811
208; 327; 33910
209; 327; 33270
210; 327; 33099
211; 327; 33214
212; 327; 33298
157; 328; 34731
158; 328; 34468
159; 328; 34431
160; 328; 34445
161; 328; 34259
162; 328; 34066
163; 328; 34077
164; 328; 34231
165; 328; 34233
166; 328; 34122
167; 328; 34034
168; 328; 34073
169; 328; 34195
170; 328; 34264
171; 328; 34222
172; 328; 34107
173; 328; 34004
174; 328; 34005
175; 328; 34140
176; 328; 34329
177; 328; 34346
178; 328; 34124
179; 328; 33841
180; 328; 33669
181; 328; 33588
182; 328; 33480
183; 328; 33486
184; 328; 33806
185; 328; 34143
186; 328; 34104
187; 328; 33930
188; 328; 33907
189; 328; 33876
190; 328; 33710
191; 328; 33554
192; 328; 33398
193; 328; 33183
194; 328; 33123
195; 328; 33600
196; 328; 34666
197; 328; 35337
198; 328; 35331
199; 328; 35131
200; 328; 35202
201; 328; 35261
202; 328; 35218
203; 328; 35222
204; 328; 35299
205; 328; 35423
206; 328; 35488
207; 328; 35282
208; 328; 34621
209; 328; 33779
210; 328; 33308
211; 328; 33220
212; 328; 33320
157; 329; 34846
158; 329; 34543
159; 329; 34444
160; 329; 34383
161; 329; 34035
162; 329; 33777
163; 329; 33869
164; 329; 34121
165; 329; 34211
166; 329; 34092
167; 329; 33945
168; 329; 33936
169; 329; 34076
170; 329; 34224
171; 329; 34265
172; 329; 34200
173; 329; 34098
174; 329; 34042
175; 329; 34066
176; 329; 34126
177; 329; 34137
178; 329; 34088
179; 329; 34048
180; 329; 34065
181; 329; 33962
182; 329; 33674
183; 329; 33507
184; 329; 33559
185; 329; 33702
186; 329; 33731
187; 329; 33724
188; 329; 33820
189; 329; 33873
190; 329; 33822
191; 329; 33814
192; 329; 33813
193; 329; 33514
194; 329; 33188
195; 329; 33413
196; 329; 34398
197; 329; 35405
198; 329; 35574
199; 329; 35283
200; 329; 35224
201; 329; 35339
202; 329; 35390
203; 329; 35353
204; 329; 35286
205; 329; 35242
206; 329; 35278
207; 329; 35351
208; 329; 35170
209; 329; 34563
210; 329; 33800
211; 329; 33385
212; 329; 33386
157; 330; 34655
158; 330; 34347
159; 330; 34316
160; 330; 34260
161; 330; 33989
162; 330; 33760
163; 330; 33793
164; 330; 34037
165; 330; 34177
166; 330; 34111
167; 330; 33970
168; 330; 33918
169; 330; 33977
170; 330; 34071
171; 330; 34138
172; 330; 34162
173; 330; 34152
174; 330; 34150
175; 330; 34155
176; 330; 34122
177; 330; 34064
178; 330; 34046
179; 330; 34095
180; 330; 34147
181; 330; 34123
182; 330; 33985
183; 330; 33748
184; 330; 33585
185; 330; 33448
186; 330; 33360
187; 330; 33425
188; 330; 33604
189; 330; 33741
190; 330; 33743
191; 330; 33848
192; 330; 34049
193; 330; 34013
194; 330; 33583
195; 330; 33498
196; 330; 34197
197; 330; 35272
198; 330; 35672
199; 330; 35417
200; 330; 35164
201; 330; 35285
202; 330; 35474
203; 330; 35519
204; 330; 35417
205; 330; 35232
206; 330; 35104
207; 330; 35192
208; 330; 35434
209; 330; 35231
210; 330; 34433
211; 330; 33592
212; 330; 33393
157; 331; 34433
158; 331; 34288
159; 331; 34227
160; 331; 34160
161; 331; 34059
162; 331; 33954
163; 331; 33967
164; 331; 34078
165; 331; 34179
166; 331; 34176
167; 331; 34126
168; 331; 34116
169; 331; 34117
170; 331; 34091
171; 331; 34080
172; 331; 34094
173; 331; 34107
174; 331; 34141
175; 331; 34183
176; 331; 34168
177; 331; 34101
178; 331; 34068
179; 331; 34079
180; 331; 34073
181; 331; 34059
182; 331; 34081
183; 331; 34069
184; 331; 33859
185; 331; 33528
186; 331; 33359
187; 331; 33439
188; 331; 33607
189; 331; 33693
190; 331; 33706
191; 331; 33810
192; 331; 34108
193; 331; 34196
194; 331; 33947
195; 331; 33661
196; 331; 33941
197; 331; 34907
198; 331; 35633
199; 331; 35654
200; 331; 35323
201; 331; 35250
202; 331; 35385
203; 331; 35496
204; 331; 35515
205; 331; 35398
206; 331; 35167
207; 331; 35081
208; 331; 35436
209; 331; 35593
210; 331; 34885
211; 331; 33747
212; 331; 33265
157; 332; 34443
158; 332; 34416
159; 332; 34290
160; 332; 34165
161; 332; 34152
162; 332; 34197
163; 332; 34209
164; 332; 34191
165; 332; 34184
166; 332; 34204
167; 332; 34266
168; 332; 34348
169; 332; 34352
170; 332; 34263
171; 332; 34185
172; 332; 34149
173; 332; 34110
174; 332; 34099
175; 332; 34133
176; 332; 34140
177; 332; 34086
178; 332; 34055
179; 332; 34076
180; 332; 34079
181; 332; 34080
182; 332; 34139
183; 332; 34219
184; 332; 34154
185; 332; 33894
186; 332; 33640
187; 332; 33589
188; 332; 33641
189; 332; 33652
190; 332; 33662
191; 332; 33730
192; 332; 33923
193; 332; 34011
194; 332; 33803
195; 332; 33485
196; 332; 33532
197; 332; 34232
198; 332; 35286
199; 332; 35837
200; 332; 35764
201; 332; 35460
202; 332; 35324
203; 332; 35340
204; 332; 35458
205; 332; 35549
206; 332; 35388
207; 332; 35160
208; 332; 35348
209; 332; 35674
210; 332; 35206
211; 332; 33991
212; 332; 33303
157; 333; 34466
158; 333; 34485
159; 333; 34367
160; 333; 34207
161; 333; 34199
162; 333; 34310
163; 333; 34348
164; 333; 34252
165; 333; 34148
166; 333; 34166
167; 333; 34309
168; 333; 34452
169; 333; 34459
170; 333; 34352
171; 333; 34275
172; 333; 34252
173; 333; 34206
174; 333; 34163
175; 333; 34171
176; 333; 34151
177; 333; 34044
178; 333; 33981
179; 333; 34072
180; 333; 34204
181; 333; 34238
182; 333; 34199
183; 333; 34181
184; 333; 34184
185; 333; 34167
186; 333; 34055
187; 333; 33863
188; 333; 33703
189; 333; 33595
190; 333; 33572
191; 333; 33602
192; 333; 33652
193; 333; 33602
194; 333; 33439
195; 333; 33242
196; 333; 33169
197; 333; 33467
198; 333; 34350
199; 333; 35375
200; 333; 35853
201; 333; 35783
202; 333; 35505
203; 333; 35317
204; 333; 35369
205; 333; 35566
206; 333; 35548
207; 333; 35297
208; 333; 35293
209; 333; 35634
210; 333; 35468
211; 333; 34451
212; 333; 33616
157; 334; 34385
158; 334; 34378
159; 334; 34354
160; 334; 34288
161; 334; 34286
162; 334; 34380
163; 334; 34424
164; 334; 34316
165; 334; 34166
166; 334; 34159
167; 334; 34307
168; 334; 34432
169; 334; 34398
170; 334; 34275
171; 334; 34234
172; 334; 34278
173; 334; 34288
174; 334; 34266
175; 334; 34282
176; 334; 34251
177; 334; 34085
178; 334; 33939
179; 334; 34011
180; 334; 34208
181; 334; 34275
182; 334; 34159
183; 334; 34058
184; 334; 34106
185; 334; 34254
186; 334; 34335
187; 334; 34210
188; 334; 33924
189; 334; 33676
190; 334; 33546
191; 334; 33515
192; 334; 33474
193; 334; 33405
194; 334; 33313
195; 334; 33200
196; 334; 33132
197; 334; 33065
198; 334; 33397
199; 334; 34293
200; 334; 35268
201; 334; 35730
202; 334; 35689
203; 334; 35484
204; 334; 35421
205; 334; 35574
206; 334; 35638
207; 334; 35420
208; 334; 35317
209; 334; 35530
210; 334; 35584
211; 334; 34929
212; 334; 34035
157; 335; 34269
158; 335; 34218
159; 335; 34298
160; 335; 34408
161; 335; 34476
162; 335; 34539
163; 335; 34578
164; 335; 34500
165; 335; 34340
166; 335; 34263
167; 335; 34320
168; 335; 34367
169; 335; 34289
170; 335; 34168
171; 335; 34162
172; 335; 34264
173; 335; 34323
174; 335; 34307
175; 335; 34317
176; 335; 34328
177; 335; 34210
178; 335; 34020
179; 335; 33968
180; 335; 34062
181; 335; 34122
182; 335; 34072
183; 335; 34040
184; 335; 34139
185; 335; 34312
186; 335; 34402
187; 335; 34371
188; 335; 34214
189; 335; 33969
190; 335; 33669
191; 335; 33462
192; 335; 33373
193; 335; 33334
194; 335; 33330
195; 335; 33350
196; 335; 33305
197; 335; 33187
198; 335; 33187
199; 335; 33614
200; 335; 34430
201; 335; 35165
202; 335; 35503
203; 335; 35576
204; 335; 35564
205; 335; 35673
206; 335; 35744
207; 335; 35603
208; 335; 35387
209; 335; 35442
210; 335; 35563
211; 335; 35103
212; 335; 34199
