71; 87; 36365
72; 87; 35852
73; 87; 35536
74; 87; 35742
75; 87; 36278
76; 87; 37428
77; 87; 39146
78; 87; 40868
79; 87; 41919
80; 87; 41832
81; 87; 42552
82; 87; 46953
83; 87; 51490
84; 87; 48608
85; 87; 41552
86; 87; 38277
87; 87; 38473
88; 87; 38458
89; 87; 38060
71; 88; 36246
72; 88; 35680
73; 88; 35786
74; 88; 36501
75; 88; 36711
76; 88; 37007
77; 88; 37946
78; 88; 39884
79; 88; 42216
80; 88; 43109
81; 88; 42829
82; 88; 44711
83; 88; 47218
84; 88; 44865
85; 88; 39890
86; 88; 37570
87; 88; 37869
88; 88; 38432
89; 88; 38475
71; 89; 35591
72; 89; 35305
73; 89; 35894
74; 89; 37122
75; 89; 37274
76; 89; 37091
77; 89; 37683
78; 89; 39718
79; 89; 42376
80; 89; 43612
81; 89; 43336
82; 89; 44095
83; 89; 44516
84; 89; 41966
85; 89; 38707
86; 89; 37254
87; 89; 37610
88; 89; 38705
89; 89; 39036
71; 90; 34820
72; 90; 34827
73; 90; 35469
74; 90; 36673
75; 90; 37325
76; 90; 37829
77; 90; 38803
78; 90; 40659
79; 90; 42927
80; 90; 44564
81; 90; 45093
82; 90; 44849
83; 90; 42985
84; 90; 40300
85; 90; 38458
86; 90; 37597
87; 90; 37906
88; 90; 39035
89; 90; 39344
71; 91; 34180
72; 91; 34348
73; 91; 34943
74; 91; 36028
75; 91; 37469
76; 91; 39183
77; 91; 40499
78; 91; 41662
79; 91; 43875
80; 91; 47815
81; 91; 50345
82; 91; 47861
83; 91; 42649
84; 91; 39249
85; 91; 38298
86; 91; 38214
87; 91; 38603
88; 91; 39330
89; 91; 39395
71; 92; 33738
72; 92; 33907
73; 92; 34527
74; 92; 35919
75; 92; 38220
76; 92; 40426
77; 92; 41393
78; 92; 41930
79; 92; 44669
80; 92; 52017
81; 92; 58503
82; 92; 54862
83; 92; 45054
84; 92; 39109
85; 92; 38313
86; 92; 39143
87; 92; 39282
88; 92; 39301
89; 92; 39258
71; 93; 33524
72; 93; 33627
73; 93; 34177
74; 93; 35866
75; 93; 38810
76; 93; 40890
77; 93; 41247
78; 93; 41634
79; 93; 44648
80; 93; 53696
81; 93; 63938
82; 93; 61883
83; 93; 48690
84; 93; 39624
85; 93; 38470
86; 93; 39654
87; 93; 39240
88; 93; 38775
89; 93; 38895
71; 94; 33513
72; 94; 33515
73; 94; 33826
74; 94; 35166
75; 94; 38054
76; 94; 40474
77; 94; 40960
78; 94; 41239
79; 94; 44131
80; 94; 53725
81; 94; 65535
82; 94; 64073
83; 94; 49979
84; 94; 39945
85; 94; 38360
86; 94; 39255
87; 94; 38885
88; 94; 38735
89; 94; 38990
71; 95; 33693
72; 95; 33558
73; 95; 33569
74; 95; 34265
75; 95; 36482
76; 95; 39334
77; 95; 40769
78; 95; 41120
79; 95; 43729
80; 95; 53197
81; 95; 64683
82; 95; 62816
83; 95; 49699
84; 95; 40484
85; 95; 38644
86; 95; 39180
87; 95; 39284
88; 95; 39689
89; 95; 39926
71; 96; 33947
72; 96; 33734
73; 96; 33520
74; 96; 33730
75; 96; 35198
76; 96; 37999
77; 96; 40382
78; 96; 41361
79; 96; 43783
80; 96; 51529
81; 96; 60442
82; 96; 58858
83; 96; 48694
84; 96; 41351
85; 96; 39461
86; 96; 39698
87; 96; 40221
88; 96; 41027
89; 96; 41098
71; 97; 34103
72; 97; 33962
73; 97; 33629
74; 97; 33530
75; 97; 34440
76; 97; 36910
77; 97; 39914
78; 97; 41723
79; 97; 43768
80; 97; 48610
81; 97; 53354
82; 97; 51987
83; 97; 45973
84; 97; 41541
85; 97; 39855
86; 97; 39823
87; 97; 40797
88; 97; 41901
89; 97; 41584
71; 98; 34186
72; 98; 34193
73; 98; 33786
74; 98; 33493
75; 98; 34037
76; 98; 36067
77; 98; 39206
78; 98; 41594
79; 98; 43299
80; 98; 45820
81; 98; 47138
82; 98; 45708
83; 98; 43143
84; 98; 41319
85; 98; 39879
86; 98; 39479
87; 98; 40633
88; 98; 41734
89; 98; 41295
71; 99; 34393
72; 99; 34413
73; 99; 33908
74; 99; 33520
75; 99; 33906
76; 99; 35745
77; 99; 38836
78; 99; 41345
79; 99; 42844
80; 99; 44119
81; 99; 43975
82; 99; 42720
83; 99; 41774
84; 99; 41096
85; 99; 39734
86; 99; 38876
87; 99; 39560
88; 99; 40388
89; 99; 40414
71; 100; 34906
72; 100; 34738
73; 100; 34058
74; 100; 33626
75; 100; 34050
76; 100; 36040
77; 100; 39110
78; 100; 41329
79; 100; 42504
80; 100; 43131
81; 100; 42616
82; 100; 41390
83; 100; 40892
84; 100; 40698
85; 100; 39724
86; 100; 38887
87; 100; 39015
88; 100; 39466
89; 100; 39593
71; 101; 35465
72; 101; 35042
73; 101; 34250
74; 101; 33861
75; 101; 34504
76; 101; 36822
77; 101; 39759
78; 101; 41487
79; 101; 42346
80; 101; 42487
81; 101; 41614
82; 101; 40236
83; 101; 39863
84; 101; 40165
85; 101; 40221
86; 101; 39989
87; 101; 39724
88; 101; 39840
89; 101; 39618
71; 102; 35547
72; 102; 34990
73; 102; 34348
74; 102; 34292
75; 102; 35336
76; 102; 37801
77; 102; 40411
78; 102; 41782
79; 102; 42415
80; 102; 42112
81; 102; 40880
82; 102; 39619
83; 102; 39480
84; 102; 40094
85; 102; 40893
86; 102; 41010
87; 102; 40397
88; 102; 40400
89; 102; 40150
71; 103; 35383
72; 103; 34851
73; 103; 34567
74; 103; 35183
75; 103; 36730
76; 103; 38770
77; 103; 40395
78; 103; 41275
79; 103; 41868
80; 103; 41425
81; 103; 40262
82; 103; 39633
83; 103; 39851
84; 103; 40501
85; 103; 41287
86; 103; 41122
87; 103; 40327
88; 103; 40216
89; 103; 40210
