307; 173; 33183
308; 173; 33052
309; 173; 33047
310; 173; 33188
311; 173; 33390
312; 173; 33632
313; 173; 33861
314; 173; 33930
315; 173; 33825
316; 173; 33672
317; 173; 33501
318; 173; 33322
319; 173; 33284
320; 173; 33434
321; 173; 33582
322; 173; 33546
323; 173; 33331
324; 173; 33184
325; 173; 33206
326; 173; 33233
327; 173; 33259
328; 173; 33469
329; 173; 33786
330; 173; 33828
331; 173; 33484
332; 173; 33105
333; 173; 33090
334; 173; 33218
335; 173; 33278
336; 173; 33265
337; 173; 33225
338; 173; 33165
339; 173; 33215
340; 173; 33501
341; 173; 33796
342; 173; 33866
343; 173; 33852
344; 173; 33814
345; 173; 33816
346; 173; 33846
347; 173; 33861
348; 173; 33859
349; 173; 33884
350; 173; 33955
351; 173; 34030
352; 173; 34042
353; 173; 33991
354; 173; 33915
355; 173; 33858
307; 174; 33121
308; 174; 33205
309; 174; 33306
310; 174; 33361
311; 174; 33373
312; 174; 33447
313; 174; 33609
314; 174; 33740
315; 174; 33755
316; 174; 33670
317; 174; 33494
318; 174; 33252
319; 174; 33094
320; 174; 33194
321; 174; 33472
322; 174; 33675
323; 174; 33649
324; 174; 33454
325; 174; 33295
326; 174; 33176
327; 174; 33113
328; 174; 33330
329; 174; 33798
330; 174; 34073
331; 174; 33869
332; 174; 33469
333; 174; 33224
334; 174; 33162
335; 174; 33124
336; 174; 33150
337; 174; 33219
338; 174; 33260
339; 174; 33313
340; 174; 33547
341; 174; 33826
342; 174; 33907
343; 174; 33887
344; 174; 33810
345; 174; 33764
346; 174; 33807
347; 174; 33913
348; 174; 33992
349; 174; 34002
350; 174; 33971
351; 174; 33933
352; 174; 33912
353; 174; 33920
354; 174; 33930
355; 174; 33909
307; 175; 33093
308; 175; 33259
309; 175; 33467
310; 175; 33556
311; 175; 33489
312; 175; 33417
313; 175; 33442
314; 175; 33498
315; 175; 33498
316; 175; 33465
317; 175; 33447
318; 175; 33405
319; 175; 33240
320; 175; 33073
321; 175; 33179
322; 175; 33489
323; 175; 33730
324; 175; 33694
325; 175; 33511
326; 175; 33372
327; 175; 33276
328; 175; 33317
329; 175; 33605
330; 175; 33902
331; 175; 33879
332; 175; 33610
333; 175; 33384
334; 175; 33278
335; 175; 33235
336; 175; 33258
337; 175; 33341
338; 175; 33409
339; 175; 33499
340; 175; 33706
341; 175; 33878
342; 175; 33928
343; 175; 33891
344; 175; 33831
345; 175; 33790
346; 175; 33824
347; 175; 33929
348; 175; 34005
349; 175; 33992
350; 175; 33932
351; 175; 33883
352; 175; 33881
353; 175; 33920
354; 175; 33938
355; 175; 33905
307; 176; 33190
308; 176; 33234
309; 176; 33434
310; 176; 33606
311; 176; 33599
312; 176; 33522
313; 176; 33493
314; 176; 33466
315; 176; 33394
316; 176; 33372
317; 176; 33493
318; 176; 33636
319; 176; 33529
320; 176; 33139
321; 176; 32929
322; 176; 33159
323; 176; 33499
324; 176; 33664
325; 176; 33620
326; 176; 33603
327; 176; 33610
328; 176; 33514
329; 176; 33432
330; 176; 33488
331; 176; 33549
332; 176; 33483
333; 176; 33378
334; 176; 33360
335; 176; 33400
336; 176; 33442
337; 176; 33483
338; 176; 33501
339; 176; 33567
340; 176; 33747
341; 176; 33879
342; 176; 33885
343; 176; 33877
344; 176; 33903
345; 176; 33901
346; 176; 33880
347; 176; 33908
348; 176; 33948
349; 176; 33942
350; 176; 33919
351; 176; 33918
352; 176; 33933
353; 176; 33941
354; 176; 33897
355; 176; 33814
307; 177; 33378
308; 177; 33270
309; 177; 33335
310; 177; 33494
311; 177; 33567
312; 177; 33564
313; 177; 33574
314; 177; 33590
315; 177; 33596
316; 177; 33633
317; 177; 33739
318; 177; 33828
319; 177; 33716
320; 177; 33357
321; 177; 33012
322; 177; 32982
323; 177; 33200
324; 177; 33404
325; 177; 33479
326; 177; 33573
327; 177; 33689
328; 177; 33629
329; 177; 33401
330; 177; 33243
331; 177; 33245
332; 177; 33266
333; 177; 33231
334; 177; 33250
335; 177; 33354
336; 177; 33455
337; 177; 33502
338; 177; 33511
339; 177; 33559
340; 177; 33700
341; 177; 33797
342; 177; 33819
343; 177; 33877
344; 177; 33979
345; 177; 33984
346; 177; 33880
347; 177; 33831
348; 177; 33873
349; 177; 33917
350; 177; 33924
351; 177; 33918
352; 177; 33903
353; 177; 33881
354; 177; 33838
355; 177; 33783
307; 178; 33534
308; 178; 33383
309; 178; 33268
310; 178; 33306
311; 178; 33421
312; 178; 33500
313; 178; 33560
314; 178; 33668
315; 178; 33822
316; 178; 33938
317; 178; 33954
318; 178; 33880
319; 178; 33763
320; 178; 33616
321; 178; 33424
322; 178; 33247
323; 178; 33175
324; 178; 33187
325; 178; 33250
326; 178; 33380
327; 178; 33525
328; 178; 33527
329; 178; 33352
330; 178; 33182
331; 178; 33139
332; 178; 33135
333; 178; 33092
334; 178; 33105
335; 178; 33221
336; 178; 33360
337; 178; 33473
338; 178; 33568
339; 178; 33671
340; 178; 33761
341; 178; 33792
342; 178; 33795
343; 178; 33857
344; 178; 33958
345; 178; 33959
346; 178; 33856
347; 178; 33813
348; 178; 33882
349; 178; 33948
350; 178; 33930
351; 178; 33860
352; 178; 33798
353; 178; 33779
354; 178; 33799
355; 178; 33813
307; 179; 33620
308; 179; 33474
309; 179; 33249
310; 179; 33192
311; 179; 33341
312; 179; 33500
313; 179; 33587
314; 179; 33695
315; 179; 33836
316; 179; 33912
317; 179; 33862
318; 179; 33766
319; 179; 33746
320; 179; 33805
321; 179; 33810
322; 179; 33669
323; 179; 33433
324; 179; 33242
325; 179; 33191
326; 179; 33265
327; 179; 33349
328; 179; 33332
329; 179; 33220
330; 179; 33131
331; 179; 33123
332; 179; 33119
333; 179; 33097
334; 179; 33132
335; 179; 33218
336; 179; 33313
337; 179; 33454
338; 179; 33669
339; 179; 33874
340; 179; 33949
341; 179; 33900
342; 179; 33832
343; 179; 33829
344; 179; 33884
345; 179; 33922
346; 179; 33918
347; 179; 33934
348; 179; 33980
349; 179; 33982
350; 179; 33904
351; 179; 33804
352; 179; 33737
353; 179; 33718
354; 179; 33725
355; 179; 33716
307; 180; 33601
308; 180; 33497
309; 180; 33296
310; 180; 33235
311; 180; 33393
312; 180; 33579
313; 180; 33678
314; 180; 33732
315; 180; 33741
316; 180; 33685
317; 180; 33605
318; 180; 33598
319; 180; 33698
320; 180; 33842
321; 180; 33919
322; 180; 33850
323; 180; 33639
324; 180; 33404
325; 180; 33291
326; 180; 33318
327; 180; 33337
328; 180; 33257
329; 180; 33164
330; 180; 33153
331; 180; 33177
332; 180; 33163
333; 180; 33156
334; 180; 33216
335; 180; 33267
336; 180; 33283
337; 180; 33392
338; 180; 33670
339; 180; 33956
340; 180; 34045
341; 180; 33953
342; 180; 33834
343; 180; 33788
344; 180; 33815
345; 180; 33867
346; 180; 33910
347; 180; 33920
348; 180; 33884
349; 180; 33805
350; 180; 33728
351; 180; 33691
352; 180; 33685
353; 180; 33666
354; 180; 33607
355; 180; 33526
307; 181; 33493
308; 181; 33493
309; 181; 33422
310; 181; 33363
311; 181; 33411
312; 181; 33542
313; 181; 33684
314; 181; 33762
315; 181; 33730
316; 181; 33620
317; 181; 33520
318; 181; 33526
319; 181; 33642
320; 181; 33764
321; 181; 33798
322; 181; 33738
323; 181; 33615
324; 181; 33465
325; 181; 33380
326; 181; 33409
327; 181; 33451
328; 181; 33399
329; 181; 33330
330; 181; 33334
331; 181; 33320
332; 181; 33220
333; 181; 33147
334; 181; 33172
335; 181; 33208
336; 181; 33227
337; 181; 33323
338; 181; 33549
339; 181; 33766
340; 181; 33812
341; 181; 33723
342; 181; 33634
343; 181; 33624
344; 181; 33659
345; 181; 33680
346; 181; 33660
347; 181; 33585
348; 181; 33493
349; 181; 33442
350; 181; 33463
351; 181; 33537
352; 181; 33616
353; 181; 33639
354; 181; 33591
355; 181; 33533
307; 182; 33415
308; 182; 33540
309; 182; 33574
310; 182; 33450
311; 182; 33321
312; 182; 33389
313; 182; 33611
314; 182; 33777
315; 182; 33806
316; 182; 33755
317; 182; 33677
318; 182; 33630
319; 182; 33674
320; 182; 33733
321; 182; 33690
322; 182; 33586
323; 182; 33521
324; 182; 33471
325; 182; 33412
326; 182; 33415
327; 182; 33473
328; 182; 33478
329; 182; 33415
330; 182; 33379
331; 182; 33352
332; 182; 33257
333; 182; 33149
334; 182; 33117
335; 182; 33154
336; 182; 33224
337; 182; 33316
338; 182; 33387
339; 182; 33368
340; 182; 33290
341; 182; 33255
342; 182; 33290
343; 182; 33381
344; 182; 33474
345; 182; 33502
346; 182; 33432
347; 182; 33320
348; 182; 33254
349; 182; 33287
350; 182; 33395
351; 182; 33543
352; 182; 33669
353; 182; 33761
354; 182; 33784
355; 182; 33775
307; 183; 33464
308; 183; 33586
309; 183; 33625
310; 183; 33489
311; 183; 33314
312; 183; 33345
313; 183; 33574
314; 183; 33755
315; 183; 33810
316; 183; 33838
317; 183; 33849
318; 183; 33822
319; 183; 33831
320; 183; 33856
321; 183; 33779
322; 183; 33646
323; 183; 33586
324; 183; 33538
325; 183; 33401
326; 183; 33271
327; 183; 33243
328; 183; 33218
329; 183; 33134
330; 183; 33111
331; 183; 33204
332; 183; 33291
333; 183; 33266
334; 183; 33190
335; 183; 33185
336; 183; 33276
337; 183; 33350
338; 183; 33251
339; 183; 33031
340; 183; 32921
341; 183; 32998
342; 183; 33151
343; 183; 33307
344; 183; 33447
345; 183; 33520
346; 183; 33483
347; 183; 33390
348; 183; 33340
349; 183; 33392
350; 183; 33538
351; 183; 33734
352; 183; 33861
353; 183; 33990
354; 183; 34035
355; 183; 33963
307; 184; 33517
308; 184; 33529
309; 184; 33551
310; 184; 33529
311; 184; 33462
312; 184; 33442
313; 184; 33521
314; 184; 33612
315; 184; 33668
316; 184; 33754
317; 184; 33845
318; 184; 33882
319; 184; 33912
320; 184; 33958
321; 184; 33934
322; 184; 33835
323; 184; 33750
324; 184; 33641
325; 184; 33431
326; 184; 33217
327; 184; 33092
328; 184; 32989
329; 184; 32936
330; 184; 33030
331; 184; 33221
332; 184; 33379
333; 184; 33362
334; 184; 33227
335; 184; 33170
336; 184; 33258
337; 184; 33325
338; 184; 33231
339; 184; 33105
340; 184; 33131
341; 184; 33268
342; 184; 33362
343; 184; 33396
344; 184; 33448
345; 184; 33499
346; 184; 33500
347; 184; 33460
348; 184; 33409
349; 184; 33391
350; 184; 33476
351; 184; 33626
352; 184; 33818
353; 184; 33989
354; 184; 34051
355; 184; 33942
307; 185; 33485
308; 185; 33435
309; 185; 33474
310; 185; 33576
311; 185; 33605
312; 185; 33499
313; 185; 33384
314; 185; 33401
315; 185; 33521
316; 185; 33662
317; 185; 33757
318; 185; 33789
319; 185; 33810
320; 185; 33862
321; 185; 33901
322; 185; 33863
323; 185; 33771
324; 185; 33664
325; 185; 33558
326; 185; 33478
327; 185; 33416
328; 185; 33336
329; 185; 33295
330; 185; 33370
331; 185; 33475
332; 185; 33467
333; 185; 33318
334; 185; 33148
335; 185; 33101
336; 185; 33173
337; 185; 33281
338; 185; 33396
339; 185; 33550
340; 185; 33700
341; 185; 33694
342; 185; 33498
343; 185; 33285
344; 185; 33215
345; 185; 33229
346; 185; 33255
347; 185; 33283
348; 185; 33260
349; 185; 33147
350; 185; 33107
351; 185; 33197
352; 185; 33355
353; 185; 33561
354; 185; 33754
355; 185; 33832
307; 186; 33448
308; 186; 33432
309; 186; 33486
310; 186; 33585
311; 186; 33615
312; 186; 33488
313; 186; 33321
314; 186; 33318
315; 186; 33497
316; 186; 33676
317; 186; 33753
318; 186; 33762
319; 186; 33745
320; 186; 33734
321; 186; 33743
322; 186; 33720
323; 186; 33642
324; 186; 33615
325; 186; 33731
326; 186; 33902
327; 186; 33972
328; 186; 33922
329; 186; 33847
330; 186; 33781
331; 186; 33660
332; 186; 33482
333; 186; 33341
334; 186; 33274
335; 186; 33235
336; 186; 33226
337; 186; 33343
338; 186; 33608
339; 186; 33869
340; 186; 33906
341; 186; 33593
342; 186; 33159
343; 186; 32987
344; 186; 33017
345; 186; 33064
346; 186; 33102
347; 186; 33157
348; 186; 33174
349; 186; 33101
350; 186; 33039
351; 186; 33052
352; 186; 33096
353; 186; 33177
354; 186; 33353
355; 186; 33632
307; 187; 33448
308; 187; 33489
309; 187; 33517
310; 187; 33530
311; 187; 33548
312; 187; 33520
313; 187; 33429
314; 187; 33389
315; 187; 33494
316; 187; 33641
317; 187; 33741
318; 187; 33810
319; 187; 33820
320; 187; 33759
321; 187; 33701
322; 187; 33655
323; 187; 33566
324; 187; 33528
325; 187; 33676
326; 187; 33906
327; 187; 34004
328; 187; 33932
329; 187; 33803
330; 187; 33661
331; 187; 33521
332; 187; 33481
333; 187; 33585
334; 187; 33687
335; 187; 33626
336; 187; 33529
337; 187; 33608
338; 187; 33771
339; 187; 33757
340; 187; 33443
341; 187; 33064
342; 187; 32951
343; 187; 33037
344; 187; 33135
345; 187; 33159
346; 187; 33127
347; 187; 33148
348; 187; 33180
349; 187; 33137
350; 187; 33110
351; 187; 33159
352; 187; 33190
353; 187; 33166
354; 187; 33150
355; 187; 33248
307; 188; 33375
308; 188; 33430
309; 188; 33449
310; 188; 33434
311; 188; 33490
312; 188; 33568
313; 188; 33524
314; 188; 33405
315; 188; 33369
316; 188; 33431
317; 188; 33541
318; 188; 33682
319; 188; 33771
320; 188; 33764
321; 188; 33741
322; 188; 33705
323; 188; 33571
324; 188; 33407
325; 188; 33390
326; 188; 33483
327; 188; 33506
328; 188; 33403
329; 188; 33282
330; 188; 33271
331; 188; 33389
332; 188; 33601
333; 188; 33860
334; 188; 34001
335; 188; 33922
336; 188; 33829
337; 188; 33883
338; 188; 33812
339; 188; 33349
340; 188; 32996
341; 188; 32951
342; 188; 33067
343; 188; 33251
344; 188; 33319
345; 188; 33248
346; 188; 33114
347; 188; 33037
348; 188; 33046
349; 188; 33057
350; 188; 33110
351; 188; 33263
352; 188; 33376
353; 188; 33321
354; 188; 33135
355; 188; 33014
307; 189; 33217
308; 189; 33253
309; 189; 33291
310; 189; 33327
311; 189; 33427
312; 189; 33508
313; 189; 33432
314; 189; 33264
315; 189; 33184
316; 189; 33207
317; 189; 33270
318; 189; 33371
319; 189; 33480
320; 189; 33579
321; 189; 33670
322; 189; 33668
323; 189; 33508
324; 189; 33306
325; 189; 33231
326; 189; 33241
327; 189; 33205
328; 189; 33129
329; 189; 33140
330; 189; 33318
331; 189; 33566
332; 189; 33774
333; 189; 33922
334; 189; 33973
335; 189; 33892
336; 189; 33822
337; 189; 33834
338; 189; 33630
339; 189; 33090
340; 189; 32896
341; 189; 33085
342; 189; 33277
343; 189; 33378
344; 189; 33296
345; 189; 33132
346; 189; 33004
347; 189; 32928
348; 189; 32932
349; 189; 33002
350; 189; 33080
351; 189; 33204
352; 189; 33353
353; 189; 33417
354; 189; 33302
355; 189; 33062
307; 190; 33122
308; 190; 33126
309; 190; 33147
310; 190; 33203
311; 190; 33297
312; 190; 33318
313; 190; 33218
314; 190; 33095
315; 190; 33079
316; 190; 33135
317; 190; 33160
318; 190; 33163
319; 190; 33224
320; 190; 33377
321; 190; 33545
322; 190; 33541
323; 190; 33389
324; 190; 33299
325; 190; 33324
326; 190; 33325
327; 190; 33272
328; 190; 33280
329; 190; 33398
330; 190; 33580
331; 190; 33713
332; 190; 33743
333; 190; 33755
334; 190; 33789
335; 190; 33747
336; 190; 33638
337; 190; 33543
338; 190; 33338
339; 190; 33008
340; 190; 32937
341; 190; 33151
342; 190; 33309
343; 190; 33264
344; 190; 33098
345; 190; 32947
346; 190; 32914
347; 190; 32931
348; 190; 32946
349; 190; 33004
350; 190; 33074
351; 190; 33118
352; 190; 33185
353; 190; 33344
354; 190; 33447
355; 190; 33348
307; 191; 33128
308; 191; 33103
309; 191; 33086
310; 191; 33096
311; 191; 33133
312; 191; 33116
313; 191; 33047
314; 191; 33019
315; 191; 33084
316; 191; 33182
317; 191; 33196
318; 191; 33126
319; 191; 33135
320; 191; 33307
321; 191; 33493
322; 191; 33494
323; 191; 33406
324; 191; 33418
325; 191; 33447
326; 191; 33346
327; 191; 33241
328; 191; 33324
329; 191; 33495
330; 191; 33565
331; 191; 33498
332; 191; 33408
333; 191; 33462
334; 191; 33635
335; 191; 33738
336; 191; 33683
337; 191; 33492
338; 191; 33200
339; 191; 32964
340; 191; 32987
341; 191; 33151
342; 191; 33183
343; 191; 33079
344; 191; 32984
345; 191; 32903
346; 191; 32878
347; 191; 32909
348; 191; 32925
349; 191; 32956
350; 191; 33011
351; 191; 33013
352; 191; 33015
353; 191; 33172
354; 191; 33405
355; 191; 33488
307; 192; 33108
308; 192; 33100
309; 192; 33092
310; 192; 33079
311; 192; 33062
312; 192; 33031
313; 192; 32992
314; 192; 33020
315; 192; 33119
316; 192; 33231
317; 192; 33248
318; 192; 33172
319; 192; 33157
320; 192; 33278
321; 192; 33412
322; 192; 33481
323; 192; 33546
324; 192; 33600
325; 192; 33483
326; 192; 33207
327; 192; 33047
328; 192; 33148
329; 192; 33298
330; 192; 33251
331; 192; 33108
332; 192; 33067
333; 192; 33200
334; 192; 33449
335; 192; 33744
336; 192; 33954
337; 192; 33800
338; 192; 33287
339; 192; 32965
340; 192; 33052
341; 192; 33197
342; 192; 33174
343; 192; 33072
344; 192; 33025
345; 192; 32962
346; 192; 32884
347; 192; 32892
348; 192; 32926
349; 192; 32941
350; 192; 32949
351; 192; 32941
352; 192; 32943
353; 192; 33027
354; 192; 33211
355; 192; 33360
307; 193; 33053
308; 193; 33099
309; 193; 33149
310; 193; 33166
311; 193; 33134
312; 193; 33070
313; 193; 33001
314; 193; 32994
315; 193; 33080
316; 193; 33221
317; 193; 33291
318; 193; 33269
319; 193; 33240
320; 193; 33222
321; 193; 33226
322; 193; 33363
323; 193; 33602
324; 193; 33723
325; 193; 33531
326; 193; 33207
327; 193; 33052
328; 193; 33091
329; 193; 33138
330; 193; 33063
331; 193; 32995
332; 193; 33043
333; 193; 33110
334; 193; 33207
335; 193; 33530
336; 193; 33993
337; 193; 33982
338; 193; 33343
339; 193; 32939
340; 193; 33079
341; 193; 33271
342; 193; 33263
343; 193; 33134
344; 193; 33043
345; 193; 32960
346; 193; 32894
347; 193; 32908
348; 193; 32929
349; 193; 32908
350; 193; 32900
351; 193; 32938
352; 193; 32972
353; 193; 32979
354; 193; 33040
355; 193; 33156
307; 194; 33022
308; 194; 33098
309; 194; 33184
310; 194; 33231
311; 194; 33218
312; 194; 33158
313; 194; 33058
314; 194; 32977
315; 194; 32995
316; 194; 33148
317; 194; 33314
318; 194; 33396
319; 194; 33388
320; 194; 33235
321; 194; 33081
322; 194; 33208
323; 194; 33510
324; 194; 33705
325; 194; 33614
326; 194; 33421
327; 194; 33298
328; 194; 33210
329; 194; 33121
330; 194; 33088
331; 194; 33163
332; 194; 33261
333; 194; 33171
334; 194; 33004
335; 194; 33183
336; 194; 33656
337; 194; 33756
338; 194; 33249
339; 194; 32906
340; 194; 33076
341; 194; 33275
342; 194; 33200
343; 194; 33050
344; 194; 32975
345; 194; 32920
346; 194; 32899
347; 194; 32905
348; 194; 32889
349; 194; 32870
350; 194; 32866
351; 194; 32935
352; 194; 33002
353; 194; 32983
354; 194; 32982
355; 194; 33065
307; 195; 33041
308; 195; 33107
309; 195; 33185
310; 195; 33230
311; 195; 33228
312; 195; 33213
313; 195; 33143
314; 195; 33019
315; 195; 32969
316; 195; 33078
317; 195; 33263
318; 195; 33406
319; 195; 33457
320; 195; 33324
321; 195; 33136
322; 195; 33175
323; 195; 33400
324; 195; 33580
325; 195; 33624
326; 195; 33589
327; 195; 33474
328; 195; 33301
329; 195; 33169
330; 195; 33158
331; 195; 33284
332; 195; 33417
333; 195; 33320
334; 195; 33031
335; 195; 33005
336; 195; 33335
337; 195; 33464
338; 195; 33194
339; 195; 33025
340; 195; 33174
341; 195; 33236
342; 195; 33063
343; 195; 32948
344; 195; 32906
345; 195; 32891
346; 195; 32901
347; 195; 32896
348; 195; 32894
349; 195; 32899
350; 195; 32880
351; 195; 32923
352; 195; 32989
353; 195; 32980
354; 195; 32977
355; 195; 33051
307; 196; 33073
308; 196; 33129
309; 196; 33213
310; 196; 33257
311; 196; 33220
312; 196; 33194
313; 196; 33195
314; 196; 33141
315; 196; 33076
316; 196; 33090
317; 196; 33160
318; 196; 33236
319; 196; 33317
320; 196; 33354
321; 196; 33370
322; 196; 33409
323; 196; 33444
324; 196; 33486
325; 196; 33578
326; 196; 33629
327; 196; 33529
328; 196; 33361
329; 196; 33253
330; 196; 33213
331; 196; 33277
332; 196; 33416
333; 196; 33420
334; 196; 33220
335; 196; 33141
336; 196; 33299
337; 196; 33338
338; 196; 33187
339; 196; 33161
340; 196; 33292
341; 196; 33240
342; 196; 33059
343; 196; 32976
344; 196; 32900
345; 196; 32872
346; 196; 32901
347; 196; 32893
348; 196; 32887
349; 196; 32885
350; 196; 32880
351; 196; 32910
352; 196; 32949
353; 196; 32957
354; 196; 32979
355; 196; 33064
307; 197; 33056
308; 197; 33113
309; 197; 33215
310; 197; 33301
311; 197; 33234
312; 197; 33130
313; 197; 33150
314; 197; 33222
315; 197; 33226
316; 197; 33161
317; 197; 33085
318; 197; 33052
319; 197; 33138
320; 197; 33347
321; 197; 33574
322; 197; 33664
323; 197; 33575
324; 197; 33483
325; 197; 33540
326; 197; 33606
327; 197; 33555
328; 197; 33472
329; 197; 33406
330; 197; 33305
331; 197; 33285
332; 197; 33414
333; 197; 33471
334; 197; 33353
335; 197; 33316
336; 197; 33400
337; 197; 33310
338; 197; 33134
339; 197; 33173
340; 197; 33305
341; 197; 33247
342; 197; 33098
343; 197; 33001
344; 197; 32900
345; 197; 32881
346; 197; 32902
347; 197; 32915
348; 197; 32931
349; 197; 32892
350; 197; 32873
351; 197; 32889
352; 197; 32900
353; 197; 32929
354; 197; 32981
355; 197; 33065
307; 198; 32988
308; 198; 33036
309; 198; 33122
310; 198; 33256
311; 198; 33252
312; 198; 33120
313; 198; 33083
314; 198; 33182
315; 198; 33249
316; 198; 33197
317; 198; 33079
318; 198; 33013
319; 198; 33097
320; 198; 33320
321; 198; 33547
322; 198; 33627
323; 198; 33543
324; 198; 33446
325; 198; 33444
326; 198; 33469
327; 198; 33484
328; 198; 33533
329; 198; 33543
330; 198; 33439
331; 198; 33385
332; 198; 33461
333; 198; 33447
334; 198; 33309
335; 198; 33314
336; 198; 33423
337; 198; 33316
338; 198; 33119
339; 198; 33142
340; 198; 33243
341; 198; 33177
342; 198; 33031
343; 198; 32937
344; 198; 32873
345; 198; 32888
346; 198; 32895
347; 198; 32915
348; 198; 32956
349; 198; 32913
350; 198; 32882
351; 198; 32893
352; 198; 32886
353; 198; 32907
354; 198; 32963
355; 198; 33021
307; 199; 32955
308; 199; 32980
309; 199; 33018
310; 199; 33150
311; 199; 33262
312; 199; 33207
313; 199; 33104
314; 199; 33097
315; 199; 33149
316; 199; 33144
317; 199; 33073
318; 199; 33057
319; 199; 33140
320; 199; 33242
321; 199; 33294
322; 199; 33308
323; 199; 33310
324; 199; 33290
325; 199; 33255
326; 199; 33266
327; 199; 33373
328; 199; 33537
329; 199; 33613
330; 199; 33548
331; 199; 33492
332; 199; 33486
333; 199; 33383
334; 199; 33241
335; 199; 33283
336; 199; 33469
337; 199; 33422
338; 199; 33213
339; 199; 33182
340; 199; 33205
341; 199; 33076
342; 199; 32906
343; 199; 32853
344; 199; 32860
345; 199; 32887
346; 199; 32891
347; 199; 32897
348; 199; 32922
349; 199; 32904
350; 199; 32880
351; 199; 32894
352; 199; 32895
353; 199; 32903
354; 199; 32936
355; 199; 32965
307; 200; 32982
308; 200; 33005
309; 200; 32999
310; 200; 33088
311; 200; 33251
312; 200; 33287
313; 200; 33150
314; 200; 33036
315; 200; 33043
316; 200; 33073
317; 200; 33056
318; 200; 33059
319; 200; 33118
320; 200; 33124
321; 200; 33052
322; 200; 33038
323; 200; 33122
324; 200; 33164
325; 200; 33157
326; 200; 33221
327; 200; 33390
328; 200; 33576
329; 200; 33632
330; 200; 33592
331; 200; 33556
332; 200; 33514
333; 200; 33411
334; 200; 33323
335; 200; 33435
336; 200; 33712
337; 200; 33667
338; 200; 33323
339; 200; 33202
340; 200; 33163
341; 200; 33017
342; 200; 32893
343; 200; 32879
344; 200; 32885
345; 200; 32904
346; 200; 32893
347; 200; 32872
348; 200; 32872
349; 200; 32882
350; 200; 32892
351; 200; 32913
352; 200; 32898
353; 200; 32878
354; 200; 32894
355; 200; 32931
307; 201; 33015
308; 201; 33051
309; 201; 33044
310; 201; 33087
311; 201; 33215
312; 201; 33276
313; 201; 33167
314; 201; 33038
315; 201; 33014
316; 201; 33056
317; 201; 33033
318; 201; 33010
319; 201; 33052
320; 201; 33059
321; 201; 33000
322; 201; 33007
323; 201; 33090
324; 201; 33135
325; 201; 33157
326; 201; 33266
327; 201; 33456
328; 201; 33563
329; 201; 33544
330; 201; 33553
331; 201; 33615
332; 201; 33627
333; 201; 33561
334; 201; 33534
335; 201; 33730
336; 201; 33901
337; 201; 33864
338; 201; 33450
339; 201; 33151
340; 201; 33097
341; 201; 32995
342; 201; 32911
343; 201; 32922
344; 201; 32947
345; 201; 32926
346; 201; 32875
347; 201; 32861
348; 201; 32861
349; 201; 32860
350; 201; 32896
351; 201; 32919
352; 201; 32885
353; 201; 32875
354; 201; 32872
355; 201; 32910
307; 202; 33057
308; 202; 33073
309; 202; 33058
310; 202; 33075
311; 202; 33159
312; 202; 33223
313; 202; 33186
314; 202; 33116
315; 202; 33068
316; 202; 33050
317; 202; 33022
318; 202; 32995
319; 202; 33040
320; 202; 33080
321; 202; 33046
322; 202; 33023
323; 202; 33041
324; 202; 33058
325; 202; 33100
326; 202; 33223
327; 202; 33368
328; 202; 33370
329; 202; 33322
330; 202; 33431
331; 202; 33633
332; 202; 33753
333; 202; 33722
334; 202; 33668
335; 202; 33759
336; 202; 33918
337; 202; 33916
338; 202; 33639
339; 202; 33255
340; 202; 33102
341; 202; 32967
342; 202; 32885
343; 202; 32900
344; 202; 32934
345; 202; 32895
346; 202; 32857
347; 202; 32871
348; 202; 32889
349; 202; 32880
350; 202; 32900
351; 202; 32920
352; 202; 32893
353; 202; 32877
354; 202; 32871
355; 202; 32900
307; 203; 33148
308; 203; 33138
309; 203; 33054
310; 203; 33013
311; 203; 33084
312; 203; 33172
313; 203; 33209
314; 203; 33215
315; 203; 33174
316; 203; 33089
317; 203; 33039
318; 203; 33015
319; 203; 33047
320; 203; 33095
321; 203; 33077
322; 203; 33008
323; 203; 32954
324; 203; 32943
325; 203; 32999
326; 203; 33090
327; 203; 33143
328; 203; 33107
329; 203; 33117
330; 203; 33286
331; 203; 33536
332; 203; 33728
333; 203; 33765
334; 203; 33707
335; 203; 33703
336; 203; 33799
337; 203; 33844
338; 203; 33726
339; 203; 33506
340; 203; 33201
341; 203; 32959
342; 203; 32888
343; 203; 32888
344; 203; 32893
345; 203; 32870
346; 203; 32862
347; 203; 32867
348; 203; 32893
349; 203; 32924
350; 203; 32918
351; 203; 32935
352; 203; 32950
353; 203; 32941
354; 203; 32907
355; 203; 32902
307; 204; 33195
308; 204; 33199
309; 204; 33082
310; 204; 32967
311; 204; 32979
312; 204; 33089
313; 204; 33171
314; 204; 33245
315; 204; 33260
316; 204; 33175
317; 204; 33075
318; 204; 33000
319; 204; 32967
320; 204; 33023
321; 204; 33080
322; 204; 33066
323; 204; 32988
324; 204; 32917
325; 204; 32941
326; 204; 33007
327; 204; 33027
328; 204; 33011
329; 204; 33047
330; 204; 33169
331; 204; 33349
332; 204; 33517
333; 204; 33644
334; 204; 33686
335; 204; 33660
336; 204; 33655
337; 204; 33674
338; 204; 33629
339; 204; 33553
340; 204; 33423
341; 204; 33051
342; 204; 32911
343; 204; 32906
344; 204; 32864
345; 204; 32866
346; 204; 32892
347; 204; 32881
348; 204; 32888
349; 204; 32933
350; 204; 32925
351; 204; 32941
352; 204; 32983
353; 204; 32982
354; 204; 32929
355; 204; 32873
307; 205; 33139
308; 205; 33180
309; 205; 33107
310; 205; 32997
311; 205; 32918
312; 205; 32997
313; 205; 33097
314; 205; 33203
315; 205; 33284
316; 205; 33255
317; 205; 33155
318; 205; 33020
319; 205; 32904
320; 205; 32945
321; 205; 33058
322; 205; 33159
323; 205; 33119
324; 205; 33004
325; 205; 32941
326; 205; 32950
327; 205; 32982
328; 205; 33005
329; 205; 33053
330; 205; 33142
331; 205; 33199
332; 205; 33236
333; 205; 33382
334; 205; 33529
335; 205; 33552
336; 205; 33532
337; 205; 33562
338; 205; 33570
339; 205; 33532
340; 205; 33477
341; 205; 33306
342; 205; 32950
343; 205; 32910
344; 205; 32931
345; 205; 32878
346; 205; 32862
347; 205; 32869
348; 205; 32885
349; 205; 32923
350; 205; 32925
351; 205; 32927
352; 205; 32958
353; 205; 32993
354; 205; 32971
355; 205; 32972
307; 206; 33044
308; 206; 33128
309; 206; 33156
310; 206; 33111
311; 206; 32996
312; 206; 32923
313; 206; 33005
314; 206; 33118
315; 206; 33229
316; 206; 33279
317; 206; 33279
318; 206; 33189
319; 206; 33007
320; 206; 32902
321; 206; 32966
322; 206; 33089
323; 206; 33124
324; 206; 33072
325; 206; 33006
326; 206; 32966
327; 206; 32947
328; 206; 32970
329; 206; 33038
330; 206; 33127
331; 206; 33137
332; 206; 33069
333; 206; 33124
334; 206; 33265
335; 206; 33317
336; 206; 33368
337; 206; 33534
338; 206; 33621
339; 206; 33575
340; 206; 33542
341; 206; 33553
342; 206; 33268
343; 206; 33009
344; 206; 33032
345; 206; 33010
346; 206; 32923
347; 206; 32927
348; 206; 32929
349; 206; 32911
350; 206; 32925
351; 206; 32945
352; 206; 32935
353; 206; 32962
354; 206; 33079
355; 206; 33375
307; 207; 33037
308; 207; 33129
309; 207; 33231
310; 207; 33230
311; 207; 33102
312; 207; 32948
313; 207; 32937
314; 207; 33054
315; 207; 33168
316; 207; 33277
317; 207; 33397
318; 207; 33437
319; 207; 33289
320; 207; 33057
321; 207; 32925
322; 207; 32937
323; 207; 33020
324; 207; 33078
325; 207; 33081
326; 207; 33020
327; 207; 32935
328; 207; 32921
329; 207; 32980
330; 207; 33052
331; 207; 33097
332; 207; 33074
333; 207; 33077
334; 207; 33104
335; 207; 33076
336; 207; 33119
337; 207; 33450
338; 207; 33637
339; 207; 33615
340; 207; 33592
341; 207; 33648
342; 207; 33624
343; 207; 33255
344; 207; 33002
345; 207; 32933
346; 207; 32913
347; 207; 32954
348; 207; 32962
349; 207; 32951
350; 207; 32985
351; 207; 33055
352; 207; 33197
353; 207; 33367
354; 207; 33593
355; 207; 33845
307; 208; 33080
308; 208; 33187
309; 208; 33299
310; 208; 33308
311; 208; 33182
312; 208; 33023
313; 208; 32981
314; 208; 33060
315; 208; 33144
316; 208; 33228
317; 208; 33333
318; 208; 33421
319; 208; 33406
320; 208; 33283
321; 208; 33107
322; 208; 32952
323; 208; 32935
324; 208; 33015
325; 208; 33090
326; 208; 33060
327; 208; 32967
328; 208; 32913
329; 208; 32934
330; 208; 32988
331; 208; 33061
332; 208; 33124
333; 208; 33152
334; 208; 33107
335; 208; 33004
336; 208; 32978
337; 208; 33118
338; 208; 33381
339; 208; 33512
340; 208; 33532
341; 208; 33636
342; 208; 33668
343; 208; 33611
344; 208; 33386
345; 208; 33139
346; 208; 32996
347; 208; 32922
348; 208; 32975
349; 208; 33024
350; 208; 33122
351; 208; 33325
352; 208; 33654
353; 208; 33905
354; 208; 33965
355; 208; 33935
307; 209; 33098
308; 209; 33220
309; 209; 33332
310; 209; 33361
311; 209; 33268
312; 209; 33153
313; 209; 33124
314; 209; 33148
315; 209; 33145
316; 209; 33114
317; 209; 33106
318; 209; 33140
319; 209; 33226
320; 209; 33327
321; 209; 33344
322; 209; 33204
323; 209; 33018
324; 209; 32938
325; 209; 33005
326; 209; 33039
327; 209; 33009
328; 209; 32981
329; 209; 32971
330; 209; 32957
331; 209; 32993
332; 209; 33064
333; 209; 33106
334; 209; 33082
335; 209; 33033
336; 209; 33001
337; 209; 32987
338; 209; 32998
339; 209; 33164
340; 209; 33332
341; 209; 33467
342; 209; 33525
343; 209; 33646
344; 209; 33854
345; 209; 33908
346; 209; 33646
347; 209; 33250
348; 209; 33164
349; 209; 33361
350; 209; 33542
351; 209; 33640
352; 209; 33760
353; 209; 33877
354; 209; 33846
355; 209; 33634
307; 210; 33085
308; 210; 33210
309; 210; 33328
310; 210; 33384
311; 210; 33346
312; 210; 33278
313; 210; 33263
314; 210; 33265
315; 210; 33190
316; 210; 33062
317; 210; 32986
318; 210; 33009
319; 210; 33084
320; 210; 33209
321; 210; 33357
322; 210; 33349
323; 210; 33167
324; 210; 32989
325; 210; 32961
326; 210; 33013
327; 210; 33032
328; 210; 33039
329; 210; 33040
330; 210; 32989
331; 210; 32940
332; 210; 32959
333; 210; 33000
334; 210; 33011
335; 210; 33067
336; 210; 33099
337; 210; 33010
338; 210; 32922
339; 210; 32951
340; 210; 33083
341; 210; 33157
342; 210; 33234
343; 210; 33405
344; 210; 33847
345; 210; 34176
346; 210; 34122
347; 210; 33792
348; 210; 33647
349; 210; 33810
350; 210; 33926
351; 210; 33803
352; 210; 33692
353; 210; 33556
354; 210; 33281
355; 210; 33088
307; 211; 33074
308; 211; 33206
309; 211; 33314
310; 211; 33354
311; 211; 33327
312; 211; 33283
313; 211; 33289
314; 211; 33314
315; 211; 33266
316; 211; 33158
317; 211; 33059
318; 211; 33022
319; 211; 33032
320; 211; 33111
321; 211; 33219
322; 211; 33287
323; 211; 33237
324; 211; 33131
325; 211; 33047
326; 211; 33006
327; 211; 32998
328; 211; 32993
329; 211; 33020
330; 211; 33017
331; 211; 32977
332; 211; 32950
333; 211; 32947
334; 211; 32982
335; 211; 33068
336; 211; 33107
337; 211; 33049
338; 211; 32975
339; 211; 32945
340; 211; 32964
341; 211; 33027
342; 211; 33077
343; 211; 33106
344; 211; 33349
345; 211; 33826
346; 211; 34057
347; 211; 33938
348; 211; 33826
349; 211; 33862
350; 211; 33913
351; 211; 33808
352; 211; 33534
353; 211; 33170
354; 211; 32996
355; 211; 32962
307; 212; 33081
308; 212; 33226
309; 212; 33320
310; 212; 33314
311; 212; 33250
312; 212; 33206
313; 212; 33251
314; 212; 33350
315; 212; 33397
316; 212; 33333
317; 212; 33232
318; 212; 33162
319; 212; 33089
320; 212; 33071
321; 212; 33132
322; 212; 33183
323; 212; 33194
324; 212; 33185
325; 212; 33147
326; 212; 33053
327; 212; 32943
328; 212; 32908
329; 212; 32977
330; 212; 33025
331; 212; 33014
332; 212; 32987
333; 212; 32969
334; 212; 32972
335; 212; 33005
336; 212; 33027
337; 212; 33020
338; 212; 33002
339; 212; 32969
340; 212; 32956
341; 212; 33013
342; 212; 33078
343; 212; 33057
344; 212; 33007
345; 212; 33232
346; 212; 33633
347; 212; 33818
348; 212; 33758
349; 212; 33638
350; 212; 33576
351; 212; 33435
352; 212; 33187
353; 212; 33014
354; 212; 32971
355; 212; 33019
307; 213; 33071
308; 213; 33208
309; 213; 33308
310; 213; 33310
311; 213; 33250
312; 213; 33199
313; 213; 33247
314; 213; 33379
315; 213; 33479
316; 213; 33443
317; 213; 33327
318; 213; 33238
319; 213; 33179
320; 213; 33138
321; 213; 33126
322; 213; 33106
323; 213; 33080
324; 213; 33098
325; 213; 33129
326; 213; 33119
327; 213; 33052
328; 213; 33002
329; 213; 33012
330; 213; 33023
331; 213; 32998
332; 213; 32979
333; 213; 32983
334; 213; 32975
335; 213; 32952
336; 213; 32946
337; 213; 32974
338; 213; 32990
339; 213; 32974
340; 213; 32974
341; 213; 33050
342; 213; 33154
343; 213; 33131
344; 213; 33027
345; 213; 33032
346; 213; 33341
347; 213; 33617
348; 213; 33650
349; 213; 33523
350; 213; 33398
351; 213; 33206
352; 213; 33008
353; 213; 32949
354; 213; 32975
355; 213; 33081
307; 214; 33022
308; 214; 33111
309; 214; 33226
310; 214; 33302
311; 214; 33317
312; 214; 33299
313; 214; 33310
314; 214; 33373
315; 214; 33441
316; 214; 33443
317; 214; 33382
318; 214; 33328
319; 214; 33304
320; 214; 33299
321; 214; 33270
322; 214; 33150
323; 214; 33014
324; 214; 33037
325; 214; 33099
326; 214; 33154
327; 214; 33155
328; 214; 33108
329; 214; 33060
330; 214; 33019
331; 214; 32960
332; 214; 32923
333; 214; 32963
334; 214; 32994
335; 214; 32969
336; 214; 32956
337; 214; 32981
338; 214; 32975
339; 214; 32932
340; 214; 32932
341; 214; 33000
342; 214; 33084
343; 214; 33101
344; 214; 33056
345; 214; 33075
346; 214; 33233
347; 214; 33507
348; 214; 33593
349; 214; 33572
350; 214; 33498
351; 214; 33308
352; 214; 33001
353; 214; 32915
354; 214; 32961
355; 214; 33073
307; 215; 32992
308; 215; 33027
309; 215; 33111
310; 215; 33234
311; 215; 33326
312; 215; 33386
313; 215; 33414
314; 215; 33417
315; 215; 33412
316; 215; 33417
317; 215; 33448
318; 215; 33478
319; 215; 33481
320; 215; 33477
321; 215; 33446
322; 215; 33307
323; 215; 33099
324; 215; 33007
325; 215; 33067
326; 215; 33141
327; 215; 33143
328; 215; 33088
329; 215; 33024
330; 215; 33002
331; 215; 32991
332; 215; 32964
333; 215; 32986
334; 215; 33016
335; 215; 33016
336; 215; 33032
337; 215; 33045
338; 215; 33007
339; 215; 32953
340; 215; 32908
341; 215; 32923
342; 215; 32960
343; 215; 32957
344; 215; 32983
345; 215; 33064
346; 215; 33179
347; 215; 33310
348; 215; 33428
349; 215; 33508
350; 215; 33514
351; 215; 33398
352; 215; 33221
353; 215; 33023
354; 215; 32946
355; 215; 33000
307; 216; 33002
308; 216; 33035
309; 216; 33077
310; 216; 33147
311; 216; 33244
312; 216; 33365
313; 216; 33460
314; 216; 33496
315; 216; 33461
316; 216; 33418
317; 216; 33458
318; 216; 33544
319; 216; 33577
320; 216; 33571
321; 216; 33568
322; 216; 33482
323; 216; 33309
324; 216; 33183
325; 216; 33151
326; 216; 33117
327; 216; 33065
328; 216; 33058
329; 216; 33052
330; 216; 33051
331; 216; 33088
332; 216; 33086
333; 216; 33051
334; 216; 33027
335; 216; 33041
336; 216; 33094
337; 216; 33108
338; 216; 33053
339; 216; 32997
340; 216; 32970
341; 216; 32960
342; 216; 32922
343; 216; 32907
344; 216; 32988
345; 216; 33099
346; 216; 33151
347; 216; 33161
348; 216; 33212
349; 216; 33285
350; 216; 33291
351; 216; 33283
352; 216; 33338
353; 216; 33312
354; 216; 33132
355; 216; 32970
307; 217; 33000
308; 217; 33064
309; 217; 33100
310; 217; 33117
311; 217; 33195
312; 217; 33302
313; 217; 33408
314; 217; 33495
315; 217; 33491
316; 217; 33421
317; 217; 33418
318; 217; 33501
319; 217; 33548
320; 217; 33554
321; 217; 33599
322; 217; 33595
323; 217; 33494
324; 217; 33385
325; 217; 33303
326; 217; 33193
327; 217; 33096
328; 217; 33091
329; 217; 33109
330; 217; 33134
331; 217; 33170
332; 217; 33142
333; 217; 33066
334; 217; 33016
335; 217; 33025
336; 217; 33068
337; 217; 33097
338; 217; 33083
339; 217; 33075
340; 217; 33139
341; 217; 33194
342; 217; 33133
343; 217; 33083
344; 217; 33177
345; 217; 33297
346; 217; 33299
347; 217; 33241
348; 217; 33211
349; 217; 33180
350; 217; 33113
351; 217; 33127
352; 217; 33283
353; 217; 33424
354; 217; 33402
355; 217; 33243
307; 218; 32983
308; 218; 33058
309; 218; 33092
310; 218; 33140
311; 218; 33240
312; 218; 33306
313; 218; 33341
314; 218; 33414
315; 218; 33464
316; 218; 33424
317; 218; 33396
318; 218; 33456
319; 218; 33502
320; 218; 33517
321; 218; 33578
322; 218; 33623
323; 218; 33584
324; 218; 33518
325; 218; 33454
326; 218; 33362
327; 218; 33288
328; 218; 33274
329; 218; 33243
330; 218; 33177
331; 218; 33122
332; 218; 33087
333; 218; 33046
334; 218; 33026
335; 218; 33027
336; 218; 33036
337; 218; 33060
338; 218; 33079
339; 218; 33104
340; 218; 33212
341; 218; 33310
342; 218; 33293
343; 218; 33285
344; 218; 33386
345; 218; 33480
346; 218; 33487
347; 218; 33487
348; 218; 33487
349; 218; 33399
350; 218; 33206
351; 218; 33048
352; 218; 33122
353; 218; 33351
354; 218; 33535
355; 218; 33530
