319; 175; 33894
320; 175; 34168
321; 175; 34333
322; 175; 34406
323; 175; 34478
324; 175; 34462
325; 175; 34249
318; 176; 34191
319; 176; 34480
320; 176; 34571
321; 176; 34448
322; 176; 34297
323; 176; 34336
324; 176; 34518
325; 176; 34561
318; 177; 34635
319; 177; 34735
320; 177; 34533
321; 177; 34203
322; 177; 33978
323; 177; 34021
324; 177; 34314
325; 177; 34618
326; 177; 34579
318; 178; 34815
319; 178; 34716
320; 178; 34383
321; 178; 34059
322; 178; 33950
323; 178; 34061
324; 178; 34297
325; 178; 34593
326; 178; 34718
327; 178; 34376
318; 179; 34757
319; 179; 34706
320; 179; 34479
321; 179; 34285
322; 179; 34260
323; 179; 34322
324; 179; 34378
325; 179; 34499
326; 179; 34680
327; 179; 34559
318; 180; 34614
319; 180; 34722
320; 180; 34651
321; 180; 34574
322; 180; 34556
323; 180; 34513
324; 180; 34411
325; 180; 34402
326; 180; 34570
327; 180; 34553
318; 181; 34447
319; 181; 34580
320; 181; 34566
321; 181; 34543
322; 181; 34529
323; 181; 34464
324; 181; 34362
325; 181; 34366
326; 181; 34503
327; 181; 34477
328; 181; 34206
318; 182; 34284
319; 182; 34320
320; 182; 34281
321; 182; 34280
322; 182; 34304
323; 182; 34315
324; 182; 34333
325; 182; 34427
326; 182; 34526
327; 182; 34417
328; 182; 34145
329; 182; 34072
319; 183; 34159
320; 183; 34094
321; 183; 34086
322; 183; 34166
323; 183; 34307
324; 183; 34464
325; 183; 34613
326; 183; 34644
327; 183; 34399
328; 183; 34010
329; 183; 33900
320; 184; 33995
321; 184; 34019
322; 184; 34202
323; 184; 34460
324; 184; 34688
325; 184; 34839
326; 184; 34790
327; 184; 34399
328; 184; 33847
322; 185; 34260
323; 185; 34547
324; 185; 34707
325; 185; 34827
326; 185; 34766
327; 185; 34329
