166; 180; 33747
167; 180; 33743
168; 180; 33711
169; 180; 33667
170; 180; 33656
171; 180; 33682
172; 180; 33700
173; 180; 33713
174; 180; 33743
175; 180; 33748
176; 180; 33665
177; 180; 33553
178; 180; 33515
179; 180; 33542
180; 180; 33578
181; 180; 33635
182; 180; 33715
183; 180; 33724
184; 180; 33638
185; 180; 33575
186; 180; 33623
187; 180; 33710
188; 180; 33731
189; 180; 33693
190; 180; 33671
191; 180; 33671
192; 180; 33642
193; 180; 33583
194; 180; 33556
195; 180; 33587
196; 180; 33612
197; 180; 33615
198; 180; 33644
199; 180; 33686
200; 180; 33688
201; 180; 33661
202; 180; 33641
203; 180; 33607
204; 180; 33565
205; 180; 33578
206; 180; 33627
207; 180; 33647
208; 180; 33664
209; 180; 33704
210; 180; 33686
211; 180; 33572
212; 180; 33472
213; 180; 33489
214; 180; 33563
215; 180; 33584
166; 181; 33653
167; 181; 33683
168; 181; 33692
169; 181; 33657
170; 181; 33651
171; 181; 33698
172; 181; 33723
173; 181; 33702
174; 181; 33692
175; 181; 33704
176; 181; 33671
177; 181; 33636
178; 181; 33661
179; 181; 33670
180; 181; 33618
181; 181; 33606
182; 181; 33677
183; 181; 33712
184; 181; 33668
185; 181; 33644
186; 181; 33692
187; 181; 33740
188; 181; 33723
189; 181; 33665
190; 181; 33628
191; 181; 33641
192; 181; 33660
193; 181; 33619
194; 181; 33534
195; 181; 33475
196; 181; 33484
197; 181; 33561
198; 181; 33656
199; 181; 33702
200; 181; 33670
201; 181; 33613
202; 181; 33593
203; 181; 33598
204; 181; 33609
205; 181; 33641
206; 181; 33642
207; 181; 33573
208; 181; 33516
209; 181; 33541
210; 181; 33592
211; 181; 33590
212; 181; 33553
213; 181; 33543
214; 181; 33559
215; 181; 33564
166; 182; 33629
167; 182; 33631
168; 182; 33613
169; 182; 33576
170; 182; 33602
171; 182; 33701
172; 182; 33757
173; 182; 33711
174; 182; 33651
175; 182; 33643
176; 182; 33646
177; 182; 33687
178; 182; 33773
179; 182; 33787
180; 182; 33685
181; 182; 33602
182; 182; 33628
183; 182; 33675
184; 182; 33682
185; 182; 33685
186; 182; 33706
187; 182; 33724
188; 182; 33711
189; 182; 33667
190; 182; 33622
191; 182; 33629
192; 182; 33669
193; 182; 33647
194; 182; 33539
195; 182; 33424
196; 182; 33392
197; 182; 33463
198; 182; 33569
199; 182; 33615
200; 182; 33577
201; 182; 33537
202; 182; 33564
203; 182; 33611
204; 182; 33620
205; 182; 33607
206; 182; 33584
207; 182; 33533
208; 182; 33480
209; 182; 33475
210; 182; 33501
211; 182; 33506
212; 182; 33484
213; 182; 33485
214; 182; 33540
215; 182; 33607
166; 183; 33671
167; 183; 33621
168; 183; 33531
169; 183; 33463
170; 183; 33492
171; 183; 33608
172; 183; 33693
173; 183; 33678
174; 183; 33628
175; 183; 33614
176; 183; 33624
177; 183; 33668
178; 183; 33742
179; 183; 33763
180; 183; 33694
181; 183; 33634
182; 183; 33648
183; 183; 33679
184; 183; 33680
185; 183; 33661
186; 183; 33659
187; 183; 33683
188; 183; 33696
189; 183; 33661
190; 183; 33606
191; 183; 33601
192; 183; 33640
193; 183; 33639
194; 183; 33577
195; 183; 33506
196; 183; 33467
197; 183; 33477
198; 183; 33525
199; 183; 33548
200; 183; 33520
201; 183; 33519
202; 183; 33587
203; 183; 33627
204; 183; 33569
205; 183; 33497
206; 183; 33497
207; 183; 33524
208; 183; 33518
209; 183; 33503
210; 183; 33503
211; 183; 33478
212; 183; 33421
213; 183; 33408
214; 183; 33508
215; 183; 33640
166; 184; 33677
167; 184; 33624
168; 184; 33525
169; 184; 33430
170; 184; 33397
171; 184; 33451
172; 184; 33547
173; 184; 33611
174; 184; 33627
175; 184; 33634
176; 184; 33637
177; 184; 33621
178; 184; 33617
179; 184; 33644
180; 184; 33679
181; 184; 33707
182; 184; 33723
183; 184; 33704
184; 184; 33651
185; 184; 33608
186; 184; 33616
187; 184; 33658
188; 184; 33672
189; 184; 33627
190; 184; 33579
191; 184; 33589
192; 184; 33623
193; 184; 33621
194; 184; 33614
195; 184; 33644
196; 184; 33671
197; 184; 33661
198; 184; 33647
199; 184; 33627
200; 184; 33581
201; 184; 33568
202; 184; 33615
203; 184; 33615
204; 184; 33514
205; 184; 33445
206; 184; 33486
207; 184; 33526
208; 184; 33504
209; 184; 33522
210; 184; 33620
211; 184; 33663
212; 184; 33568
213; 184; 33460
214; 184; 33488
215; 184; 33595
166; 185; 33607
167; 185; 33602
168; 185; 33573
169; 185; 33500
170; 185; 33395
171; 185; 33369
172; 185; 33467
173; 185; 33592
174; 185; 33652
175; 185; 33666
176; 185; 33656
177; 185; 33590
178; 185; 33520
179; 185; 33556
180; 185; 33677
181; 185; 33764
182; 185; 33766
183; 185; 33702
184; 185; 33620
185; 185; 33585
186; 185; 33611
187; 185; 33650
188; 185; 33652
189; 185; 33616
190; 185; 33594
191; 185; 33621
192; 185; 33644
193; 185; 33620
194; 185; 33621
195; 185; 33707
196; 185; 33804
197; 185; 33823
198; 185; 33793
199; 185; 33751
200; 185; 33677
201; 185; 33608
202; 185; 33592
203; 185; 33565
204; 185; 33494
205; 185; 33481
206; 185; 33542
207; 185; 33533
208; 185; 33462
209; 185; 33526
210; 185; 33755
211; 185; 33900
212; 185; 33803
213; 185; 33607
214; 185; 33518
215; 185; 33532
166; 186; 33525
167; 186; 33541
168; 186; 33572
169; 186; 33561
170; 186; 33482
171; 186; 33447
172; 186; 33530
173; 186; 33624
174; 186; 33645
175; 186; 33646
176; 186; 33654
177; 186; 33603
178; 186; 33529
179; 186; 33559
180; 186; 33671
181; 186; 33740
182; 186; 33724
183; 186; 33669
184; 186; 33625
185; 186; 33610
186; 186; 33619
187; 186; 33633
188; 186; 33640
189; 186; 33633
190; 186; 33624
191; 186; 33637
192; 186; 33646
193; 186; 33617
194; 186; 33603
195; 186; 33674
196; 186; 33771
197; 186; 33798
198; 186; 33777
199; 186; 33751
200; 186; 33689
201; 186; 33590
202; 186; 33523
203; 186; 33497
204; 186; 33489
205; 186; 33519
206; 186; 33563
207; 186; 33538
208; 186; 33482
209; 186; 33566
210; 186; 33784
211; 186; 33913
212; 186; 33837
213; 186; 33679
214; 186; 33579
215; 186; 33532
166; 187; 33506
167; 187; 33457
168; 187; 33482
169; 187; 33547
170; 187; 33586
171; 187; 33610
172; 187; 33637
173; 187; 33614
174; 187; 33554
175; 187; 33559
176; 187; 33622
177; 187; 33639
178; 187; 33606
179; 187; 33607
180; 187; 33638
181; 187; 33647
182; 187; 33630
183; 187; 33623
184; 187; 33634
185; 187; 33635
186; 187; 33615
187; 187; 33604
188; 187; 33621
189; 187; 33626
190; 187; 33602
191; 187; 33597
192; 187; 33625
193; 187; 33622
194; 187; 33595
195; 187; 33620
196; 187; 33674
197; 187; 33677
198; 187; 33639
199; 187; 33621
200; 187; 33602
201; 187; 33537
202; 187; 33472
203; 187; 33466
204; 187; 33500
205; 187; 33535
206; 187; 33550
207; 187; 33547
208; 187; 33552
209; 187; 33612
210; 187; 33700
211; 187; 33719
212; 187; 33671
213; 187; 33631
214; 187; 33611
215; 187; 33576
166; 188; 33565
167; 188; 33443
168; 188; 33410
169; 188; 33509
170; 188; 33637
171; 188; 33693
172; 188; 33655
173; 188; 33556
174; 188; 33479
175; 188; 33494
176; 188; 33570
177; 188; 33630
178; 188; 33650
179; 188; 33640
180; 188; 33613
181; 188; 33588
182; 188; 33577
183; 188; 33582
184; 188; 33605
185; 188; 33625
186; 188; 33615
187; 188; 33604
188; 188; 33614
189; 188; 33604
190; 188; 33561
191; 188; 33564
192; 188; 33631
193; 188; 33655
194; 188; 33609
195; 188; 33590
196; 188; 33618
197; 188; 33608
198; 188; 33532
199; 188; 33469
200; 188; 33465
201; 188; 33460
202; 188; 33456
203; 188; 33497
204; 188; 33557
205; 188; 33585
206; 188; 33574
207; 188; 33568
208; 188; 33589
209; 188; 33610
210; 188; 33604
211; 188; 33570
212; 188; 33552
213; 188; 33577
214; 188; 33608
215; 188; 33603
166; 189; 33651
167; 189; 33535
168; 189; 33460
169; 189; 33516
170; 189; 33622
171; 189; 33652
172; 189; 33605
173; 189; 33562
174; 189; 33555
175; 189; 33549
176; 189; 33536
177; 189; 33566
178; 189; 33630
179; 189; 33652
180; 189; 33627
181; 189; 33611
182; 189; 33601
183; 189; 33576
184; 189; 33572
185; 189; 33606
186; 189; 33631
187; 189; 33632
188; 189; 33625
189; 189; 33598
190; 189; 33564
191; 189; 33590
192; 189; 33669
193; 189; 33692
194; 189; 33620
195; 189; 33562
196; 189; 33582
197; 189; 33588
198; 189; 33491
199; 189; 33375
200; 189; 33343
201; 189; 33367
202; 189; 33427
203; 189; 33529
204; 189; 33628
205; 189; 33657
206; 189; 33614
207; 189; 33572
208; 189; 33565
209; 189; 33565
210; 189; 33561
211; 189; 33566
212; 189; 33573
213; 189; 33586
214; 189; 33607
215; 189; 33608
166; 190; 33696
167; 190; 33627
168; 190; 33549
169; 190; 33553
170; 190; 33599
171; 190; 33602
172; 190; 33582
173; 190; 33627
174; 190; 33692
175; 190; 33653
176; 190; 33541
177; 190; 33518
178; 190; 33604
179; 190; 33656
180; 190; 33638
181; 190; 33629
182; 190; 33630
183; 190; 33603
184; 190; 33588
185; 190; 33617
186; 190; 33645
187; 190; 33634
188; 190; 33609
189; 190; 33590
190; 190; 33590
191; 190; 33629
192; 190; 33693
193; 190; 33707
194; 190; 33626
195; 190; 33533
196; 190; 33532
197; 190; 33553
198; 190; 33484
199; 190; 33380
200; 190; 33337
201; 190; 33350
202; 190; 33405
203; 190; 33521
204; 190; 33641
205; 190; 33661
206; 190; 33595
207; 190; 33549
208; 190; 33541
209; 190; 33536
210; 190; 33546
211; 190; 33582
212; 190; 33606
213; 190; 33609
214; 190; 33619
215; 190; 33621
166; 191; 33668
167; 191; 33624
168; 191; 33564
169; 191; 33570
170; 191; 33623
171; 191; 33630
172; 191; 33593
173; 191; 33622
174; 191; 33699
175; 191; 33674
176; 191; 33555
177; 191; 33521
178; 191; 33603
179; 191; 33654
180; 191; 33620
181; 191; 33588
182; 191; 33597
183; 191; 33611
184; 191; 33622
185; 191; 33638
186; 191; 33641
187; 191; 33610
188; 191; 33572
189; 191; 33561
190; 191; 33584
191; 191; 33625
192; 191; 33678
193; 191; 33699
194; 191; 33635
195; 191; 33536
196; 191; 33505
197; 191; 33515
198; 191; 33481
199; 191; 33444
200; 191; 33464
201; 191; 33487
202; 191; 33484
203; 191; 33528
204; 191; 33597
205; 191; 33591
206; 191; 33544
207; 191; 33539
208; 191; 33564
209; 191; 33558
210; 191; 33539
211; 191; 33552
212; 191; 33574
213; 191; 33589
214; 191; 33619
215; 191; 33644
166; 192; 33621
167; 192; 33579
168; 192; 33546
169; 192; 33571
170; 192; 33648
171; 192; 33673
172; 192; 33605
173; 192; 33573
174; 192; 33636
175; 192; 33659
176; 192; 33578
177; 192; 33533
178; 192; 33588
179; 192; 33639
180; 192; 33615
181; 192; 33569
182; 192; 33560
183; 192; 33583
184; 192; 33607
185; 192; 33622
186; 192; 33629
187; 192; 33614
188; 192; 33577
189; 192; 33549
190; 192; 33554
191; 192; 33588
192; 192; 33640
193; 192; 33672
194; 192; 33635
195; 192; 33563
196; 192; 33524
197; 192; 33498
198; 192; 33443
199; 192; 33444
200; 192; 33558
201; 192; 33650
202; 192; 33623
203; 192; 33569
204; 192; 33551
205; 192; 33536
206; 192; 33528
207; 192; 33560
208; 192; 33604
209; 192; 33603
210; 192; 33562
211; 192; 33541
212; 192; 33542
213; 192; 33549
214; 192; 33589
215; 192; 33645
166; 193; 33588
167; 193; 33571
168; 193; 33564
169; 193; 33567
170; 193; 33612
171; 193; 33652
172; 193; 33623
173; 193; 33599
174; 193; 33652
175; 193; 33678
176; 193; 33587
177; 193; 33487
178; 193; 33490
179; 193; 33563
180; 193; 33617
181; 193; 33614
182; 193; 33583
183; 193; 33564
184; 193; 33557
185; 193; 33573
186; 193; 33620
187; 193; 33652
188; 193; 33620
189; 193; 33558
190; 193; 33533
191; 193; 33564
192; 193; 33617
193; 193; 33643
194; 193; 33613
195; 193; 33565
196; 193; 33546
197; 193; 33505
198; 193; 33407
199; 193; 33367
200; 193; 33484
201; 193; 33631
202; 193; 33651
203; 193; 33582
204; 193; 33537
205; 193; 33537
206; 193; 33548
207; 193; 33571
208; 193; 33602
209; 193; 33610
210; 193; 33586
211; 193; 33563
212; 193; 33547
213; 193; 33535
214; 193; 33559
215; 193; 33614
166; 194; 33526
167; 194; 33558
168; 194; 33586
169; 194; 33554
170; 194; 33549
171; 194; 33611
172; 194; 33649
173; 194; 33634
174; 194; 33628
175; 194; 33607
176; 194; 33495
177; 194; 33347
178; 194; 33303
179; 194; 33395
180; 194; 33519
181; 194; 33582
182; 194; 33591
183; 194; 33574
184; 194; 33540
185; 194; 33534
186; 194; 33594
187; 194; 33651
188; 194; 33624
189; 194; 33557
190; 194; 33538
191; 194; 33578
192; 194; 33627
193; 194; 33634
194; 194; 33587
195; 194; 33536
196; 194; 33534
197; 194; 33537
198; 194; 33458
199; 194; 33348
200; 194; 33343
201; 194; 33449
202; 194; 33541
203; 194; 33559
204; 194; 33558
205; 194; 33566
206; 194; 33567
207; 194; 33568
208; 194; 33576
209; 194; 33578
210; 194; 33567
211; 194; 33562
212; 194; 33564
213; 194; 33557
214; 194; 33556
215; 194; 33575
166; 195; 33442
167; 195; 33497
168; 195; 33548
169; 195; 33515
170; 195; 33519
171; 195; 33612
172; 195; 33641
173; 195; 33539
174; 195; 33424
175; 195; 33368
176; 195; 33303
177; 195; 33198
178; 195; 33164
179; 195; 33243
180; 195; 33327
181; 195; 33385
182; 195; 33475
183; 195; 33570
184; 195; 33581
185; 195; 33539
186; 195; 33544
187; 195; 33584
188; 195; 33583
189; 195; 33557
190; 195; 33563
191; 195; 33600
192; 195; 33638
193; 195; 33644
194; 195; 33598
195; 195; 33524
196; 195; 33501
197; 195; 33548
198; 195; 33552
199; 195; 33431
200; 195; 33292
201; 195; 33289
202; 195; 33418
203; 195; 33551
204; 195; 33605
205; 195; 33594
206; 195; 33573
207; 195; 33580
208; 195; 33595
209; 195; 33575
210; 195; 33538
211; 195; 33538
212; 195; 33577
213; 195; 33599
214; 195; 33581
215; 195; 33552
166; 196; 33443
167; 196; 33459
168; 196; 33475
169; 196; 33454
170; 196; 33509
171; 196; 33618
172; 196; 33588
173; 196; 33400
174; 196; 33222
175; 196; 33154
176; 196; 33140
177; 196; 33128
178; 196; 33170
179; 196; 33239
180; 196; 33219
181; 196; 33173
182; 196; 33274
183; 196; 33484
184; 196; 33597
185; 196; 33559
186; 196; 33510
187; 196; 33530
188; 196; 33566
189; 196; 33580
190; 196; 33586
191; 196; 33591
192; 196; 33605
193; 196; 33627
194; 196; 33617
195; 196; 33542
196; 196; 33480
197; 196; 33515
198; 196; 33573
199; 196; 33503
200; 196; 33318
201; 196; 33214
202; 196; 33327
203; 196; 33544
204; 196; 33653
205; 196; 33628
206; 196; 33581
207; 196; 33595
208; 196; 33624
209; 196; 33589
210; 196; 33528
211; 196; 33526
212; 196; 33586
213; 196; 33627
214; 196; 33602
215; 196; 33541
166; 197; 33547
167; 197; 33509
168; 197; 33463
169; 197; 33428
170; 197; 33490
171; 197; 33582
172; 197; 33541
173; 197; 33389
174; 197; 33238
175; 197; 33115
176; 197; 33054
177; 197; 33099
178; 197; 33228
179; 197; 33317
180; 197; 33242
181; 197; 33095
182; 197; 33108
183; 197; 33315
184; 197; 33512
185; 197; 33553
186; 197; 33518
187; 197; 33531
188; 197; 33586
189; 197; 33613
190; 197; 33601
191; 197; 33582
192; 197; 33572
193; 197; 33579
194; 197; 33584
195; 197; 33551
196; 197; 33501
197; 197; 33497
198; 197; 33537
199; 197; 33506
200; 197; 33337
201; 197; 33165
202; 197; 33199
203; 197; 33440
204; 197; 33637
205; 197; 33659
206; 197; 33605
207; 197; 33584
208; 197; 33586
209; 197; 33551
210; 197; 33502
211; 197; 33500
212; 197; 33555
213; 197; 33607
214; 197; 33604
215; 197; 33547
166; 198; 33650
167; 198; 33610
168; 198; 33544
169; 198; 33495
170; 198; 33500
171; 198; 33525
172; 198; 33520
173; 198; 33478
174; 198; 33359
175; 198; 33153
176; 198; 33029
177; 198; 33103
178; 198; 33261
179; 198; 33327
180; 198; 33240
181; 198; 33096
182; 198; 33051
183; 198; 33181
184; 198; 33397
185; 198; 33522
186; 198; 33523
187; 198; 33523
188; 198; 33568
189; 198; 33598
190; 198; 33601
191; 198; 33615
192; 198; 33615
193; 198; 33572
194; 198; 33537
195; 198; 33551
196; 198; 33560
197; 198; 33534
198; 198; 33527
199; 198; 33508
200; 198; 33364
201; 198; 33142
202; 198; 33059
203; 198; 33244
204; 198; 33513
205; 198; 33644
206; 198; 33640
207; 198; 33586
208; 198; 33535
209; 198; 33498
210; 198; 33464
211; 198; 33446
212; 198; 33477
213; 198; 33556
214; 198; 33617
215; 198; 33595
166; 199; 33672
167; 199; 33671
168; 199; 33650
169; 199; 33617
170; 199; 33559
171; 199; 33509
172; 199; 33519
173; 199; 33522
174; 199; 33393
175; 199; 33209
176; 199; 33159
177; 199; 33272
178; 199; 33379
179; 199; 33327
180; 199; 33194
181; 199; 33126
182; 199; 33132
183; 199; 33222
184; 199; 33385
185; 199; 33485
186; 199; 33471
187; 199; 33454
188; 199; 33488
189; 199; 33520
190; 199; 33555
191; 199; 33630
192; 199; 33670
193; 199; 33602
194; 199; 33527
195; 199; 33557
196; 199; 33602
197; 199; 33569
198; 199; 33529
199; 199; 33523
200; 199; 33426
201; 199; 33209
202; 199; 33037
203; 199; 33093
204; 199; 33324
205; 199; 33540
206; 199; 33645
207; 199; 33631
208; 199; 33562
209; 199; 33516
210; 199; 33480
211; 199; 33437
212; 199; 33437
213; 199; 33530
214; 199; 33641
215; 199; 33652
166; 200; 33647
167; 200; 33658
168; 200; 33682
169; 200; 33686
170; 200; 33622
171; 200; 33556
172; 200; 33559
173; 200; 33538
174; 200; 33408
175; 200; 33323
176; 200; 33388
177; 200; 33525
178; 200; 33586
179; 200; 33458
180; 200; 33291
181; 200; 33278
182; 200; 33352
183; 200; 33416
184; 200; 33455
185; 200; 33453
186; 200; 33417
187; 200; 33410
188; 200; 33438
189; 200; 33453
190; 200; 33471
191; 200; 33545
192; 200; 33609
193; 200; 33562
194; 200; 33502
195; 200; 33542
196; 200; 33589
197; 200; 33546
198; 200; 33490
199; 200; 33495
200; 200; 33468
201; 200; 33329
202; 200; 33145
203; 200; 33064
204; 200; 33155
205; 200; 33370
206; 200; 33583
207; 200; 33658
208; 200; 33613
209; 200; 33570
210; 200; 33554
211; 200; 33523
212; 200; 33495
213; 200; 33533
214; 200; 33608
215; 200; 33629
166; 201; 33642
167; 201; 33619
168; 201; 33639
169; 201; 33677
170; 201; 33655
171; 201; 33619
172; 201; 33625
173; 201; 33609
174; 201; 33524
175; 201; 33467
176; 201; 33514
177; 201; 33615
178; 201; 33688
179; 201; 33647
180; 201; 33556
181; 201; 33558
182; 201; 33613
183; 201; 33581
184; 201; 33484
185; 201; 33435
186; 201; 33446
187; 201; 33476
188; 201; 33490
189; 201; 33466
190; 201; 33433
191; 201; 33444
192; 201; 33467
193; 201; 33439
194; 201; 33419
195; 201; 33474
196; 201; 33528
197; 201; 33504
198; 201; 33454
199; 201; 33439
200; 201; 33430
201; 201; 33364
202; 201; 33223
203; 201; 33085
204; 201; 33065
205; 201; 33226
206; 201; 33476
207; 201; 33617
208; 201; 33607
209; 201; 33574
210; 201; 33593
211; 201; 33617
212; 201; 33593
213; 201; 33542
214; 201; 33517
215; 201; 33527
166; 202; 33663
167; 202; 33624
168; 202; 33618
169; 202; 33654
170; 202; 33658
171; 202; 33636
172; 202; 33648
173; 202; 33677
174; 202; 33659
175; 202; 33578
176; 202; 33504
177; 202; 33517
178; 202; 33620
179; 202; 33722
180; 202; 33766
181; 202; 33786
182; 202; 33758
183; 202; 33611
184; 202; 33454
185; 202; 33442
186; 202; 33522
187; 202; 33555
188; 202; 33528
189; 202; 33499
190; 202; 33474
191; 202; 33440
192; 202; 33407
193; 202; 33378
194; 202; 33370
195; 202; 33404
196; 202; 33460
197; 202; 33492
198; 202; 33472
199; 202; 33410
200; 202; 33336
201; 202; 33261
202; 202; 33180
203; 202; 33102
204; 202; 33067
205; 202; 33149
206; 202; 33353
207; 202; 33539
208; 202; 33586
209; 202; 33548
210; 202; 33543
211; 202; 33592
212; 202; 33612
213; 202; 33552
214; 202; 33483
215; 202; 33481
166; 203; 33671
167; 203; 33663
168; 203; 33642
169; 203; 33640
170; 203; 33620
171; 203; 33594
172; 203; 33611
173; 203; 33665
174; 203; 33684
175; 203; 33618
176; 203; 33522
177; 203; 33476
178; 203; 33521
179; 203; 33633
180; 203; 33734
181; 203; 33769
182; 203; 33707
183; 203; 33560
184; 203; 33454
185; 203; 33478
186; 203; 33520
187; 203; 33455
188; 203; 33365
189; 203; 33379
190; 203; 33437
191; 203; 33443
192; 203; 33441
193; 203; 33462
194; 203; 33444
195; 203; 33399
196; 203; 33412
197; 203; 33480
198; 203; 33502
199; 203; 33432
200; 203; 33309
201; 203; 33191
202; 203; 33138
203; 203; 33130
204; 203; 33105
205; 203; 33105
206; 203; 33234
207; 203; 33460
208; 203; 33599
209; 203; 33565
210; 203; 33482
211; 203; 33483
212; 203; 33537
213; 203; 33553
214; 203; 33543
215; 203; 33558
166; 204; 33628
167; 204; 33665
168; 204; 33659
169; 204; 33621
170; 204; 33573
171; 204; 33557
172; 204; 33581
173; 204; 33618
174; 204; 33634
175; 204; 33633
176; 204; 33634
177; 204; 33595
178; 204; 33519
179; 204; 33507
180; 204; 33571
181; 204; 33618
182; 204; 33597
183; 204; 33542
184; 204; 33520
185; 204; 33523
186; 204; 33432
187; 204; 33218
188; 204; 33067
189; 204; 33113
190; 204; 33239
191; 204; 33311
192; 204; 33409
193; 204; 33553
194; 204; 33572
195; 204; 33452
196; 204; 33382
197; 204; 33431
198; 204; 33492
199; 204; 33498
200; 204; 33437
201; 204; 33315
202; 204; 33215
203; 204; 33177
204; 204; 33143
205; 204; 33106
206; 204; 33179
207; 204; 33391
208; 204; 33573
209; 204; 33581
210; 204; 33484
211; 204; 33436
212; 204; 33473
213; 204; 33540
214; 204; 33602
215; 204; 33648
166; 205; 33548
167; 205; 33615
168; 205; 33660
169; 205; 33627
170; 205; 33569
171; 205; 33552
172; 205; 33580
173; 205; 33603
174; 205; 33602
175; 205; 33646
176; 205; 33727
177; 205; 33708
178; 205; 33571
179; 205; 33472
180; 205; 33490
181; 205; 33543
182; 205; 33570
183; 205; 33584
184; 205; 33592
185; 205; 33550
186; 205; 33382
187; 205; 33116
188; 205; 32947
189; 205; 32975
190; 205; 33082
191; 205; 33153
192; 205; 33290
193; 205; 33509
194; 205; 33592
195; 205; 33483
196; 205; 33371
197; 205; 33363
198; 205; 33436
199; 205; 33551
200; 205; 33621
201; 205; 33537
202; 205; 33357
203; 205; 33230
204; 205; 33188
205; 205; 33187
206; 205; 33232
207; 205; 33335
208; 205; 33443
209; 205; 33508
210; 205; 33517
211; 205; 33492
212; 205; 33480
213; 205; 33520
214; 205; 33594
215; 205; 33646
166; 206; 33469
167; 206; 33552
168; 206; 33652
169; 206; 33654
170; 206; 33590
171; 206; 33562
172; 206; 33592
173; 206; 33605
174; 206; 33583
175; 206; 33618
176; 206; 33704
177; 206; 33702
178; 206; 33589
179; 206; 33500
180; 206; 33508
181; 206; 33553
182; 206; 33588
183; 206; 33615
184; 206; 33614
185; 206; 33556
186; 206; 33421
187; 206; 33246
188; 206; 33129
189; 206; 33123
190; 206; 33158
191; 206; 33166
192; 206; 33235
193; 206; 33389
194; 206; 33488
195; 206; 33465
196; 206; 33389
197; 206; 33335
198; 206; 33375
199; 206; 33524
200; 206; 33669
201; 206; 33643
202; 206; 33461
203; 206; 33288
204; 206; 33226
205; 206; 33265
206; 206; 33316
207; 206; 33316
208; 206; 33315
209; 206; 33396
210; 206; 33516
211; 206; 33552
212; 206; 33511
213; 206; 33507
214; 206; 33564
215; 206; 33598
166; 207; 33378
167; 207; 33466
168; 207; 33576
169; 207; 33614
170; 207; 33592
171; 207; 33594
172; 207; 33619
173; 207; 33606
174; 207; 33567
175; 207; 33571
176; 207; 33626
177; 207; 33642
178; 207; 33583
179; 207; 33526
180; 207; 33527
181; 207; 33551
182; 207; 33574
183; 207; 33597
184; 207; 33602
185; 207; 33557
186; 207; 33492
187; 207; 33449
188; 207; 33401
189; 207; 33348
190; 207; 33330
191; 207; 33327
192; 207; 33316
193; 207; 33328
194; 207; 33392
195; 207; 33453
196; 207; 33444
197; 207; 33395
198; 207; 33398
199; 207; 33482
200; 207; 33579
201; 207; 33603
202; 207; 33528
203; 207; 33396
204; 207; 33282
205; 207; 33258
206; 207; 33303
207; 207; 33323
208; 207; 33311
209; 207; 33365
210; 207; 33481
211; 207; 33519
212; 207; 33471
213; 207; 33474
214; 207; 33551
215; 207; 33591
166; 208; 33222
167; 208; 33317
168; 208; 33425
169; 208; 33501
170; 208; 33563
171; 208; 33635
172; 208; 33671
173; 208; 33640
174; 208; 33580
175; 208; 33549
176; 208; 33570
177; 208; 33599
178; 208; 33589
179; 208; 33554
180; 208; 33533
181; 208; 33519
182; 208; 33517
183; 208; 33551
184; 208; 33595
185; 208; 33578
186; 208; 33536
187; 208; 33533
188; 208; 33503
189; 208; 33422
190; 208; 33409
191; 208; 33464
192; 208; 33452
193; 208; 33390
194; 208; 33407
195; 208; 33485
196; 208; 33522
197; 208; 33528
198; 208; 33537
199; 208; 33527
200; 208; 33505
201; 208; 33525
202; 208; 33567
203; 208; 33522
204; 208; 33369
205; 208; 33233
206; 208; 33234
207; 208; 33328
208; 208; 33389
209; 208; 33422
210; 208; 33461
211; 208; 33452
212; 208; 33403
213; 208; 33421
214; 208; 33527
215; 208; 33608
166; 209; 33054
167; 209; 33168
168; 209; 33310
169; 209; 33423
170; 209; 33517
171; 209; 33607
172; 209; 33658
173; 209; 33647
174; 209; 33594
175; 209; 33539
176; 209; 33523
177; 209; 33557
178; 209; 33597
179; 209; 33595
180; 209; 33563
181; 209; 33508
182; 209; 33463
183; 209; 33503
184; 209; 33599
185; 209; 33622
186; 209; 33572
187; 209; 33551
188; 209; 33529
189; 209; 33460
190; 209; 33445
191; 209; 33512
192; 209; 33535
193; 209; 33492
194; 209; 33486
195; 209; 33525
196; 209; 33560
197; 209; 33620
198; 209; 33672
199; 209; 33616
200; 209; 33495
201; 209; 33459
202; 209; 33524
203; 209; 33546
204; 209; 33449
205; 209; 33312
206; 209; 33273
207; 209; 33354
208; 209; 33433
209; 209; 33458
210; 209; 33469
211; 209; 33474
212; 209; 33444
213; 209; 33425
214; 209; 33489
215; 209; 33586
166; 210; 33003
167; 210; 33121
168; 210; 33297
169; 210; 33422
170; 210; 33458
171; 210; 33467
172; 210; 33514
173; 210; 33567
174; 210; 33555
175; 210; 33496
176; 210; 33471
177; 210; 33518
178; 210; 33585
179; 210; 33614
180; 210; 33594
181; 210; 33522
182; 210; 33441
183; 210; 33465
184; 210; 33586
185; 210; 33642
186; 210; 33599
187; 210; 33582
188; 210; 33609
189; 210; 33583
190; 210; 33524
191; 210; 33511
192; 210; 33512
193; 210; 33487
194; 210; 33461
195; 210; 33460
196; 210; 33495
197; 210; 33597
198; 210; 33690
199; 210; 33636
200; 210; 33483
201; 210; 33403
202; 210; 33425
203; 210; 33461
204; 210; 33466
205; 210; 33442
206; 210; 33412
207; 210; 33404
208; 210; 33412
209; 210; 33423
210; 210; 33477
211; 210; 33569
212; 210; 33594
213; 210; 33531
214; 210; 33491
215; 210; 33532
166; 211; 33070
167; 211; 33124
168; 211; 33264
169; 211; 33395
170; 211; 33402
171; 211; 33363
172; 211; 33412
173; 211; 33512
174; 211; 33523
175; 211; 33468
176; 211; 33456
177; 211; 33498
178; 211; 33544
179; 211; 33575
180; 211; 33572
181; 211; 33524
182; 211; 33466
183; 211; 33477
184; 211; 33569
185; 211; 33618
186; 211; 33572
187; 211; 33556
188; 211; 33621
189; 211; 33629
190; 211; 33524
191; 211; 33434
192; 211; 33414
193; 211; 33383
194; 211; 33320
195; 211; 33307
196; 211; 33379
197; 211; 33510
198; 211; 33619
199; 211; 33604
200; 211; 33488
201; 211; 33406
202; 211; 33397
203; 211; 33404
204; 211; 33426
205; 211; 33461
206; 211; 33465
207; 211; 33432
208; 211; 33413
209; 211; 33438
210; 211; 33517
211; 211; 33626
212; 211; 33686
213; 211; 33642
214; 211; 33547
215; 211; 33507
166; 212; 33093
167; 212; 33060
168; 212; 33122
169; 212; 33280
170; 212; 33371
171; 212; 33400
172; 212; 33486
173; 212; 33585
174; 212; 33585
175; 212; 33538
176; 212; 33524
177; 212; 33507
178; 212; 33483
179; 212; 33497
180; 212; 33528
181; 212; 33533
182; 212; 33522
183; 212; 33533
184; 212; 33578
185; 212; 33592
186; 212; 33519
187; 212; 33454
188; 212; 33479
189; 212; 33477
190; 212; 33366
191; 212; 33288
192; 212; 33310
193; 212; 33285
194; 212; 33180
195; 212; 33167
196; 212; 33296
197; 212; 33454
198; 212; 33582
199; 212; 33643
200; 212; 33596
201; 212; 33522
202; 212; 33489
203; 212; 33449
204; 212; 33383
205; 212; 33352
206; 212; 33374
207; 212; 33411
208; 212; 33472
209; 212; 33565
210; 212; 33620
211; 212; 33619
212; 212; 33624
213; 212; 33632
214; 212; 33591
215; 212; 33542
166; 213; 33076
167; 213; 33007
168; 213; 33014
169; 213; 33158
170; 213; 33306
171; 213; 33403
172; 213; 33519
173; 213; 33610
174; 213; 33617
175; 213; 33618
176; 213; 33624
177; 213; 33547
178; 213; 33441
179; 213; 33442
180; 213; 33517
181; 213; 33566
182; 213; 33571
183; 213; 33567
184; 213; 33586
185; 213; 33590
186; 213; 33499
187; 213; 33368
188; 213; 33308
189; 213; 33270
190; 213; 33184
191; 213; 33157
192; 213; 33221
193; 213; 33213
194; 213; 33107
195; 213; 33100
196; 213; 33259
197; 213; 33451
198; 213; 33622
199; 213; 33748
200; 213; 33746
201; 213; 33662
202; 213; 33604
203; 213; 33535
204; 213; 33394
205; 213; 33275
206; 213; 33267
207; 213; 33339
208; 213; 33469
209; 213; 33633
210; 213; 33691
211; 213; 33601
212; 213; 33520
213; 213; 33541
214; 213; 33589
215; 213; 33597
166; 214; 33051
167; 214; 33054
168; 214; 33074
169; 214; 33128
170; 214; 33158
171; 214; 33182
172; 214; 33265
173; 214; 33345
174; 214; 33398
175; 214; 33509
176; 214; 33615
177; 214; 33567
178; 214; 33444
179; 214; 33441
180; 214; 33532
181; 214; 33578
182; 214; 33557
183; 214; 33535
184; 214; 33560
185; 214; 33577
186; 214; 33489
187; 214; 33325
188; 214; 33216
189; 214; 33171
190; 214; 33119
191; 214; 33108
192; 214; 33163
193; 214; 33174
194; 214; 33116
195; 214; 33107
196; 214; 33221
197; 214; 33410
198; 214; 33626
199; 214; 33779
200; 214; 33781
201; 214; 33700
202; 214; 33648
203; 214; 33592
204; 214; 33464
205; 214; 33329
206; 214; 33262
207; 214; 33257
208; 214; 33328
209; 214; 33490
210; 214; 33618
211; 214; 33597
212; 214; 33507
213; 214; 33495
214; 214; 33565
215; 214; 33614
166; 215; 33023
167; 215; 33126
168; 215; 33195
169; 215; 33173
170; 215; 33036
171; 215; 32922
172; 215; 32933
173; 215; 32984
174; 215; 33032
175; 215; 33202
176; 215; 33423
177; 215; 33483
178; 215; 33431
179; 215; 33454
180; 215; 33538
181; 215; 33557
182; 215; 33522
183; 215; 33505
184; 215; 33518
185; 215; 33508
186; 215; 33415
187; 215; 33265
188; 215; 33167
189; 215; 33140
190; 215; 33116
191; 215; 33094
192; 215; 33117
193; 215; 33152
194; 215; 33135
195; 215; 33081
196; 215; 33098
197; 215; 33263
198; 215; 33522
199; 215; 33701
200; 215; 33706
201; 215; 33650
202; 215; 33647
203; 215; 33636
204; 215; 33547
205; 215; 33430
206; 215; 33332
207; 215; 33230
208; 215; 33168
209; 215; 33257
210; 215; 33458
211; 215; 33587
212; 215; 33577
213; 215; 33539
214; 215; 33563
215; 215; 33593
166; 216; 32978
167; 216; 33089
168; 216; 33181
169; 216; 33167
170; 216; 33012
171; 216; 32893
172; 216; 32890
173; 216; 32909
174; 216; 32870
175; 216; 32961
176; 216; 33167
177; 216; 33271
178; 216; 33311
179; 216; 33408
180; 216; 33511
181; 216; 33539
182; 216; 33547
183; 216; 33553
184; 216; 33513
185; 216; 33424
186; 216; 33313
187; 216; 33194
188; 216; 33112
189; 216; 33090
190; 216; 33090
191; 216; 33083
192; 216; 33103
193; 216; 33147
194; 216; 33136
195; 216; 33048
196; 216; 32973
197; 216; 33076
198; 216; 33357
199; 216; 33595
200; 216; 33638
201; 216; 33607
202; 216; 33649
203; 216; 33689
204; 216; 33614
205; 216; 33487
206; 216; 33388
207; 216; 33274
208; 216; 33146
209; 216; 33155
210; 216; 33345
211; 216; 33546
212; 216; 33618
213; 216; 33610
214; 216; 33608
215; 216; 33585
166; 217; 32959
167; 217; 32977
168; 217; 33042
169; 217; 33082
170; 217; 33023
171; 217; 32944
172; 217; 32942
173; 217; 32940
174; 217; 32908
175; 217; 32956
176; 217; 33038
177; 217; 33051
178; 217; 33096
179; 217; 33253
180; 217; 33418
181; 217; 33525
182; 217; 33617
183; 217; 33642
184; 217; 33543
185; 217; 33398
186; 217; 33275
187; 217; 33171
188; 217; 33090
189; 217; 33050
190; 217; 33042
191; 217; 33049
192; 217; 33083
193; 217; 33115
194; 217; 33087
195; 217; 33027
196; 217; 32947
197; 217; 32956
198; 217; 33186
199; 217; 33491
200; 217; 33616
201; 217; 33594
202; 217; 33636
203; 217; 33713
204; 217; 33655
205; 217; 33508
206; 217; 33407
207; 217; 33329
208; 217; 33231
209; 217; 33198
210; 217; 33301
211; 217; 33450
212; 217; 33550
213; 217; 33616
214; 217; 33654
215; 217; 33604
166; 218; 33025
167; 218; 32943
168; 218; 32947
169; 218; 33003
170; 218; 33026
171; 218; 33033
172; 218; 33064
173; 218; 33057
174; 218; 33035
175; 218; 33055
176; 218; 33054
177; 218; 32976
178; 218; 32934
179; 218; 33047
180; 218; 33242
181; 218; 33449
182; 218; 33633
183; 218; 33677
184; 218; 33558
185; 218; 33419
186; 218; 33300
187; 218; 33164
188; 218; 33059
189; 218; 33006
190; 218; 32972
191; 218; 32973
192; 218; 33024
193; 218; 33046
194; 218; 33020
195; 218; 33013
196; 218; 32971
197; 218; 32900
198; 218; 33006
199; 218; 33335
200; 218; 33568
201; 218; 33574
202; 218; 33583
203; 218; 33661
204; 218; 33644
205; 218; 33527
206; 218; 33434
207; 218; 33366
208; 218; 33284
209; 218; 33244
210; 218; 33284
211; 218; 33356
212; 218; 33434
213; 218; 33545
214; 218; 33641
215; 218; 33615
166; 219; 33085
167; 219; 32990
168; 219; 32960
169; 219; 32978
170; 219; 33000
171; 219; 33031
172; 219; 33065
173; 219; 33053
174; 219; 33027
175; 219; 33049
176; 219; 33090
177; 219; 33054
178; 219; 32954
179; 219; 32923
180; 219; 33040
181; 219; 33290
182; 219; 33543
183; 219; 33617
184; 219; 33525
185; 219; 33418
186; 219; 33293
187; 219; 33116
188; 219; 32997
189; 219; 32959
190; 219; 32932
191; 219; 32928
192; 219; 32975
193; 219; 32990
194; 219; 32979
195; 219; 33011
196; 219; 32973
197; 219; 32892
198; 219; 32896
199; 219; 33153
200; 219; 33450
201; 219; 33522
202; 219; 33507
203; 219; 33548
204; 219; 33566
205; 219; 33529
206; 219; 33480
207; 219; 33396
208; 219; 33281
209; 219; 33229
210; 219; 33271
211; 219; 33329
212; 219; 33375
213; 219; 33456
214; 219; 33554
215; 219; 33579
166; 220; 33047
167; 220; 32999
168; 220; 33005
169; 220; 32996
170; 220; 32970
171; 220; 32972
172; 220; 32990
173; 220; 32982
174; 220; 32961
175; 220; 32978
176; 220; 33057
177; 220; 33101
178; 220; 33050
179; 220; 32949
180; 220; 32923
181; 220; 33111
182; 220; 33392
183; 220; 33521
184; 220; 33469
185; 220; 33373
186; 220; 33246
187; 220; 33068
188; 220; 32958
189; 220; 32945
190; 220; 32962
191; 220; 32946
192; 220; 32931
193; 220; 32934
194; 220; 32954
195; 220; 33007
196; 220; 32961
197; 220; 32914
198; 220; 32928
199; 220; 33058
200; 220; 33312
201; 220; 33455
202; 220; 33458
203; 220; 33441
204; 220; 33440
205; 220; 33474
206; 220; 33513
207; 220; 33455
208; 220; 33297
209; 220; 33201
210; 220; 33258
211; 220; 33358
212; 220; 33399
213; 220; 33413
214; 220; 33455
215; 220; 33515
166; 221; 32990
167; 221; 32979
168; 221; 33010
169; 221; 32998
170; 221; 32943
171; 221; 32919
172; 221; 32954
173; 221; 32983
174; 221; 32975
175; 221; 32977
176; 221; 33023
177; 221; 33091
178; 221; 33103
179; 221; 33041
180; 221; 32924
181; 221; 32992
182; 221; 33280
183; 221; 33494
184; 221; 33469
185; 221; 33338
186; 221; 33227
187; 221; 33100
188; 221; 32992
189; 221; 32953
190; 221; 32950
191; 221; 32938
192; 221; 32909
193; 221; 32893
194; 221; 32916
195; 221; 32988
196; 221; 32990
197; 221; 32917
198; 221; 32920
199; 221; 32986
200; 221; 33187
201; 221; 33389
202; 221; 33453
203; 221; 33401
204; 221; 33313
205; 221; 33322
206; 221; 33450
207; 221; 33505
208; 221; 33372
209; 221; 33219
210; 221; 33238
211; 221; 33367
212; 221; 33435
213; 221; 33416
214; 221; 33411
215; 221; 33475
166; 222; 33005
167; 222; 32980
168; 222; 33004
169; 222; 32991
170; 222; 32933
171; 222; 32919
172; 222; 32969
173; 222; 33032
174; 222; 33068
175; 222; 33054
176; 222; 33016
177; 222; 33024
178; 222; 33065
179; 222; 33058
180; 222; 32942
181; 222; 32936
182; 222; 33234
183; 222; 33567
184; 222; 33583
185; 222; 33383
186; 222; 33247
187; 222; 33174
188; 222; 33056
189; 222; 32934
190; 222; 32869
191; 222; 32881
192; 222; 32912
193; 222; 32916
194; 222; 32898
195; 222; 32955
196; 222; 33025
197; 222; 32961
198; 222; 32877
199; 222; 32885
200; 222; 33074
201; 222; 33329
202; 222; 33474
203; 222; 33424
204; 222; 33223
205; 222; 33110
206; 222; 33260
207; 222; 33473
208; 222; 33460
209; 222; 33290
210; 222; 33238
211; 222; 33345
212; 222; 33433
213; 222; 33428
214; 222; 33416
215; 222; 33466
166; 223; 33076
167; 223; 32997
168; 223; 33021
169; 223; 33024
170; 223; 32960
171; 223; 32940
172; 223; 32950
173; 223; 33000
174; 223; 33086
175; 223; 33105
176; 223; 33027
177; 223; 32967
178; 223; 33015
179; 223; 33044
180; 223; 32937
181; 223; 32894
182; 223; 33188
183; 223; 33623
184; 223; 33726
185; 223; 33480
186; 223; 33276
187; 223; 33194
188; 223; 33075
189; 223; 32922
190; 223; 32859
191; 223; 32881
192; 223; 32896
193; 223; 32908
194; 223; 32893
195; 223; 32911
196; 223; 33010
197; 223; 33037
198; 223; 32934
199; 223; 32860
200; 223; 32998
201; 223; 33272
202; 223; 33482
203; 223; 33470
204; 223; 33224
205; 223; 32986
206; 223; 33049
207; 223; 33358
208; 223; 33515
209; 223; 33395
210; 223; 33279
211; 223; 33330
212; 223; 33421
213; 223; 33439
214; 223; 33431
215; 223; 33467
166; 224; 33120
167; 224; 33007
168; 224; 33062
169; 224; 33084
170; 224; 33016
171; 224; 32964
172; 224; 32921
173; 224; 32926
174; 224; 33014
175; 224; 33081
176; 224; 33034
177; 224; 32981
178; 224; 33037
179; 224; 33068
180; 224; 32954
181; 224; 32875
182; 224; 33082
183; 224; 33529
184; 224; 33755
185; 224; 33571
186; 224; 33320
187; 224; 33191
188; 224; 33070
189; 224; 32945
190; 224; 32909
191; 224; 32924
192; 224; 32908
193; 224; 32878
194; 224; 32881
195; 224; 32885
196; 224; 32972
197; 224; 33048
198; 224; 32997
199; 224; 32915
200; 224; 33002
201; 224; 33246
202; 224; 33470
203; 224; 33508
204; 224; 33305
205; 224; 33024
206; 224; 32952
207; 224; 33241
208; 224; 33530
209; 224; 33499
210; 224; 33344
211; 224; 33330
212; 224; 33415
213; 224; 33448
214; 224; 33439
215; 224; 33465
166; 225; 33106
167; 225; 33012
168; 225; 33118
169; 225; 33136
170; 225; 33045
171; 225; 32985
172; 225; 32954
173; 225; 32951
174; 225; 32975
175; 225; 33018
176; 225; 33016
177; 225; 33011
178; 225; 33078
179; 225; 33108
180; 225; 33003
181; 225; 32900
182; 225; 32973
183; 225; 33340
184; 225; 33670
185; 225; 33642
186; 225; 33424
187; 225; 33258
188; 225; 33109
189; 225; 32964
190; 225; 32928
191; 225; 32964
192; 225; 32974
193; 225; 32917
194; 225; 32878
195; 225; 32883
196; 225; 32967
197; 225; 33053
198; 225; 33039
199; 225; 32982
200; 225; 33046
201; 225; 33254
202; 225; 33460
203; 225; 33527
204; 225; 33390
205; 225; 33115
206; 225; 32968
207; 225; 33191
208; 225; 33530
209; 225; 33592
210; 225; 33433
211; 225; 33356
212; 225; 33410
213; 225; 33457
214; 225; 33465
215; 225; 33486
166; 226; 33059
167; 226; 33013
168; 226; 33133
169; 226; 33137
170; 226; 33035
171; 226; 32989
172; 226; 32985
173; 226; 32984
174; 226; 32986
175; 226; 32991
176; 226; 33003
177; 226; 33021
178; 226; 33052
179; 226; 33071
180; 226; 33033
181; 226; 32945
182; 226; 32932
183; 226; 33191
184; 226; 33566
185; 226; 33693
186; 226; 33562
187; 226; 33385
188; 226; 33200
189; 226; 33013
190; 226; 32942
191; 226; 32978
192; 226; 33018
193; 226; 32985
194; 226; 32939
195; 226; 32941
196; 226; 32986
197; 226; 33024
198; 226; 33002
199; 226; 32989
200; 226; 33083
201; 226; 33285
202; 226; 33460
203; 226; 33524
204; 226; 33448
205; 226; 33219
206; 226; 33047
207; 226; 33184
208; 226; 33512
209; 226; 33668
210; 226; 33562
211; 226; 33430
212; 226; 33409
213; 226; 33453
214; 226; 33502
215; 226; 33526
166; 227; 33053
167; 227; 33007
168; 227; 33082
169; 227; 33080
170; 227; 33014
171; 227; 32992
172; 227; 32991
173; 227; 32980
174; 227; 32981
175; 227; 32999
176; 227; 33032
177; 227; 33025
178; 227; 32979
179; 227; 32984
180; 227; 33020
181; 227; 32993
182; 227; 32940
183; 227; 33105
184; 227; 33471
185; 227; 33683
186; 227; 33637
187; 227; 33484
188; 227; 33308
189; 227; 33137
190; 227; 33007
191; 227; 32972
192; 227; 33014
193; 227; 33025
194; 227; 33013
195; 227; 33008
196; 227; 33014
197; 227; 33011
198; 227; 32955
199; 227; 32950
200; 227; 33090
201; 227; 33308
202; 227; 33454
203; 227; 33508
204; 227; 33491
205; 227; 33348
206; 227; 33171
207; 227; 33187
208; 227; 33435
209; 227; 33665
210; 227; 33665
211; 227; 33517
212; 227; 33414
213; 227; 33436
214; 227; 33513
215; 227; 33540
166; 228; 33167
167; 228; 33016
168; 228; 32987
169; 228; 33003
170; 228; 33040
171; 228; 33053
172; 228; 32994
173; 228; 32951
174; 228; 32967
175; 228; 33012
176; 228; 33065
177; 228; 33052
178; 228; 32970
179; 228; 32963
180; 228; 33017
181; 228; 33015
182; 228; 32945
183; 228; 33044
184; 228; 33377
185; 228; 33614
186; 228; 33611
187; 228; 33506
188; 228; 33385
189; 228; 33264
190; 228; 33155
191; 228; 33036
192; 228; 32985
193; 228; 32999
194; 228; 33010
195; 228; 33016
196; 228; 33034
197; 228; 33042
198; 228; 32992
199; 228; 32957
200; 228; 33056
201; 228; 33252
202; 228; 33399
203; 228; 33482
204; 228; 33531
205; 228; 33484
206; 228; 33328
207; 228; 33210
208; 228; 33306
209; 228; 33550
210; 228; 33675
211; 228; 33580
212; 228; 33435
213; 228; 33421
214; 228; 33495
215; 228; 33519
166; 229; 33384
167; 229; 33098
168; 229; 32950
169; 229; 32960
170; 229; 33063
171; 229; 33102
172; 229; 33019
173; 229; 32955
174; 229; 32987
175; 229; 33043
176; 229; 33065
177; 229; 33056
178; 229; 33001
179; 229; 32980
180; 229; 33022
181; 229; 33018
182; 229; 32948
183; 229; 33024
184; 229; 33323
185; 229; 33539
186; 229; 33532
187; 229; 33476
188; 229; 33448
189; 229; 33383
190; 229; 33263
191; 229; 33129
192; 229; 33023
193; 229; 32973
194; 229; 32962
195; 229; 32983
196; 229; 33033
197; 229; 33082
198; 229; 33072
199; 229; 33005
200; 229; 32998
201; 229; 33111
202; 229; 33269
203; 229; 33415
204; 229; 33535
205; 229; 33585
206; 229; 33470
207; 229; 33244
208; 229; 33191
209; 229; 33409
210; 229; 33631
211; 229; 33619
212; 229; 33478
213; 229; 33429
214; 229; 33465
215; 229; 33467
