161; 215; 33073
162; 215; 33098
163; 215; 33107
164; 215; 33191
165; 215; 33278
166; 215; 33251
167; 215; 33161
168; 215; 33103
169; 215; 33130
170; 215; 33192
171; 215; 33228
172; 215; 33221
173; 215; 33221
174; 215; 33239
175; 215; 33239
176; 215; 33249
177; 215; 33268
178; 215; 33268
179; 215; 33213
180; 215; 33177
181; 215; 33257
182; 215; 33361
183; 215; 33359
184; 215; 33326
185; 215; 33365
186; 215; 33452
187; 215; 33478
188; 215; 33448
189; 215; 33427
190; 215; 33399
191; 215; 33345
192; 215; 33292
193; 215; 33275
194; 215; 33306
195; 215; 33344
196; 215; 33345
197; 215; 33313
198; 215; 33303
199; 215; 33356
200; 215; 33393
201; 215; 33285
202; 215; 33033
203; 215; 32859
204; 215; 32826
205; 215; 32979
206; 215; 33127
207; 215; 33129
208; 215; 33019
209; 215; 32859
210; 215; 32902
211; 215; 32848
212; 215; 33006
213; 215; 33129
214; 215; 33104
215; 215; 33158
216; 215; 33344
217; 215; 33495
218; 215; 33500
219; 215; 33442
220; 215; 33395
221; 215; 33371
222; 215; 33378
223; 215; 33397
224; 215; 33347
225; 215; 33274
226; 215; 33274
227; 215; 33261
228; 215; 33177
229; 215; 33130
161; 216; 32963
162; 216; 33031
163; 216; 33042
164; 216; 32994
165; 216; 33051
166; 216; 33161
167; 216; 33115
168; 216; 33012
169; 216; 32996
170; 216; 33072
171; 216; 33145
172; 216; 33182
173; 216; 33211
174; 216; 33235
175; 216; 33239
176; 216; 33251
177; 216; 33285
178; 216; 33301
179; 216; 33266
180; 216; 33250
181; 216; 33317
182; 216; 33375
183; 216; 33348
184; 216; 33336
185; 216; 33420
186; 216; 33459
187; 216; 33411
188; 216; 33387
189; 216; 33438
190; 216; 33472
191; 216; 33412
192; 216; 33333
193; 216; 33319
194; 216; 33358
195; 216; 33380
196; 216; 33359
197; 216; 33309
198; 216; 33289
199; 216; 33356
200; 216; 33364
201; 216; 33228
202; 216; 33029
203; 216; 32857
204; 216; 32855
205; 216; 32845
206; 216; 32910
207; 216; 32984
208; 216; 32973
209; 216; 32895
210; 216; 32846
211; 216; 32874
212; 216; 33045
213; 216; 33162
214; 216; 33116
215; 216; 33090
216; 216; 33238
217; 216; 33434
218; 216; 33461
219; 216; 33340
220; 216; 33302
221; 216; 33364
222; 216; 33420
223; 216; 33462
224; 216; 33435
225; 216; 33377
226; 216; 33316
227; 216; 33237
228; 216; 33138
229; 216; 33064
161; 217; 32908
162; 217; 33010
163; 217; 33046
164; 217; 32942
165; 217; 32919
166; 217; 33035
167; 217; 33078
168; 217; 33014
169; 217; 32992
170; 217; 33070
171; 217; 33157
172; 217; 33185
173; 217; 33227
174; 217; 33274
175; 217; 33271
176; 217; 33260
177; 217; 33291
178; 217; 33316
179; 217; 33284
180; 217; 33261
181; 217; 33311
182; 217; 33370
183; 217; 33380
184; 217; 33397
185; 217; 33461
186; 217; 33436
187; 217; 33345
188; 217; 33325
189; 217; 33418
190; 217; 33490
191; 217; 33442
192; 217; 33389
193; 217; 33408
194; 217; 33444
195; 217; 33417
196; 217; 33341
197; 217; 33291
198; 217; 33300
199; 217; 33387
200; 217; 33383
201; 217; 33245
202; 217; 33073
203; 217; 32859
204; 217; 32902
205; 217; 32931
206; 217; 32894
207; 217; 32891
208; 217; 32918
209; 217; 32911
210; 217; 32868
211; 217; 32879
212; 217; 33007
213; 217; 33142
214; 217; 33131
215; 217; 33074
216; 217; 33169
217; 217; 33355
218; 217; 33399
219; 217; 33284
220; 217; 33240
221; 217; 33349
222; 217; 33405
223; 217; 33415
224; 217; 33381
225; 217; 33333
226; 217; 33270
227; 217; 33186
228; 217; 33099
229; 217; 33025
161; 218; 32914
162; 218; 33019
163; 218; 33098
164; 218; 33065
165; 218; 33014
166; 218; 33057
167; 218; 33119
168; 218; 33079
169; 218; 33058
170; 218; 33124
171; 218; 33173
172; 218; 33154
173; 218; 33170
174; 218; 33255
175; 218; 33311
176; 218; 33301
177; 218; 33283
178; 218; 33281
179; 218; 33275
180; 218; 33283
181; 218; 33328
182; 218; 33380
183; 218; 33430
184; 218; 33451
185; 218; 33452
186; 218; 33397
187; 218; 33318
188; 218; 33310
189; 218; 33404
190; 218; 33465
191; 218; 33420
192; 218; 33393
193; 218; 33442
194; 218; 33475
195; 218; 33447
196; 218; 33395
197; 218; 33374
198; 218; 33384
199; 218; 33428
200; 218; 33431
201; 218; 33343
202; 218; 33163
203; 218; 32912
204; 218; 32926
205; 218; 32967
206; 218; 32913
207; 218; 32871
208; 218; 32883
209; 218; 32891
210; 218; 32877
211; 218; 32892
212; 218; 32959
213; 218; 33086
214; 218; 33134
215; 218; 33106
216; 218; 33157
217; 218; 33312
218; 218; 33392
219; 218; 33320
220; 218; 33223
221; 218; 33237
222; 218; 33331
223; 218; 33359
224; 218; 33336
225; 218; 33259
226; 218; 33194
227; 218; 33159
228; 218; 33154
229; 218; 33126
161; 219; 32938
162; 219; 33003
163; 219; 33103
164; 219; 33157
165; 219; 33150
166; 219; 33126
167; 219; 33104
168; 219; 33055
169; 219; 33054
170; 219; 33122
171; 219; 33138
172; 219; 33086
173; 219; 33094
174; 219; 33202
175; 219; 33313
176; 219; 33328
177; 219; 33267
178; 219; 33235
179; 219; 33264
180; 219; 33337
181; 219; 33403
182; 219; 33429
183; 219; 33437
184; 219; 33412
185; 219; 33379
186; 219; 33370
187; 219; 33362
188; 219; 33368
189; 219; 33404
190; 219; 33419
191; 219; 33387
192; 219; 33374
193; 219; 33420
194; 219; 33454
195; 219; 33450
196; 219; 33450
197; 219; 33462
198; 219; 33467
199; 219; 33445
200; 219; 33427
201; 219; 33392
202; 219; 33252
203; 219; 32989
204; 219; 32912
205; 219; 32981
206; 219; 32918
207; 219; 32847
208; 219; 32873
209; 219; 32868
210; 219; 32860
211; 219; 32897
212; 219; 32947
213; 219; 33026
214; 219; 33084
215; 219; 33084
216; 219; 33120
217; 219; 33256
218; 219; 33375
219; 219; 33332
220; 219; 33176
221; 219; 33067
222; 219; 33194
223; 219; 33337
224; 219; 33369
225; 219; 33300
226; 219; 33216
227; 219; 33209
228; 219; 33249
229; 219; 33222
161; 220; 32962
162; 220; 32975
163; 220; 33002
164; 220; 33065
165; 220; 33075
166; 220; 33009
167; 220; 32958
168; 220; 32961
169; 220; 33012
170; 220; 33098
171; 220; 33125
172; 220; 33093
173; 220; 33108
174; 220; 33192
175; 220; 33269
176; 220; 33271
177; 220; 33238
178; 220; 33240
179; 220; 33287
180; 220; 33372
181; 220; 33440
182; 220; 33465
183; 220; 33449
184; 220; 33385
185; 220; 33338
186; 220; 33376
187; 220; 33433
188; 220; 33434
189; 220; 33408
190; 220; 33406
191; 220; 33413
192; 220; 33406
193; 220; 33410
194; 220; 33416
195; 220; 33405
196; 220; 33414
197; 220; 33414
198; 220; 33411
199; 220; 33368
200; 220; 33335
201; 220; 33335
202; 220; 33255
203; 220; 33059
204; 220; 32870
205; 220; 32972
206; 220; 32946
207; 220; 32840
208; 220; 32853
209; 220; 32831
210; 220; 32830
211; 220; 32891
212; 220; 32942
213; 220; 32981
214; 220; 33021
215; 220; 33046
216; 220; 33098
217; 220; 33191
218; 220; 33299
219; 220; 33287
220; 220; 33140
221; 220; 33015
222; 220; 33131
223; 220; 33289
224; 220; 33338
225; 220; 33301
226; 220; 33247
227; 220; 33263
228; 220; 33297
229; 220; 33268
161; 221; 32951
162; 221; 32914
163; 221; 32884
164; 221; 32917
165; 221; 32932
166; 221; 32913
167; 221; 32898
168; 221; 32911
169; 221; 32984
170; 221; 33088
171; 221; 33144
172; 221; 33167
173; 221; 33215
174; 221; 33253
175; 221; 33189
176; 221; 33108
177; 221; 33149
178; 221; 33256
179; 221; 33322
180; 221; 33344
181; 221; 33383
182; 221; 33457
183; 221; 33503
184; 221; 33463
185; 221; 33413
186; 221; 33445
187; 221; 33508
188; 221; 33501
189; 221; 33443
190; 221; 33445
191; 221; 33491
192; 221; 33490
193; 221; 33447
194; 221; 33405
195; 221; 33371
196; 221; 33350
197; 221; 33321
198; 221; 33311
199; 221; 33290
200; 221; 33287
201; 221; 33289
202; 221; 33231
203; 221; 33113
204; 221; 32887
205; 221; 32913
206; 221; 32922
207; 221; 32841
208; 221; 32865
209; 221; 32843
210; 221; 32839
211; 221; 32936
212; 221; 33001
213; 221; 33001
214; 221; 33022
215; 221; 33085
216; 221; 33150
217; 221; 33159
218; 221; 33196
219; 221; 33267
220; 221; 33229
221; 221; 33136
222; 221; 33126
223; 221; 33186
224; 221; 33235
225; 221; 33300
226; 221; 33363
227; 221; 33356
228; 221; 33355
229; 221; 33371
161; 222; 32845
162; 222; 32839
163; 222; 32851
164; 222; 32878
165; 222; 32912
166; 222; 32959
167; 222; 32970
168; 222; 32951
169; 222; 32972
170; 222; 33041
171; 222; 33115
172; 222; 33180
173; 222; 33270
174; 222; 33305
175; 222; 33162
176; 222; 33002
177; 222; 33082
178; 222; 33269
179; 222; 33346
180; 222; 33315
181; 222; 33316
182; 222; 33401
183; 222; 33500
184; 222; 33533
185; 222; 33502
186; 222; 33493
187; 222; 33520
188; 222; 33524
189; 222; 33485
190; 222; 33477
191; 222; 33521
192; 222; 33536
193; 222; 33484
194; 222; 33419
195; 222; 33396
196; 222; 33391
197; 222; 33363
198; 222; 33352
199; 222; 33379
200; 222; 33404
201; 222; 33361
202; 222; 33234
203; 222; 33086
204; 222; 32919
205; 222; 32862
206; 222; 32886
207; 222; 32864
208; 222; 32848
209; 222; 32845
210; 222; 32820
211; 222; 32973
212; 222; 33073
213; 222; 33061
214; 222; 33059
215; 222; 33111
216; 222; 33139
217; 222; 33104
218; 222; 33107
219; 222; 33242
220; 222; 33316
221; 222; 33234
222; 222; 33126
223; 222; 33077
224; 222; 33091
225; 222; 33276
226; 222; 33429
227; 222; 33444
228; 222; 33445
229; 222; 33489
161; 223; 32881
162; 223; 32955
163; 223; 32945
164; 223; 32844
165; 223; 32848
166; 223; 32959
167; 223; 33026
168; 223; 33019
169; 223; 33008
170; 223; 33030
171; 223; 33086
172; 223; 33138
173; 223; 33228
174; 223; 33293
175; 223; 33195
176; 223; 33056
177; 223; 33127
178; 223; 33291
179; 223; 33325
180; 223; 33274
181; 223; 33286
182; 223; 33377
183; 223; 33469
184; 223; 33531
185; 223; 33521
186; 223; 33474
187; 223; 33472
188; 223; 33499
189; 223; 33500
190; 223; 33475
191; 223; 33484
192; 223; 33509
193; 223; 33477
194; 223; 33424
195; 223; 33440
196; 223; 33497
197; 223; 33509
198; 223; 33479
199; 223; 33482
200; 223; 33491
201; 223; 33426
202; 223; 33252
203; 223; 33039
204; 223; 32899
205; 223; 32863
206; 223; 32879
207; 223; 32884
208; 223; 32863
209; 223; 32884
210; 223; 32854
211; 223; 32931
212; 223; 33035
213; 223; 33031
214; 223; 33007
215; 223; 33022
216; 223; 33028
217; 223; 33025
218; 223; 33054
219; 223; 33190
220; 223; 33317
221; 223; 33282
222; 223; 33154
223; 223; 33126
224; 223; 33112
225; 223; 33244
226; 223; 33395
227; 223; 33426
228; 223; 33400
229; 223; 33439
161; 224; 32954
162; 224; 33051
163; 224; 33054
164; 224; 32913
165; 224; 32802
166; 224; 32841
167; 224; 32930
168; 224; 33040
169; 224; 33108
170; 224; 33134
171; 224; 33147
172; 224; 33139
173; 224; 33186
174; 224; 33262
175; 224; 33244
176; 224; 33174
177; 224; 33206
178; 224; 33273
179; 224; 33246
180; 224; 33223
181; 224; 33287
182; 224; 33397
183; 224; 33459
184; 224; 33485
185; 224; 33484
186; 224; 33437
187; 224; 33417
188; 224; 33463
189; 224; 33501
190; 224; 33478
191; 224; 33447
192; 224; 33466
193; 224; 33477
194; 224; 33454
195; 224; 33495
196; 224; 33568
197; 224; 33587
198; 224; 33524
199; 224; 33469
200; 224; 33470
201; 224; 33424
202; 224; 33279
203; 224; 33078
204; 224; 32901
205; 224; 32832
206; 224; 32829
207; 224; 32851
208; 224; 32867
209; 224; 32891
210; 224; 32884
211; 224; 32879
212; 224; 32920
213; 224; 32934
214; 224; 32934
215; 224; 32973
216; 224; 32998
217; 224; 32999
218; 224; 33029
219; 224; 33134
220; 224; 33268
221; 224; 33310
222; 224; 33238
223; 224; 33202
224; 224; 33212
225; 224; 33278
226; 224; 33367
227; 224; 33327
228; 224; 33238
229; 224; 33275
161; 225; 32889
162; 225; 32939
163; 225; 33023
164; 225; 32980
165; 225; 32924
166; 225; 32895
167; 225; 32902
168; 225; 32998
169; 225; 33112
170; 225; 33181
171; 225; 33192
172; 225; 33118
173; 225; 33088
174; 225; 33187
175; 225; 33270
176; 225; 33271
177; 225; 33246
178; 225; 33208
179; 225; 33180
180; 225; 33220
181; 225; 33302
182; 225; 33372
183; 225; 33415
184; 225; 33473
185; 225; 33536
186; 225; 33517
187; 225; 33457
188; 225; 33461
189; 225; 33511
190; 225; 33521
191; 225; 33474
192; 225; 33478
193; 225; 33531
194; 225; 33555
195; 225; 33570
196; 225; 33561
197; 225; 33521
198; 225; 33468
199; 225; 33439
200; 225; 33449
201; 225; 33407
202; 225; 33318
203; 225; 33163
204; 225; 32965
205; 225; 32841
206; 225; 32831
207; 225; 32822
208; 225; 32829
209; 225; 32844
210; 225; 32856
211; 225; 32876
212; 225; 32861
213; 225; 32878
214; 225; 32951
215; 225; 33065
216; 225; 33101
217; 225; 33041
218; 225; 32969
219; 225; 33006
220; 225; 33168
221; 225; 33332
222; 225; 33346
223; 225; 33265
224; 225; 33221
225; 225; 33274
226; 225; 33330
227; 225; 33279
228; 225; 33189
229; 225; 33207
161; 226; 32854
162; 226; 32889
163; 226; 32964
164; 226; 32982
165; 226; 32993
166; 226; 33055
167; 226; 33029
168; 226; 32966
169; 226; 32958
170; 226; 33027
171; 226; 33083
172; 226; 33070
173; 226; 33029
174; 226; 33076
175; 226; 33193
176; 226; 33279
177; 226; 33282
178; 226; 33228
179; 226; 33211
180; 226; 33259
181; 226; 33275
182; 226; 33233
183; 226; 33260
184; 226; 33434
185; 226; 33647
186; 226; 33710
187; 226; 33608
188; 226; 33520
189; 226; 33543
190; 226; 33595
191; 226; 33560
192; 226; 33527
193; 226; 33564
194; 226; 33612
195; 226; 33625
196; 226; 33552
197; 226; 33442
198; 226; 33392
199; 226; 33398
200; 226; 33407
201; 226; 33375
202; 226; 33314
203; 226; 33181
204; 226; 33000
205; 226; 32859
206; 226; 32866
207; 226; 32862
208; 226; 32869
209; 226; 32876
210; 226; 32888
211; 226; 32903
212; 226; 32855
213; 226; 32852
214; 226; 32949
215; 226; 33103
216; 226; 33137
217; 226; 33026
218; 226; 32914
219; 226; 32928
220; 226; 33095
221; 226; 33299
222; 226; 33349
223; 226; 33267
224; 226; 33218
225; 226; 33271
226; 226; 33311
227; 226; 33284
228; 226; 33262
229; 226; 33294
161; 227; 32887
162; 227; 32897
163; 227; 32920
164; 227; 32962
165; 227; 33032
166; 227; 33090
167; 227; 33092
168; 227; 33036
169; 227; 32958
170; 227; 32888
171; 227; 32918
172; 227; 33020
173; 227; 33050
174; 227; 33007
175; 227; 32999
176; 227; 33098
177; 227; 33208
178; 227; 33223
179; 227; 33228
180; 227; 33269
181; 227; 33207
182; 227; 33066
183; 227; 33075
184; 227; 33303
185; 227; 33605
186; 227; 33760
187; 227; 33699
188; 227; 33581
189; 227; 33573
190; 227; 33645
191; 227; 33636
192; 227; 33562
193; 227; 33533
194; 227; 33570
195; 227; 33626
196; 227; 33586
197; 227; 33480
198; 227; 33398
199; 227; 33344
200; 227; 33277
201; 227; 33205
202; 227; 33141
203; 227; 33061
204; 227; 32977
205; 227; 32899
206; 227; 32861
207; 227; 32874
208; 227; 32887
209; 227; 32889
210; 227; 32880
211; 227; 32865
212; 227; 32847
213; 227; 32857
214; 227; 32815
215; 227; 32921
216; 227; 32990
217; 227; 32937
218; 227; 32888
219; 227; 32934
220; 227; 33059
221; 227; 33163
222; 227; 33192
223; 227; 33196
224; 227; 33249
225; 227; 33308
226; 227; 33304
227; 227; 33268
228; 227; 33291
229; 227; 33367
161; 228; 32924
162; 228; 32989
163; 228; 32961
164; 228; 32988
165; 228; 33084
166; 228; 33144
167; 228; 33119
168; 228; 33089
169; 228; 33077
170; 228; 32983
171; 228; 32877
172; 228; 32935
173; 228; 33047
174; 228; 33021
175; 228; 32917
176; 228; 32899
177; 228; 33002
178; 228; 33088
179; 228; 33144
180; 228; 33190
181; 228; 33126
182; 228; 33022
183; 228; 33020
184; 228; 33163
185; 228; 33390
186; 228; 33566
187; 228; 33619
188; 228; 33601
189; 228; 33595
190; 228; 33635
191; 228; 33633
192; 228; 33560
193; 228; 33485
194; 228; 33479
195; 228; 33555
196; 228; 33615
197; 228; 33609
198; 228; 33520
199; 228; 33347
200; 228; 33156
201; 228; 33031
202; 228; 32956
203; 228; 32921
204; 228; 32919
205; 228; 32917
206; 228; 32918
207; 228; 32912
208; 228; 32893
209; 228; 32868
210; 228; 32840
211; 228; 32826
212; 228; 32861
213; 228; 32923
214; 228; 32926
215; 228; 32845
216; 228; 32841
217; 228; 32865
218; 228; 32904
219; 228; 32992
220; 228; 33048
221; 228; 33031
222; 228; 33027
223; 228; 33107
224; 228; 33237
225; 228; 33293
226; 228; 33242
227; 228; 33175
228; 228; 33209
229; 228; 33316
161; 229; 32976
162; 229; 32925
163; 229; 32945
164; 229; 33064
165; 229; 33126
166; 229; 33149
167; 229; 33112
168; 229; 33109
169; 229; 33169
170; 229; 33131
171; 229; 32942
172; 229; 32840
173; 229; 32954
174; 229; 33056
175; 229; 33019
176; 229; 32947
177; 229; 32930
178; 229; 32922
179; 229; 32949
180; 229; 33041
181; 229; 33134
182; 229; 33166
183; 229; 33134
184; 229; 33124
185; 229; 33187
186; 229; 33307
187; 229; 33460
188; 229; 33583
189; 229; 33615
190; 229; 33616
191; 229; 33610
192; 229; 33566
193; 229; 33475
194; 229; 33398
195; 229; 33409
196; 229; 33517
197; 229; 33634
198; 229; 33613
199; 229; 33408
200; 229; 33144
201; 229; 32975
202; 229; 32901
203; 229; 32890
204; 229; 32878
205; 229; 32878
206; 229; 32915
207; 229; 32934
208; 229; 32899
209; 229; 32843
210; 229; 32857
211; 229; 32828
212; 229; 32809
213; 229; 32822
214; 229; 32853
215; 229; 32859
216; 229; 32846
217; 229; 32861
218; 229; 32903
219; 229; 32998
220; 229; 33065
221; 229; 33031
222; 229; 33008
223; 229; 33079
224; 229; 33187
225; 229; 33207
226; 229; 33132
227; 229; 33049
228; 229; 33060
229; 229; 33157
161; 230; 32905
162; 230; 32875
163; 230; 32955
164; 230; 33061
165; 230; 33069
166; 230; 33082
167; 230; 33078
168; 230; 33070
169; 230; 33111
170; 230; 33112
171; 230; 33006
172; 230; 32879
173; 230; 32932
174; 230; 33078
175; 230; 33126
176; 230; 33105
177; 230; 33072
178; 230; 33005
179; 230; 32941
180; 230; 33011
181; 230; 33168
182; 230; 33258
183; 230; 33234
184; 230; 33160
185; 230; 33102
186; 230; 33147
187; 230; 33315
188; 230; 33486
189; 230; 33558
190; 230; 33585
191; 230; 33615
192; 230; 33598
193; 230; 33494
194; 230; 33340
195; 230; 33246
196; 230; 33296
197; 230; 33433
198; 230; 33469
199; 230; 33332
200; 230; 33130
201; 230; 32974
202; 230; 32888
203; 230; 32874
204; 230; 32868
205; 230; 32862
206; 230; 32867
207; 230; 32872
208; 230; 32870
209; 230; 32838
210; 230; 32821
211; 230; 32850
212; 230; 32913
213; 230; 32906
214; 230; 32858
215; 230; 32866
216; 230; 32907
217; 230; 32894
218; 230; 32897
219; 230; 32991
220; 230; 33127
221; 230; 33138
222; 230; 33072
223; 230; 33078
224; 230; 33153
225; 230; 33168
226; 230; 33106
227; 230; 33035
228; 230; 33024
229; 230; 33093
161; 231; 32873
162; 231; 32889
163; 231; 32944
164; 231; 33015
165; 231; 32964
166; 231; 32965
167; 231; 33042
168; 231; 33071
169; 231; 33031
170; 231; 33008
171; 231; 32980
172; 231; 32953
173; 231; 33008
174; 231; 33082
175; 231; 33121
176; 231; 33165
177; 231; 33187
178; 231; 33140
179; 231; 33043
180; 231; 33007
181; 231; 33049
182; 231; 33134
183; 231; 33195
184; 231; 33144
185; 231; 33021
186; 231; 32995
187; 231; 33125
188; 231; 33255
189; 231; 33328
190; 231; 33439
191; 231; 33572
192; 231; 33596
193; 231; 33489
194; 231; 33326
195; 231; 33179
196; 231; 33160
197; 231; 33206
198; 231; 33179
199; 231; 33091
200; 231; 33008
201; 231; 32937
202; 231; 32864
203; 231; 32850
204; 231; 32878
205; 231; 32896
206; 231; 32877
207; 231; 32871
208; 231; 32881
209; 231; 32870
210; 231; 32894
211; 231; 33002
212; 231; 33028
213; 231; 32946
214; 231; 32886
215; 231; 32924
216; 231; 32998
217; 231; 32977
218; 231; 32934
219; 231; 32999
220; 231; 33143
221; 231; 33188
222; 231; 33097
223; 231; 33022
224; 231; 33063
225; 231; 33134
226; 231; 33157
227; 231; 33157
228; 231; 33167
229; 231; 33185
161; 232; 32877
162; 232; 32854
163; 232; 32921
164; 232; 32967
165; 232; 32891
166; 232; 32902
167; 232; 33051
168; 232; 33120
169; 232; 33040
170; 232; 32978
171; 232; 32962
172; 232; 32965
173; 232; 33000
174; 232; 33006
175; 232; 33006
176; 232; 33042
177; 232; 33104
178; 232; 33123
179; 232; 33064
180; 232; 32976
181; 232; 32928
182; 232; 33018
183; 232; 33133
184; 232; 33071
185; 232; 32886
186; 232; 32833
187; 232; 32938
188; 232; 32993
189; 232; 33014
190; 232; 33207
191; 232; 33461
192; 232; 33539
193; 232; 33424
194; 232; 33315
195; 232; 33232
196; 232; 33192
197; 232; 33142
198; 232; 33021
199; 232; 32925
200; 232; 32904
201; 232; 32891
202; 232; 32842
203; 232; 32852
204; 232; 32905
205; 232; 32947
206; 232; 32944
207; 232; 32946
208; 232; 32956
209; 232; 32939
210; 232; 32968
211; 232; 33045
212; 232; 33024
213; 232; 32907
214; 232; 32867
215; 232; 32886
216; 232; 33016
217; 232; 33062
218; 232; 33015
219; 232; 33002
220; 232; 33073
221; 232; 33125
222; 232; 33069
223; 232; 32980
224; 232; 32959
225; 232; 33029
226; 232; 33130
227; 232; 33228
228; 232; 33260
229; 232; 33230
161; 233; 32962
162; 233; 32946
163; 233; 32921
164; 233; 32947
165; 233; 32983
166; 233; 32993
167; 233; 32997
168; 233; 33005
169; 233; 32977
170; 233; 32997
171; 233; 33031
172; 233; 33007
173; 233; 32980
174; 233; 32967
175; 233; 32936
176; 233; 32923
177; 233; 32951
178; 233; 33038
179; 233; 33088
180; 233; 33027
181; 233; 32964
182; 233; 33057
183; 233; 33175
184; 233; 33099
185; 233; 32917
186; 233; 32870
187; 233; 32936
188; 233; 32910
189; 233; 32850
190; 233; 33043
191; 233; 33336
192; 233; 33459
193; 233; 33354
194; 233; 33276
195; 233; 33284
196; 233; 33273
197; 233; 33193
198; 233; 33052
199; 233; 32938
200; 233; 32899
201; 233; 32873
202; 233; 32830
203; 233; 32851
204; 233; 32930
205; 233; 32972
206; 233; 32968
207; 233; 32999
208; 233; 33034
209; 233; 33005
210; 233; 32967
211; 233; 32989
212; 233; 32984
213; 233; 32907
214; 233; 32869
215; 233; 32922
216; 233; 33053
217; 233; 33099
218; 233; 33027
219; 233; 32932
220; 233; 32918
221; 233; 32957
222; 233; 32981
223; 233; 32960
224; 233; 32908
225; 233; 32902
226; 233; 32989
227; 233; 33132
228; 233; 33181
229; 233; 33147
161; 234; 33040
162; 234; 33018
163; 234; 32973
164; 234; 32937
165; 234; 32969
166; 234; 32971
167; 234; 32895
168; 234; 32850
169; 234; 32862
170; 234; 32956
171; 234; 33032
172; 234; 33053
173; 234; 33066
174; 234; 33061
175; 234; 32987
176; 234; 32904
177; 234; 32877
178; 234; 32966
179; 234; 33085
180; 234; 33086
181; 234; 33061
182; 234; 33159
183; 234; 33248
184; 234; 33168
185; 234; 33030
186; 234; 33003
187; 234; 33037
188; 234; 32972
189; 234; 32911
190; 234; 33067
191; 234; 33294
192; 234; 33406
193; 234; 33366
194; 234; 33308
195; 234; 33312
196; 234; 33294
197; 234; 33227
198; 234; 33129
199; 234; 33020
200; 234; 32913
201; 234; 32831
202; 234; 32808
203; 234; 32859
204; 234; 32958
205; 234; 32949
206; 234; 32902
207; 234; 32926
208; 234; 32994
209; 234; 32995
210; 234; 32928
211; 234; 32935
212; 234; 33010
213; 234; 33056
214; 234; 33060
215; 234; 33080
216; 234; 33121
217; 234; 33109
218; 234; 32994
219; 234; 32868
220; 234; 32861
221; 234; 32873
222; 234; 32948
223; 234; 33010
224; 234; 32942
225; 234; 32871
226; 234; 32915
227; 234; 33049
228; 234; 33097
229; 234; 33068
161; 235; 32994
162; 235; 32982
163; 235; 32950
164; 235; 32874
165; 235; 32859
166; 235; 32920
167; 235; 32901
168; 235; 32864
169; 235; 32884
170; 235; 32939
171; 235; 32964
172; 235; 32981
173; 235; 33023
174; 235; 33052
175; 235; 33014
176; 235; 32915
177; 235; 32859
178; 235; 32940
179; 235; 33046
180; 235; 33032
181; 235; 33031
182; 235; 33123
183; 235; 33183
184; 235; 33164
185; 235; 33163
186; 235; 33188
187; 235; 33162
188; 235; 33077
189; 235; 33097
190; 235; 33238
191; 235; 33349
192; 235; 33365
193; 235; 33348
194; 235; 33354
195; 235; 33373
196; 235; 33357
197; 235; 33306
198; 235; 33223
199; 235; 33084
200; 235; 32888
201; 235; 32847
202; 235; 32867
203; 235; 32820
204; 235; 32928
205; 235; 32897
206; 235; 32856
207; 235; 32845
208; 235; 32892
209; 235; 32944
210; 235; 32924
211; 235; 32928
212; 235; 33047
213; 235; 33187
214; 235; 33239
215; 235; 33224
216; 235; 33197
217; 235; 33140
218; 235; 33011
219; 235; 32868
220; 235; 32864
221; 235; 32878
222; 235; 32947
223; 235; 33046
224; 235; 33020
225; 235; 32976
226; 235; 33023
227; 235; 33114
228; 235; 33121
229; 235; 33068
161; 236; 32915
162; 236; 32914
163; 236; 32890
164; 236; 32842
165; 236; 32857
166; 236; 32965
167; 236; 33006
168; 236; 32987
169; 236; 32964
170; 236; 32909
171; 236; 32885
172; 236; 32888
173; 236; 32902
174; 236; 32948
175; 236; 32969
176; 236; 32917
177; 236; 32856
178; 236; 32962
179; 236; 33063
180; 236; 32981
181; 236; 32967
182; 236; 32995
183; 236; 32978
184; 236; 33035
185; 236; 33191
186; 236; 33299
187; 236; 33260
188; 236; 33199
189; 236; 33310
190; 236; 33442
191; 236; 33427
192; 236; 33336
193; 236; 33304
194; 236; 33359
195; 236; 33434
196; 236; 33459
197; 236; 33424
198; 236; 33326
199; 236; 33143
200; 236; 32896
201; 236; 32887
202; 236; 32941
203; 236; 32840
204; 236; 32872
205; 236; 32869
206; 236; 32836
207; 236; 32856
208; 236; 32863
209; 236; 32917
210; 236; 32928
211; 236; 32902
212; 236; 32990
213; 236; 33144
214; 236; 33244
215; 236; 33246
216; 236; 33200
217; 236; 33137
218; 236; 33061
219; 236; 32973
220; 236; 32923
221; 236; 32942
222; 236; 33000
223; 236; 33075
224; 236; 33109
225; 236; 33143
226; 236; 33212
227; 236; 33261
228; 236; 33226
229; 236; 33145
161; 237; 32846
162; 237; 32929
163; 237; 32951
164; 237; 32910
165; 237; 32925
166; 237; 32991
167; 237; 33034
168; 237; 32998
169; 237; 32910
170; 237; 32835
171; 237; 32815
172; 237; 32884
173; 237; 32876
174; 237; 32867
175; 237; 32915
176; 237; 32939
177; 237; 32903
178; 237; 32977
179; 237; 33049
180; 237; 32981
181; 237; 32990
182; 237; 32975
183; 237; 32898
184; 237; 32977
185; 237; 33188
186; 237; 33310
187; 237; 33307
188; 237; 33324
189; 237; 33477
190; 237; 33587
191; 237; 33507
192; 237; 33373
193; 237; 33320
194; 237; 33360
195; 237; 33437
196; 237; 33483
197; 237; 33463
198; 237; 33371
199; 237; 33209
200; 237; 32994
201; 237; 32846
202; 237; 32890
203; 237; 32840
204; 237; 32857
205; 237; 32904
206; 237; 32856
207; 237; 32821
208; 237; 32851
209; 237; 32881
210; 237; 32893
211; 237; 32877
212; 237; 32935
213; 237; 33036
214; 237; 33144
215; 237; 33164
216; 237; 33123
217; 237; 33065
218; 237; 33094
219; 237; 33172
220; 237; 33171
221; 237; 33144
222; 237; 33160
223; 237; 33219
224; 237; 33293
225; 237; 33352
226; 237; 33385
227; 237; 33383
228; 237; 33349
229; 237; 33307
161; 238; 32886
162; 238; 33000
163; 238; 33057
164; 238; 32986
165; 238; 32915
166; 238; 32944
167; 238; 33021
168; 238; 32969
169; 238; 32847
170; 238; 32805
171; 238; 32839
172; 238; 32936
173; 238; 32925
174; 238; 32877
175; 238; 32941
176; 238; 32996
177; 238; 32963
178; 238; 32960
179; 238; 32957
180; 238; 32961
181; 238; 33053
182; 238; 33062
183; 238; 32952
184; 238; 32997
185; 238; 33168
186; 238; 33254
187; 238; 33281
188; 238; 33357
189; 238; 33490
190; 238; 33566
191; 238; 33535
192; 238; 33454
193; 238; 33398
194; 238; 33389
195; 238; 33414
196; 238; 33461
197; 238; 33481
198; 238; 33421
199; 238; 33296
200; 238; 33142
201; 238; 32978
202; 238; 32837
203; 238; 32816
204; 238; 32867
205; 238; 32958
206; 238; 32933
207; 238; 32866
208; 238; 32862
209; 238; 32871
210; 238; 32876
211; 238; 32901
212; 238; 32953
213; 238; 32984
214; 238; 33038
215; 238; 33062
216; 238; 33046
217; 238; 33027
218; 238; 33158
219; 238; 33337
220; 238; 33397
221; 238; 33373
222; 238; 33356
223; 238; 33428
224; 238; 33534
225; 238; 33563
226; 238; 33521
227; 238; 33482
228; 238; 33510
229; 238; 33569
161; 239; 32860
162; 239; 32980
163; 239; 33038
164; 239; 32981
165; 239; 32881
166; 239; 32877
167; 239; 33006
168; 239; 33070
169; 239; 33028
170; 239; 32886
171; 239; 32848
172; 239; 32905
173; 239; 32888
174; 239; 32900
175; 239; 32973
176; 239; 33001
177; 239; 32991
178; 239; 32971
179; 239; 32920
180; 239; 32905
181; 239; 33001
182; 239; 33056
183; 239; 32981
184; 239; 32945
185; 239; 33034
186; 239; 33165
187; 239; 33284
188; 239; 33375
189; 239; 33414
190; 239; 33437
191; 239; 33483
192; 239; 33497
193; 239; 33458
194; 239; 33410
195; 239; 33417
196; 239; 33493
197; 239; 33561
198; 239; 33513
199; 239; 33376
200; 239; 33256
201; 239; 33116
202; 239; 32924
203; 239; 32828
204; 239; 32819
205; 239; 32898
206; 239; 32900
207; 239; 32870
208; 239; 32888
209; 239; 32898
210; 239; 32890
211; 239; 32922
212; 239; 32965
213; 239; 32947
214; 239; 32944
215; 239; 32983
216; 239; 33023
217; 239; 33075
218; 239; 33229
219; 239; 33382
220; 239; 33429
221; 239; 33403
222; 239; 33402
223; 239; 33503
224; 239; 33611
225; 239; 33588
226; 239; 33485
227; 239; 33437
228; 239; 33534
229; 239; 33690
161; 240; 32851
162; 240; 32909
163; 240; 32949
164; 240; 32903
165; 240; 32846
166; 240; 32848
167; 240; 32988
168; 240; 33123
169; 240; 33106
170; 240; 32918
171; 240; 32823
172; 240; 32850
173; 240; 32890
174; 240; 32934
175; 240; 32951
176; 240; 32939
177; 240; 32919
178; 240; 32935
179; 240; 32965
180; 240; 32939
181; 240; 32899
182; 240; 32976
183; 240; 33055
184; 240; 33026
185; 240; 32997
186; 240; 33124
187; 240; 33333
188; 240; 33444
189; 240; 33408
190; 240; 33382
191; 240; 33438
192; 240; 33493
193; 240; 33483
194; 240; 33448
195; 240; 33464
196; 240; 33547
197; 240; 33627
198; 240; 33569
199; 240; 33388
200; 240; 33233
201; 240; 33107
202; 240; 32934
203; 240; 32842
204; 240; 32883
205; 240; 32846
206; 240; 32815
207; 240; 32847
208; 240; 32900
209; 240; 32912
210; 240; 32889
211; 240; 32892
212; 240; 32914
213; 240; 32880
214; 240; 32878
215; 240; 32966
216; 240; 33072
217; 240; 33146
218; 240; 33262
219; 240; 33379
220; 240; 33419
221; 240; 33385
222; 240; 33359
223; 240; 33403
224; 240; 33454
225; 240; 33454
226; 240; 33402
227; 240; 33375
228; 240; 33460
229; 240; 33625
161; 241; 32837
162; 241; 32841
163; 241; 32895
164; 241; 32838
165; 241; 32806
166; 241; 32831
167; 241; 32942
168; 241; 33075
169; 241; 33012
170; 241; 32883
171; 241; 32827
172; 241; 32832
173; 241; 32944
174; 241; 33000
175; 241; 32956
176; 241; 32920
177; 241; 32870
178; 241; 32875
179; 241; 32956
180; 241; 32978
181; 241; 32871
182; 241; 32871
183; 241; 33018
184; 241; 33026
185; 241; 32964
186; 241; 33087
187; 241; 33354
188; 241; 33518
189; 241; 33492
190; 241; 33454
191; 241; 33475
192; 241; 33500
193; 241; 33503
194; 241; 33500
195; 241; 33494
196; 241; 33515
197; 241; 33549
198; 241; 33499
199; 241; 33331
200; 241; 33157
201; 241; 33048
202; 241; 32922
203; 241; 32856
204; 241; 32912
205; 241; 32897
206; 241; 32824
207; 241; 32835
208; 241; 32896
209; 241; 32897
210; 241; 32865
211; 241; 32846
212; 241; 32834
213; 241; 32811
214; 241; 32847
215; 241; 32993
216; 241; 33134
217; 241; 33194
218; 241; 33274
219; 241; 33397
220; 241; 33468
221; 241; 33466
222; 241; 33412
223; 241; 33349
224; 241; 33363
225; 241; 33420
226; 241; 33452
227; 241; 33490
228; 241; 33533
229; 241; 33668
161; 242; 32865
162; 242; 32886
163; 242; 32861
164; 242; 32835
165; 242; 32800
166; 242; 32837
167; 242; 32935
168; 242; 33013
169; 242; 32979
170; 242; 32880
171; 242; 32832
172; 242; 32883
173; 242; 32979
174; 242; 33004
175; 242; 32953
176; 242; 32935
177; 242; 32942
178; 242; 32918
179; 242; 32912
180; 242; 32938
181; 242; 32907
182; 242; 32843
183; 242; 32893
184; 242; 32933
185; 242; 32904
186; 242; 33007
187; 242; 33254
188; 242; 33453
189; 242; 33503
190; 242; 33523
191; 242; 33530
192; 242; 33506
193; 242; 33497
194; 242; 33500
195; 242; 33461
196; 242; 33425
197; 242; 33418
198; 242; 33386
199; 242; 33297
200; 242; 33166
201; 242; 33012
202; 242; 32860
203; 242; 32847
204; 242; 32905
205; 242; 32884
206; 242; 32808
207; 242; 32837
208; 242; 32886
209; 242; 32865
210; 242; 32839
211; 242; 32844
212; 242; 32863
213; 242; 32858
214; 242; 32823
215; 242; 32997
216; 242; 33154
217; 242; 33246
218; 242; 33323
219; 242; 33430
220; 242; 33548
221; 242; 33626
222; 242; 33623
223; 242; 33578
224; 242; 33630
225; 242; 33746
226; 242; 33811
227; 242; 33855
228; 242; 33892
229; 242; 33973
161; 243; 32894
162; 243; 32966
163; 243; 32868
164; 243; 32799
165; 243; 32826
166; 243; 32897
167; 243; 32983
168; 243; 33038
169; 243; 33035
170; 243; 32979
171; 243; 32909
172; 243; 32935
173; 243; 32943
174; 243; 32940
175; 243; 32922
176; 243; 32893
177; 243; 33041
178; 243; 33097
179; 243; 32959
180; 243; 32915
181; 243; 32959
182; 243; 32975
183; 243; 32969
184; 243; 32950
185; 243; 32914
186; 243; 32957
187; 243; 33121
188; 243; 33301
189; 243; 33415
190; 243; 33497
191; 243; 33522
192; 243; 33484
193; 243; 33466
194; 243; 33438
195; 243; 33359
196; 243; 33307
197; 243; 33319
198; 243; 33317
199; 243; 33259
200; 243; 33119
201; 243; 32914
202; 243; 32810
203; 243; 32878
204; 243; 32905
205; 243; 32854
206; 243; 32824
207; 243; 32832
208; 243; 32845
209; 243; 32850
210; 243; 32850
211; 243; 32846
212; 243; 32878
213; 243; 32847
214; 243; 32862
215; 243; 33036
216; 243; 33189
217; 243; 33323
218; 243; 33414
219; 243; 33436
220; 243; 33552
221; 243; 33750
222; 243; 33863
223; 243; 33910
224; 243; 34005
225; 243; 34153
226; 243; 34242
227; 243; 34278
228; 243; 34338
229; 243; 34402
161; 244; 32851
162; 244; 32931
163; 244; 32939
164; 244; 32843
165; 244; 32843
166; 244; 32941
167; 244; 33020
168; 244; 33102
169; 244; 33129
170; 244; 33089
171; 244; 33001
172; 244; 32913
173; 244; 32918
174; 244; 32986
175; 244; 33023
176; 244; 32917
177; 244; 32989
178; 244; 33115
179; 244; 33101
180; 244; 33069
181; 244; 33060
182; 244; 33055
183; 244; 33084
184; 244; 33084
185; 244; 33022
186; 244; 33014
187; 244; 33114
188; 244; 33249
189; 244; 33361
190; 244; 33429
191; 244; 33449
192; 244; 33450
193; 244; 33466
194; 244; 33393
195; 244; 33257
196; 244; 33191
197; 244; 33248
198; 244; 33310
199; 244; 33254
200; 244; 33068
201; 244; 32845
202; 244; 32851
203; 244; 32886
204; 244; 32868
205; 244; 32833
206; 244; 32838
207; 244; 32850
208; 244; 32871
209; 244; 32918
210; 244; 32974
211; 244; 32965
212; 244; 32920
213; 244; 32936
214; 244; 33022
215; 244; 33148
216; 244; 33321
217; 244; 33476
218; 244; 33523
219; 244; 33463
220; 244; 33551
221; 244; 33857
222; 244; 34099
223; 244; 34259
224; 244; 34424
225; 244; 34546
226; 244; 34577
227; 244; 34602
228; 244; 34711
229; 244; 34804
161; 245; 32843
162; 245; 32930
163; 245; 32976
164; 245; 32894
165; 245; 32833
166; 245; 32829
167; 245; 32918
168; 245; 33069
169; 245; 33145
170; 245; 33128
171; 245; 33021
172; 245; 32927
173; 245; 32892
174; 245; 32957
175; 245; 33017
176; 245; 33017
177; 245; 32962
178; 245; 32896
179; 245; 33003
180; 245; 33153
181; 245; 33146
182; 245; 33037
183; 245; 33060
184; 245; 33090
185; 245; 33037
186; 245; 33054
187; 245; 33174
188; 245; 33295
189; 245; 33383
190; 245; 33417
191; 245; 33398
192; 245; 33426
193; 245; 33506
194; 245; 33441
195; 245; 33273
196; 245; 33181
197; 245; 33282
198; 245; 33407
199; 245; 33343
200; 245; 33110
201; 245; 32876
202; 245; 32823
203; 245; 32828
204; 245; 32811
205; 245; 32851
206; 245; 32856
207; 245; 32855
208; 245; 32912
209; 245; 33021
210; 245; 33130
211; 245; 33187
212; 245; 33222
213; 245; 33295
214; 245; 33353
215; 245; 33375
216; 245; 33478
217; 245; 33638
218; 245; 33673
219; 245; 33625
220; 245; 33748
221; 245; 34117
222; 245; 34437
223; 245; 34626
224; 245; 34823
225; 245; 34960
226; 245; 34947
227; 245; 34927
228; 245; 35030
229; 245; 35155
161; 246; 32856
162; 246; 32965
163; 246; 32985
164; 246; 32895
165; 246; 32845
166; 246; 32810
167; 246; 32857
168; 246; 32974
169; 246; 33046
170; 246; 33051
171; 246; 32983
172; 246; 32887
173; 246; 32826
174; 246; 32894
175; 246; 32964
176; 246; 33014
177; 246; 32983
178; 246; 32892
179; 246; 32842
180; 246; 33054
181; 246; 33148
182; 246; 33047
183; 246; 33027
184; 246; 33019
185; 246; 32974
186; 246; 33039
187; 246; 33195
188; 246; 33300
189; 246; 33376
190; 246; 33448
191; 246; 33440
192; 246; 33430
193; 246; 33506
194; 246; 33490
195; 246; 33366
196; 246; 33290
197; 246; 33396
198; 246; 33493
199; 246; 33378
200; 246; 33114
201; 246; 32905
202; 246; 32825
203; 246; 32824
204; 246; 32879
205; 246; 32998
206; 246; 33032
207; 246; 32965
208; 246; 32965
209; 246; 33085
210; 246; 33227
211; 246; 33330
212; 246; 33451
213; 246; 33581
214; 246; 33608
215; 246; 33530
216; 246; 33536
217; 246; 33738
218; 246; 33880
219; 246; 33934
220; 246; 34142
221; 246; 34541
222; 246; 34839
223; 246; 34944
224; 246; 35085
225; 246; 35265
226; 246; 35274
227; 246; 35179
228; 246; 35205
229; 246; 35347
161; 247; 32888
162; 247; 32980
163; 247; 32979
164; 247; 32845
165; 247; 32802
166; 247; 32823
167; 247; 32865
168; 247; 32921
169; 247; 32910
170; 247; 32916
171; 247; 32927
172; 247; 32903
173; 247; 32848
174; 247; 32832
175; 247; 32894
176; 247; 33041
177; 247; 32987
178; 247; 32894
179; 247; 32830
180; 247; 32943
181; 247; 33053
182; 247; 33030
183; 247; 33036
184; 247; 33003
185; 247; 32947
186; 247; 33035
187; 247; 33165
188; 247; 33229
189; 247; 33324
190; 247; 33472
191; 247; 33535
192; 247; 33484
193; 247; 33479
194; 247; 33453
195; 247; 33402
196; 247; 33433
197; 247; 33537
198; 247; 33530
199; 247; 33310
200; 247; 33014
201; 247; 32824
202; 247; 32831
203; 247; 32838
204; 247; 32874
205; 247; 33072
206; 247; 33122
207; 247; 32997
208; 247; 32951
209; 247; 33094
210; 247; 33240
211; 247; 33298
212; 247; 33434
213; 247; 33617
214; 247; 33598
215; 247; 33449
216; 247; 33481
217; 247; 33811
218; 247; 34111
219; 247; 34282
220; 247; 34563
221; 247; 34971
222; 247; 35204
223; 247; 35206
224; 247; 35266
225; 247; 35452
226; 247; 35486
227; 247; 35332
228; 247; 35266
229; 247; 35389
161; 248; 32838
162; 248; 32922
163; 248; 32921
164; 248; 32830
165; 248; 32801
166; 248; 32862
167; 248; 32939
168; 248; 32940
169; 248; 32878
170; 248; 32854
171; 248; 32921
172; 248; 32968
173; 248; 32941
174; 248; 32856
175; 248; 32953
176; 248; 32991
177; 248; 33045
178; 248; 32904
179; 248; 32833
180; 248; 32894
181; 248; 32974
182; 248; 32975
183; 248; 33020
184; 248; 32996
185; 248; 32938
186; 248; 33029
187; 248; 33141
188; 248; 33196
189; 248; 33286
190; 248; 33443
191; 248; 33576
192; 248; 33588
193; 248; 33528
194; 248; 33431
195; 248; 33372
196; 248; 33472
197; 248; 33612
198; 248; 33573
199; 248; 33298
200; 248; 32967
201; 248; 32847
202; 248; 32945
203; 248; 32920
204; 248; 32868
205; 248; 33094
206; 248; 33115
207; 248; 32934
208; 248; 32885
209; 248; 33081
210; 248; 33242
211; 248; 33249
212; 248; 33370
213; 248; 33601
214; 248; 33560
215; 248; 33355
216; 248; 33435
217; 248; 33867
218; 248; 34314
219; 248; 34619
220; 248; 34960
221; 248; 35336
222; 248; 35492
223; 248; 35425
224; 248; 35447
225; 248; 35634
226; 248; 35702
227; 248; 35544
228; 248; 35401
229; 248; 35420
161; 249; 32859
162; 249; 32892
163; 249; 32850
164; 249; 32864
165; 249; 32920
166; 249; 32869
167; 249; 32851
168; 249; 32876
169; 249; 32880
170; 249; 32906
171; 249; 32973
172; 249; 32998
173; 249; 32985
174; 249; 32983
175; 249; 33048
176; 249; 32986
177; 249; 32944
178; 249; 32872
179; 249; 32819
180; 249; 32906
181; 249; 33034
182; 249; 33005
183; 249; 33002
184; 249; 32977
185; 249; 32908
186; 249; 32998
187; 249; 33145
188; 249; 33210
189; 249; 33250
190; 249; 33320
191; 249; 33451
192; 249; 33598
193; 249; 33591
194; 249; 33454
195; 249; 33341
196; 249; 33426
197; 249; 33602
198; 249; 33612
199; 249; 33381
200; 249; 33060
201; 249; 32837
202; 249; 32914
203; 249; 32881
204; 249; 32902
205; 249; 33139
206; 249; 33133
207; 249; 32908
208; 249; 32866
209; 249; 33097
210; 249; 33294
211; 249; 33313
212; 249; 33425
213; 249; 33625
214; 249; 33554
215; 249; 33338
216; 249; 33445
217; 249; 33954
218; 249; 34496
219; 249; 34893
220; 249; 35254
221; 249; 35546
222; 249; 35606
223; 249; 35511
224; 249; 35548
225; 249; 35745
226; 249; 35851
227; 249; 35765
228; 249; 35612
229; 249; 35500
161; 250; 32848
162; 250; 32899
163; 250; 32856
164; 250; 32880
165; 250; 32974
166; 250; 32926
167; 250; 32832
168; 250; 32851
169; 250; 32871
170; 250; 32941
171; 250; 33015
172; 250; 32988
173; 250; 33014
174; 250; 33050
175; 250; 33037
176; 250; 33000
177; 250; 32923
178; 250; 32862
179; 250; 32819
180; 250; 32844
181; 250; 33053
182; 250; 33112
183; 250; 33045
184; 250; 32967
185; 250; 32866
186; 250; 32998
187; 250; 33162
188; 250; 33180
189; 250; 33158
190; 250; 33155
191; 250; 33256
192; 250; 33491
193; 250; 33562
194; 250; 33431
195; 250; 33315
196; 250; 33412
197; 250; 33580
198; 250; 33556
199; 250; 33352
200; 250; 33096
201; 250; 32872
202; 250; 32852
203; 250; 32840
204; 250; 32906
205; 250; 33138
206; 250; 33155
207; 250; 32966
208; 250; 32923
209; 250; 33146
210; 250; 33320
211; 250; 33369
212; 250; 33489
213; 250; 33618
214; 250; 33513
215; 250; 33353
216; 250; 33561
217; 250; 34149
218; 250; 34694
219; 250; 35084
220; 250; 35392
221; 250; 35556
222; 250; 35521
223; 250; 35439
224; 250; 35508
225; 250; 35687
226; 250; 35813
227; 250; 35843
228; 250; 35760
229; 250; 35581
161; 251; 32855
162; 251; 32930
163; 251; 32902
164; 251; 32841
165; 251; 32857
166; 251; 32869
167; 251; 32832
168; 251; 32842
169; 251; 32882
170; 251; 32939
171; 251; 32977
172; 251; 32940
173; 251; 33010
174; 251; 33067
175; 251; 32990
176; 251; 32919
177; 251; 32911
178; 251; 32954
179; 251; 32892
180; 251; 32857
181; 251; 32970
182; 251; 33111
183; 251; 33119
184; 251; 32997
185; 251; 32826
186; 251; 33011
187; 251; 33138
188; 251; 33078
189; 251; 33023
190; 251; 33027
191; 251; 33201
192; 251; 33459
193; 251; 33521
194; 251; 33377
195; 251; 33311
196; 251; 33469
197; 251; 33594
198; 251; 33432
199; 251; 33148
200; 251; 32960
201; 251; 32824
202; 251; 32892
203; 251; 32914
204; 251; 32839
205; 251; 33068
206; 251; 33162
207; 251; 33118
208; 251; 33139
209; 251; 33251
210; 251; 33322
211; 251; 33365
212; 251; 33500
213; 251; 33601
214; 251; 33526
215; 251; 33505
216; 251; 33898
217; 251; 34544
218; 251; 35024
219; 251; 35294
220; 251; 35450
221; 251; 35475
222; 251; 35400
223; 251; 35376
224; 251; 35474
225; 251; 35618
226; 251; 35741
227; 251; 35826
228; 251; 35794
229; 251; 35611
161; 252; 32970
162; 252; 32967
163; 252; 32936
164; 252; 32908
165; 252; 32901
166; 252; 32879
167; 252; 32822
168; 252; 32796
169; 252; 32899
170; 252; 32970
171; 252; 32944
172; 252; 32967
173; 252; 33037
174; 252; 33028
175; 252; 32950
176; 252; 32933
177; 252; 32991
178; 252; 32997
179; 252; 32919
180; 252; 32869
181; 252; 32842
182; 252; 32962
183; 252; 33075
184; 252; 32994
185; 252; 32828
186; 252; 32995
187; 252; 33073
188; 252; 32993
189; 252; 32971
190; 252; 33039
191; 252; 33293
192; 252; 33541
193; 252; 33589
194; 252; 33420
195; 252; 33355
196; 252; 33567
197; 252; 33648
198; 252; 33336
199; 252; 32972
200; 252; 32864
201; 252; 32810
202; 252; 32919
203; 252; 32977
204; 252; 32842
205; 252; 33018
206; 252; 33119
207; 252; 33170
208; 252; 33288
209; 252; 33392
210; 252; 33402
211; 252; 33404
212; 252; 33534
213; 252; 33680
214; 252; 33731
215; 252; 33899
216; 252; 34417
217; 252; 35036
218; 252; 35395
219; 252; 35496
220; 252; 35500
221; 252; 35446
222; 252; 35394
223; 252; 35424
224; 252; 35551
225; 252; 35699
226; 252; 35809
227; 252; 35852
228; 252; 35791
229; 252; 35617
161; 253; 32902
162; 253; 32948
163; 253; 32927
164; 253; 32885
165; 253; 32878
166; 253; 32915
167; 253; 32891
168; 253; 32817
169; 253; 32855
170; 253; 32908
171; 253; 32929
172; 253; 33017
173; 253; 33060
174; 253; 32992
175; 253; 32950
176; 253; 32985
177; 253; 33011
178; 253; 32936
179; 253; 32844
180; 253; 32823
181; 253; 32839
182; 253; 32849
183; 253; 32948
184; 253; 32918
185; 253; 32889
186; 253; 33038
187; 253; 33067
188; 253; 33029
189; 253; 33083
190; 253; 33155
191; 253; 33348
192; 253; 33594
193; 253; 33661
194; 253; 33493
195; 253; 33415
196; 253; 33621
197; 253; 33658
198; 253; 33280
199; 253; 32958
200; 253; 32952
201; 253; 32940
202; 253; 32852
203; 253; 32908
204; 253; 32861
205; 253; 33025
206; 253; 33070
207; 253; 33098
208; 253; 33282
209; 253; 33492
210; 253; 33534
211; 253; 33503
212; 253; 33605
213; 253; 33860
214; 253; 34104
215; 253; 34399
216; 253; 34870
217; 253; 35330
218; 253; 35528
219; 253; 35539
220; 253; 35531
221; 253; 35515
222; 253; 35495
223; 253; 35493
224; 253; 35607
225; 253; 35788
226; 253; 35896
227; 253; 35872
228; 253; 35770
229; 253; 35646
161; 254; 32916
162; 254; 32920
163; 254; 32872
164; 254; 32842
165; 254; 32898
166; 254; 32968
167; 254; 32947
168; 254; 32850
169; 254; 32824
170; 254; 32865
171; 254; 32869
172; 254; 32945
173; 254; 32974
174; 254; 32902
175; 254; 32908
176; 254; 33018
177; 254; 33011
178; 254; 32877
179; 254; 32851
180; 254; 32830
181; 254; 32832
182; 254; 32867
183; 254; 32891
184; 254; 32889
185; 254; 32925
186; 254; 33056
187; 254; 33068
188; 254; 33100
189; 254; 33171
190; 254; 33155
191; 254; 33257
192; 254; 33525
193; 254; 33580
194; 254; 33368
195; 254; 33285
196; 254; 33515
197; 254; 33565
198; 254; 33229
199; 254; 32989
200; 254; 33036
201; 254; 33059
202; 254; 32938
203; 254; 32871
204; 254; 32940
205; 254; 33051
206; 254; 33056
207; 254; 33081
208; 254; 33271
209; 254; 33541
210; 254; 33622
211; 254; 33586
212; 254; 33681
213; 254; 34072
214; 254; 34499
215; 254; 34860
216; 254; 35181
217; 254; 35380
218; 254; 35401
219; 254; 35408
220; 254; 35507
221; 254; 35617
222; 254; 35623
223; 254; 35533
224; 254; 35569
225; 254; 35725
226; 254; 35811
227; 254; 35755
228; 254; 35693
229; 254; 35685
161; 255; 32956
162; 255; 32886
163; 255; 32850
164; 255; 32872
165; 255; 32902
166; 255; 32924
167; 255; 32875
168; 255; 32821
169; 255; 32835
170; 255; 32883
171; 255; 32855
172; 255; 32826
173; 255; 32831
174; 255; 32856
175; 255; 32877
176; 255; 32991
177; 255; 33017
178; 255; 32877
179; 255; 32836
180; 255; 32842
181; 255; 32897
182; 255; 32908
183; 255; 32901
184; 255; 32927
185; 255; 32910
186; 255; 32991
187; 255; 33041
188; 255; 33082
189; 255; 33095
190; 255; 33047
191; 255; 33121
192; 255; 33352
193; 255; 33341
194; 255; 33073
195; 255; 33004
196; 255; 33316
197; 255; 33453
198; 255; 33218
199; 255; 33023
200; 255; 33006
201; 255; 33001
202; 255; 32932
203; 255; 32910
204; 255; 33013
205; 255; 33083
206; 255; 33080
207; 255; 33152
208; 255; 33367
209; 255; 33623
210; 255; 33721
211; 255; 33702
212; 255; 33836
213; 255; 34363
214; 255; 34909
215; 255; 35303
216; 255; 35480
217; 255; 35437
218; 255; 35312
219; 255; 35305
220; 255; 35476
221; 255; 35689
222; 255; 35728
223; 255; 35621
224; 255; 35589
225; 255; 35651
226; 255; 35658
227; 255; 35603
228; 255; 35630
229; 255; 35712
161; 256; 32963
162; 256; 32880
163; 256; 32828
164; 256; 32851
165; 256; 32843
166; 256; 32841
167; 256; 32861
168; 256; 32878
169; 256; 32933
170; 256; 32967
171; 256; 32880
172; 256; 32837
173; 256; 32849
174; 256; 32887
175; 256; 32918
176; 256; 32975
177; 256; 33024
178; 256; 32930
179; 256; 32876
180; 256; 32904
181; 256; 32916
182; 256; 32931
183; 256; 32967
184; 256; 33043
185; 256; 32932
186; 256; 32935
187; 256; 33054
188; 256; 33031
189; 256; 32940
190; 256; 32911
191; 256; 33011
192; 256; 33165
193; 256; 33107
194; 256; 32883
195; 256; 32892
196; 256; 33249
197; 256; 33429
198; 256; 33273
199; 256; 33057
200; 256; 32927
201; 256; 32873
202; 256; 32889
203; 256; 32979
204; 256; 33073
205; 256; 33077
206; 256; 33090
207; 256; 33238
208; 256; 33499
209; 256; 33738
210; 256; 33854
211; 256; 33891
212; 256; 34158
213; 256; 34789
214; 256; 35363
215; 256; 35738
216; 256; 35804
217; 256; 35630
218; 256; 35436
219; 256; 35368
220; 256; 35494
221; 256; 35689
222; 256; 35758
223; 256; 35729
224; 256; 35718
225; 256; 35704
226; 256; 35620
227; 256; 35570
228; 256; 35656
229; 256; 35738
161; 257; 32960
162; 257; 32904
163; 257; 32821
164; 257; 32845
165; 257; 32850
166; 257; 32814
167; 257; 32846
168; 257; 32928
169; 257; 33006
170; 257; 33037
171; 257; 32975
172; 257; 32929
173; 257; 32969
174; 257; 32975
175; 257; 32944
176; 257; 32971
177; 257; 33024
178; 257; 32993
179; 257; 32911
180; 257; 32864
181; 257; 32889
182; 257; 32930
183; 257; 32977
184; 257; 33083
185; 257; 32948
186; 257; 32866
187; 257; 33092
188; 257; 33069
189; 257; 32929
190; 257; 32864
191; 257; 32920
192; 257; 32995
193; 257; 32971
194; 257; 32933
195; 257; 33076
196; 257; 33350
197; 257; 33436
198; 257; 33295
199; 257; 33102
200; 257; 32940
201; 257; 32852
202; 257; 32914
203; 257; 33094
204; 257; 33120
205; 257; 33013
206; 257; 33024
207; 257; 33253
208; 257; 33557
209; 257; 33795
210; 257; 33942
211; 257; 34102
212; 257; 34541
213; 257; 35210
214; 257; 35752
215; 257; 36051
216; 257; 36008
217; 257; 35800
218; 257; 35638
219; 257; 35558
220; 257; 35580
221; 257; 35640
222; 257; 35687
223; 257; 35740
224; 257; 35797
225; 257; 35781
226; 257; 35691
227; 257; 35675
228; 257; 35764
229; 257; 35793
161; 258; 32882
162; 258; 32871
163; 258; 32829
164; 258; 32839
165; 258; 32836
166; 258; 32863
167; 258; 32884
168; 258; 32914
169; 258; 32952
170; 258; 32958
171; 258; 32958
172; 258; 33001
173; 258; 33034
174; 258; 32981
175; 258; 32965
176; 258; 33032
177; 258; 33046
178; 258; 32958
179; 258; 32842
180; 258; 32836
181; 258; 32870
182; 258; 32892
183; 258; 32966
184; 258; 33035
185; 258; 32905
186; 258; 32805
187; 258; 33055
188; 258; 33073
189; 258; 32933
190; 258; 32856
191; 258; 32853
192; 258; 32880
193; 258; 32946
194; 258; 33107
195; 258; 33331
196; 258; 33454
197; 258; 33367
198; 258; 33214
199; 258; 33099
200; 258; 32959
201; 258; 32865
202; 258; 32989
203; 258; 33181
204; 258; 33095
205; 258; 32907
206; 258; 32937
207; 258; 33254
208; 258; 33602
209; 258; 33808
210; 258; 33961
211; 258; 34290
212; 258; 34927
213; 258; 35574
214; 258; 36033
215; 258; 36195
216; 258; 36037
217; 258; 35864
218; 258; 35822
219; 258; 35789
220; 258; 35722
221; 258; 35666
222; 258; 35680
223; 258; 35737
224; 258; 35787
225; 258; 35790
226; 258; 35776
227; 258; 35820
228; 258; 35883
229; 258; 35863
161; 259; 32836
162; 259; 32852
163; 259; 32846
164; 259; 32839
165; 259; 32870
166; 259; 32910
167; 259; 32876
168; 259; 32856
169; 259; 32874
170; 259; 32850
171; 259; 32858
172; 259; 32959
173; 259; 32977
174; 259; 32856
175; 259; 32939
176; 259; 33064
177; 259; 33030
178; 259; 32872
179; 259; 32836
180; 259; 32925
181; 259; 32901
182; 259; 32877
183; 259; 33014
184; 259; 32986
185; 259; 32843
186; 259; 32791
187; 259; 32996
188; 259; 33061
189; 259; 32939
190; 259; 32853
191; 259; 32830
192; 259; 32832
193; 259; 32946
194; 259; 33197
195; 259; 33407
196; 259; 33419
197; 259; 33224
198; 259; 33086
199; 259; 33013
200; 259; 32892
201; 259; 32866
202; 259; 33040
203; 259; 33191
204; 259; 33035
205; 259; 32866
206; 259; 32915
207; 259; 33312
208; 259; 33686
209; 259; 33814
210; 259; 34027
211; 259; 34635
212; 259; 35412
213; 259; 35963
214; 259; 36276
215; 259; 36257
216; 259; 36003
217; 259; 35917
218; 259; 35995
219; 259; 35993
220; 259; 35891
221; 259; 35842
222; 259; 35870
223; 259; 35860
224; 259; 35805
225; 259; 35780
226; 259; 35834
227; 259; 35926
228; 259; 35954
229; 259; 35899
161; 260; 32934
162; 260; 32967
163; 260; 32907
164; 260; 32843
165; 260; 32851
166; 260; 32883
167; 260; 32846
168; 260; 32827
169; 260; 32846
170; 260; 32838
171; 260; 32872
172; 260; 32970
173; 260; 32962
174; 260; 32862
175; 260; 32909
176; 260; 32958
177; 260; 32921
178; 260; 32848
179; 260; 32825
180; 260; 32876
181; 260; 32857
182; 260; 32965
183; 260; 33103
184; 260; 32931
185; 260; 32808
186; 260; 32825
187; 260; 33026
188; 260; 33161
189; 260; 33115
190; 260; 33025
191; 260; 32923
192; 260; 32845
193; 260; 32951
194; 260; 33168
195; 260; 33319
196; 260; 33309
197; 260; 33120
198; 260; 33008
199; 260; 32908
200; 260; 32813
201; 260; 32852
202; 260; 33074
203; 260; 33175
204; 260; 33008
205; 260; 32892
206; 260; 32984
207; 260; 33423
208; 260; 33768
209; 260; 33837
210; 260; 34257
211; 260; 35151
212; 260; 35927
213; 260; 36298
214; 260; 36416
215; 260; 36237
216; 260; 35970
217; 260; 35982
218; 260; 36121
219; 260; 36126
220; 260; 36046
221; 260; 36061
222; 260; 36086
223; 260; 35987
224; 260; 35845
225; 260; 35805
226; 260; 35888
227; 260; 35990
228; 260; 36002
229; 260; 35943
161; 261; 32896
162; 261; 32928
163; 261; 32886
164; 261; 32839
165; 261; 32822
166; 261; 32843
167; 261; 32879
168; 261; 32849
169; 261; 32841
170; 261; 32886
171; 261; 32925
172; 261; 32953
173; 261; 32939
174; 261; 32879
175; 261; 32864
176; 261; 32830
177; 261; 32840
178; 261; 32872
179; 261; 32850
180; 261; 32825
181; 261; 32876
182; 261; 32940
183; 261; 33063
184; 261; 32878
185; 261; 32829
186; 261; 33066
187; 261; 33200
188; 261; 33196
189; 261; 33191
190; 261; 33278
191; 261; 33169
192; 261; 32948
193; 261; 32983
194; 261; 33165
195; 261; 33285
196; 261; 33214
197; 261; 33044
198; 261; 32964
199; 261; 32817
200; 261; 32889
201; 261; 32824
202; 261; 33106
203; 261; 33171
204; 261; 33012
205; 261; 32943
206; 261; 33157
207; 261; 33566
208; 261; 33838
209; 261; 33942
210; 261; 34538
211; 261; 35565
212; 261; 36246
213; 261; 36401
214; 261; 36333
215; 261; 36085
216; 261; 35909
217; 261; 36010
218; 261; 36157
219; 261; 36163
220; 261; 36134
221; 261; 36166
222; 261; 36121
223; 261; 35965
224; 261; 35863
225; 261; 35894
226; 261; 35992
227; 261; 36071
228; 261; 36105
229; 261; 36083
161; 262; 32832
162; 262; 32888
163; 262; 32858
164; 262; 32803
165; 262; 32853
166; 262; 32917
167; 262; 32939
168; 262; 32851
169; 262; 32829
170; 262; 32923
171; 262; 32975
172; 262; 32950
173; 262; 32976
174; 262; 33032
175; 262; 32983
176; 262; 32916
177; 262; 32938
178; 262; 33001
179; 262; 32892
180; 262; 32882
181; 262; 32874
182; 262; 32847
183; 262; 32959
184; 262; 32863
185; 262; 32870
186; 262; 33167
187; 262; 33229
188; 262; 33136
189; 262; 33235
190; 262; 33440
191; 262; 33330
192; 262; 33047
193; 262; 33074
194; 262; 33268
195; 262; 33270
196; 262; 33084
197; 262; 32946
198; 262; 32927
199; 262; 32814
200; 262; 32959
201; 262; 32828
202; 262; 33141
203; 262; 33177
204; 262; 33015
205; 262; 33009
206; 262; 33330
207; 262; 33696
208; 262; 33882
209; 262; 34054
210; 262; 34731
211; 262; 35783
212; 262; 36352
213; 262; 36349
214; 262; 36171
215; 262; 35939
216; 262; 35890
217; 262; 36034
218; 262; 36126
219; 262; 36109
220; 262; 36123
221; 262; 36139
222; 262; 36037
223; 262; 35922
224; 262; 35962
225; 262; 36086
226; 262; 36141
227; 262; 36149
228; 262; 36192
229; 262; 36216
161; 263; 32891
162; 263; 32957
163; 263; 32907
164; 263; 32818
165; 263; 32854
166; 263; 32866
167; 263; 32846
168; 263; 32819
169; 263; 32807
170; 263; 32875
171; 263; 32924
172; 263; 32860
173; 263; 32901
174; 263; 32993
175; 263; 33001
176; 263; 32981
177; 263; 33003
178; 263; 32995
179; 263; 32938
180; 263; 32964
181; 263; 32919
182; 263; 32853
183; 263; 32948
184; 263; 32850
185; 263; 32821
186; 263; 33037
187; 263; 33130
188; 263; 33047
189; 263; 33176
190; 263; 33336
191; 263; 33229
192; 263; 33033
193; 263; 33109
194; 263; 33237
195; 263; 33130
196; 263; 32919
197; 263; 32883
198; 263; 32938
199; 263; 32806
200; 263; 32939
201; 263; 32838
202; 263; 33146
203; 263; 33144
204; 263; 32977
205; 263; 33008
206; 263; 33411
207; 263; 33757
208; 263; 33850
209; 263; 34103
210; 263; 34911
211; 263; 35936
212; 263; 36403
213; 263; 36336
214; 263; 36148
215; 263; 35979
216; 263; 36015
217; 263; 36114
218; 263; 36073
219; 263; 35996
220; 263; 36047
221; 263; 36080
222; 263; 36003
223; 263; 35991
224; 263; 36146
225; 263; 36266
226; 263; 36213
227; 263; 36123
228; 263; 36130
229; 263; 36167
161; 264; 32888
162; 264; 32860
163; 264; 32868
164; 264; 32845
165; 264; 32855
166; 264; 32842
167; 264; 32838
168; 264; 32848
169; 264; 32820
170; 264; 32873
171; 264; 32913
172; 264; 32847
173; 264; 32827
174; 264; 32919
175; 264; 32952
176; 264; 32957
177; 264; 32953
178; 264; 32880
179; 264; 32936
180; 264; 32949
181; 264; 32955
182; 264; 32881
183; 264; 33007
184; 264; 32872
185; 264; 32926
186; 264; 32941
187; 264; 33079
188; 264; 32987
189; 264; 32983
190; 264; 33043
191; 264; 32953
192; 264; 32891
193; 264; 33038
194; 264; 33102
195; 264; 32949
196; 264; 32843
197; 264; 32902
198; 264; 32958
199; 264; 32817
200; 264; 32914
201; 264; 32854
202; 264; 33106
203; 264; 33057
204; 264; 32929
205; 264; 33004
206; 264; 33449
207; 264; 33758
208; 264; 33774
209; 264; 34209
210; 264; 35158
211; 264; 36068
212; 264; 36387
213; 264; 36306
214; 264; 36183
215; 264; 36104
216; 264; 36189
217; 264; 36207
218; 264; 36032
219; 264; 35903
220; 264; 35998
221; 264; 36093
222; 264; 36063
223; 264; 36081
224; 264; 36214
225; 264; 36254
226; 264; 36140
227; 264; 36033
228; 264; 36010
229; 264; 36013
161; 265; 32833
162; 265; 32807
163; 265; 32822
164; 265; 32851
165; 265; 32893
166; 265; 32861
167; 265; 32803
168; 265; 32795
169; 265; 32814
170; 265; 32854
171; 265; 32817
172; 265; 32813
173; 265; 32830
174; 265; 32914
175; 265; 32980
176; 265; 32967
177; 265; 32837
178; 265; 32862
179; 265; 32956
180; 265; 32944
181; 265; 32935
182; 265; 32904
183; 265; 33002
184; 265; 32874
185; 265; 32947
186; 265; 32980
187; 265; 33101
188; 265; 32990
189; 265; 32892
190; 265; 32842
191; 265; 32838
192; 265; 32805
193; 265; 32931
194; 265; 32960
195; 265; 32843
196; 265; 32823
197; 265; 32920
198; 265; 32917
199; 265; 32865
200; 265; 32915
201; 265; 32894
202; 265; 33070
203; 265; 32976
204; 265; 32916
205; 265; 33084
206; 265; 33519
207; 265; 33743
208; 265; 33774
209; 265; 34451
210; 265; 35463
211; 265; 36176
212; 265; 36272
213; 265; 36151
214; 265; 36083
215; 265; 36093
216; 265; 36238
217; 265; 36247
218; 265; 36047
219; 265; 35913
220; 265; 36052
221; 265; 36198
222; 265; 36162
223; 265; 36100
224; 265; 36118
225; 265; 36105
226; 265; 36056
227; 265; 36054
228; 265; 36042
229; 265; 35992
161; 266; 32835
162; 266; 32848
163; 266; 32821
164; 266; 32835
165; 266; 32855
166; 266; 32832
167; 266; 32810
168; 266; 32819
169; 266; 32834
170; 266; 32880
171; 266; 32897
172; 266; 32848
173; 266; 32847
174; 266; 32930
175; 266; 32994
176; 266; 32990
177; 266; 32847
178; 266; 32825
179; 266; 33014
180; 266; 32956
181; 266; 32907
182; 266; 32918
183; 266; 32921
184; 266; 32837
185; 266; 32929
186; 266; 33117
187; 266; 33206
188; 266; 33056
189; 266; 32897
190; 266; 32820
191; 266; 32908
192; 266; 32886
193; 266; 32877
194; 266; 32884
195; 266; 32877
196; 266; 32826
197; 266; 32892
198; 266; 32857
199; 266; 32908
200; 266; 32847
201; 266; 33036
202; 266; 33155
203; 266; 32969
204; 266; 32911
205; 266; 33179
206; 266; 33574
207; 266; 33732
208; 266; 33851
209; 266; 34710
210; 266; 35752
211; 266; 36308
212; 266; 36216
213; 266; 36018
214; 266; 35934
215; 266; 35975
216; 266; 36159
217; 266; 36229
218; 266; 36103
219; 266; 36002
220; 266; 36138
221; 266; 36285
222; 266; 36243
223; 266; 36129
224; 266; 36060
225; 266; 36027
226; 266; 36071
227; 266; 36170
228; 266; 36172
229; 266; 36082
161; 267; 32841
162; 267; 32806
163; 267; 32829
164; 267; 32831
165; 267; 32807
166; 267; 32795
167; 267; 32806
168; 267; 32827
169; 267; 32844
170; 267; 32887
171; 267; 32926
172; 267; 32891
173; 267; 32875
174; 267; 32893
175; 267; 32932
176; 267; 32990
177; 267; 32931
178; 267; 32850
179; 267; 33003
180; 267; 32974
181; 267; 32948
182; 267; 32890
183; 267; 32836
184; 267; 32808
185; 267; 33042
186; 267; 33244
187; 267; 33286
188; 267; 33127
189; 267; 32953
190; 267; 32834
191; 267; 32897
192; 267; 32903
193; 267; 32851
194; 267; 32835
195; 267; 32910
196; 267; 32838
197; 267; 32928
198; 267; 32881
199; 267; 32885
200; 267; 32907
201; 267; 33323
202; 267; 33397
203; 267; 33052
204; 267; 32887
205; 267; 33158
206; 267; 33529
207; 267; 33670
208; 267; 33841
209; 267; 34848
210; 267; 35923
211; 267; 36426
212; 267; 36279
213; 267; 36048
214; 267; 35929
215; 267; 35939
216; 267; 36093
217; 267; 36196
218; 267; 36148
219; 267; 36077
220; 267; 36161
221; 267; 36265
222; 267; 36266
223; 267; 36213
224; 267; 36140
225; 267; 36071
226; 267; 36100
227; 267; 36182
228; 267; 36161
229; 267; 36072
161; 268; 32859
162; 268; 32881
163; 268; 32864
164; 268; 32848
165; 268; 32846
166; 268; 32846
167; 268; 32827
168; 268; 32830
169; 268; 32864
170; 268; 32867
171; 268; 32849
172; 268; 32846
173; 268; 32850
174; 268; 32808
175; 268; 32838
176; 268; 32946
177; 268; 32968
178; 268; 32930
179; 268; 32939
180; 268; 33052
181; 268; 33077
182; 268; 32929
183; 268; 32827
184; 268; 33005
185; 268; 33184
186; 268; 33274
187; 268; 33261
188; 268; 33159
189; 268; 33066
190; 268; 32902
191; 268; 32903
192; 268; 32916
193; 268; 32835
194; 268; 32802
195; 268; 32923
196; 268; 32864
197; 268; 33062
198; 268; 32958
199; 268; 32859
200; 268; 33035
201; 268; 33581
202; 268; 33660
203; 268; 33186
204; 268; 32882
205; 268; 33066
206; 268; 33424
207; 268; 33570
208; 268; 33741
209; 268; 34910
210; 268; 36000
211; 268; 36466
212; 268; 36334
213; 268; 36131
214; 268; 36023
215; 268; 36021
216; 268; 36115
217; 268; 36185
218; 268; 36178
219; 268; 36165
220; 268; 36222
221; 268; 36267
222; 268; 36275
223; 268; 36281
224; 268; 36240
225; 268; 36146
226; 268; 36102
227; 268; 36105
228; 268; 36053
229; 268; 35993
161; 269; 32844
162; 269; 32865
163; 269; 32829
164; 269; 32857
165; 269; 32946
166; 269; 32876
167; 269; 32828
168; 269; 32847
169; 269; 32853
170; 269; 32838
171; 269; 32808
172; 269; 32815
173; 269; 32849
174; 269; 32839
175; 269; 32853
176; 269; 32907
177; 269; 32905
178; 269; 32876
179; 269; 32868
180; 269; 32933
181; 269; 33097
182; 269; 33035
183; 269; 32822
184; 269; 33013
185; 269; 33172
186; 269; 33163
187; 269; 33107
188; 269; 33104
189; 269; 33168
190; 269; 33017
191; 269; 32924
192; 269; 32935
193; 269; 32845
194; 269; 32813
195; 269; 32913
196; 269; 32916
197; 269; 33170
198; 269; 33020
199; 269; 32831
200; 269; 33017
201; 269; 33627
202; 269; 33756
203; 269; 33251
204; 269; 32913
205; 269; 33042
206; 269; 33387
207; 269; 33518
208; 269; 33676
209; 269; 34973
210; 269; 36092
211; 269; 36534
212; 269; 36380
213; 269; 36160
214; 269; 36075
215; 269; 36122
216; 269; 36201
217; 269; 36205
218; 269; 36208
219; 269; 36295
220; 269; 36407
221; 269; 36405
222; 269; 36328
223; 269; 36303
224; 269; 36297
225; 269; 36236
226; 269; 36178
227; 269; 36148
228; 269; 36100
229; 269; 36056
161; 270; 32846
162; 270; 32832
163; 270; 32812
164; 270; 32881
165; 270; 32943
166; 270; 32849
167; 270; 32840
168; 270; 32853
169; 270; 32810
170; 270; 32841
171; 270; 32857
172; 270; 32865
173; 270; 32970
174; 270; 33005
175; 270; 32930
176; 270; 32867
177; 270; 32820
178; 270; 32801
179; 270; 32854
180; 270; 33027
181; 270; 33131
182; 270; 33031
183; 270; 32827
184; 270; 32976
185; 270; 33079
186; 270; 33058
187; 270; 32945
188; 270; 33016
189; 270; 33192
190; 270; 33118
191; 270; 32919
192; 270; 32930
193; 270; 32890
194; 270; 32879
195; 270; 32895
196; 270; 32852
197; 270; 33129
198; 270; 33057
199; 270; 32837
200; 270; 32915
201; 270; 33488
202; 270; 33690
203; 270; 33228
204; 270; 32907
205; 270; 33037
206; 270; 33393
207; 270; 33578
208; 270; 33695
209; 270; 34909
210; 270; 36105
211; 270; 36656
212; 270; 36516
213; 270; 36225
214; 270; 36117
215; 270; 36202
216; 270; 36298
217; 270; 36238
218; 270; 36207
219; 270; 36364
220; 270; 36556
221; 270; 36552
222; 270; 36405
223; 270; 36335
224; 270; 36362
225; 270; 36353
226; 270; 36304
227; 270; 36279
228; 270; 36273
229; 270; 36238
161; 271; 32899
162; 271; 32884
163; 271; 32854
164; 271; 32883
165; 271; 32883
166; 271; 32808
167; 271; 32821
168; 271; 32888
169; 271; 32876
170; 271; 32870
171; 271; 32881
172; 271; 32869
173; 271; 32974
174; 271; 33022
175; 271; 32978
176; 271; 32898
177; 271; 32846
178; 271; 32876
179; 271; 32945
180; 271; 32991
181; 271; 32950
182; 271; 32836
183; 271; 32884
184; 271; 32910
185; 271; 33143
186; 271; 33170
187; 271; 33018
188; 271; 33092
189; 271; 33203
190; 271; 33153
191; 271; 32875
192; 271; 32835
193; 271; 33008
194; 271; 32973
195; 271; 32858
196; 271; 32846
197; 271; 33056
198; 271; 33140
199; 271; 32848
200; 271; 32827
201; 271; 33245
202; 271; 33546
203; 271; 33206
204; 271; 32880
205; 271; 32972
206; 271; 33359
207; 271; 33657
208; 271; 33672
209; 271; 34546
210; 271; 35801
211; 271; 36644
212; 271; 36691
213; 271; 36382
214; 271; 36220
215; 271; 36279
216; 271; 36386
217; 271; 36295
218; 271; 36200
219; 271; 36329
220; 271; 36533
221; 271; 36552
222; 271; 36416
223; 271; 36366
224; 271; 36434
225; 271; 36444
226; 271; 36360
227; 271; 36319
228; 271; 36371
229; 271; 36391
161; 272; 32896
162; 272; 32880
163; 272; 32817
164; 272; 32803
165; 272; 32835
166; 272; 32824
167; 272; 32828
168; 272; 32879
169; 272; 32868
170; 272; 32824
171; 272; 32823
172; 272; 32803
173; 272; 32857
174; 272; 32930
175; 272; 32959
176; 272; 32955
177; 272; 32881
178; 272; 32882
179; 272; 32955
180; 272; 32960
181; 272; 32822
182; 272; 32930
183; 272; 32909
184; 272; 32897
185; 272; 33184
186; 272; 33308
187; 272; 33219
188; 272; 33265
189; 272; 33274
190; 272; 33194
191; 272; 33006
192; 272; 33097
193; 272; 33258
194; 272; 33077
195; 272; 32834
196; 272; 32856
197; 272; 33032
198; 272; 33262
199; 272; 32965
200; 272; 32909
201; 272; 32954
202; 272; 33374
203; 272; 33268
204; 272; 32878
205; 272; 32907
206; 272; 33284
207; 272; 33669
208; 272; 33653
209; 272; 34075
210; 272; 35216
211; 272; 36402
212; 272; 36786
213; 272; 36557
214; 272; 36348
215; 272; 36347
216; 272; 36469
217; 272; 36409
218; 272; 36271
219; 272; 36323
220; 272; 36473
221; 272; 36496
222; 272; 36380
223; 272; 36349
224; 272; 36449
225; 272; 36484
226; 272; 36380
227; 272; 36315
228; 272; 36405
229; 272; 36512
161; 273; 32851
162; 273; 32847
163; 273; 32846
164; 273; 32900
165; 273; 32887
166; 273; 32842
167; 273; 32864
168; 273; 32840
169; 273; 32815
170; 273; 32829
171; 273; 32832
172; 273; 32807
173; 273; 32833
174; 273; 32924
175; 273; 32968
176; 273; 32921
177; 273; 32845
178; 273; 32888
179; 273; 32946
180; 273; 32972
181; 273; 32861
182; 273; 33007
183; 273; 33000
184; 273; 32953
185; 273; 33088
186; 273; 33256
187; 273; 33279
188; 273; 33340
189; 273; 33338
190; 273; 33283
191; 273; 33307
192; 273; 33441
193; 273; 33415
194; 273; 33116
195; 273; 32836
196; 273; 32872
197; 273; 32945
198; 273; 33232
199; 273; 33037
200; 273; 32949
201; 273; 32831
202; 273; 33241
203; 273; 33403
204; 273; 32987
205; 273; 32919
206; 273; 33184
207; 273; 33635
208; 273; 33762
209; 273; 33676
210; 273; 34630
211; 273; 36000
212; 273; 36758
213; 273; 36710
214; 273; 36476
215; 273; 36405
216; 273; 36507
217; 273; 36510
218; 273; 36384
219; 273; 36393
220; 273; 36496
221; 273; 36511
222; 273; 36381
223; 273; 36309
224; 273; 36407
225; 273; 36503
226; 273; 36461
227; 273; 36399
228; 273; 36474
229; 273; 36607
161; 274; 32873
162; 274; 32866
163; 274; 32840
164; 274; 32853
165; 274; 32874
166; 274; 32848
167; 274; 32839
168; 274; 32873
169; 274; 32885
170; 274; 32866
171; 274; 32864
172; 274; 32881
173; 274; 32878
174; 274; 32931
175; 274; 32972
176; 274; 32866
177; 274; 32828
178; 274; 32887
179; 274; 32951
180; 274; 33070
181; 274; 32860
182; 274; 33008
183; 274; 33008
184; 274; 32857
185; 274; 32852
186; 274; 33052
187; 274; 33194
188; 274; 33318
189; 274; 33343
190; 274; 33329
191; 274; 33477
192; 274; 33594
193; 274; 33377
194; 274; 33020
195; 274; 32834
196; 274; 32910
197; 274; 32822
198; 274; 33003
199; 274; 32998
200; 274; 32874
201; 274; 32856
202; 274; 33197
203; 274; 33541
204; 274; 33240
205; 274; 32975
206; 274; 33064
207; 274; 33544
208; 274; 33863
209; 274; 33733
210; 274; 34306
211; 274; 35511
212; 274; 36606
213; 274; 36867
214; 274; 36652
215; 274; 36471
216; 274; 36453
217; 274; 36474
218; 274; 36403
219; 274; 36417
220; 274; 36512
221; 274; 36547
222; 274; 36419
223; 274; 36303
224; 274; 36358
225; 274; 36493
226; 274; 36541
227; 274; 36502
228; 274; 36514
229; 274; 36594
161; 275; 32834
162; 275; 32853
163; 275; 32837
164; 275; 32862
165; 275; 32879
166; 275; 32861
167; 275; 32821
168; 275; 32877
169; 275; 33000
170; 275; 32896
171; 275; 32849
172; 275; 32966
173; 275; 32964
174; 275; 32918
175; 275; 32860
176; 275; 32867
177; 275; 32900
178; 275; 32958
179; 275; 33155
180; 275; 33194
181; 275; 32931
182; 275; 33073
183; 275; 33157
184; 275; 32946
185; 275; 32888
186; 275; 32984
187; 275; 33167
188; 275; 33311
189; 275; 33288
190; 275; 33312
191; 275; 33540
192; 275; 33586
193; 275; 33229
194; 275; 32911
195; 275; 32819
196; 275; 32865
197; 275; 32997
198; 275; 32835
199; 275; 33012
200; 275; 32966
201; 275; 32818
202; 275; 33193
203; 275; 33579
204; 275; 33405
205; 275; 32986
206; 275; 32936
207; 275; 33358
208; 275; 33831
209; 275; 33863
210; 275; 34127
211; 275; 34935
212; 275; 36300
213; 275; 36969
214; 275; 36855
215; 275; 36542
216; 275; 36356
217; 275; 36352
218; 275; 36359
219; 275; 36377
220; 275; 36445
221; 275; 36499
222; 275; 36448
223; 275; 36367
224; 275; 36368
225; 275; 36460
226; 275; 36546
227; 275; 36531
228; 275; 36484
229; 275; 36499
161; 276; 32867
162; 276; 32839
163; 276; 32854
164; 276; 32863
165; 276; 32920
166; 276; 32878
167; 276; 32815
168; 276; 32852
169; 276; 32885
170; 276; 32837
171; 276; 32898
172; 276; 33008
173; 276; 32971
174; 276; 32894
175; 276; 32866
176; 276; 32952
177; 276; 32926
178; 276; 32966
179; 276; 33125
180; 276; 33036
181; 276; 32904
182; 276; 33149
183; 276; 33371
184; 276; 33294
185; 276; 33085
186; 276; 33032
187; 276; 33201
188; 276; 33313
189; 276; 33245
190; 276; 33304
191; 276; 33536
192; 276; 33495
193; 276; 33102
194; 276; 32887
195; 276; 32875
196; 276; 32821
197; 276; 32981
198; 276; 32826
199; 276; 33140
200; 276; 33260
201; 276; 33053
202; 276; 33133
203; 276; 33464
204; 276; 33489
205; 276; 33094
206; 276; 32879
207; 276; 33121
208; 276; 33619
209; 276; 33811
210; 276; 33468
211; 276; 34368
212; 276; 35832
213; 276; 36869
214; 276; 36964
215; 276; 36634
216; 276; 36363
217; 276; 36321
218; 276; 36402
219; 276; 36382
220; 276; 36330
221; 276; 36354
222; 276; 36434
223; 276; 36474
224; 276; 36459
225; 276; 36483
226; 276; 36571
227; 276; 36594
228; 276; 36512
229; 276; 36459
