158; 202; 32980
159; 202; 32957
160; 202; 32943
161; 202; 32945
162; 202; 32948
163; 202; 32956
164; 202; 32988
165; 202; 33008
166; 202; 32981
167; 202; 32963
168; 202; 32963
169; 202; 32934
170; 202; 32915
171; 202; 32929
172; 202; 32941
173; 202; 32957
174; 202; 33014
175; 202; 33029
176; 202; 32980
177; 202; 33082
178; 202; 33525
179; 202; 33607
180; 202; 33300
181; 202; 33032
182; 202; 32996
183; 202; 33001
184; 202; 32944
185; 202; 32926
186; 202; 32944
187; 202; 32911
188; 202; 32876
189; 202; 32902
190; 202; 32917
191; 202; 32937
192; 202; 32991
193; 202; 33012
194; 202; 32994
195; 202; 33004
196; 202; 33128
197; 202; 33372
198; 202; 33576
199; 202; 33644
200; 202; 33659
201; 202; 33670
202; 202; 33664
203; 202; 33678
204; 202; 33693
205; 202; 33636
206; 202; 33622
207; 202; 33751
208; 202; 33810
209; 202; 33528
210; 202; 33302
211; 202; 33505
212; 202; 34026
213; 202; 34334
214; 202; 34381
215; 202; 34400
216; 202; 34386
217; 202; 34341
218; 202; 34300
219; 202; 34276
220; 202; 34268
221; 202; 34265
222; 202; 34238
158; 203; 33002
159; 203; 32981
160; 203; 32977
161; 203; 32949
162; 203; 32918
163; 203; 32938
164; 203; 32979
165; 203; 32978
166; 203; 32952
167; 203; 32963
168; 203; 32990
169; 203; 32973
170; 203; 32943
171; 203; 32934
172; 203; 32929
173; 203; 32944
174; 203; 33017
175; 203; 33050
176; 203; 33004
177; 203; 33086
178; 203; 33521
179; 203; 33630
180; 203; 33322
181; 203; 33016
182; 203; 32951
183; 203; 32971
184; 203; 32935
185; 203; 32921
186; 203; 32943
187; 203; 32915
188; 203; 32886
189; 203; 32896
190; 203; 32894
191; 203; 32915
192; 203; 32958
193; 203; 32977
194; 203; 32998
195; 203; 33031
196; 203; 33129
197; 203; 33335
198; 203; 33528
199; 203; 33622
200; 203; 33693
201; 203; 33745
202; 203; 33704
203; 203; 33633
204; 203; 33603
205; 203; 33556
206; 203; 33554
207; 203; 33703
208; 203; 33790
209; 203; 33601
210; 203; 33262
211; 203; 33328
212; 203; 33773
213; 203; 34178
214; 203; 34329
215; 203; 34402
216; 203; 34395
217; 203; 34342
218; 203; 34323
219; 203; 34336
220; 203; 34328
221; 203; 34303
222; 203; 34274
158; 204; 33030
159; 204; 32993
160; 204; 32984
161; 204; 32970
162; 204; 32946
163; 204; 32959
164; 204; 32968
165; 204; 32926
166; 204; 32917
167; 204; 32959
168; 204; 33000
169; 204; 33013
170; 204; 33004
171; 204; 32983
172; 204; 32930
173; 204; 32928
174; 204; 33014
175; 204; 33046
176; 204; 33013
177; 204; 33119
178; 204; 33555
179; 204; 33652
180; 204; 33342
181; 204; 33037
182; 204; 32955
183; 204; 32953
184; 204; 32913
185; 204; 32894
186; 204; 32922
187; 204; 32918
188; 204; 32893
189; 204; 32883
190; 204; 32887
191; 204; 32922
192; 204; 32946
193; 204; 32965
194; 204; 33015
195; 204; 33050
196; 204; 33119
197; 204; 33310
198; 204; 33507
199; 204; 33616
200; 204; 33707
201; 204; 33782
202; 204; 33743
203; 204; 33636
204; 204; 33578
205; 204; 33554
206; 204; 33561
207; 204; 33654
208; 204; 33710
209; 204; 33596
210; 204; 33361
211; 204; 33410
212; 204; 33750
213; 204; 34100
214; 204; 34298
215; 204; 34380
216; 204; 34399
217; 204; 34371
218; 204; 34371
219; 204; 34383
220; 204; 34359
221; 204; 34322
222; 204; 34307
158; 205; 33043
159; 205; 33010
160; 205; 32994
161; 205; 32991
162; 205; 32984
163; 205; 32983
164; 205; 32955
165; 205; 32911
166; 205; 32918
167; 205; 32954
168; 205; 32981
169; 205; 32993
170; 205; 33017
171; 205; 33027
172; 205; 32961
173; 205; 32943
174; 205; 33009
175; 205; 33016
176; 205; 32998
177; 205; 33166
178; 205; 33603
179; 205; 33673
180; 205; 33360
181; 205; 33067
182; 205; 32977
183; 205; 32955
184; 205; 32905
185; 205; 32877
186; 205; 32893
187; 205; 32901
188; 205; 32886
189; 205; 32873
190; 205; 32895
191; 205; 32943
192; 205; 32944
193; 205; 32972
194; 205; 33044
195; 205; 33053
196; 205; 33094
197; 205; 33288
198; 205; 33505
199; 205; 33617
200; 205; 33684
201; 205; 33754
202; 205; 33757
203; 205; 33689
204; 205; 33633
205; 205; 33607
206; 205; 33598
207; 205; 33619
208; 205; 33620
209; 205; 33555
210; 205; 33503
211; 205; 33588
212; 205; 33876
213; 205; 34093
214; 205; 34255
215; 205; 34342
216; 205; 34375
217; 205; 34383
218; 205; 34395
219; 205; 34392
220; 205; 34363
221; 205; 34339
222; 205; 34337
158; 206; 33062
159; 206; 33076
160; 206; 33026
161; 206; 32989
162; 206; 32990
163; 206; 32990
164; 206; 32950
165; 206; 32918
166; 206; 32955
167; 206; 32985
168; 206; 32954
169; 206; 32940
170; 206; 32987
171; 206; 33022
172; 206; 32970
173; 206; 32956
174; 206; 33011
175; 206; 32992
176; 206; 32976
177; 206; 33169
178; 206; 33614
179; 206; 33688
180; 206; 33382
181; 206; 33087
182; 206; 32998
183; 206; 32977
184; 206; 32905
185; 206; 32867
186; 206; 32880
187; 206; 32889
188; 206; 32897
189; 206; 32888
190; 206; 32905
191; 206; 32951
192; 206; 32951
193; 206; 32984
194; 206; 33055
195; 206; 33056
196; 206; 33098
197; 206; 33291
198; 206; 33512
199; 206; 33624
200; 206; 33669
201; 206; 33725
202; 206; 33768
203; 206; 33753
204; 206; 33698
205; 206; 33638
206; 206; 33596
207; 206; 33579
208; 206; 33573
209; 206; 33582
210; 206; 33630
211; 206; 33733
212; 206; 33891
213; 206; 34038
214; 206; 34203
215; 206; 34302
216; 206; 34353
217; 206; 34384
218; 206; 34398
219; 206; 34387
220; 206; 34378
221; 206; 34375
222; 206; 34362
158; 207; 33070
159; 207; 33136
160; 207; 33068
161; 207; 32985
162; 207; 32972
163; 207; 32980
164; 207; 32950
165; 207; 32926
166; 207; 32967
167; 207; 33002
168; 207; 32961
169; 207; 32932
170; 207; 32970
171; 207; 33001
172; 207; 32974
173; 207; 32972
174; 207; 33022
175; 207; 33007
176; 207; 32988
177; 207; 33126
178; 207; 33557
179; 207; 33629
180; 207; 33388
181; 207; 33103
182; 207; 32996
183; 207; 32972
184; 207; 32922
185; 207; 32897
186; 207; 32898
187; 207; 32899
188; 207; 32916
189; 207; 32895
190; 207; 32885
191; 207; 32931
192; 207; 32963
193; 207; 32999
194; 207; 33052
195; 207; 33077
196; 207; 33142
197; 207; 33324
198; 207; 33531
199; 207; 33641
200; 207; 33672
201; 207; 33707
202; 207; 33749
203; 207; 33755
204; 207; 33714
205; 207; 33647
206; 207; 33585
207; 207; 33551
208; 207; 33567
209; 207; 33643
210; 207; 33729
211; 207; 33765
212; 207; 33780
213; 207; 33895
214; 207; 34145
215; 207; 34299
216; 207; 34364
217; 207; 34394
218; 207; 34398
219; 207; 34388
220; 207; 34405
221; 207; 34417
222; 207; 34376
158; 208; 33027
159; 208; 33095
160; 208; 33058
161; 208; 32992
162; 208; 32988
163; 208; 33001
164; 208; 32948
165; 208; 32907
166; 208; 32947
167; 208; 32997
168; 208; 32988
169; 208; 32963
170; 208; 32980
171; 208; 32990
172; 208; 32954
173; 208; 32950
174; 208; 33010
175; 208; 33025
176; 208; 32997
177; 208; 33090
178; 208; 33474
179; 208; 33542
180; 208; 33347
181; 208; 33108
182; 208; 32997
183; 208; 32953
184; 208; 32917
185; 208; 32909
186; 208; 32909
187; 208; 32896
188; 208; 32901
189; 208; 32896
190; 208; 32885
191; 208; 32922
192; 208; 32986
193; 208; 33019
194; 208; 33047
195; 208; 33094
196; 208; 33174
197; 208; 33344
198; 208; 33546
199; 208; 33661
200; 208; 33682
201; 208; 33686
202; 208; 33701
203; 208; 33713
204; 208; 33710
205; 208; 33679
206; 208; 33620
207; 208; 33566
208; 208; 33581
209; 208; 33687
210; 208; 33785
211; 208; 33766
212; 208; 33720
213; 208; 33801
214; 208; 34141
215; 208; 34326
216; 208; 34381
217; 208; 34402
218; 208; 34400
219; 208; 34388
220; 208; 34418
221; 208; 34444
222; 208; 34400
158; 209; 32957
159; 209; 32988
160; 209; 32994
161; 209; 32993
162; 209; 33009
163; 209; 32999
164; 209; 32946
165; 209; 32919
166; 209; 32953
167; 209; 33006
168; 209; 33016
169; 209; 32996
170; 209; 32987
171; 209; 32973
172; 209; 32934
173; 209; 32931
174; 209; 32989
175; 209; 33007
176; 209; 32995
177; 209; 33104
178; 209; 33450
179; 209; 33459
180; 209; 33280
181; 209; 33103
182; 209; 33005
183; 209; 32938
184; 209; 32893
185; 209; 32905
186; 209; 32916
187; 209; 32887
188; 209; 32880
189; 209; 32878
190; 209; 32883
191; 209; 32930
192; 209; 32992
193; 209; 33011
194; 209; 33030
195; 209; 33084
196; 209; 33165
197; 209; 33331
198; 209; 33546
199; 209; 33677
200; 209; 33699
201; 209; 33685
202; 209; 33681
203; 209; 33694
204; 209; 33712
205; 209; 33707
206; 209; 33665
207; 209; 33614
208; 209; 33615
209; 209; 33705
210; 209; 33800
211; 209; 33782
212; 209; 33735
213; 209; 33828
214; 209; 34171
215; 209; 34331
216; 209; 34371
217; 209; 34405
218; 209; 34420
219; 209; 34401
220; 209; 34411
221; 209; 34445
222; 209; 34433
158; 210; 32936
159; 210; 32911
160; 210; 32927
161; 210; 32971
162; 210; 32989
163; 210; 32973
164; 210; 32953
165; 210; 32936
166; 210; 32951
167; 210; 32999
168; 210; 33013
169; 210; 32979
170; 210; 32946
171; 210; 32944
172; 210; 32945
173; 210; 32960
174; 210; 32991
175; 210; 32974
176; 210; 32962
177; 210; 33170
178; 210; 33442
179; 210; 33420
180; 210; 33220
181; 210; 33089
182; 210; 33008
183; 210; 32935
184; 210; 32889
185; 210; 32883
186; 210; 32888
187; 210; 32884
188; 210; 32890
189; 210; 32908
190; 210; 32922
191; 210; 32942
192; 210; 32976
193; 210; 32997
194; 210; 33029
195; 210; 33086
196; 210; 33164
197; 210; 33330
198; 210; 33550
199; 210; 33685
200; 210; 33709
201; 210; 33704
202; 210; 33707
203; 210; 33714
204; 210; 33711
205; 210; 33684
206; 210; 33651
207; 210; 33636
208; 210; 33649
209; 210; 33717
210; 210; 33800
211; 210; 33806
212; 210; 33778
213; 210; 33854
214; 210; 34143
215; 210; 34283
216; 210; 34345
217; 210; 34419
218; 210; 34465
219; 210; 34436
220; 210; 34405
221; 210; 34421
222; 210; 34437
158; 211; 32969
159; 211; 32932
160; 211; 32939
161; 211; 32970
162; 211; 32963
163; 211; 32953
164; 211; 32967
165; 211; 32949
166; 211; 32936
167; 211; 32973
168; 211; 33007
169; 211; 32978
170; 211; 32918
171; 211; 32907
172; 211; 32953
173; 211; 33007
174; 211; 33028
175; 211; 32978
176; 211; 32970
177; 211; 33234
178; 211; 33423
179; 211; 33362
180; 211; 33205
181; 211; 33123
182; 211; 33022
183; 211; 32931
184; 211; 32917
185; 211; 32896
186; 211; 32880
187; 211; 32891
188; 211; 32893
189; 211; 32934
190; 211; 32963
191; 211; 32958
192; 211; 32984
193; 211; 33022
194; 211; 33072
195; 211; 33133
196; 211; 33210
197; 211; 33372
198; 211; 33577
199; 211; 33685
200; 211; 33699
201; 211; 33711
202; 211; 33734
203; 211; 33735
204; 211; 33704
205; 211; 33646
206; 211; 33601
207; 211; 33606
208; 211; 33649
209; 211; 33716
210; 211; 33789
211; 211; 33799
212; 211; 33759
213; 211; 33809
214; 211; 34013
215; 211; 34232
216; 211; 34335
217; 211; 34449
218; 211; 34505
219; 211; 34478
220; 211; 34422
221; 211; 34405
222; 211; 34417
158; 212; 33006
159; 212; 32973
160; 212; 32972
161; 212; 32984
162; 212; 32960
163; 212; 32953
164; 212; 32984
165; 212; 32974
166; 212; 32945
167; 212; 32978
168; 212; 33026
169; 212; 33012
170; 212; 32953
171; 212; 32907
172; 212; 32932
173; 212; 33014
174; 212; 33058
175; 212; 33020
176; 212; 33020
177; 212; 33268
178; 212; 33377
179; 212; 33315
180; 212; 33266
181; 212; 33265
182; 212; 33062
183; 212; 32924
184; 212; 32919
185; 212; 32934
186; 212; 32911
187; 212; 32892
188; 212; 32901
189; 212; 32962
190; 212; 33001
191; 212; 32984
192; 212; 33003
193; 212; 33057
194; 212; 33122
195; 212; 33185
196; 212; 33263
197; 212; 33422
198; 212; 33614
199; 212; 33701
200; 212; 33695
201; 212; 33702
202; 212; 33719
203; 212; 33717
204; 212; 33701
205; 212; 33657
206; 212; 33597
207; 212; 33585
208; 212; 33635
209; 212; 33709
210; 212; 33771
211; 212; 33762
212; 212; 33693
213; 212; 33695
214; 212; 33867
215; 212; 34177
216; 212; 34380
217; 212; 34468
218; 212; 34507
219; 212; 34499
220; 212; 34466
221; 212; 34436
222; 212; 34428
158; 213; 33007
159; 213; 32981
160; 213; 32993
161; 213; 33013
162; 213; 32996
163; 213; 32983
164; 213; 32991
165; 213; 32970
166; 213; 32946
167; 213; 32983
168; 213; 33038
169; 213; 33032
170; 213; 32981
171; 213; 32932
172; 213; 32916
173; 213; 32984
174; 213; 33050
175; 213; 33019
176; 213; 33030
177; 213; 33216
178; 213; 33308
179; 213; 33301
180; 213; 33407
181; 213; 33542
182; 213; 33255
183; 213; 32892
184; 213; 32894
185; 213; 32961
186; 213; 32928
187; 213; 32882
188; 213; 32903
189; 213; 32969
190; 213; 33021
191; 213; 33002
192; 213; 33014
193; 213; 33072
194; 213; 33134
195; 213; 33212
196; 213; 33316
197; 213; 33478
198; 213; 33654
199; 213; 33726
200; 213; 33704
201; 213; 33685
202; 213; 33676
203; 213; 33672
204; 213; 33697
205; 213; 33703
206; 213; 33652
207; 213; 33615
208; 213; 33652
209; 213; 33717
210; 213; 33746
211; 213; 33720
212; 213; 33662
213; 213; 33654
214; 213; 33800
215; 213; 34145
216; 213; 34388
217; 213; 34455
218; 213; 34474
219; 213; 34499
220; 213; 34512
221; 213; 34496
222; 213; 34481
158; 214; 33011
159; 214; 32994
160; 214; 32992
161; 214; 33015
162; 214; 33009
163; 214; 32981
164; 214; 32964
165; 214; 32946
166; 214; 32946
167; 214; 32981
168; 214; 33012
169; 214; 33007
170; 214; 32977
171; 214; 32950
172; 214; 32934
173; 214; 32986
174; 214; 33046
175; 214; 32999
176; 214; 33003
177; 214; 33142
178; 214; 33236
179; 214; 33297
180; 214; 33571
181; 214; 33788
182; 214; 33480
183; 214; 32972
184; 214; 32886
185; 214; 32914
186; 214; 32889
187; 214; 32880
188; 214; 32896
189; 214; 32940
190; 214; 32998
191; 214; 32995
192; 214; 33015
193; 214; 33062
194; 214; 33129
195; 214; 33262
196; 214; 33423
197; 214; 33577
198; 214; 33701
199; 214; 33735
200; 214; 33697
201; 214; 33663
202; 214; 33640
203; 214; 33636
204; 214; 33683
205; 214; 33717
206; 214; 33679
207; 214; 33652
208; 214; 33699
209; 214; 33737
210; 214; 33709
211; 214; 33680
212; 214; 33673
213; 214; 33682
214; 214; 33764
215; 214; 34061
216; 214; 34325
217; 214; 34396
218; 214; 34429
219; 214; 34486
220; 214; 34528
221; 214; 34529
222; 214; 34527
158; 215; 33013
159; 215; 33000
160; 215; 32980
161; 215; 32985
162; 215; 33001
163; 215; 32982
164; 215; 32944
165; 215; 32935
166; 215; 32958
167; 215; 32977
168; 215; 32971
169; 215; 32974
170; 215; 32976
171; 215; 32953
172; 215; 32945
173; 215; 33008
174; 215; 33067
175; 215; 33019
176; 215; 32999
177; 215; 33097
178; 215; 33193
179; 215; 33290
180; 215; 33670
181; 215; 33884
182; 215; 33672
183; 215; 33150
184; 215; 32996
185; 215; 32974
186; 215; 32936
187; 215; 32941
188; 215; 32942
189; 215; 32952
190; 215; 32985
191; 215; 33011
192; 215; 33040
193; 215; 33070
194; 215; 33174
195; 215; 33370
196; 215; 33561
197; 215; 33685
198; 215; 33740
199; 215; 33728
200; 215; 33689
201; 215; 33667
202; 215; 33643
203; 215; 33626
204; 215; 33657
205; 215; 33677
206; 215; 33646
207; 215; 33657
208; 215; 33732
209; 215; 33745
210; 215; 33677
211; 215; 33655
212; 215; 33684
213; 215; 33680
214; 215; 33712
215; 215; 33901
216; 215; 34209
217; 215; 34343
218; 215; 34417
219; 215; 34479
220; 215; 34513
221; 215; 34521
222; 215; 34542
158; 216; 33010
159; 216; 32996
160; 216; 32966
161; 216; 32964
162; 216; 32994
163; 216; 33002
164; 216; 32970
165; 216; 32961
166; 216; 32988
167; 216; 32991
168; 216; 32967
169; 216; 32965
170; 216; 32968
171; 216; 32943
172; 216; 32932
173; 216; 32998
174; 216; 33066
175; 216; 33045
176; 216; 33037
177; 216; 33124
178; 216; 33254
179; 216; 33392
180; 216; 33706
181; 216; 33858
182; 216; 33804
183; 216; 33467
184; 216; 33149
185; 216; 33075
186; 216; 32995
187; 216; 32945
188; 216; 32957
189; 216; 33025
190; 216; 33126
191; 216; 33191
192; 216; 33189
193; 216; 33188
194; 216; 33287
195; 216; 33451
196; 216; 33575
197; 216; 33642
198; 216; 33678
199; 216; 33696
200; 216; 33721
201; 216; 33734
202; 216; 33680
203; 216; 33606
204; 216; 33601
205; 216; 33624
206; 216; 33625
207; 216; 33658
208; 216; 33727
209; 216; 33729
210; 216; 33670
211; 216; 33668
212; 216; 33704
213; 216; 33675
214; 216; 33644
215; 216; 33775
216; 216; 34119
217; 216; 34379
218; 216; 34467
219; 216; 34489
220; 216; 34490
221; 216; 34503
222; 216; 34536
158; 217; 33013
159; 217; 33017
160; 217; 32995
161; 217; 32972
162; 217; 32993
163; 217; 33022
164; 217; 33011
165; 217; 32997
166; 217; 33009
167; 217; 33013
168; 217; 32992
169; 217; 32977
170; 217; 32968
171; 217; 32940
172; 217; 32915
173; 217; 32955
174; 217; 33013
175; 217; 33032
176; 217; 33066
177; 217; 33183
178; 217; 33343
179; 217; 33573
180; 217; 33714
181; 217; 33820
182; 217; 33836
183; 217; 33743
184; 217; 33499
185; 217; 33194
186; 217; 33022
187; 217; 32906
188; 217; 32966
189; 217; 33114
190; 217; 33288
191; 217; 33384
192; 217; 33371
193; 217; 33366
194; 217; 33406
195; 217; 33412
196; 217; 33371
197; 217; 33375
198; 217; 33449
199; 217; 33561
200; 217; 33712
201; 217; 33809
202; 217; 33731
203; 217; 33572
204; 217; 33530
205; 217; 33606
206; 217; 33671
207; 217; 33684
208; 217; 33681
209; 217; 33665
210; 217; 33657
211; 217; 33703
212; 217; 33753
213; 217; 33722
214; 217; 33674
215; 217; 33730
216; 217; 34043
217; 217; 34378
218; 217; 34499
219; 217; 34494
220; 217; 34481
221; 217; 34503
222; 217; 34526
158; 218; 33017
159; 218; 33043
160; 218; 33037
161; 218; 33002
162; 218; 32996
163; 218; 33019
164; 218; 33024
165; 218; 33018
166; 218; 33022
167; 218; 33013
168; 218; 32987
169; 218; 32979
170; 218; 32971
171; 218; 32930
172; 218; 32900
173; 218; 32920
174; 218; 32959
175; 218; 33005
176; 218; 33087
177; 218; 33220
178; 218; 33478
179; 218; 33711
180; 218; 33788
181; 218; 33799
182; 218; 33788
183; 218; 33774
184; 218; 33707
185; 218; 33457
186; 218; 33212
187; 218; 33085
188; 218; 33048
189; 218; 33138
190; 218; 33269
191; 218; 33359
192; 218; 33377
193; 218; 33424
194; 218; 33447
195; 218; 33325
196; 218; 33152
197; 218; 33105
198; 218; 33173
199; 218; 33304
200; 218; 33542
201; 218; 33783
202; 218; 33788
203; 218; 33594
204; 218; 33506
205; 218; 33622
206; 218; 33739
207; 218; 33715
208; 218; 33628
209; 218; 33592
210; 218; 33630
211; 218; 33718
212; 218; 33795
213; 218; 33787
214; 218; 33715
215; 218; 33718
216; 218; 33923
217; 218; 34290
218; 218; 34454
219; 218; 34480
220; 218; 34492
221; 218; 34526
222; 218; 34526
158; 219; 33024
159; 219; 33059
160; 219; 33076
161; 219; 33037
162; 219; 33005
163; 219; 33010
164; 219; 33013
165; 219; 33016
166; 219; 33021
167; 219; 33006
168; 219; 32993
169; 219; 33003
170; 219; 32989
171; 219; 32952
172; 219; 32933
173; 219; 32920
174; 219; 32926
175; 219; 32995
176; 219; 33110
177; 219; 33315
178; 219; 33605
179; 219; 33806
180; 219; 33875
181; 219; 33778
182; 219; 33668
183; 219; 33619
184; 219; 33573
185; 219; 33419
186; 219; 33365
187; 219; 33430
188; 219; 33402
189; 219; 33265
190; 219; 33201
191; 219; 33202
192; 219; 33269
193; 219; 33391
194; 219; 33446
195; 219; 33325
196; 219; 33159
197; 219; 33093
198; 219; 33054
199; 219; 33070
200; 219; 33276
201; 219; 33624
202; 219; 33823
203; 219; 33702
204; 219; 33563
205; 219; 33641
206; 219; 33756
207; 219; 33718
208; 219; 33620
209; 219; 33599
210; 219; 33642
211; 219; 33712
212; 219; 33781
213; 219; 33780
214; 219; 33692
215; 219; 33655
216; 219; 33833
217; 219; 34218
218; 219; 34404
219; 219; 34466
220; 219; 34506
221; 219; 34547
222; 219; 34536
158; 220; 33003
159; 220; 33045
160; 220; 33084
161; 220; 33065
162; 220; 33032
163; 220; 33011
164; 220; 33006
165; 220; 33009
166; 220; 33004
167; 220; 33001
168; 220; 33024
169; 220; 33032
170; 220; 33002
171; 220; 32976
172; 220; 32973
173; 220; 32945
174; 220; 32926
175; 220; 33012
176; 220; 33184
177; 220; 33458
178; 220; 33758
179; 220; 33903
180; 220; 33900
181; 220; 33678
182; 220; 33361
183; 220; 33264
184; 220; 33285
185; 220; 33314
186; 220; 33416
187; 220; 33599
188; 220; 33633
189; 220; 33448
190; 220; 33245
191; 220; 33195
192; 220; 33285
193; 220; 33412
194; 220; 33471
195; 220; 33409
196; 220; 33336
197; 220; 33332
198; 220; 33224
199; 220; 33017
200; 220; 33053
201; 220; 33416
202; 220; 33766
203; 220; 33782
204; 220; 33636
205; 220; 33646
206; 220; 33721
207; 220; 33694
208; 220; 33650
209; 220; 33670
210; 220; 33692
211; 220; 33702
212; 220; 33727
213; 220; 33702
214; 220; 33612
215; 220; 33616
216; 220; 33868
217; 220; 34250
218; 220; 34402
219; 220; 34434
220; 220; 34475
221; 220; 34519
222; 220; 34531
158; 221; 33002
159; 221; 33042
160; 221; 33072
161; 221; 33055
162; 221; 33023
163; 221; 32989
164; 221; 32985
165; 221; 33008
166; 221; 33002
167; 221; 32992
168; 221; 33012
169; 221; 33019
170; 221; 33003
171; 221; 33013
172; 221; 33029
173; 221; 32981
174; 221; 32936
175; 221; 32996
176; 221; 33273
177; 221; 33643
178; 221; 33879
179; 221; 33932
180; 221; 33781
181; 221; 33366
182; 221; 33188
183; 221; 33231
184; 221; 33292
185; 221; 33319
186; 221; 33429
187; 221; 33611
188; 221; 33654
189; 221; 33499
190; 221; 33352
191; 221; 33347
192; 221; 33401
193; 221; 33442
194; 221; 33467
195; 221; 33455
196; 221; 33448
197; 221; 33512
198; 221; 33485
199; 221; 33202
200; 221; 32984
201; 221; 33198
202; 221; 33589
203; 221; 33734
204; 221; 33674
205; 221; 33672
206; 221; 33703
207; 221; 33668
208; 221; 33655
209; 221; 33701
210; 221; 33713
211; 221; 33691
212; 221; 33685
213; 221; 33638
214; 221; 33549
215; 221; 33562
216; 221; 33877
217; 221; 34240
218; 221; 34337
219; 221; 34348
220; 221; 34359
221; 221; 34426
222; 221; 34477
158; 222; 33031
159; 222; 33042
160; 222; 33041
161; 222; 33007
162; 222; 32963
163; 222; 32939
164; 222; 32970
165; 222; 33034
166; 222; 33039
167; 222; 33000
168; 222; 32970
169; 222; 32964
170; 222; 32984
171; 222; 33047
172; 222; 33075
173; 222; 33000
174; 222; 32966
175; 222; 33088
176; 222; 33441
177; 222; 33799
178; 222; 33935
179; 222; 33900
180; 222; 33505
181; 222; 33193
182; 222; 33206
183; 222; 33373
184; 222; 33450
185; 222; 33414
186; 222; 33419
187; 222; 33489
188; 222; 33498
189; 222; 33415
190; 222; 33381
191; 222; 33440
192; 222; 33463
193; 222; 33429
194; 222; 33431
195; 222; 33450
196; 222; 33459
197; 222; 33537
198; 222; 33614
199; 222; 33456
200; 222; 33137
201; 222; 33082
202; 222; 33362
203; 222; 33615
204; 222; 33709
205; 222; 33754
206; 222; 33749
207; 222; 33675
208; 222; 33641
209; 222; 33679
210; 222; 33693
211; 222; 33681
212; 222; 33687
213; 222; 33648
214; 222; 33554
215; 222; 33557
216; 222; 33768
217; 222; 34083
218; 222; 34171
219; 222; 34150
220; 222; 34187
221; 222; 34299
222; 222; 34389
158; 223; 33031
159; 223; 33010
160; 223; 32995
161; 223; 32973
162; 223; 32920
163; 223; 32904
164; 223; 32966
165; 223; 33052
166; 223; 33079
167; 223; 33013
168; 223; 32935
169; 223; 32917
170; 223; 32962
171; 223; 33045
172; 223; 33058
173; 223; 32972
174; 223; 32996
175; 223; 33252
176; 223; 33672
177; 223; 33878
178; 223; 33917
179; 223; 33777
180; 223; 33372
181; 223; 33244
182; 223; 33332
183; 223; 33488
184; 223; 33520
185; 223; 33447
186; 223; 33374
187; 223; 33355
188; 223; 33352
189; 223; 33334
190; 223; 33352
191; 223; 33414
192; 223; 33423
193; 223; 33385
194; 223; 33408
195; 223; 33474
196; 223; 33496
197; 223; 33529
198; 223; 33617
199; 223; 33576
200; 223; 33306
201; 223; 33096
202; 223; 33226
203; 223; 33536
204; 223; 33751
205; 223; 33836
206; 223; 33809
207; 223; 33717
208; 223; 33663
209; 223; 33678
210; 223; 33684
211; 223; 33673
212; 223; 33693
213; 223; 33688
214; 223; 33615
215; 223; 33587
216; 223; 33708
217; 223; 33907
218; 223; 33971
219; 223; 34009
220; 223; 34092
221; 223; 34216
222; 223; 34324
158; 224; 33023
159; 224; 32979
160; 224; 32969
161; 224; 32967
162; 224; 32930
163; 224; 32898
164; 224; 32960
165; 224; 33067
166; 224; 33089
167; 224; 33015
168; 224; 32934
169; 224; 32915
170; 224; 32961
171; 224; 33026
172; 224; 33002
173; 224; 32936
174; 224; 33018
175; 224; 33433
176; 224; 33794
177; 224; 33907
178; 224; 33874
179; 224; 33738
180; 224; 33446
181; 224; 33393
182; 224; 33443
183; 224; 33474
184; 224; 33451
185; 224; 33394
186; 224; 33332
187; 224; 33323
188; 224; 33366
189; 224; 33382
190; 224; 33364
191; 224; 33369
192; 224; 33376
193; 224; 33366
194; 224; 33411
195; 224; 33509
196; 224; 33546
197; 224; 33537
198; 224; 33577
199; 224; 33570
200; 224; 33380
201; 224; 33169
202; 224; 33231
203; 224; 33524
204; 224; 33757
205; 224; 33830
206; 224; 33798
207; 224; 33733
208; 224; 33702
209; 224; 33708
210; 224; 33689
211; 224; 33655
212; 224; 33676
213; 224; 33711
214; 224; 33691
215; 224; 33691
216; 224; 33797
217; 224; 33897
218; 224; 33924
219; 224; 33976
220; 224; 34099
221; 224; 34224
222; 224; 34320
158; 225; 33015
159; 225; 32952
160; 225; 32946
161; 225; 32953
162; 225; 32959
163; 225; 32965
164; 225; 33011
165; 225; 33084
166; 225; 33067
167; 225; 32998
168; 225; 32962
169; 225; 32967
170; 225; 32995
171; 225; 33021
172; 225; 32984
173; 225; 32958
174; 225; 33100
175; 225; 33532
176; 225; 33790
177; 225; 33857
178; 225; 33878
179; 225; 33771
180; 225; 33580
181; 225; 33495
182; 225; 33473
183; 225; 33430
184; 225; 33394
185; 225; 33375
186; 225; 33340
187; 225; 33349
188; 225; 33422
189; 225; 33441
190; 225; 33378
191; 225; 33345
192; 225; 33363
193; 225; 33372
194; 225; 33404
195; 225; 33487
196; 225; 33534
197; 225; 33525
198; 225; 33536
199; 225; 33529
200; 225; 33401
201; 225; 33247
202; 225; 33289
203; 225; 33528
204; 225; 33725
205; 225; 33764
206; 225; 33726
207; 225; 33697
208; 225; 33704
209; 225; 33712
210; 225; 33674
211; 225; 33636
212; 225; 33675
213; 225; 33741
214; 225; 33751
215; 225; 33768
216; 225; 33845
217; 225; 33912
218; 225; 33943
219; 225; 34036
220; 225; 34192
221; 225; 34297
222; 225; 34358
158; 226; 33003
159; 226; 32950
160; 226; 32925
161; 226; 32918
162; 226; 32946
163; 226; 33006
164; 226; 33051
165; 226; 33067
166; 226; 33017
167; 226; 32957
168; 226; 32952
169; 226; 32978
170; 226; 33009
171; 226; 33018
172; 226; 32977
173; 226; 33004
174; 226; 33273
175; 226; 33603
176; 226; 33666
177; 226; 33769
178; 226; 33917
179; 226; 33872
180; 226; 33567
181; 226; 33459
182; 226; 33447
183; 226; 33424
184; 226; 33396
185; 226; 33385
186; 226; 33346
187; 226; 33332
188; 226; 33387
189; 226; 33406
190; 226; 33349
191; 226; 33328
192; 226; 33368
193; 226; 33391
194; 226; 33399
195; 226; 33434
196; 226; 33468
197; 226; 33486
198; 226; 33510
199; 226; 33513
200; 226; 33424
201; 226; 33297
202; 226; 33304
203; 226; 33492
204; 226; 33680
205; 226; 33723
206; 226; 33685
207; 226; 33670
208; 226; 33694
209; 226; 33703
210; 226; 33667
211; 226; 33646
212; 226; 33705
213; 226; 33784
214; 226; 33795
215; 226; 33779
216; 226; 33809
217; 226; 33873
218; 226; 33965
219; 226; 34132
220; 226; 34305
221; 226; 34365
222; 226; 34381
158; 227; 33003
159; 227; 33003
160; 227; 32950
161; 227; 32911
162; 227; 32932
163; 227; 32992
164; 227; 33039
165; 227; 33029
166; 227; 32991
167; 227; 32945
168; 227; 32932
169; 227; 32964
170; 227; 33009
171; 227; 32995
172; 227; 32955
173; 227; 33054
174; 227; 33508
175; 227; 33640
176; 227; 33547
177; 227; 33583
178; 227; 33987
179; 227; 33955
180; 227; 33548
181; 227; 33394
182; 227; 33425
183; 227; 33430
184; 227; 33376
185; 227; 33353
186; 227; 33326
187; 227; 33295
188; 227; 33323
189; 227; 33362
190; 227; 33343
191; 227; 33324
192; 227; 33359
193; 227; 33398
194; 227; 33405
195; 227; 33403
196; 227; 33416
197; 227; 33450
198; 227; 33504
199; 227; 33534
200; 227; 33468
201; 227; 33323
202; 227; 33269
203; 227; 33430
204; 227; 33650
205; 227; 33730
206; 227; 33701
207; 227; 33688
208; 227; 33716
209; 227; 33721
210; 227; 33690
211; 227; 33670
212; 227; 33709
213; 227; 33787
214; 227; 33827
215; 227; 33804
216; 227; 33781
217; 227; 33821
218; 227; 33948
219; 227; 34153
220; 227; 34322
221; 227; 34352
222; 227; 34357
158; 228; 32993
159; 228; 33029
160; 228; 32996
161; 228; 32939
162; 228; 32931
163; 228; 32972
164; 228; 33013
165; 228; 33013
166; 228; 33010
167; 228; 32990
168; 228; 32951
169; 228; 32962
170; 228; 33003
171; 228; 32971
172; 228; 32934
173; 228; 33172
174; 228; 33724
175; 228; 33749
176; 228; 33404
177; 228; 33417
178; 228; 33957
179; 228; 34015
180; 228; 33574
181; 228; 33391
182; 228; 33440
183; 228; 33432
184; 228; 33324
185; 228; 33298
186; 228; 33320
187; 228; 33303
188; 228; 33314
189; 228; 33372
190; 228; 33381
191; 228; 33335
192; 228; 33324
193; 228; 33357
194; 228; 33380
195; 228; 33390
196; 228; 33415
197; 228; 33462
198; 228; 33522
199; 228; 33566
200; 228; 33517
201; 228; 33358
202; 228; 33272
203; 228; 33426
204; 228; 33660
205; 228; 33741
206; 228; 33710
207; 228; 33712
208; 228; 33745
209; 228; 33746
210; 228; 33724
211; 228; 33694
212; 228; 33685
213; 228; 33752
214; 228; 33854
215; 228; 33876
216; 228; 33820
217; 228; 33795
218; 228; 33873
219; 228; 34034
220; 228; 34180
221; 228; 34241
222; 228; 34290
158; 229; 32983
159; 229; 33005
160; 229; 33000
161; 229; 32959
162; 229; 32937
163; 229; 32969
164; 229; 33011
165; 229; 33032
166; 229; 33039
167; 229; 33024
168; 229; 32977
169; 229; 32976
170; 229; 33017
171; 229; 33007
172; 229; 32996
173; 229; 33363
174; 229; 33906
175; 229; 33832
176; 229; 33308
177; 229; 33338
178; 229; 33931
179; 229; 34073
180; 229; 33694
181; 229; 33422
182; 229; 33457
183; 229; 33430
184; 229; 33299
185; 229; 33271
186; 229; 33328
187; 229; 33331
188; 229; 33325
189; 229; 33370
190; 229; 33386
191; 229; 33339
192; 229; 33305
193; 229; 33317
194; 229; 33337
195; 229; 33375
196; 229; 33445
197; 229; 33508
198; 229; 33546
199; 229; 33575
200; 229; 33545
201; 229; 33418
202; 229; 33364
203; 229; 33523
204; 229; 33710
205; 229; 33726
206; 229; 33677
207; 229; 33709
208; 229; 33756
209; 229; 33752
210; 229; 33755
211; 229; 33755
212; 229; 33731
213; 229; 33772
214; 229; 33889
215; 229; 33934
216; 229; 33858
217; 229; 33771
218; 229; 33765
219; 229; 33843
220; 229; 33962
221; 229; 34075
222; 229; 34178
158; 230; 33013
159; 230; 33023
160; 230; 33029
161; 230; 32983
162; 230; 32940
163; 230; 32969
164; 230; 33021
165; 230; 33037
166; 230; 33024
167; 230; 33011
168; 230; 32986
169; 230; 32985
170; 230; 33035
171; 230; 33086
172; 230; 33211
173; 230; 33670
174; 230; 33929
175; 230; 33824
176; 230; 33368
177; 230; 33384
178; 230; 33958
179; 230; 34116
180; 230; 33865
181; 230; 33441
182; 230; 33412
183; 230; 33398
184; 230; 33316
185; 230; 33276
186; 230; 33305
187; 230; 33310
188; 230; 33297
189; 230; 33317
190; 230; 33337
191; 230; 33333
192; 230; 33329
193; 230; 33327
194; 230; 33322
195; 230; 33366
196; 230; 33464
197; 230; 33532
198; 230; 33538
199; 230; 33543
200; 230; 33537
201; 230; 33484
202; 230; 33495
203; 230; 33643
204; 230; 33748
205; 230; 33689
206; 230; 33631
207; 230; 33689
208; 230; 33742
209; 230; 33739
210; 230; 33785
211; 230; 33860
212; 230; 33874
213; 230; 33882
214; 230; 33936
215; 230; 33938
216; 230; 33844
217; 230; 33746
218; 230; 33710
219; 230; 33730
220; 230; 33806
221; 230; 33917
222; 230; 34017
158; 231; 33078
159; 231; 33080
160; 231; 33099
161; 231; 33051
162; 231; 32969
163; 231; 32950
164; 231; 33000
165; 231; 33008
166; 231; 32965
167; 231; 32964
168; 231; 32978
169; 231; 32969
170; 231; 33011
171; 231; 33142
172; 231; 33481
173; 231; 33873
174; 231; 33942
175; 231; 33792
176; 231; 33471
177; 231; 33505
178; 231; 33992
179; 231; 34173
180; 231; 34000
181; 231; 33494
182; 231; 33308
183; 231; 33319
184; 231; 33333
185; 231; 33303
186; 231; 33278
187; 231; 33276
188; 231; 33284
189; 231; 33287
190; 231; 33285
191; 231; 33301
192; 231; 33338
193; 231; 33348
194; 231; 33327
195; 231; 33355
196; 231; 33450
197; 231; 33513
198; 231; 33498
199; 231; 33496
200; 231; 33542
201; 231; 33568
202; 231; 33599
203; 231; 33686
204; 231; 33730
205; 231; 33660
206; 231; 33609
207; 231; 33661
208; 231; 33699
209; 231; 33701
210; 231; 33798
211; 231; 33954
212; 231; 34017
213; 231; 33998
214; 231; 33980
215; 231; 33932
216; 231; 33824
217; 231; 33735
218; 231; 33719
219; 231; 33740
220; 231; 33773
221; 231; 33813
222; 231; 33844
158; 232; 33095
159; 232; 33058
160; 232; 33095
161; 232; 33084
162; 232; 32994
163; 232; 32943
164; 232; 32982
165; 232; 32987
166; 232; 32935
167; 232; 32946
168; 232; 32976
169; 232; 32951
170; 232; 32964
171; 232; 33265
172; 232; 33763
173; 232; 33989
174; 232; 33960
175; 232; 33812
176; 232; 33586
177; 232; 33614
178; 232; 33933
179; 232; 34186
180; 232; 34127
181; 232; 33651
182; 232; 33281
183; 232; 33241
184; 232; 33303
185; 232; 33326
186; 232; 33292
187; 232; 33296
188; 232; 33338
189; 232; 33334
190; 232; 33279
191; 232; 33256
192; 232; 33294
193; 232; 33331
194; 232; 33331
195; 232; 33359
196; 232; 33447
197; 232; 33504
198; 232; 33481
199; 232; 33500
200; 232; 33619
201; 232; 33699
202; 232; 33670
203; 232; 33652
204; 232; 33685
205; 232; 33673
206; 232; 33630
207; 232; 33626
208; 232; 33632
209; 232; 33659
210; 232; 33800
211; 232; 33999
212; 232; 34082
213; 232; 34043
214; 232; 34004
215; 232; 33954
216; 232; 33829
217; 232; 33710
218; 232; 33701
219; 232; 33758
220; 232; 33785
221; 232; 33757
222; 232; 33720
158; 233; 33086
159; 233; 32984
160; 233; 32979
161; 233; 33001
162; 233; 32953
163; 233; 32932
164; 233; 32988
165; 233; 33004
166; 233; 32967
167; 233; 32988
168; 233; 32986
169; 233; 32946
170; 233; 33039
171; 233; 33512
172; 233; 33977
173; 233; 34067
174; 233; 34004
175; 233; 33834
176; 233; 33644
177; 233; 33604
178; 233; 33806
179; 233; 34164
180; 233; 34194
181; 233; 34009
182; 233; 33508
183; 233; 33243
184; 233; 33234
185; 233; 33302
186; 233; 33319
187; 233; 33333
188; 233; 33385
189; 233; 33388
190; 233; 33320
191; 233; 33271
192; 233; 33287
193; 233; 33323
194; 233; 33342
195; 233; 33386
196; 233; 33479
197; 233; 33543
198; 233; 33540
199; 233; 33593
200; 233; 33758
201; 233; 33837
202; 233; 33706
203; 233; 33582
204; 233; 33636
205; 233; 33706
206; 233; 33656
207; 233; 33577
208; 233; 33556
209; 233; 33624
210; 233; 33803
211; 233; 34013
212; 233; 34080
213; 233; 34014
214; 233; 33975
215; 233; 33952
216; 233; 33822
217; 233; 33658
218; 233; 33633
219; 233; 33721
220; 233; 33768
221; 233; 33725
222; 233; 33670
158; 234; 33111
159; 234; 33001
160; 234; 32943
161; 234; 32940
162; 234; 32931
163; 234; 32934
164; 234; 32984
165; 234; 33019
166; 234; 33003
167; 234; 33018
168; 234; 32988
169; 234; 32953
170; 234; 33177
171; 234; 33759
172; 234; 34060
173; 234; 34055
174; 234; 33995
175; 234; 33887
176; 234; 33696
177; 234; 33632
178; 234; 33780
179; 234; 34095
180; 234; 34240
181; 234; 34192
182; 234; 33848
183; 234; 33363
184; 234; 33229
185; 234; 33267
186; 234; 33325
187; 234; 33327
188; 234; 33333
189; 234; 33343
190; 234; 33341
191; 234; 33346
192; 234; 33353
193; 234; 33346
194; 234; 33347
195; 234; 33389
196; 234; 33489
197; 234; 33598
198; 234; 33666
199; 234; 33746
200; 234; 33882
201; 234; 33898
202; 234; 33686
203; 234; 33498
204; 234; 33563
205; 234; 33687
206; 234; 33638
207; 234; 33510
208; 234; 33479
209; 234; 33574
210; 234; 33780
211; 234; 34005
212; 234; 34061
213; 234; 33949
214; 234; 33874
215; 234; 33868
216; 234; 33778
217; 234; 33633
218; 234; 33614
219; 234; 33709
220; 234; 33760
221; 234; 33725
222; 234; 33684
158; 235; 33165
159; 235; 33119
160; 235; 33067
161; 235; 33009
162; 235; 32955
163; 235; 32953
164; 235; 32981
165; 235; 33015
166; 235; 33038
167; 235; 33045
168; 235; 32999
169; 235; 32990
170; 235; 33306
171; 235; 33911
172; 235; 34018
173; 235; 33944
174; 235; 33987
175; 235; 34010
176; 235; 33845
177; 235; 33752
178; 235; 33931
179; 235; 34034
180; 235; 33985
181; 235; 33911
182; 235; 33831
183; 235; 33567
184; 235; 33347
185; 235; 33305
186; 235; 33325
187; 235; 33305
188; 235; 33253
189; 235; 33241
190; 235; 33306
191; 235; 33391
192; 235; 33409
193; 235; 33368
194; 235; 33334
195; 235; 33336
196; 235; 33404
197; 235; 33614
198; 235; 33808
199; 235; 33890
200; 235; 33927
201; 235; 33862
202; 235; 33642
203; 235; 33451
204; 235; 33481
205; 235; 33594
206; 235; 33563
207; 235; 33442
208; 235; 33409
209; 235; 33507
210; 235; 33721
211; 235; 33967
212; 235; 34044
213; 235; 33906
214; 235; 33773
215; 235; 33764
216; 235; 33746
217; 235; 33680
218; 235; 33691
219; 235; 33768
220; 235; 33787
221; 235; 33750
222; 235; 33736
158; 236; 33115
159; 236; 33180
160; 236; 33216
161; 236; 33195
162; 236; 33122
163; 236; 33051
164; 236; 32995
165; 236; 32991
166; 236; 33050
167; 236; 33077
168; 236; 33004
169; 236; 32983
170; 236; 33456
171; 236; 34012
172; 236; 33962
173; 236; 33856
174; 236; 34032
175; 236; 34182
176; 236; 34055
177; 236; 33994
178; 236; 34124
179; 236; 34006
180; 236; 33461
181; 236; 33178
182; 236; 33413
183; 236; 33646
184; 236; 33588
185; 236; 33413
186; 236; 33341
187; 236; 33338
188; 236; 33290
189; 236; 33246
190; 236; 33310
191; 236; 33415
192; 236; 33433
193; 236; 33386
194; 236; 33341
195; 236; 33283
196; 236; 33257
197; 236; 33406
198; 236; 33767
199; 236; 33916
200; 236; 33910
201; 236; 33828
202; 236; 33681
203; 236; 33521
204; 236; 33454
205; 236; 33472
206; 236; 33455
207; 236; 33390
208; 236; 33370
209; 236; 33447
210; 236; 33636
211; 236; 33882
212; 236; 34006
213; 236; 33909
214; 236; 33765
215; 236; 33745
216; 236; 33768
217; 236; 33753
218; 236; 33761
219; 236; 33798
220; 236; 33787
221; 236; 33758
222; 236; 33778
158; 237; 33001
159; 237; 33130
160; 237; 33209
161; 237; 33240
162; 237; 33243
163; 237; 33188
164; 237; 33045
165; 237; 32959
166; 237; 33039
167; 237; 33095
168; 237; 33013
169; 237; 33053
170; 237; 33659
171; 237; 34068
172; 237; 33959
173; 237; 33842
174; 237; 34027
175; 237; 34163
176; 237; 34069
177; 237; 34080
178; 237; 34206
179; 237; 33995
180; 237; 33160
181; 237; 32849
182; 237; 33179
183; 237; 33697
184; 237; 33765
185; 237; 33531
186; 237; 33354
187; 237; 33368
188; 237; 33379
189; 237; 33340
190; 237; 33360
191; 237; 33410
192; 237; 33412
193; 237; 33418
194; 237; 33432
195; 237; 33329
196; 237; 33181
197; 237; 33178
198; 237; 33533
199; 237; 33861
200; 237; 33905
201; 237; 33887
202; 237; 33844
203; 237; 33719
204; 237; 33519
205; 237; 33369
206; 237; 33328
207; 237; 33335
208; 237; 33344
209; 237; 33386
210; 237; 33519
211; 237; 33733
212; 237; 33910
213; 237; 33923
214; 237; 33833
215; 237; 33804
216; 237; 33816
217; 237; 33781
218; 237; 33736
219; 237; 33737
220; 237; 33743
221; 237; 33746
222; 237; 33787
158; 238; 32893
159; 238; 33008
160; 238; 33080
161; 238; 33092
162; 238; 33155
163; 238; 33217
164; 238; 33115
165; 238; 32982
166; 238; 33016
167; 238; 33075
168; 238; 33059
169; 238; 33204
170; 238; 33824
171; 238; 34126
172; 238; 33974
173; 238; 33859
174; 238; 33936
175; 238; 33936
176; 238; 33861
177; 238; 33980
178; 238; 34189
179; 238; 34114
180; 238; 33446
181; 238; 32886
182; 238; 33007
183; 238; 33595
184; 238; 33814
185; 238; 33636
186; 238; 33364
187; 238; 33312
188; 238; 33330
189; 238; 33330
190; 238; 33324
191; 238; 33311
192; 238; 33330
193; 238; 33486
194; 238; 33667
195; 238; 33529
196; 238; 33147
197; 238; 33041
198; 238; 33286
199; 238; 33772
200; 238; 33949
201; 238; 33987
202; 238; 34018
203; 238; 33942
204; 238; 33657
205; 238; 33341
206; 238; 33223
207; 238; 33262
208; 238; 33296
209; 238; 33308
210; 238; 33382
211; 238; 33561
212; 238; 33786
213; 238; 33911
214; 238; 33889
215; 238; 33844
216; 238; 33824
217; 238; 33755
218; 238; 33668
219; 238; 33663
220; 238; 33720
221; 238; 33759
222; 238; 33783
158; 239; 32967
159; 239; 32928
160; 239; 32944
161; 239; 32984
162; 239; 33034
163; 239; 33120
164; 239; 33121
165; 239; 33034
166; 239; 33017
167; 239; 33049
168; 239; 33107
169; 239; 33380
170; 239; 33957
171; 239; 34102
172; 239; 33973
173; 239; 33906
174; 239; 33945
175; 239; 33869
176; 239; 33770
177; 239; 33873
178; 239; 34100
179; 239; 34183
180; 239; 33980
181; 239; 33479
182; 239; 33252
183; 239; 33450
184; 239; 33764
185; 239; 33742
186; 239; 33461
187; 239; 33289
188; 239; 33231
189; 239; 33271
190; 239; 33264
191; 239; 33244
192; 239; 33311
193; 239; 33654
194; 239; 33896
195; 239; 33696
196; 239; 33213
197; 239; 33052
198; 239; 33270
199; 239; 33773
200; 239; 33973
201; 239; 34013
202; 239; 34074
203; 239; 34066
204; 239; 33800
205; 239; 33410
206; 239; 33194
207; 239; 33192
208; 239; 33230
209; 239; 33238
210; 239; 33283
211; 239; 33441
212; 239; 33691
213; 239; 33878
214; 239; 33888
215; 239; 33817
216; 239; 33773
217; 239; 33716
218; 239; 33639
219; 239; 33645
220; 239; 33739
221; 239; 33803
222; 239; 33802
158; 240; 33106
159; 240; 33009
160; 240; 32922
161; 240; 32958
162; 240; 33019
163; 240; 33039
164; 240; 33102
165; 240; 33127
166; 240; 33105
167; 240; 33081
168; 240; 33124
169; 240; 33510
170; 240; 34039
171; 240; 34082
172; 240; 33963
173; 240; 34006
174; 240; 34158
175; 240; 34124
176; 240; 33936
177; 240; 33845
178; 240; 33945
179; 240; 34150
180; 240; 34250
181; 240; 34088
182; 240; 33656
183; 240; 33540
184; 240; 33723
185; 240; 33947
186; 240; 33812
187; 240; 33566
188; 240; 33444
189; 240; 33437
190; 240; 33416
191; 240; 33399
192; 240; 33579
193; 240; 33931
194; 240; 34007
195; 240; 33766
196; 240; 33334
197; 240; 33270
198; 240; 33530
199; 240; 33880
200; 240; 33944
201; 240; 33953
202; 240; 34012
203; 240; 34059
204; 240; 33894
205; 240; 33534
206; 240; 33235
207; 240; 33145
208; 240; 33176
209; 240; 33207
210; 240; 33244
211; 240; 33376
212; 240; 33613
213; 240; 33807
214; 240; 33834
215; 240; 33765
216; 240; 33730
217; 240; 33716
218; 240; 33671
219; 240; 33661
220; 240; 33741
221; 240; 33825
222; 240; 33834
158; 241; 33153
159; 241; 33108
160; 241; 32971
161; 241; 32893
162; 241; 32945
163; 241; 33003
164; 241; 33113
165; 241; 33220
166; 241; 33228
167; 241; 33164
168; 241; 33183
169; 241; 33614
170; 241; 34057
171; 241; 34034
172; 241; 33936
173; 241; 34083
174; 241; 34355
175; 241; 34369
176; 241; 34079
177; 241; 33810
178; 241; 33820
179; 241; 34051
180; 241; 34255
181; 241; 34238
182; 241; 33985
183; 241; 33727
184; 241; 33858
185; 241; 34158
186; 241; 34260
187; 241; 34193
188; 241; 34117
189; 241; 34059
190; 241; 33983
191; 241; 33937
192; 241; 33992
193; 241; 34059
194; 241; 34002
195; 241; 33811
196; 241; 33585
197; 241; 33688
198; 241; 33907
199; 241; 33934
200; 241; 33909
201; 241; 33882
202; 241; 33911
203; 241; 33979
204; 241; 33940
205; 241; 33663
206; 241; 33292
207; 241; 33103
208; 241; 33134
209; 241; 33198
210; 241; 33212
211; 241; 33297
212; 241; 33499
213; 241; 33694
214; 241; 33768
215; 241; 33756
216; 241; 33762
217; 241; 33788
218; 241; 33751
219; 241; 33680
220; 241; 33695
221; 241; 33785
222; 241; 33839
158; 242; 33199
159; 242; 33201
160; 242; 33062
161; 242; 32928
162; 242; 32885
163; 242; 32925
164; 242; 33078
165; 242; 33198
166; 242; 33231
167; 242; 33204
168; 242; 33267
169; 242; 33733
170; 242; 34019
171; 242; 33963
172; 242; 33882
173; 242; 34076
174; 242; 34356
175; 242; 34341
176; 242; 34019
177; 242; 33754
178; 242; 33793
179; 242; 34015
180; 242; 34176
181; 242; 34185
182; 242; 34111
183; 242; 34018
184; 242; 34101
185; 242; 34233
186; 242; 34309
187; 242; 34395
188; 242; 34347
189; 242; 34307
190; 242; 34299
191; 242; 34257
192; 242; 34162
193; 242; 34023
194; 242; 33902
195; 242; 33819
196; 242; 33818
197; 242; 33916
198; 242; 33958
199; 242; 33935
200; 242; 33888
201; 242; 33843
202; 242; 33808
203; 242; 33875
204; 242; 33965
205; 242; 33790
206; 242; 33367
207; 242; 33080
208; 242; 33094
209; 242; 33167
210; 242; 33152
211; 242; 33203
212; 242; 33391
213; 242; 33605
214; 242; 33741
215; 242; 33796
216; 242; 33839
217; 242; 33881
218; 242; 33828
219; 242; 33686
220; 242; 33628
221; 242; 33708
222; 242; 33796
158; 243; 33299
159; 243; 33315
160; 243; 33181
161; 243; 33038
162; 243; 32970
163; 243; 32913
164; 243; 32959
165; 243; 33078
166; 243; 33128
167; 243; 33183
168; 243; 33378
169; 243; 33884
170; 243; 34036
171; 243; 33912
172; 243; 33852
173; 243; 34070
174; 243; 34274
175; 243; 34182
176; 243; 33919
177; 243; 33786
178; 243; 33874
179; 243; 34027
180; 243; 34101
181; 243; 34116
182; 243; 34148
183; 243; 34207
184; 243; 34236
185; 243; 34189
186; 243; 34084
187; 243; 33964
188; 243; 33947
189; 243; 34070
190; 243; 34237
191; 243; 34283
192; 243; 34157
193; 243; 33890
194; 243; 33727
195; 243; 33749
196; 243; 33772
197; 243; 33830
198; 243; 33890
199; 243; 33916
200; 243; 33907
201; 243; 33817
202; 243; 33692
203; 243; 33757
204; 243; 33962
205; 243; 33903
206; 243; 33495
207; 243; 33153
208; 243; 33098
209; 243; 33126
210; 243; 33100
211; 243; 33153
212; 243; 33344
213; 243; 33563
214; 243; 33730
215; 243; 33820
216; 243; 33871
217; 243; 33902
218; 243; 33832
219; 243; 33672
220; 243; 33591
221; 243; 33645
222; 243; 33728
158; 244; 33343
159; 244; 33355
160; 244; 33277
161; 244; 33182
162; 244; 33141
163; 244; 33053
164; 244; 32937
165; 244; 32938
166; 244; 33043
167; 244; 33144
168; 244; 33450
169; 244; 34022
170; 244; 34110
171; 244; 33922
172; 244; 33889
173; 244; 34128
174; 244; 34238
175; 244; 34055
176; 244; 33856
177; 244; 33859
178; 244; 33978
179; 244; 34053
180; 244; 34064
181; 244; 34073
182; 244; 34117
183; 244; 34190
184; 244; 34223
185; 244; 34125
186; 244; 33709
187; 244; 33241
188; 244; 33174
189; 244; 33540
190; 244; 34074
191; 244; 34225
192; 244; 33982
193; 244; 33633
194; 244; 33472
195; 244; 33442
196; 244; 33531
197; 244; 33667
198; 244; 33883
199; 244; 33978
200; 244; 33962
201; 244; 33803
202; 244; 33609
203; 244; 33652
204; 244; 33896
205; 244; 33940
206; 244; 33656
207; 244; 33346
208; 244; 33198
209; 244; 33128
210; 244; 33093
211; 244; 33151
212; 244; 33307
213; 244; 33493
214; 244; 33672
215; 244; 33792
216; 244; 33852
217; 244; 33865
218; 244; 33792
219; 244; 33664
220; 244; 33603
221; 244; 33620
222; 244; 33654
158; 245; 33298
159; 245; 33304
160; 245; 33301
161; 245; 33286
162; 245; 33291
163; 245; 33240
164; 245; 33107
165; 245; 32939
166; 245; 32921
167; 245; 33068
168; 245; 33384
169; 245; 34016
170; 245; 34148
171; 245; 33973
172; 245; 33962
173; 245; 34198
174; 245; 34230
175; 245; 33953
176; 245; 33757
177; 245; 33853
178; 245; 34036
179; 245; 34093
180; 245; 34070
181; 245; 34056
182; 245; 34055
183; 245; 34075
184; 245; 34109
185; 245; 34040
186; 245; 33617
187; 245; 33231
188; 245; 33201
189; 245; 33602
190; 245; 33968
191; 245; 33971
192; 245; 33628
193; 245; 33349
194; 245; 33213
195; 245; 33234
196; 245; 33399
197; 245; 33770
198; 245; 34017
199; 245; 34078
200; 245; 34011
201; 245; 33830
202; 245; 33633
203; 245; 33621
204; 245; 33784
205; 245; 33880
206; 245; 33776
207; 245; 33563
208; 245; 33344
209; 245; 33186
210; 245; 33142
211; 245; 33176
212; 245; 33243
213; 245; 33387
214; 245; 33595
215; 245; 33764
216; 245; 33850
217; 245; 33860
218; 245; 33792
219; 245; 33694
220; 245; 33642
221; 245; 33613
222; 245; 33576
158; 246; 33295
159; 246; 33302
160; 246; 33299
161; 246; 33316
162; 246; 33367
163; 246; 33363
164; 246; 33265
165; 246; 33079
166; 246; 32945
167; 246; 33020
168; 246; 33232
169; 246; 33788
170; 246; 34136
171; 246; 34014
172; 246; 34002
173; 246; 34214
174; 246; 34236
175; 246; 33934
176; 246; 33715
177; 246; 33840
178; 246; 34065
179; 246; 34135
180; 246; 34105
181; 246; 34069
182; 246; 34017
183; 246; 33953
184; 246; 33923
185; 246; 33932
186; 246; 33905
187; 246; 34023
188; 246; 34110
189; 246; 34082
190; 246; 33866
191; 246; 33484
192; 246; 33240
193; 246; 33166
194; 246; 33149
195; 246; 33195
196; 246; 33508
197; 246; 33905
198; 246; 34089
199; 246; 34111
200; 246; 34035
201; 246; 33888
202; 246; 33742
203; 246; 33686
204; 246; 33730
205; 246; 33811
206; 246; 33837
207; 246; 33714
208; 246; 33468
209; 246; 33280
210; 246; 33241
211; 246; 33224
212; 246; 33202
213; 246; 33330
214; 246; 33586
215; 246; 33775
216; 246; 33844
217; 246; 33850
218; 246; 33806
219; 246; 33731
220; 246; 33671
221; 246; 33612
222; 246; 33537
158; 247; 33397
159; 247; 33400
160; 247; 33327
161; 247; 33308
162; 247; 33377
163; 247; 33382
164; 247; 33281
165; 247; 33116
166; 247; 32978
167; 247; 33032
168; 247; 33155
169; 247; 33529
170; 247; 34020
171; 247; 33989
172; 247; 33986
173; 247; 34188
174; 247; 34282
175; 247; 34069
176; 247; 33857
177; 247; 33917
178; 247; 34085
179; 247; 34148
180; 247; 34137
181; 247; 34099
182; 247; 34009
183; 247; 33887
184; 247; 33823
185; 247; 33901
186; 247; 34262
187; 247; 34667
188; 247; 34720
189; 247; 34201
190; 247; 33436
191; 247; 33051
192; 247; 33076
193; 247; 33171
194; 247; 33212
195; 247; 33346
196; 247; 33668
197; 247; 33886
198; 247; 33983
199; 247; 34056
200; 247; 34037
201; 247; 33923
202; 247; 33822
203; 247; 33787
204; 247; 33785
205; 247; 33833
206; 247; 33897
207; 247; 33814
208; 247; 33563
209; 247; 33375
210; 247; 33348
211; 247; 33309
212; 247; 33242
213; 247; 33369
214; 247; 33643
215; 247; 33787
216; 247; 33774
217; 247; 33758
218; 247; 33760
219; 247; 33726
220; 247; 33677
221; 247; 33646
222; 247; 33603
158; 248; 33479
159; 248; 33461
160; 248; 33347
161; 248; 33288
162; 248; 33347
163; 248; 33357
164; 248; 33240
165; 248; 33093
166; 248; 32973
167; 248; 33003
168; 248; 33092
169; 248; 33325
170; 248; 33841
171; 248; 33936
172; 248; 33970
173; 248; 34175
174; 248; 34312
175; 248; 34203
176; 248; 34031
177; 248; 34007
178; 248; 34075
179; 248; 34122
180; 248; 34131
181; 248; 34091
182; 248; 34009
183; 248; 33942
184; 248; 33921
185; 248; 33975
186; 248; 34259
187; 248; 34533
188; 248; 34344
189; 248; 33580
190; 248; 32966
191; 248; 32953
192; 248; 33150
193; 248; 33248
194; 248; 33299
195; 248; 33497
196; 248; 33802
197; 248; 33827
198; 248; 33858
199; 248; 33966
200; 248; 34013
201; 248; 33915
202; 248; 33826
203; 248; 33839
204; 248; 33870
205; 248; 33909
206; 248; 33975
207; 248; 33925
208; 248; 33687
209; 248; 33483
210; 248; 33468
211; 248; 33462
212; 248; 33379
213; 248; 33450
214; 248; 33681
215; 248; 33780
216; 248; 33699
217; 248; 33655
218; 248; 33695
219; 248; 33700
220; 248; 33680
221; 248; 33711
222; 248; 33734
158; 249; 33463
159; 249; 33391
160; 249; 33292
161; 249; 33257
162; 249; 33324
163; 249; 33373
164; 249; 33300
165; 249; 33153
166; 249; 32995
167; 249; 32948
168; 249; 33054
169; 249; 33249
170; 249; 33736
171; 249; 33992
172; 249; 34077
173; 249; 34200
174; 249; 34248
175; 249; 34160
176; 249; 34056
177; 249; 34035
178; 249; 34057
179; 249; 34074
180; 249; 34076
181; 249; 34047
182; 249; 34031
183; 249; 34085
184; 249; 34134
185; 249; 34051
186; 249; 33924
187; 249; 33820
188; 249; 33464
189; 249; 32959
190; 249; 32865
191; 249; 33081
192; 249; 33300
193; 249; 33291
194; 249; 33313
195; 249; 33693
196; 249; 33955
197; 249; 33929
198; 249; 33826
199; 249; 33890
200; 249; 33991
201; 249; 33934
202; 249; 33813
203; 249; 33798
204; 249; 33850
205; 249; 33902
206; 249; 33994
207; 249; 34030
208; 249; 33857
209; 249; 33645
210; 249; 33640
211; 249; 33688
212; 249; 33575
213; 249; 33509
214; 249; 33661
215; 249; 33780
216; 249; 33710
217; 249; 33648
218; 249; 33684
219; 249; 33686
220; 249; 33674
221; 249; 33750
222; 249; 33817
158; 250; 33413
159; 250; 33283
160; 250; 33213
161; 250; 33224
162; 250; 33315
163; 250; 33423
164; 250; 33453
165; 250; 33329
166; 250; 33078
167; 250; 32945
168; 250; 33031
169; 250; 33196
170; 250; 33642
171; 250; 34059
172; 250; 34239
173; 250; 34241
174; 250; 34139
175; 250; 34035
176; 250; 34014
177; 250; 34053
178; 250; 34071
179; 250; 34054
180; 250; 34043
181; 250; 34046
182; 250; 34090
183; 250; 34180
184; 250; 34188
185; 250; 33986
186; 250; 33655
187; 250; 33396
188; 250; 33131
189; 250; 32940
190; 250; 32980
191; 250; 33291
192; 250; 33365
193; 250; 33332
194; 250; 33471
195; 250; 33928
196; 250; 34133
197; 250; 34013
198; 250; 33840
199; 250; 33878
200; 250; 34038
201; 250; 34012
202; 250; 33789
203; 250; 33656
204; 250; 33698
205; 250; 33782
206; 250; 33918
207; 250; 34068
208; 250; 34013
209; 250; 33830
210; 250; 33829
211; 250; 33908
212; 250; 33752
213; 250; 33541
214; 250; 33615
215; 250; 33785
216; 250; 33767
217; 250; 33693
218; 250; 33699
219; 250; 33684
220; 250; 33668
221; 250; 33750
222; 250; 33798
158; 251; 33383
159; 251; 33227
160; 251; 33215
161; 251; 33266
162; 251; 33313
163; 251; 33416
164; 251; 33543
165; 251; 33508
166; 251; 33194
167; 251; 32955
168; 251; 33041
169; 251; 33133
170; 251; 33502
171; 251; 34067
172; 251; 34319
173; 251; 34260
174; 251; 34091
175; 251; 34003
176; 251; 34042
177; 251; 34108
178; 251; 34112
179; 251; 34075
180; 251; 34074
181; 251; 34118
182; 251; 34166
183; 251; 34179
184; 251; 34092
185; 251; 33877
186; 251; 33680
187; 251; 33651
188; 251; 33569
189; 251; 33358
190; 251; 33210
191; 251; 33231
192; 251; 33252
193; 251; 33360
194; 251; 33734
195; 251; 34113
196; 251; 34128
197; 251; 33984
198; 251; 33865
199; 251; 33961
200; 251; 34131
201; 251; 34039
202; 251; 33681
203; 251; 33455
204; 251; 33522
205; 251; 33663
206; 251; 33823
207; 251; 34038
208; 251; 34086
209; 251; 33947
210; 251; 33936
211; 251; 34021
212; 251; 33860
213; 251; 33580
214; 251; 33594
215; 251; 33781
216; 251; 33794
217; 251; 33710
218; 251; 33709
219; 251; 33723
220; 251; 33728
221; 251; 33770
222; 251; 33745
158; 252; 33383
159; 252; 33254
160; 252; 33311
161; 252; 33372
162; 252; 33329
163; 252; 33327
164; 252; 33464
165; 252; 33527
166; 252; 33269
167; 252; 32972
168; 252; 33005
169; 252; 33068
170; 252; 33396
171; 252; 34020
172; 252; 34301
173; 252; 34267
174; 252; 34124
175; 252; 34060
176; 252; 34094
177; 252; 34137
178; 252; 34129
179; 252; 34096
180; 252; 34111
181; 252; 34176
182; 252; 34205
183; 252; 34145
184; 252; 34040
185; 252; 33963
186; 252; 34141
187; 252; 34376
188; 252; 34312
189; 252; 33895
190; 252; 33319
191; 252; 33100
192; 252; 33089
193; 252; 33450
194; 252; 33943
195; 252; 34059
196; 252; 34016
197; 252; 33863
198; 252; 33925
199; 252; 34084
200; 252; 34153
201; 252; 33942
202; 252; 33539
203; 252; 33329
204; 252; 33425
205; 252; 33585
206; 252; 33754
207; 252; 33992
208; 252; 34087
209; 252; 33963
210; 252; 33926
211; 252; 34040
212; 252; 33954
213; 252; 33684
214; 252; 33633
215; 252; 33786
216; 252; 33812
217; 252; 33725
218; 252; 33733
219; 252; 33812
220; 252; 33858
221; 252; 33830
222; 252; 33703
158; 253; 33429
159; 253; 33338
160; 253; 33402
161; 253; 33432
162; 253; 33333
163; 253; 33253
164; 253; 33321
165; 253; 33376
166; 253; 33187
167; 253; 32939
168; 253; 32934
169; 253; 33059
170; 253; 33456
171; 253; 34007
172; 253; 34261
173; 253; 34270
174; 253; 34166
175; 253; 34093
176; 253; 34090
177; 253; 34113
178; 253; 34126
179; 253; 34118
180; 253; 34124
181; 253; 34158
182; 253; 34167
183; 253; 34116
184; 253; 34094
185; 253; 34231
186; 253; 34526
187; 253; 34603
188; 253; 34527
189; 253; 34021
190; 253; 33419
191; 253; 33178
192; 253; 33370
193; 253; 33836
194; 253; 34010
195; 253; 33901
196; 253; 33647
197; 253; 33680
198; 253; 33967
199; 253; 34111
200; 253; 34083
201; 253; 33877
202; 253; 33599
203; 253; 33422
204; 253; 33382
205; 253; 33436
206; 253; 33643
207; 253; 33964
208; 253; 34106
209; 253; 33967
210; 253; 33907
211; 253; 34079
212; 253; 34106
213; 253; 33851
214; 253; 33690
215; 253; 33782
216; 253; 33845
217; 253; 33768
218; 253; 33755
219; 253; 33867
220; 253; 33936
221; 253; 33878
222; 253; 33601
158; 254; 33493
159; 254; 33420
160; 254; 33424
161; 254; 33392
162; 254; 33311
163; 254; 33267
164; 254; 33274
165; 254; 33213
166; 254; 33042
167; 254; 32912
168; 254; 32941
169; 254; 33134
170; 254; 33597
171; 254; 34047
172; 254; 34250
173; 254; 34260
174; 254; 34162
175; 254; 34086
176; 254; 34082
177; 254; 34117
178; 254; 34155
179; 254; 34172
180; 254; 34157
181; 254; 34138
182; 254; 34116
183; 254; 34079
184; 254; 34099
185; 254; 34240
186; 254; 34426
187; 254; 34431
188; 254; 34249
189; 254; 33898
190; 254; 33708
191; 254; 33820
192; 254; 34223
193; 254; 34404
194; 254; 34151
195; 254; 33632
196; 254; 33323
197; 254; 33429
198; 254; 33783
199; 254; 34025
200; 254; 34048
201; 254; 34041
202; 254; 33939
203; 254; 33710
204; 254; 33366
205; 254; 33191
206; 254; 33458
207; 254; 33936
208; 254; 34173
209; 254; 34059
210; 254; 33978
211; 254; 34160
212; 254; 34251
213; 254; 33985
214; 254; 33702
215; 254; 33736
216; 254; 33865
217; 254; 33824
218; 254; 33759
219; 254; 33841
220; 254; 33914
221; 254; 33818
222; 254; 33454
158; 255; 33491
159; 255; 33456
160; 255; 33425
161; 255; 33333
162; 255; 33286
163; 255; 33326
164; 255; 33314
165; 255; 33158
166; 255; 33000
167; 255; 32951
168; 255; 32968
169; 255; 33133
170; 255; 33610
171; 255; 34070
172; 255; 34269
173; 255; 34272
174; 255; 34175
175; 255; 34120
176; 255; 34149
177; 255; 34188
178; 255; 34200
179; 255; 34201
180; 255; 34192
181; 255; 34172
182; 255; 34124
183; 255; 34048
184; 255; 34014
185; 255; 34054
186; 255; 34103
187; 255; 34081
188; 255; 34078
189; 255; 34048
190; 255; 34207
191; 255; 34549
192; 255; 34835
193; 255; 34680
194; 255; 34077
195; 255; 33413
196; 255; 33177
197; 255; 33237
198; 255; 33463
199; 255; 33832
200; 255; 34116
201; 255; 34299
202; 255; 34321
203; 255; 33968
204; 255; 33386
205; 255; 33007
206; 255; 33245
207; 255; 33838
208; 255; 34189
209; 255; 34164
210; 255; 34072
211; 255; 34190
212; 255; 34286
213; 255; 34046
214; 255; 33709
215; 255; 33696
216; 255; 33882
217; 255; 33901
218; 255; 33797
219; 255; 33801
220; 255; 33827
221; 255; 33693
222; 255; 33346
158; 256; 33362
159; 256; 33402
160; 256; 33416
161; 256; 33327
162; 256; 33280
163; 256; 33336
164; 256; 33338
165; 256; 33210
166; 256; 33053
167; 256; 32968
168; 256; 32990
169; 256; 33082
170; 256; 33483
171; 256; 34031
172; 256; 34292
173; 256; 34328
174; 256; 34245
175; 256; 34178
176; 256; 34190
177; 256; 34205
178; 256; 34168
179; 256; 34132
180; 256; 34156
181; 256; 34195
182; 256; 34156
183; 256; 34040
184; 256; 33953
185; 256; 33955
186; 256; 34014
187; 256; 34121
188; 256; 34282
189; 256; 34408
190; 256; 34491
191; 256; 34612
192; 256; 34660
193; 256; 34290
194; 256; 33629
195; 256; 33257
196; 256; 33237
197; 256; 33244
198; 256; 33265
199; 256; 33545
200; 256; 34014
201; 256; 34346
202; 256; 34393
203; 256; 34018
204; 256; 33387
205; 256; 32942
206; 256; 33078
207; 256; 33633
208; 256; 34037
209; 256; 34132
210; 256; 34076
211; 256; 34131
212; 256; 34243
213; 256; 34116
214; 256; 33822
215; 256; 33757
216; 256; 33927
217; 256; 33981
218; 256; 33873
219; 256; 33812
220; 256; 33766
221; 256; 33552
222; 256; 33302
158; 257; 33191
159; 257; 33260
160; 257; 33373
161; 257; 33349
162; 257; 33289
163; 257; 33296
164; 257; 33308
165; 257; 33243
166; 257; 33079
167; 257; 32942
168; 257; 32989
169; 257; 33078
170; 257; 33421
171; 257; 33991
172; 257; 34312
173; 257; 34349
174; 257; 34254
175; 257; 34090
176; 257; 34004
177; 257; 34017
178; 257; 34039
179; 257; 34047
180; 257; 34102
181; 257; 34171
182; 257; 34148
183; 257; 34042
184; 257; 33972
185; 257; 33983
186; 257; 34041
187; 257; 34155
188; 257; 34311
189; 257; 34427
190; 257; 34413
191; 257; 34289
192; 257; 34022
193; 257; 33552
194; 257; 33175
195; 257; 33245
196; 257; 33413
197; 257; 33416
198; 257; 33381
199; 257; 33460
200; 257; 33695
201; 257; 34054
202; 257; 34219
203; 257; 33992
204; 257; 33440
205; 257; 33021
206; 257; 33071
207; 257; 33448
208; 257; 33807
209; 257; 33986
210; 257; 34010
211; 257; 34065
212; 257; 34225
213; 257; 34243
214; 257; 34034
215; 257; 33905
216; 257; 33972
217; 257; 33991
218; 257; 33896
219; 257; 33842
220; 257; 33781
221; 257; 33552
222; 257; 33299
158; 258; 33165
159; 258; 33160
160; 258; 33293
161; 258; 33328
162; 258; 33282
163; 258; 33278
164; 258; 33297
165; 258; 33227
166; 258; 33027
167; 258; 32907
168; 258; 33025
169; 258; 33128
170; 258; 33499
171; 258; 33974
172; 258; 34200
173; 258; 34285
174; 258; 34145
175; 258; 33872
176; 258; 33693
177; 258; 33757
178; 258; 33948
179; 258; 34080
180; 258; 34132
181; 258; 34145
182; 258; 34116
183; 258; 34060
184; 258; 34031
185; 258; 34025
186; 258; 34000
187; 258; 33974
188; 258; 33999
189; 258; 34062
190; 258; 34136
191; 258; 34084
192; 258; 33740
193; 258; 33216
194; 258; 32984
195; 258; 33163
196; 258; 33504
197; 258; 33588
198; 258; 33694
199; 258; 33637
200; 258; 33625
201; 258; 33727
202; 258; 34106
203; 258; 34115
204; 258; 33639
205; 258; 33245
206; 258; 33234
207; 258; 33445
208; 258; 33677
209; 258; 33860
210; 258; 33958
211; 258; 34050
212; 258; 34236
213; 258; 34336
214; 258; 34193
215; 258; 34018
216; 258; 33975
217; 258; 33925
218; 258; 33843
219; 258; 33862
220; 258; 33876
221; 258; 33639
222; 258; 33305
158; 259; 33372
159; 259; 33262
160; 259; 33267
161; 259; 33283
162; 259; 33278
163; 259; 33315
164; 259; 33334
165; 259; 33196
166; 259; 32975
167; 259; 32922
168; 259; 33025
169; 259; 33137
170; 259; 33504
171; 259; 33873
172; 259; 34038
173; 259; 34146
174; 259; 34105
175; 259; 33892
176; 259; 33715
177; 259; 33785
178; 259; 34023
179; 259; 34186
180; 259; 34193
181; 259; 34142
182; 259; 34125
183; 259; 34128
184; 259; 34097
185; 259; 34024
186; 259; 33942
187; 259; 33856
188; 259; 33798
189; 259; 33860
190; 259; 34128
191; 259; 34252
192; 259; 33868
193; 259; 33249
194; 259; 32993
195; 259; 33062
196; 259; 33319
197; 259; 33606
198; 259; 33907
199; 259; 34012
200; 259; 33755
201; 259; 33764
202; 259; 34194
203; 259; 34290
204; 259; 33912
205; 259; 33561
206; 259; 33494
207; 259; 33537
208; 259; 33595
209; 259; 33740
210; 259; 33910
211; 259; 34039
212; 259; 34196
213; 259; 34293
214; 259; 34189
215; 259; 34019
216; 259; 33937
217; 259; 33868
218; 259; 33809
219; 259; 33872
220; 259; 33937
221; 259; 33810
222; 259; 33380
